0.964775800705,0.910112679005,0.955498516560,0.808244526386,0.610509216785,0.559011280537,0.314593553543,0.010190931149,-0.022052912042,-0.194072201848,-0.292495369911,-0.157313227654,-0.156617656350,0.069035738707,0.342404574156,0.096970245242,0.274529516697,0.405212968588,0.391416549683,0.407571375370,0.838146448135,0.673124134541,0.536592006683,0.502582490444,0.328995049000,0.010063339025,0.126444101334,-0.135334417224,-0.162947893143,-0.430908441544,-0.597787022591,-0.319820731878,-0.661599695683,-0.524005651474,-0.301443308592,-0.573680281639,-0.536810159683,-0.268623232841,-0.166376411915,-0.055659111589,0.131481945515,0.205925956368,-0.133811533451,0.066195778549,0.011689113453,-0.148986801505,-0.280559301376,-0.665028214455,-0.928173243999,-1.065553188324,-1.056341886520,-0.774263799191,-0.652540624142,-0.523054897785,-0.281114935875,0.047032218426,0.354974478483,0.693234384060,0.559105932713,0.531224906445,0.335374653339,0.041833855212,0.161066919565,0.006005076226,0.088907226920,0.011273408309,-0.154349803925,-0.133782714605,-0.226048529148,0.015039443038,0.321347713470,0.267746537924,0.330838948488,0.517251491547,0.594033300877,0.352562576532,0.455167472363,0.462868303061,0.178592368960,0.188268810511,0.210696265101,0.289552479982,-0.077695555985,0.209243342280,0.328287094831,0.112627081573,0.377117961645,0.084540277719,-0.032540187240,-0.053313057870,-0.047188617289,-0.162281110883,-0.328566968441,-0.338963717222,-0.302822113037,-0.452846109867,-0.449825078249,0.082153059542,0.013792330399,0.105868786573,0.119689933956,-0.108519420028,-0.122908554971,0.032243844122,-0.037927880883,-0.169743210077,-0.078621633351,-0.077218115330,0.021908855066,0.156107276678,0.042504742742,-0.071402370930,0.194105133414,-0.247574582696,-0.110379800200,0.213766708970,-0.140088260174,-0.066364526749,-0.103917859495,-0.456941425800,-0.363868921995,-0.424372404814,-0.440745443106,-0.346055358648,-0.321862220764,0.041632175446,0.044797293842,0.063870303333,0.361769825220,0.722741186619,0.936009824276,0.755692958832,0.765426993370,0.887174904346,0.671222627163,0.396075725555,0.219825297594,0.028872933239,0.065491959453,-0.306896835566,-0.100065395236,0.002239041263,0.258625745773,0.215067327023,0.164075642824,0.176682591438,0.007585575804,0.198052272201,0.343997448683,0.054292634130,0.390934973955,0.400755494833,0.139277428389,0.056844484061,0.364712685347,0.135346755385,-0.077362172306,0.137808054686,0.040064025670,-0.361588716507,-0.632220506668,-0.699996829033,-0.810998082161,-0.723543763161,-0.745135664940,-0.545111954212,-0.596297085285,-0.286288619041,-0.164816483855,-0.279266893864,-0.004305215552,0.121583238244,0.377323776484,0.182992249727,0.185107797384,0.409884512424,0.017838245258,0.062244530767,-0.182778224349,-0.427249431610,-0.488218039274,-0.577899038792,-0.531500697136,-0.365544080734,-0.504681587219,-0.051481489092,-0.124040424824,-0.117026954889,0.269870340824,0.495054513216,0.609990596771,0.618131816387,0.542164921761,0.575211346149,0.755976974964,0.624737799168,0.562880218029,0.403871208429,0.345335096121,0.215437769890,0.326776564121,-0.139771342278,-0.182811141014,-0.390342295170,-0.190310299397,-0.320746779442,-0.201982945204,-0.328435271978,-0.191248700023,-0.050020352006,-0.276443392038,-0.181255340576,0.057540070266,-0.008618663065,0.170027211308,0.121093444526,0.100851528347,0.546359002590,0.456797391176,0.327031731606,-0.069739557803,-0.039319049567,-0.069616079330,-0.402801066637,-0.240277126431,-0.385357946157,-0.489963144064,-0.109215006232,-0.054296754301,-0.100575760007,0.171714723110,0.124826557934,0.064722284675,0.128209814429,0.162215247750,-0.098184429109,0.013096746057,-0.217417493463,-0.403817683458,-0.127543047071,-0.345569700003,-0.370030373335,0.063845604658,-0.109799459577,0.202349245548,0.503064036369,0.199867367744,0.107564538717,0.261062353849,-0.355295538902,-0.478611588478,-0.456974327564,-0.495453745127,-0.623762369156,-0.472981035709,-0.440428525209,-0.328879773617,-0.327842593193,-0.024987537414,0.157765984535,0.073024027050,0.305316358805,0.318684726954,0.485493332148,0.657397389412,0.255954533815,0.311444908381,0.370433747768,0.027979785576,-0.155057728291,-0.361053645611,-0.294154077768,-0.075538836420,-0.178625285625,-0.095772519708,0.209313333035,0.076411403716,0.112795822322,0.212400242686,0.105687692761,-0.021233849227,0.222179576755,0.365128368139,0.296417802572,0.121682025492,0.368676275015,0.581068277359,0.375722676516,0.257716149092,0.230337277055,-0.205596670508,-0.215701177716,-0.291717469692,-0.400911867619,-0.337815374136,-0.206971392035,-0.224027618766,-0.156415969133,-0.463127583265,-0.165092259645,-0.362745255232,-0.565473198891,-0.359827131033,-0.517988204956,-0.548277020454,-0.591271579266,-0.572503089905,-0.279048770666,-0.372100681067,-0.531093239784,-0.118018887937,-0.150225684047,-0.114491567016,0.132667317986,0.043327920139,0.363720744848,0.669514536858,0.856071114540,1.049019694328,0.702968418598,0.631957113743,0.781639456749,0.730470776558,0.598289132118,0.596609890461,0.652853429317,0.570210576057,0.292799949646,-0.072678297758,0.307230234146,0.238597840071,-0.071431182325,-0.194718390703,-0.121295124292,-0.101291932166,-0.103024713695,-0.328673988581,-0.522449851036,-0.120591312647,0.180267527699,0.069332078099,-0.190042749047,-0.258020699024,-0.007416824345,0.142067998648,0.050798252225,-0.112520061433,-0.103078223765,0.016706377268,0.002457183320,-0.113211527467,-0.135581374168,-0.517988204956,-0.638056814671,-0.676231682301,-1.052728056908,-0.781046807766,-0.686315596104,-0.627841174603,-0.278538405895,-0.203353524208,-0.085202932358,0.134519472718,0.263926982880,0.229151889682,0.464070141315,0.594770073891,0.595165193081,0.638937652111,0.219195559621,0.176468566060,0.424076110125,0.075176633894,-0.115298286080,-0.006922918372,-0.194496154785,-0.362251371145,-0.226147308946,-0.412168830633,-0.546433150768,0.001568152220,-0.081951387227,-0.234300866723,0.002280200366,0.143640264869,0.233625873923,0.613213360310,0.521046340466,0.833540737629,0.703746378422,0.588925480843,0.767859518528,0.451422035694,0.399817049503,0.453265935183,0.260025143623,-0.071184232831,-0.369886338711,-0.371096402407,-0.548305869102,-0.563345253468,-0.628746688366,-0.535316109657,-0.297578483820,0.176781371236,-0.277801662683,-0.351965785027,-0.307777643204,0.007564996369,-0.092241100967,-0.304649561644,0.004107653163,0.100209444761,-0.070118211210,-0.081346347928,0.127571851015,-0.148888021708,0.040002286434,0.236651033163,0.147151112556,0.207712247968,0.162758558989,0.044509176165,-0.140956714749,-0.220977753401,0.023773351684,0.044237531722,0.036972992122,-0.093463517725,-0.309794425964,0.159264162183,-0.227093964815,-0.036248598248,-0.022332791239,-0.136322215199,-0.257246911526,-0.158580929041,-0.241092070937,-0.101456560194,-0.306349426508,-0.296187311411,0.087269105017,-0.003819541307,-0.272981941700,-0.117018721998,-0.218676969409,-0.161248013377,0.098044499755,-0.015335787088,-0.061079733074,0.122357025743,-0.014199803583,-0.003461459186,0.096970245242,-0.104736924171,-0.035553015769,0.039331395179,0.110651448369,0.199422851205,-0.022641483694,0.276171773672,0.148340597749,0.046809960157,0.109795346856,0.034248277545,-0.133535757661,-0.035948138684,-0.193751171231,-0.433287441730,-0.102489650249,-0.385880649090,-0.173764422536,0.203184768558,0.236280605197,0.049954492599,0.485604465008,0.328188329935,0.304884165525,0.284983873367,0.019859144464,0.232345819473,0.066669106483,-0.078197702765,-0.347615301609,-0.395149618387,-0.298043578863,-0.321364194155,-0.419812053442,-0.346339374781,-0.010857704096,0.218903332949,0.309016525745,0.445141196251,0.616621315479,0.677968561649,0.664925336838,0.512073695660,0.630253076553,-0.062158096582,-0.191738486290,0.071706950665,-0.203900933266,-0.276315808296,-0.040039330721,0.049592293799,0.069504946470,-0.137915074825,-0.257106989622,-0.412337601185,-0.589234173298,-0.401607453823,-0.522400498390,-0.328040152788,-0.289536029100,-0.376451194286,-0.166767433286,-0.045484647155,-0.245685398579,-0.031375389546,0.040965400636,-0.131062120199,0.089232385159,0.250249922276,0.216651946306,0.205617263913,0.063071817160,-0.024501862004,-0.252464264631,-0.223373189569,-0.495178014040,-0.690052807331,-0.469605982304,-0.770324945450,-0.686764180660,-0.032346740365,0.100625149906,-0.348977625370,-0.012298263609,0.022172272205,-0.200348928571,0.021838886663,-0.052090641111,0.128884822130,0.022653831169,-0.178468883038,-0.113281503320,-0.246183410287,-0.051901310682,-0.254567474127,-0.073937758803,-0.029280405492,-0.152888655663,0.131284385920,0.136330455542,-0.260547876358,-0.106691971421,0.273858636618,0.229300066829,0.490131914616,0.383781552315,0.402113705873,0.361341744661,0.545284748077,0.658912003040,0.518247544765,0.576330900192,0.577656209469,0.113293841481,0.375702083111,0.409810423851,0.564822852612,0.488880723715,0.116829387844,0.040154572576,0.095360934734,-0.129547476768,-0.291882097721,-0.135412618518,-0.013290192932,0.141269519925,0.115467041731,-0.075180754066,-0.074299953878,-0.004823816940,-0.196517035365,-0.288437098265,-0.087199129164,-0.293763041496,-0.357489317656,-0.259716451168,-0.123694695532,-0.200340703130,-0.198702573776,-0.099814325571,0.172327980399,-0.213400408626,-0.447532534599,-0.347759336233,-0.488082230091,-0.741011619568,-0.812150478363,-0.808030486107,-1.024538397789,-0.989960908890,-0.717485189438,-0.850135982037,-0.506830096245,-0.258469343185,-0.296565979719,0.142092689872,0.255279541016,0.319516152143,0.655763328075,0.540304541588,0.357662141323,0.239503338933,-0.035408955067,-0.032597806305,-0.236235335469,-0.403340280056,-0.137338846922,-0.295709878206,-0.260407924652,-0.052708018571,0.038878649473,-0.021250315011,-0.128563776612,-0.080523170531,0.242544978857,0.513189077377,0.679376184940,0.645897567272,0.701367378235,1.179711341858,1.128686785698,1.135037541389,1.245112776756,0.704730033875,0.456780940294,-0.042825784534,0.009721720591,-0.104119539261,-0.508558750153,-0.475520551205,-0.440477877855,-0.849950790405,-0.669547498226,-0.635776638985,-0.590217888355,-0.512551128864,-0.144319385290,0.085252322257,0.103938437998,-0.101061441004,-0.050045046955,0.369141399860,-0.081799097359,-0.453274160624,-0.268462687731,-0.102938279510,-0.114779680967,-0.506027460098,-0.338519185781,-0.059161730111,0.104926258326,0.089483454823,0.440938889980,0.287239372730,0.468675822020,0.652943968773,0.267404913902,0.334637910128,0.375512748957,0.301570892334,0.012800401077,-0.156547680497,-0.027609355748,-0.023740423843,-0.269763320684,-0.261185824871,-0.258498162031,-0.571832239628,-0.226739972830,-0.362621814013,-0.158296927810,-0.220426216722,-0.203686907887,-0.168586641550,-0.046904627234,-0.190120965242,0.329159677029,0.238795399666,0.079868748784,-0.002346054418,0.260395586491,-0.367709040642,-0.420680463314,-0.404805511236,-0.234342023730,-0.039878807962,-0.296705901623,-0.240626975894,-0.156485944986,-0.385370284319,-0.372808605433,-0.145895764232,-0.076580151916,-0.123513586819,0.208770036697,-0.090742915869,0.177884414792,0.379007130861,-0.048818510026,0.237338379025,0.527866363525,0.475203603506,0.464485853910,0.448368042707,0.121789030731,-0.034614592791,-0.193677082658,-0.177349373698,0.048888482153,-0.003733107587,0.009273088537,0.246800810099,0.328850984573,-0.176238074899,-0.126497611403,0.144270002842,0.138248458505,0.149563029408,0.056087162346,0.012137744576,0.084807805717,0.422705501318,0.286004602909,0.306283563375,0.307312548161,0.066179312766,0.379476338625,0.079646490514,-0.012553448789,-0.151324629784,-0.285518944263,-0.617020547390,-0.411926001310,-0.386782020330,-0.286889523268,-0.139248624444,-0.072929367423,-0.328813940287,0.064886927605,0.077321015298,0.059342831373,0.139153957367,0.204674735665,-0.096772693098,0.080144509673,0.062203366309,-0.047312095761,-0.094937004149,-0.117759585381,-0.193306654692,-0.262572884560,-0.045879766345,0.082301236689,-0.130099013448,-0.427833884954,-0.332629352808,-0.369746416807,-0.460415244102,-0.256296157837,-0.271068066359,-0.501755177975,-0.021624859422,-0.050349619240,-0.250258147717,0.013133788481,-0.016718724743,-0.060363568366,-0.104333564639,0.259222537279,0.343960374594,0.094735324383,0.195331662893,0.305711477995,-0.047196850181,-0.035054992884,0.073139272630,-0.125246375799,-0.156852260232,0.009787574410,-0.137791588902,-0.109215006232,0.051913660020,-0.066977791488,0.096727415919,0.205312699080,0.018081082031,-0.130983918905,-0.080671340227,-0.023180663586,0.104695759714,0.171257853508,-0.051662586629,0.292322486639,0.556410014629,0.396297991276,0.529504477978,0.349389225245,-0.010664258152,0.432752400637,0.024123201147,-0.360037028790,-0.279019951820,-0.357258796692,-0.489745020866,-0.780083656311,-0.932276725769,-0.787426412106,-0.477870702744,-0.185815736651,0.019365239888,-0.000802597613,0.081441015005,0.550182640553,0.442560523748,0.338572710752,0.133914440870,0.221484005451,0.252958148718,0.068323686719,-0.133869156241,-0.354447662830,-0.575515925884,-0.584360957146,-0.251077204943,-0.118669189513,-0.089211806655,-0.039578352123,0.204588294029,0.025382660329,0.166668638587,0.131387278438,0.125690892339,0.162318155169,0.303106099367,0.109120339155,0.254563361406,0.124744243920,0.194977700710,-0.044463906437,0.276933193207,0.220907762647,0.004264056683,-0.094422511756,0.004914366640,-0.065109178424,0.189343050122,-0.057420708239,0.122513428330,0.462736576796,0.126744553447,0.253970682621,0.193882867694,0.013936386444,0.332946270704,0.312276303768,0.013528913260,0.062977150083,-0.215672358871,-0.078897401690,-0.075119018555,-0.266359478235,-0.247772142291,-0.341737806797,-0.178345412016,-0.312893688679,-0.058667827398,0.315968245268,0.341416776180,0.351299017668,0.236272379756,0.272957265377,0.185375347733,0.046809960157,-0.035318408161,0.127254933119,0.126131281257,0.007824297063,-0.009997484274,-0.169772014022,-0.344083845615,-0.312790811062,-0.110532090068,-0.105584792793,-0.068154938519,0.229588180780,0.034124799073,-0.141063734889,0.007836645469,0.081515103579,0.086067266762,0.014693709090,0.011487434618,-0.120010972023,-0.297829568386,-0.514740824699,-0.268162250519,-0.088800221682,-0.009343058802,0.221813276410,0.242219820619,0.212264418602,0.289095640182,-0.047028101981,0.284321218729,0.145290732384,-0.261716783047,-0.177464604378,-0.112906955183,-0.265812069178,-0.366943478584,-0.310527056456,-0.219738870859,0.070933163166,0.010952369310,0.125773206353,0.284522891045,0.315383791924,0.506241500378,0.358477115631,0.076753020287,0.302476376295,-0.062977150083,-0.133655130863,-0.347228378057,-0.445820331573,0.035400725901,0.000222257790,-0.139709591866,-0.138034433126,-0.350072473288,-0.168446704745,0.079008527100,0.024942263961,0.316499203444,0.170018970966,-0.064705826342,-0.184922605753,0.108778722584,0.047814235091,-0.036738388240,0.096237622201,0.136766731739,0.201616615057,0.270475387573,0.043669536710,-0.034392334521,-0.280205339193,-0.520363092422,-0.088829033077,-0.062178671360,-0.340120255947,-0.467202335596,-0.427014827728,-0.328435271978,-0.076538994908,-0.020657625049,0.398096621037,0.293540775776,0.073962450027,0.013491869904,-0.111240021884,0.000057622390,0.030054191127,0.130086660385,-0.107050053775,0.001646353863,-0.013788214885,0.260449081659,-0.088009968400,0.154337450862,0.107799142599,0.202369838953,-0.007717284374,-0.064693480730,-0.292524158955,-0.293993562460,-0.257843703032,-0.047666065395,-0.065594859421,-0.004539820831,0.224599733949,-0.111495204270,-0.153827086091,0.176320388913,-0.044447436929,-0.078872703016,-0.103695601225,-0.086853399873,-0.064516499639,-0.149834662676,-0.243610993028,0.103123493493,0.023888597265,-0.094566568732,0.153263211250,-0.183988288045,-0.081659153104,0.467510998249,0.680166423321,0.667374253273,0.629680991173,0.657125711441,0.531167328358,0.301291018724,0.316951960325,0.153147950768,-0.205576106906,-0.285465419292,-0.129876747727,-0.425734788179,-0.407073378563,-0.198607906699,-0.342404574156,-0.233103141189,-0.110120497644,-0.148369416595,-0.063635692000,-0.066965445876,-0.246327474713,-0.119751669466,0.063088282943,-0.034540504217,0.104605220258,-0.117183357477,-0.363580822945,-0.311049789190,-0.164018005133,-0.097797542810,-0.198986575007,-0.149793520570,-0.119352422655,-0.429941207170,-0.116244941950,0.190182685852,0.009997484274,0.133272349834,0.185445308685,0.219660654664,0.591493844986,0.538110792637,0.460188865662,0.450759351254,0.202180504799,0.135136857629,0.250986665487,0.154856055975,0.071608163416,0.305847287178,0.116907589138,-0.138145551085,-0.196903929114,-0.012997964397,-0.159634605050,0.090281933546,0.192302376032,-0.097274824977,-0.047036331147,0.190833002329,-0.209115773439,-0.069406166673,-0.123801700771,-0.125497445464,0.103308714926,0.071789264679,0.128469109535,0.092121735215,0.179217979312,0.098999381065,0.546371340752,0.258181214333,0.072106190026,0.034112453461,-0.306304156780,-0.348998218775,-0.279575586319,-0.514711976051,-0.513971149921,-0.573532104492,-0.201822429895,-0.410448402166,-0.091026909649,-0.351097345352,-0.541588723660,0.042002607137,0.210140615702,0.316725581884,0.563954472542,0.567473530769,0.820876181126,1.003477454185,0.746749103069,0.857668101788,1.270433664322,1.026505827904,0.499285668135,0.533887922764,0.353361070156,-0.013376625255,-0.266388297081,-0.211445361376,-0.152333021164,-0.463444501162,-0.615933954716,-0.615440070629,-0.829704761505,-0.646683692932,-0.337621927261,-0.701536118984,-0.343034297228,-0.273743391037,-0.257325112820,-0.009071410634,0.147990748286,0.043068621308,0.315910637379,0.583027482033,0.325517117977,0.238293275237,0.063853837550,0.195714443922,-0.018348613754,-0.187264546752,-0.369902789593,-0.423907339573,-0.714846909046,-0.742406845093,-0.532834231853,-0.403175622225,-0.180535063148,0.029617907479,0.176538527012,0.041055951267,-0.093899793923,0.036170396954,0.199258223176,0.267470777035,-0.091261513531,0.191495656967,0.328073054552,0.128617286682,0.047929480672,0.372248888016,0.430850803852,0.486135393381,0.461777597666,0.361226528883,0.236445233226,0.172583162785,-0.103950791061,0.018422700465,-0.074843250215,-0.252674192190,-0.167129620910,-0.071567006409,-0.074489288032,-0.086289525032,0.034812156111,0.287346392870,0.741180300713,0.739060640335,0.521811902523,0.644605159760,0.795933902264,0.853885591030,0.864998519421,0.871966660023,0.527273654938,0.266919255257,-0.046060867608,-0.162285223603,-0.234152689576,-0.316289305687,-0.191833153367,-0.007918962277,-0.125711470842,-0.280534595251,-0.290075212717,-0.399253189564,-0.069447323680,-0.111816242337,-0.281695276499,-0.469289094210,-0.309481620789,-0.045801565051,0.037866141647,-0.019809754565,-0.152320668101,-0.172476157546,0.118936724961,-0.138458371162,-0.401953220367,-0.451780080795,-0.330188632011,-0.362362533808,-0.411152213812,-0.095624350011,-0.142804741859,-0.283921986818,-0.190297931433,-0.204831123352,-0.183235079050,-0.352735459805,-0.422635525465,-0.124353230000,-0.055799048394,-0.090059675276,-0.121002905071,0.015660943463,0.334209859371,0.280077725649,0.042957492173,-0.186614230275,-0.089598700404,0.161581411958,0.250114083290,0.192092463374,0.382682621479,0.234078615904,0.230152055621,0.086371846497,0.030976150185,0.030889715999,0.270347774029,0.173583328724,0.249895960093,0.215692952275,0.100732162595,0.117932446301,0.164478987455,0.137725740671,0.402928650379,0.567024886608,0.400356262922,0.334238678217,0.517251491547,0.217166423798,0.088956624269,0.043496672064,0.003790730145,-0.048954334110,-0.115104839206,-0.293672502041,-0.760397374630,-0.535023868084,-0.555290520191,-0.600075423717,-0.580895423889,-0.536209225655,-0.656928181648,-0.542308986187,-0.716460287571,-0.482834458351,-0.534060776234,-0.293688952923,-0.052288204432,-0.236280605197,0.078568123281,0.444474399090,0.063598655164,0.602557301521,0.409616947174,0.295368254185,0.505303084850,0.336457133293,0.103448644280,0.248722910881,0.095788985491,0.183049872518,0.446762830019,0.507566809654,0.435868114233,0.319108664989,0.398808658123,0.324232935905,0.436160326004,0.319614946842,0.031107857823,-0.184424579144,-0.171307250857,-0.066039375961,-0.016858665273,0.044706739485,0.013117324561,0.182313114405,0.666917383671,0.528224408627,0.485003530979,0.639579713345,0.684829771519,0.641798138618,0.300529569387,-0.212680116296,-0.152049019933,-0.567395329475,-0.605858266354,-0.600260674953,-0.975147783756,-1.023414731026,-0.718757033348,-1.189383745193,-0.741530120373,-0.580557882786,-0.564275503159,-0.313169449568,0.309588611126,0.508599877357,0.615011990070,0.655491709709,0.712146818638,0.746950805187,0.765422940254,0.666258871555,0.303661763668,0.145764067769,-0.098954103887,0.013545378111,-0.128090456128,-0.383427619934,-0.378319799900,-0.484962373972,-0.705211579800,-0.260934740305,-0.308222144842,-0.320631563663,-0.234395533800,-0.268207520247,-0.092998415232,0.042969837785,0.150604337454,0.364963769913,0.514703750610,0.267915278673,0.232670962811,0.555981993675,0.273656964302,0.135198578238,0.262511134148,0.363358557224,0.115997985005,-0.090755261481,0.108144879341,-0.086100198328,-0.316095858812,-0.184984341264,-0.074308186769,-0.098925292492,-0.005099581555,0.108519420028,0.115553468466,0.110445655882,0.411502033472,0.362292557955,0.462744802237,0.249315604568,0.346351712942,0.465679466724,0.305876106024,0.127316668630,0.443507164717,0.569395601749,0.178456544876,0.047307979316,0.110536210239,-0.162865564227,-0.113199189305,-0.045373518020,-0.435625255108,-0.566032946110,-0.708508431911,-0.695242941380,-0.414844155312,-0.576096296310,-0.404554456472,-0.168059810996,-0.201999396086,-0.115351788700,0.441733241081,0.393429189920,0.309954941273,0.463456898928,0.306155979633,0.194364428520,0.063166491687,-0.135416731238,-0.512621104717,-0.428941041231,-0.547972440720,-0.713114142418,-0.553788244724,-0.524997591972,-0.478220582008,-0.451780080795,-0.120208539069,-0.205386772752,0.120698317885,0.241260826588,0.313634544611,0.126880377531,0.073270983994,0.131625995040,0.385452628136,0.252106189728,0.506323814392,0.753351032734,0.592037081718,0.407929480076,0.314704686403,0.284148335457,0.155251175165,0.081074699759,-0.155880913138,-0.137396469712,-0.222574710846,-0.326628386974,-0.547589659691,-0.350257694721,-0.317532300949,-0.194706052542,-0.074851483107,0.059849079698,0.255053132772,0.137503489852,-0.063417553902,0.193541243672,0.235206350684,0.161910682917,0.228246405721,0.021229734644,-0.185959786177,-0.052905581892,-0.052650399506,-0.027399444953,0.032869458199,-0.046147301793,-0.190133303404,-0.190483152866,-0.275686085224,-0.350681602955,-0.311074465513,-0.146673679352,-0.223237365484,-0.271994143724,-0.343832790852,-0.032696589828,-0.308971256018,-0.213367477059,0.167973384261,0.096484571695,-0.014850112610,-0.047275051475,-0.201497256756,-0.376327723265,-0.278484880924,-0.053300708532,-0.195953160524,-0.110857248306,-0.166643947363,-0.234156802297,0.128205701709,0.070735596120,0.157049819827,0.363239169121,0.287070631981,0.354007273912,0.430344551802,0.268672615290,0.327550351620,0.019846796989,-0.161832481623,-0.237243711948,-0.095118097961,-0.189400672913,-0.074802093208,0.141598790884,0.040471497923,0.261626213789,0.444379746914,0.295862168074,0.497009575367,0.424932181835,0.385901272297,0.545791029930,0.581216454506,0.132498562336,-0.157770097256,-0.174023732543,-0.359485507011,-0.447791785002,-0.306933879852,-0.284173041582,-0.277764618397,-0.313840359449,-0.259370714426,-0.237972244620,-0.342618614435,-0.474458634853,-0.557187914848,-0.837220430374,-0.689571201801,-0.342556864023,-0.360226362944,-0.427302956581,-0.157177418470,0.051720209420,0.169685587287,0.272265791893,0.456830292940,0.552285909653,0.667633533478,0.417165517807,0.445001214743,0.387321233749,0.116928175092,0.134856969118,0.056659270078,-0.205806598067,-0.309461027384,-0.577363967896,-0.425166785717,-0.574297666550,-0.096097677946,0.060746341944,-0.298891454935,0.024995768443,0.419997245073,0.684027135372,1.035803675652,0.730330884457,0.738570868969,0.982881546021,0.656644165516,0.653573691845,0.435987442732,0.175719469786,0.145109638572,0.374368548393,0.211330100894,0.364918470383,0.219458982348,0.243685081601,0.391428887844,0.094825871289,-0.238424986601,-0.058449681848,-0.360082328320,-0.688867390156,-0.725605845451,-0.763982295990,-1.073151111603,-0.998740017414,-0.600264787674,-0.329044431448,-0.438872694969,-0.514399170876,-0.112898729742,0.097237780690,0.070179954171,-0.233333632350,0.035557128489,-0.185671687126,-0.244701713324,-0.066940747201,-0.199735671282,-0.350640475750,0.000905494671,-0.057013239712,-0.040998328477,-0.172780737281,-0.146142721176,-0.197311401367,0.209560289979,0.024530675262,0.064133718610,0.340214937925,0.256238520145,0.309489846230,0.484773039818,0.134914591908,0.403225004673,0.647021234035,0.370359688997,0.271611362696,0.261037647724,0.327233433723,-0.094303153455,-0.284304738045,-0.094632431865,0.056581068784,0.076378479600,-0.140141770244,-0.398508191109,-0.099341005087,0.049061350524,0.029350373894,0.033873733133,0.114833191037,0.023505818099,0.273138344288,0.295104831457,0.140104725957,0.071583472192,-0.032704822719,-0.010972949676,-0.099653802812,-0.356913089752,-0.238560810685,-0.527454733849,-0.459048748016,-0.254727989435,-0.361514627934,-0.282370269299,-0.287729173899,-0.491852343082,-0.431698709726,0.030836211517,0.215009704232,0.534768700600,0.353892028332,0.111367613077,0.196792811155,0.128769576550,0.196648746729,0.179510205984,-0.181922107935,0.178238391876,0.227830693126,-0.164437830448,-0.056511096656,-0.090730562806,-0.331316381693,-0.347030818462,-0.032564882189,0.246376857162,0.119706399739,0.277851045132,0.524684786797,0.283485680819,0.275525569916,0.144578695297,-0.028782382607,-0.339807480574,-0.408065289259,-0.276015371084,-0.303793460131,-0.575968682766,-0.576878309250,-0.469346731901,-0.212231487036,-0.260700166225,-0.229365915060,-0.128539085388,-0.210424616933,0.031869295985,0.315931230783,-0.029840165749,-0.224229291081,-0.142730653286,0.021538425237,-0.046847000718,-0.316190510988,-0.248183757067,-0.115026637912,-0.191219896078,-0.413675248623,-0.341404438019,-0.382760822773,-0.118047691882,0.058758374304,0.174060761929,0.221035361290,0.311156779528,0.380974531174,0.278122693300,0.357369929552,0.273846268654,0.399109125137,0.436370253563,0.255370080471,0.228781461716,0.199978515506,-0.021690713242,-0.077946625650,-0.113141559064,-0.199459895492,-0.077411562204,-0.198867201805,-0.172480270267,-0.222842231393,-0.289815932512,0.218438252807,0.587670147419,0.576149821281,0.550322651863,0.114347517490,0.478302866220,0.716587901115,0.517111539841,0.472676455975,0.580878913403,0.548861503601,0.369466543198,0.138087943196,-0.109021559358,-0.120052136481,-0.366070926189,-0.143084630370,-0.121192231774,-0.495647192001,-0.041484002024,0.170072481036,-0.479694008827,-0.638081490993,-0.350792735815,-0.259700000286,-0.358839303255,-0.104704000056,-0.129938483238,-0.076090365648,-0.406451880932,-0.346129447222,-0.264886021614,-0.103954911232,0.053893394768,0.212824165821,-0.095373280346,-0.124213285744,0.213367477059,0.166862100363,0.071258313954,-0.099295727909,-0.130922183394,0.013874648139,0.152477070689,-0.222331866622,-0.201904729009,-0.080708384514,-0.014570231549,-0.249319717288,-0.258942663670,0.012611071579,-0.042759928852,-0.385905385017,-0.380645275116,-0.317524075508,-0.315585494041,-0.349348068237,-0.132354512811,0.281493604183,-0.080440856516,0.056284725666,0.354925096035,0.400302737951,0.340025603771,0.492531478405,0.341573178768,0.197928786278,0.406748235226,0.147097617388,-0.148451730609,0.020632930100,-0.068690001965,-0.386539220810,-0.078551664948,0.009413028136,0.063668623567,0.135116264224,0.176184564829,0.531175553799,0.449755102396,0.395162016153,0.447561323643,0.534237742424,0.338049978018,0.209247484803,0.212960004807,-0.020200762898,0.027362402529,-0.226015582681,-0.591386795044,-0.433340936899,-0.356435626745,-0.577582120895,-0.330793678761,-0.411148101091,-0.198052272201,-0.266273051500,0.219150289893,0.164376094937,0.087775364518,0.014129832387,0.224587365985,0.301537960768,0.203658089042,-0.135840669274,0.098600141704,0.323043465614,0.239495098591,0.226299598813,0.118298761547,-0.099176362157,-0.279826670885,-0.150102198124,-0.273068398237,-0.373039126396,-0.611735761166,-0.602092206478,-0.599980771542,-0.645086765289,-0.934071302414,-0.613563179970,-0.216479092836,-0.217746779323,-0.058165684342,0.446001380682,0.138779401779,0.268207520247,0.760014653206,0.640065371990,0.745559632778,0.412440478802,0.104156583548,0.091841861606,0.251196563244,-0.262235373259,0.035960488021,-0.107585109770,-0.348763614893,-0.242651998997,0.066290438175,-0.012615187094,0.040504422039,-0.087281458080,-0.147533893585,-0.000893147080,0.235012903810,-0.006449591368,0.263725310564,0.246796697378,0.196047827601,0.242701396346,0.029181623831,0.026284040883,-0.052926164120,-0.032861225307,-0.242738425732,-0.579467177391,-0.356596171856,-0.204621225595,-0.209654957056,-0.199287042022,-0.145574733615,0.048040609807,0.106531448662,0.170611664653,0.187062859535,0.558653175831,0.049077812582,0.099752582610,0.308078110218,0.124723657966,-0.085923217237,0.192536979914,-0.319022238255,0.023942101747,0.042722884566,0.069982387125,0.013236685656,0.154160469770,0.406377792358,0.387806922197,0.595420360565,0.581558048725,0.542942821980,0.024073809385,-0.019142979756,0.073978915811,-0.073843091726,-0.311971724033,-0.659776389599,-0.739180028439,-0.418791323900,-0.722856402397,-0.592802703381,-0.402459472418,-0.068159051239,-0.082210689783,-0.288597613573,-0.234815344214,-0.107025355101,-0.025427937508,-0.100937962532,-0.033038206398,-0.161342680454,-0.272356331348,-0.331094145775,-0.398232430220,-0.455612003803,-0.282180964947,-0.104757502675,0.014175107703,0.144130066037,0.064977474511,0.249756008387,0.245162680745,-0.134424805641,0.280127108097,0.079728804529,0.283744990826,0.407950043678,0.037121165544,0.009330711327,0.451990008354,0.325212538242,0.464625775814,0.255604684353,0.097731687129,0.462444335222,0.238902419806,-0.159585207701,0.025930074975,-0.157486096025,-0.083408407867,0.111318223178,0.143755510449,0.425557792187,0.285095006227,0.087409049273,0.623182058334,0.348989993334,0.259115546942,0.374216228724,-0.080091007054,-0.044966042042,-0.428508907557,-0.475812733173,-0.324150651693,-0.508435249329,-0.636661529541,-0.318046778440,-0.535740077496,-0.290149301291,0.067381151021,0.030095351860,-0.304666042328,0.066899590194,-0.176336854696,-0.202085837722,0.155255302787,0.018727276474,-0.315807729959,-0.381205052137,-0.131506636739,-0.200637042522,-0.151526302099,-0.079720579088,-0.296994030476,-0.232662737370,-0.122669838369,-0.216923609376,0.045031893998,-0.026074130088,-0.092689730227,0.177892670035,0.296755313873,0.117566138506,0.444132804871,0.380637049675,0.513929963112,0.550734221935,0.203176543117,0.341507315636,0.637822210789,0.425269663334,0.166837394238,0.131144449115,0.019850911573,-0.204213753343,-0.592296421528,-0.135885939002,-0.242598503828,-0.136067032814,0.114446297288,0.051987744868,0.009338943288,0.760586738586,0.678322553635,0.503529131413,0.306670457125,0.344976991415,0.427611619234,0.464214175940,0.144809186459,-0.306234180927,-0.290346860886,-0.560324192047,-0.646844267845,-0.711751699448,-0.657932400703,-0.244639977813,-0.147920787334,-0.247615754604,0.371034711599,0.798465192318,0.467313438654,0.478027105331,0.364819675684,0.242705509067,0.345660239458,0.272743225098,-0.026559803635,-0.153991714120,-0.256942331791,-0.122789189219,-0.246014669538,-0.189046695828,0.061651840806,0.094797059894,-0.238387942314,-0.426228702068,-0.504582822323,-0.313716858625,-0.418832451105,-0.447491347790,-0.431447625160,-0.417288959026,-0.244611158967,-0.164767116308,-0.346857964993,-0.309222310781,-0.505303084850,-0.236239448190,-0.000584455673,-0.118850290775,-0.188647463918,0.106461472809,-0.070986665785,-0.088186949492,0.066508583724,-0.097064912319,0.046859350055,0.134511232376,-0.118397541344,0.074612759054,0.497338831425,0.424393028021,0.292474776506,0.480657160282,0.239013552666,0.079905793071,0.042163122445,0.003008711850,-0.045908581465,-0.028531314805,-0.231818974018,-0.517951190472,-0.235218718648,0.131967619061,0.289630711079,0.489214092493,0.613550841808,0.903827726841,1.132876753807,0.941055893898,1.176480412483,1.069751381874,0.808503866196,0.922126948833,0.666522264481,0.532743632793,0.490527033806,0.457933336496,0.322784155607,0.292231947184,0.073810167611,0.186659485102,0.003000480123,0.093451164663,-0.168142125010,0.049225982279,0.189437717199,0.189186647534,-0.162902608514,-0.485106438398,-0.404480367899,-0.194734856486,-0.189787566662,-0.466272145510,-0.251785159111,-0.538785815239,-0.488292127848,-0.621017038822,-0.916566431522,-0.865558207035,-0.841747820377,-1.310991644859,-1.574996948242,-1.369116187096,-1.198335766792,-1.193585991859,-1.159411787987,-0.834277510643,-0.425039201975,-0.635599613190,-0.519910335541,-0.064837537706,0.415408045053,0.070747949183,-0.009153728373,0.525096356869,0.858429551125,0.573807835579,0.216335028410,0.348220318556,0.449001908302,0.363058120012,0.513324975967,0.534575283527,0.213783189654,0.249669566751,0.274299025536,0.400915980339,0.444709002972,0.384308427572,0.123772889376,0.285794705153,0.296146154404,0.423660367727,0.481521517038,0.571531772614,0.469523668289,0.491152644157,0.792349040508,0.863492071629,0.994743525982,0.898909270763,0.834084093571,0.780190706253,0.912236511707,0.689200818539,0.573704957962,0.253303885460,0.008845036849,-0.112886376679,0.024748817086,-0.242553219199,-0.279415071011,-0.559241712093,-0.479809314013,-0.445198804140,-0.864105403423,-0.941772103310,-0.782742500305,-0.669292271137,-0.773362457752,-0.846859753132,-0.465778231621,-0.113837145269,-0.921628952026,-0.641040861607,-0.018097545952,-0.187770783901,-0.505726993084,-0.157510802150,-0.106268040836,-0.502417802811,-0.404476255178,-0.074287608266,-0.362951070070,-0.372676908970,-0.283399254084,-0.476211994886,-0.543259739876,-0.359785974026,-0.204831123352,0.024625340477,0.045863304287,0.186898216605,0.400018721819,0.705870091915,0.933153450489,0.886429846287,0.673597455025,0.741974711418,0.485468626022,0.238317981362,0.008709212765,0.098225593567,-0.039067979902,-0.253489106894,-0.454673558474,-0.737533688545,-0.400315076113,-0.255316585302,-0.157041594386,-0.143994227052,-0.168652489781,0.052897356451,0.441272258759,0.348627805710,0.588007688522,0.782413244247,0.381209164858,0.322784155607,0.423841476440,0.499166309834,0.449051260948,0.290281027555,0.163384169340,-0.039483681321,-0.108840465546,0.056041888893,0.053510621190,-0.464880973101,-0.396071612835,-0.221286430955,-0.306110709906,-0.042208399624,0.140042990446,-0.045369397849,0.216125130653,0.553092658520,0.480904132128,0.532402038574,0.347084343433,-0.108428873122,0.098987028003,0.204415425658,-0.278118580580,-0.042410079390,-0.014138065279,-0.323928385973,-0.291569292545,-0.369071394205,-0.232518672943,-0.279077559710,-0.267285555601,-0.497902721167,-0.370030373335,-0.470972478390,-0.400862514973,-0.109161503613,-0.121883697808,-0.370894730091,-0.118940845132,-0.139577895403,-0.138618886471,-0.083354897797,-0.172706648707,-0.077637940645,0.008161799982,-0.215878173709,-0.210013031960,-0.401315242052,-0.277221322060,-0.118381075561,-0.224262222648,0.030449317768,0.179209738970,0.354986846447,0.466580837965,0.487374275923,0.617539167404,0.726762354374,0.927839875221,0.969060420990,0.739336431026,0.213507413864,0.579047381878,0.313889741898,0.018735507503,0.255921602249,0.188087701797,-0.025230374187,0.004412228707,-0.050291996449,0.141495898366,0.400965392590,0.250179946423,0.396038651466,0.343297749758,0.221800908446,0.257856070995,0.265540421009,-0.027197768912,-0.131362572312,-0.330554962158,-0.324023038149,-0.565954744816,-0.588262856007,-0.502195596695,-0.537769198418,-0.437633842230,-0.426734954119,-0.535357296467,-0.267931759357,-0.507607936859,-0.603508055210,-0.438757449389,-0.475956827402,-0.559389948845,-0.448561489582,-0.349784344435,-0.446112543344,-0.592098891735,-0.125563308597,-0.181156560779,-0.026032973081,0.086194857955,0.191812589765,-0.069204486907,0.142607182264,0.295331209898,0.306394696236,0.315490812063,0.087462551892,-0.009627054445,0.149744123220,0.037067659199,0.089829191566,0.014582579955,-0.110581487417,0.300755947828,0.256732434034,-0.017126196995,0.090356022120,0.294664442539,0.494544148445,0.370425522327,0.540563881397,0.636525690556,0.180004104972,0.451212137938,0.421944051981,0.276501029730,0.304534316063,0.581842064857,0.151509836316,0.037059426308,0.008441680111,-0.291906803846,-0.421791791916,-0.419515699148,-0.696432411671,-0.500401079655,-0.665851414204,-0.485657960176,-0.406616479158,-0.311930567026,0.001868611784,0.042574711144,0.034997370094,0.045521687716,0.201377913356,0.238717213273,0.106539674103,0.072447806597,-0.095719017088,-0.129440456629,-0.227489069104,-0.275163382292,-0.233238965273,-0.316001176834,-0.220133990049,-0.219812944531,-0.018093429506,0.073213361204,0.000658541569,-0.173151165247,-0.308860123158,-0.389531463385,-0.376990348101,-0.530488193035,-0.542152583599,-0.441214621067,-0.206164687872,-0.067212402821,0.049127202481,0.266281306744,0.584344506264,0.642255008221,0.458192676306,0.407250344753,0.571206629276,0.447989374399,0.302529901266,0.138886421919,-0.325154900551,-0.240277126431,-0.435069620609,-0.470420926809,-0.525314509869,-0.345861911774,0.059252277017,0.198686122894,0.240408837795,-0.043648958206,0.315869450569,0.303554743528,-0.064656436443,0.006297303829,0.038454711437,0.057663548738,0.297055751085,0.024398967624,-0.217121154070,-0.149390161037,-0.267655998468,-0.430945485830,-0.441650927067,-0.386020630598,-0.364111751318,-0.297627866268,-0.192660465837,-0.141104876995,-0.250937283039,0.214330598712,-0.085910871625,-0.119714625180,0.172402068973,0.433386206627,0.262424707413,0.139837190509,0.036285642534,-0.054481972009,0.054885324091,-0.012578143738,-0.100876219571,-0.261675596237,-0.241096183658,-0.193450719118,0.081478059292,0.145945161581,0.360901385546,0.435966879129,0.467856764793,0.485373944044,0.852864861488,0.616757094860,0.280979096889,0.340585350990,0.443453669548,0.432348996401,0.306024283171,0.073838979006,-0.326723068953,-0.377072662115,-0.489720344543,-0.244446530938,-0.112845212221,-0.234189733863,-0.395927548409,-0.314420670271,-0.308950662613,-0.108173690736,0.118068277836,-0.009375985712,0.223480194807,0.352867156267,0.344474852085,0.515819191933,0.179534882307,-0.078444644809,-0.390132367611,-0.215170219541,-0.267022162676,-0.584488570690,-0.822678923607,-0.667378365993,-0.610188186169,-0.984153330326,-1.034173727036,-0.769378244877,-0.701684296131,-0.601244390011,-0.085709184408,-0.209778413177,-0.171533614397,0.053938671947,0.251171886921,0.412008285522,0.676252245903,0.557965815067,0.685879290104,0.803124427795,0.389045774937,0.377537786961,0.355023890734,0.119644656777,0.034128919244,-0.099118746817,-0.162351086736,-0.256855934858,-0.334819018841,-0.289169728756,-0.350821584463,-0.214935630560,0.043661303818,0.257082283497,0.197574809194,0.128925979137,0.334905445576,0.284527003765,0.396808356047,0.555142343044,0.379937350750,0.337074518204,0.339367061853,0.492831945419,0.507727324963,0.135523736477,-0.074151784182,0.248072609305,-0.128897160292,-0.391951590776,-0.271117448807,-0.456060618162,-0.798728644848,-0.465555995703,-0.494033783674,-0.722551882267,-0.444313913584,-0.306110709906,-0.307563632727,0.139405027032,0.001983856549,0.080621950328,0.309123545885,0.168594881892,0.235313355923,0.371129333973,0.285761773586,0.341260373592,0.115220084786,-0.130757540464,0.065788306296,-0.286897748709,-0.268573850393,-0.232107087970,-0.453372925520,-1.091009974480,-1.019817471504,-1.010713219643,-0.910680711269,-0.769707560539,-0.247253552079,-0.250040024519,-0.323249250650,0.040446799248,0.413313060999,0.252974629402,0.704931735992,1.161115765572,1.314033269882,1.065047025681,1.075690627098,0.854190170765,0.391597658396,0.290211051702,0.234329685569,-0.526841461658,-0.849530994892,-0.785290300846,-1.093417763710,-0.962730169296,-1.045722842216,-0.670860409737,0.033099945635,0.192080110312,0.122937366366,0.767760694027,0.886545121670,0.779486894608,0.638077378273,0.598173916340,0.684652745724,0.613316237926,0.384473025799,0.366745918989,0.346726238728,-0.083132646978,-0.312152832747,-0.371100515127,-0.544774413109,-0.984297394753,-0.876160740852,-0.930371105671,-0.893216967583,-0.991685450077,-0.791711032391,-0.484073340893,-0.454496592283,-0.206436321139,-0.054535474628,-0.160881713033,0.300558388233,0.413321286440,0.331283479929,0.343952149153,0.488609045744,0.397808492184,0.308851897717,0.129205867648,0.259164929390,0.128572002053,-0.055058192462,-0.007585575804,0.093405887485,-0.065249122679,0.140285819769,0.550964713097,-0.074489288032,-0.119109593332,0.071674019098,0.051584385335,-0.018221022561,0.177600443363,-0.090273708105,0.094854690135,0.276266425848,0.019756248221,0.367264539003,0.538905143738,0.469046264887,0.308049291372,0.386522769928,0.399919956923,0.272825539112,-0.329604178667,-0.169627964497,-0.327801436186,-0.547980666161,-0.459736108780,-0.217812627554,-0.526804447174,-0.695633947849,-0.435563534498,-0.173846751451,-0.158004701138,-0.039812952280,0.400096952915,0.482361137867,0.176357448101,0.104185394943,0.056795094162,-0.008523997851,-0.078391142190,-0.202209308743,-0.000880799373,-0.277192503214,-0.098036259413,-0.176266893744,-0.080551989377,-0.080597259104,0.342799723148,0.355254352093,0.002230809536,-0.076102711260,-0.152835160494,-0.302756249905,0.137766897678,0.268228113651,0.168154478073,0.027551734820,-0.019743900746,0.168903559446,-0.011281640269,0.127275511622,0.440502583981,0.184556275606,0.050979353487,-0.065207965672,0.050419591367,-0.151003584266,-0.240795716643,-0.438613384962,-0.560719370842,-0.501652300358,-0.378439158201,-0.455673724413,-0.604360103607,-0.261276364326,-0.150917157531,0.048468660563,0.358440071344,0.256711870432,0.172830119729,0.482657462358,0.691987276077,0.548766791821,0.477652549744,0.082432940602,-0.240672260523,-0.343310087919,-0.396598428488,-0.522598028183,-0.659566462040,-0.648655235767,-0.290441542864,-0.082803368568,-0.054979991168,0.112503603101,0.143146365881,0.020937506109,0.327262252569,0.455821901560,0.317075431347,0.344256728888,0.334172815084,0.387732833624,0.223327919841,0.158371016383,0.019879724830,0.053127843887,-0.124233864248,-0.139606699347,-0.357374042273,-0.447285532951,-0.325924575329,-0.198863089085,-0.113359704614,-0.159354716539,0.015113529749,0.150052815676,0.201810061932,0.383003681898,0.623453676701,0.312552064657,0.086482971907,0.302760362625,-0.104498207569,0.215149655938,-0.079115539789,-0.415284544230,-0.391288965940,-0.527335405350,-0.690316200256,-0.498808205128,-0.287362873554,-0.294421583414,-0.297730773687,0.009746415541,0.314535945654,0.206481590867,0.452973693609,0.460374087095,0.547544419765,0.683809041977,0.637641131878,0.677338838577,0.499335020781,0.463337510824,0.126172453165,-0.091845974326,-0.347010254860,-0.658677399158,-0.584533870220,-0.589090168476,-0.568366646767,-0.789179801941,-0.734055757523,-0.365856915712,-0.179901212454,-0.089479342103,-0.012096586637,0.225003093481,0.181498184800,0.178901061416,0.337218582630,0.355830609798,0.261119961739,0.275076925755,-0.004449271597,0.062582030892,0.191248700023,0.057000890374,-0.139413252473,0.072139114141,-0.175135016441,-0.172970071435,-0.313428729773,-0.157053932548,-0.408555090427,-0.288330078125,0.045488759875,0.002329590963,-0.003663137555,0.134877547622,0.118245258927,0.161186292768,0.068154938519,0.214705139399,0.207502350211,0.158136412501,0.341425001621,0.291750401258,0.397499829531,0.309559822083,0.215939909220,0.199579268694,-0.024822903797,-0.214799806476,-0.223056271672,-0.398438215256,-0.443922907114,-0.134000867605,-0.355698913336,0.124443784356,0.450664699078,0.181333556771,0.112680584192,0.249904185534,0.171801149845,0.255431830883,0.108416527510,0.123871676624,-0.024580065161,0.051716096699,0.060363568366,0.117158658803,0.075748741627,0.161931261420,-0.128271549940,-0.191878437996,-0.217462778091,-0.226085558534,-0.331135302782,-0.457147210836,-0.503166913986,-0.124530211091,0.019698625430,-0.157267972827,0.136132895947,0.075127243996,0.165042877197,0.478389292955,0.283164650202,0.090508304536,0.373672962189,0.381538420916,0.205156266689,0.447100341320,0.427228838205,0.369161963463,0.307246685028,0.038360048085,-0.222982183099,-0.226151421666,-0.337374985218,-0.422639638186,-0.731450378895,-0.658335804939,-0.773646414280,-0.631080389023,-0.558422684669,-0.429426729679,-0.244516491890,0.231975376606,0.241952300072,0.381686568260,0.408847332001,0.430961966515,-0.111808016896,-0.038253035396,-0.493757992983,-0.465074419975,-0.573182225227,-0.626651704311,-0.706483423710,-0.711599469185,-0.727396190166,-0.204670608044,0.236206516623,0.104255370796,0.556039571762,0.783244669437,0.892010986805,0.669189393520,1.048262357712,0.768353343010,0.909684658051,0.916755795479,0.615761101246,0.361131846905,0.319137483835,0.009627054445,0.042834013700,-0.080202132463,-0.288828104734,-0.336029082537,-0.385588437319,-0.260222703218,-0.337955296040,-0.125048816204,-0.106646694243,0.001848032349,0.267544865608,0.258790373802,0.209066376090,0.261144667864,0.192932099104,0.453858613968,0.291161805391,0.185852780938,0.335893243551,0.236498743296,-0.012265337631,0.059709142894,-0.115936242044,-0.352262109518,-0.428002655506,-0.330233931541,-0.413848102093,-0.772341728210,-0.619210183620,-0.724564492702,-0.731977224350,-0.264420896769,-0.130745202303,-0.066734962165,0.027588775381,0.227213308215,0.221982017159,0.138927578926,0.114079982042,0.225855067372,0.356489151716,0.272208184004,0.294726163149,0.397615045309,-0.018365079537,-0.178785800934,-0.074777394533,-0.349619746208,-0.644514679909,-0.538954555988,-0.398076057434,-0.374162763357,-0.351122021675,-0.282539039850,-0.425438433886,-0.107177644968,0.036335032433,-0.006511330139,0.269833296537,0.500326931477,0.484834790230,0.472952216864,0.455916583538,0.653845369816,0.536806046963,0.492683798075,0.467716813087,0.357283532619,0.047694873065,0.221031248569,-0.164610698819,-0.323166936636,-0.320783823729,-0.196101337671,-0.373747050762,-0.029329795390,0.147081151605,0.010577823967,-0.158869042993,0.223945289850,0.041467539966,-0.147822007537,-0.079885207117,-0.059877894819,-0.219277888536,-0.187383890152,-0.154847830534,-0.012154208496,0.042002607137,0.053934555501,0.324866801500,0.257802575827,0.237931072712,0.408884346485,0.575092017651,0.321606993675,0.203304126859,0.466704308987,0.202275171876,0.139512032270,0.192648112774,0.024168476462,-0.393252193928,-0.213062897325,-0.453982084990,-0.663525938988,-0.758195340633,-0.536126911640,-0.463716179132,-0.411563783884,-0.505986332893,-0.457336544991,-0.200801670551,-0.400664955378,-0.324945002794,0.166182965040,0.132613822818,0.184527471662,0.549268960953,0.103983715177,0.274834096432,0.074690960348,-0.262070745230,-0.264663755894,-0.225007206202,-0.088754944503,-0.007898382843,-0.125332802534,-0.236527562141,-0.200632929802,-0.187449738383,-0.128205701709,0.074637457728,0.072879977524,0.152802228928,0.108856916428,0.122369371355,0.086952187121,0.213157564402,0.170080721378,0.294569760561,0.202880203724,0.291120648384,0.382546812296,0.422318607569,0.571276605129,0.513604819775,0.736175417900,0.853181779385,0.719185054302,0.797666728497,0.836812913418,0.420252412558,0.607870936394,0.677384078503,0.197052106261,0.114224039018,-0.367157518864,-0.436090350151,-0.093080729246,0.000555644452,-0.035874053836,0.218380630016,0.316881984472,0.500191152096,0.552672803402,0.624153375626,0.554397344589,0.464868634939,0.472318351269,0.300928801298,0.006173827220,0.024711772799,-0.048933751881,-0.232477530837,-0.187630847096,-0.373977541924,-0.777634680271,-0.748630046844,-0.990405380726,-1.077888488770,-1.362374305725,-1.401051402092,-0.992627978325,-0.858968734741,-0.842558681965,-0.389226883650,-0.098217368126,-0.002094985452,0.358151942492,0.552232384682,0.580080449581,0.626684665680,0.779569149017,0.770641863346,0.264733731747,0.087532527745,-0.190273240209,-0.301821976900,-0.379867374897,-0.587534308434,-0.680154085159,-0.436637789011,-0.170109525323,-0.206613317132,-0.024394849315,0.386370450258,0.335370540619,0.406192570925,0.649412572384,0.770967006683,1.050550818443,0.738163352013,0.921637177467,0.918509066105,0.812755584717,1.127295613289,0.722049653530,0.449722170830,0.482719212770,0.318787634373,0.318236112595,-0.066080532968,-0.363160997629,-0.259214311838,-0.146509036422,-0.237186104059,-0.243396982551,-0.353245824575,-0.619642376900,-0.234963506460,-0.329587727785,-0.376014888287,-0.144887387753,-0.089660435915,-0.173007100821,-0.168076276779,0.069134518504,0.279517978430,0.472157865763,0.267779469490,0.011265177280,-0.069447323680,-0.126275345683,-0.275443226099,-0.468832194805,-0.572445511818,-0.471025973558,-0.436300247908,-0.529343962669,-0.469811797142,-0.732100725174,-0.790603876114,-0.712570786476,-0.630491852760,-0.538814604282,-0.288449436426,-0.215849354863,-0.146788910031,-0.142895296216,0.065076254308,0.695189416409,0.358275443316,0.457447677851,0.568247318268,0.235535636544,0.259304881096,0.208901748061,-0.090384826064,-0.222916334867,-0.373475402594,-0.389708459377,-0.358168393373,-0.582743465900,-0.278361409903,-0.257382750511,-0.134124338627,-0.081082932651,0.083037979901,0.097163692117,0.436427831650,0.189120799303,0.551981329918,0.636978447437,0.679927706718,0.946686506271,0.977670848370,0.705359756947,0.532644867897,0.331625074148,0.033919006586,-0.078856237233,0.101016163826,0.129127666354,-0.024156128988,-0.165129303932,-0.124871835113,0.118698000908,0.340107917786,0.045468177646,0.166327029467,0.067681610584,-0.005963916890,0.103296361864,0.206070020795,0.153008028865,0.096937321126,0.158786728978,0.098970569670,-0.084844850004,-0.371952533722,-0.561847090721,-0.707158386707,-0.426162809134,-0.298858523369,-0.143134012818,-0.454587161541,-0.423816800117,-0.433682560921,-0.350200086832,-0.216635495424,-0.158630311489,-0.046381909400,-0.143878981471,-0.369771093130,-0.282876551151,-0.489456892014,-0.518091082573,-0.307645916939,-0.779231667519,-0.764776706696,-0.404282808304,-0.278526037931,-0.096616283059,0.200398325920,0.379315853119,0.851893544197,0.839286565781,0.974192917347,0.866426706314,0.741163849831,0.606833755970,0.708129763603,0.297693729401,0.026761485264,0.289297312498,-0.066096998751,-0.075370088220,0.293586075306,0.344701260328,0.150415018201,0.248694121838,0.006330231205,0.120233230293,0.172583162785,0.033379826695,0.100843295455,0.370195031166,0.432801753283,0.388424307108,0.301871359348,0.480788856745,0.482278794050,0.692040741444,0.953061938286,0.624886035919,0.483632951975,0.640645742416,0.322475463152,0.006083277985,-0.300171464682,-0.586122572422,-0.862635970116,-1.018183469772,-1.084753870964,-1.051184654236,-0.620012819767,-0.337654829025,-0.454809397459,-0.110363341868,0.045163605362,0.273735165596,0.348228573799,0.194594934583,0.034079525620,0.093389429152,0.131062120199,0.046616513282,-0.272072345018,-0.192820981145,-0.185338303447,-0.230711802840,-0.116463087499,-0.075119018555,-0.123641185462,-0.192038953304,-0.328295320272,-0.551948368549,-0.408583879471,-0.468334168196,-0.670720458031,-0.308065742254,-0.259086728096,-0.473993539810,0.035071454942,0.185404151678,0.229674607515,0.353175848722,0.615176618099,0.663233697414,0.842315852642,0.815784811974,0.491090923548,0.266240119934,0.411617308855,0.374463200569,0.206773832440,0.198266282678,0.051938354969,-0.023880362511,-0.051189258695,-0.222200155258,-0.187009334564,-0.053407721221,0.023707497865,-0.216079846025,0.075003765523,-0.018595566973,-0.087199129164,0.149493053555,0.257691442966,0.035894632339,0.390243500471,0.352439105511,-0.051662586629,0.216083958745,-0.041418150067,-0.058355014771,-0.155650421977,-0.600952148438,-0.531216681004,-0.419046461582,-0.705380380154,-0.576265037060,-0.616053283215,-0.330579638481,-0.343087822199,-0.403685986996,-0.344643622637,-0.405138909817,-0.391659349203,-0.417478293180,-0.280382335186,-0.038265381008,-0.010977065191,0.397643864155,0.267688930035,0.099476821721,0.377710610628,0.560748159885,0.447063297033,0.368454039097,0.200542375445,0.189087867737,0.178625285625,0.406410694122,0.412917941809,0.181518748403,0.248426571488,0.146974131465,0.223270297050,-0.032939426601,0.039240844548,0.101892843843,-0.124163895845,-0.013508334756,0.099460355937,-0.128082230687,0.166273519397,0.504442870617,0.305020004511,0.236996769905,0.292524158955,0.274504840374,-0.127337247133,-0.314980447292,-0.316145241261,-0.515876770020,-0.560188412666,-0.519115984440,-0.380171924829,-0.602355659008,-0.417251944542,-0.245421975851,-0.146476119757,-0.166187077761,-0.199068889022,-0.029366839677,-0.325727015734,-0.204374268651,-0.242841318250,-0.250171720982,-0.412012457848,-0.437485635281,-0.126370012760,-0.046320170164,0.134177848697,0.162581577897,0.249418497086,0.360996037722,0.627079784870,0.570659220219,0.657957136631,0.571099579334,0.687752008438,0.195413976908,0.270426005125,0.264606118202,0.031535908580,-0.045883886516,-0.189330711961,-0.082424715161,-0.061046801507,-0.165750801563,-0.063993781805,-0.167681142688,-0.542872846127,-0.555393397808,-0.511003553867,-0.458122670650,-0.359567791224,-0.082786910236,0.033268697560,0.226789370179,0.172805428505,0.128736644983,0.242116928101,0.212478429079,0.064306586981,0.224114060402,0.242491468787,0.102860085666,-0.310502350330,-0.357501655817,-0.309617429972,-0.337823599577,-0.415185749531,-0.534155428410,-0.739838540554,-0.527199566364,-0.215108484030,-0.362815260887,-0.122525781393,0.219784140587,0.482048332691,0.668720126152,0.724194049835,0.560715258121,0.675462007523,0.611237704754,0.427533417940,0.412177056074,0.440469652414,0.074501633644,0.197937026620,-0.017167355865,-0.086746394634,-0.146434947848,0.011158163659,-0.279637336731,-0.425142079592,-0.260132163763,-0.223747730255,-0.090565934777,-0.370306164026,-0.337498426437,-0.091652527452,-0.127641826868,-0.227217420936,0.208638310432,0.214211225510,0.525055170059,0.337181538343,0.433740168810,0.419548600912,0.363980054855,0.334288060665,0.358473002911,0.144039511681,-0.112697042525,-0.264017552137,-0.512555241585,-0.552627503872,-0.585892140865,-0.903584957123,-0.808026432991,-0.601017951965,-0.669469237328,-0.462320894003,-0.499149858952,-0.184313431382,0.005260101054,-0.337646603584,-0.262856870890,0.233662888408,0.134494766593,0.449141830206,0.589225947857,0.583233237267,0.770917594433,0.768695056438,0.625573337078,0.700198471546,0.453241258860,0.284703999758,0.258131831884,0.134799346328,-0.178016141057,0.011722039431,-0.441683828831,-0.642102718353,-0.692291855812,-0.469906449318,-0.380966305733,-0.486789852381,-0.151979044080,0.117948912084,0.237013235688,0.279727876186,0.420709311962,0.607722759247,0.562620878220,0.118261724710,0.046414833516,-0.087989382446,-0.398047208786,-0.379040092230,-0.573182225227,-0.633500516415,-0.568288445473,-0.612875819206,-0.462629556656,-0.248043805361,-0.101119063795,0.179431989789,-0.037491597235,-0.031079048291,0.008445796557,-0.063989661634,0.282094508410,0.177254706621,0.020439483225,0.400142192841,0.374817162752,0.356723755598,0.437522679567,0.532735407352,0.406344860792,0.284848034382,0.163495287299,0.203933864832,0.154156357050,-0.222838118672,-0.301863104105,-0.316215187311,-0.460674554110,-0.360028803349,-0.663427114487,-0.706409335136,-0.671712398529,-0.395199030638,-0.343738108873,-0.734286189079,-0.465708255768,-0.335555732250,-0.359271496534,-0.174760475755,-0.002728831489,0.107893809676,0.310247182846,0.349348068237,0.553039133549,0.355908811092,0.574849188328,0.697461426258,0.373240798712,0.197241440415,0.188631013036,-0.294368088245,-0.155279994011,-0.097246021032,-0.531722903252,-0.596428751945,-0.625400483608,-0.475080132484,-0.754042446613,-0.400887191296,-0.192536979914,-0.013063819148,0.030815629289,0.238169804215,0.094385474920,0.077913701534,0.186503082514,0.423154115677,0.151995509863,0.295170694590,0.662871539593,0.356933653355,0.424565851688,0.588662087917,0.530232965946,0.464942693710,0.397837311029,0.350953280926,0.152785763144,-0.241491302848,-0.210103586316,-0.174760475755,-0.195837929845,-0.482361137867,-0.334090501070,-0.007272768766,-0.442914485931,-0.297463238239,0.076370246708,-0.113223880529,0.247051879764,0.275155156851,0.350661039352,0.302966177464,0.350920349360,0.109935291111,0.167080223560,-0.037380468100,-0.310971558094,-0.264865428209,-0.215343102813,-0.532871305943,-0.684796810150,-0.632599174976,-0.634554207325,-0.577314615250,-0.496960192919,-0.478068262339,-0.343997448683,-0.549491167068,-0.495412588120,-0.228983134031,-0.184227019548,0.114647977054,0.372586369514,0.324735075235,0.285543620586,0.531492471695,0.649754166603,0.798411726952,0.756989479065,0.439111411572,0.297804862261,0.317972689867,0.148809820414,0.139503806829,-0.171797037125,-0.403982341290,-0.233144298196,-0.580220401287,-0.645288407803,-0.610834360123,-0.788014948368,-0.646782517433,-0.138120859861,-0.255514144897,0.066944867373,0.400985985994,0.289799451828,0.379904389381,0.595288693905,0.672552049160,0.703717529774,0.681166589260,0.713122367859,0.735763847828,0.427916198969,0.329966366291,0.103473342955,-0.210387557745,-0.271417915821,-0.423302322626,-0.653524339199,-0.890615761280,-0.907029867172,-0.789011001587,-0.694465041161,-0.589641690254,-0.290873706341,-0.185758113861,0.278958231211,0.460641592741,0.628265142441,0.629113018513,0.764945447445,0.663916945457,0.801811456680,0.462110966444,0.128197461367,0.092582710087,-0.020097866654,-0.278665989637,-0.301039934158,-0.751280725002,-0.705351531506,-0.708907663822,-0.749420285225,-0.613015770912,-0.163211300969,-0.396470874548,-0.048563327640,0.017150891945,0.197117954493,0.423829138279,0.467996686697,0.492708474398,0.726959943771,0.406793475151,0.283477455378,0.501290082932,0.347265422344,0.067130088806,-0.027103103697,-0.380283057690,-0.596597492695,-0.600557029247,-0.755824625492,-1.176435112953,-1.257143497467,-1.179859519005,-1.140861511230,-0.688554584980,-0.858861684799,-0.578475296497,-0.113277390599,-0.084071062505,0.212429046631,0.292536526918,0.292474776506,0.737879335880,0.581652760506,0.657710194588,0.705717861652,0.533990800381,0.479681670666,0.629734516144,0.460155904293,0.277274817228,0.326760113239,0.137417048216,0.370236188173,0.119759902358,-0.038722243160,-0.049859829247,-0.115125417709,-0.251077204943,-0.140396952629,-0.180547416210,-0.072390183806,0.080185666680,0.039594810456,0.087898842990,0.204510092735,0.629808604717,0.514160454273,0.437074065208,0.438815057278,0.190042749047,0.099822558463,0.195772066712,-0.099089935422,-0.016595248133,-0.143533259630,-0.058820113540,0.035334873945,-0.291211217642,-0.429706603289,-0.156560033560,-0.441729128361,-0.504286468029,-0.384337216616,-0.639785468578,-0.447553098202,-0.323389202356,-0.401730924845,-0.102304428816,-0.097250133753,-0.329579472542,-0.316503316164,-0.169891387224,0.061939951032,-0.088890761137,-0.005848672241,0.319651961327,0.310345947742,0.206551551819,0.494614124298,0.275332123041,0.208461344242,0.129448696971,-0.154086381197,-0.335695683956,-0.638550758362,-0.530311167240,-0.298916131258,-0.350265920162,-0.412732720375,-0.194751337171,0.030198246241,0.272199928761,0.544362843037,0.762554109097,0.615135490894,0.540111124516,0.631582558155,0.790303409100,0.558562636375,0.305201083422,0.226715296507,0.061429582536,0.040212195367,-0.207354173064,-0.192359998822,0.161630809307,0.364021211863,0.051987744868,0.173521593213,0.310827493668,0.535830557346,0.424055486917,0.095673739910,0.122035987675,0.160556554794,-0.274624198675,-0.300912350416,-0.399697691202,-0.654232263565,-0.301772564650,-0.362428367138,-0.364770323038,0.000386893196,0.121019363403,0.298636257648,-0.029560286552,0.214935630560,0.575483024120,0.517547845840,0.731438040733,0.489699751139,0.018521482125,0.312301009893,0.135531976819,-0.167899295688,-0.480027437210,-0.586809933186,-0.645658850670,-1.097813606262,-1.297520399094,-1.035243868828,-0.934367597103,-0.897752702236,-0.880449533463,-0.839179575443,-0.383300036192,-0.175332576036,-0.061330799013,0.150571420789,0.288400053978,0.505039691925,0.481978356838,0.337449043989,0.287296980619,0.176777258515,-0.242676690221,-0.269100666046,-0.199912637472,-0.473981201649,-0.429883599281,-0.399183213711,-0.556401789188,-0.487415432930,-0.257008194923,0.352846592665,0.611863315105,0.497696936131,0.830988883972,1.188050150871,1.162153005600,1.269026041031,1.346462368965,1.268416881561,1.085334181786,0.850946843624,0.640406966209,0.553137898445,0.272932559252,-0.375175267458,-0.597017347813,-0.660747706890,-0.654256939888,-0.748893499374,-0.913249015808,-0.720724344254,-0.678738236427,-0.566135823727,0.007507374045,-0.136351034045,-0.183049872518,0.056947380304,-0.111260600388,-0.043319687247,0.197364911437,-0.225089505315,-0.282057464123,-0.350788623095,-0.461127281189,-0.131975844502,-0.129872635007,-0.336403608322,-0.264844834805,-0.153604835272,-0.438728600740,-0.211885750294,0.015381062403,0.020225459710,0.129127666354,0.069286808372,-0.379229426384,-0.225929155946,-0.425574272871,-0.694419741631,-0.520054399967,-0.648622334003,-0.494161367416,-0.322825312614,-0.395059078932,-0.320475161076,0.003807193600,0.265655666590,0.269611030817,0.275788962841,0.448450356722,0.478442817926,0.641452431679,0.464831560850,0.165001705289,0.392346709967,0.484731882811,0.305789679289,0.342984914780,-0.069990620017,-0.108050212264,0.064257197082,-0.126629307866,-0.269759207964,-0.089718066156,0.111038342118,0.205547288060,0.026094710454,0.106938920915,0.428562432528,0.707413613796,0.392708927393,0.507850825787,0.444009304047,0.357431679964,0.209844291210,0.091183312237,0.071591705084,-0.044291038066,0.136227548122,0.082498796284,-0.064952783287,-0.446540594101,-0.473503738642,-0.312132239342,-0.082535840571,-0.116956979036,0.136034116149,-0.042537670583,-0.058058675379,-0.110429190099,0.009602359496,0.159852728248,0.118315227330,-0.106428556144,-0.223867103457,-0.245298519731,-0.487777620554,-0.584274530411,-0.747654616833,-0.793768942356,-0.471840947866,-0.500071823597,-0.443009138107,-0.086935721338,-0.032408479601,0.325685858727,0.202649712563,0.129769727588,0.212470203638,-0.189828723669,-0.045023664832,0.189120799303,-0.454858779907,-0.087314382195,-0.070653282106,-0.433246254921,-0.578989744186,-0.401603341103,-0.345088154078,-0.152629360557,0.054753612727,0.190285593271,0.423964947462,0.467387557030,0.524680674076,0.599309861660,0.696967482567,0.419770866632,0.543202102184,0.527631759644,0.362625926733,0.432340770960,0.464280068874,0.526170611382,0.460151791573,0.341499090195,0.660603642464,0.322751224041,0.186359032989,0.155238822103,-0.042212516069,-0.159548163414,-0.043665423989,-0.305921375751,-0.013557725586,0.078790381551,-0.123196668923,-0.187828406692,-0.094389587641,0.198961868882,0.341737806797,0.035993412137,0.104601100087,0.055358652025,0.049678727984,0.085009485483,-0.256847679615,-0.249764233828,-0.430863201618,-0.585307657719,-0.943747699261,-0.707500040531,-0.685850501060,-0.554944753647,-0.311955273151,-0.184465721250,-0.086631141603,0.200278967619,0.277077257633,0.116841740906,0.187602028251,0.150880098343,0.179715991020,0.282411426306,0.091031022370,-0.227781295776,-0.006659501698,-0.263601839542,-0.202061131597,-0.120480187237,-0.202612653375,-0.079959295690,-0.107247613370,-0.354575246572,-0.140479266644,0.174538210034,-0.014965357259,0.076143868268,0.427681624889,0.345952481031,0.202995434403,0.484715431929,0.352504968643,0.352155119181,0.208757683635,0.214100107551,0.216516122222,0.214939743280,0.155633956194,0.030416388065,0.272446870804,0.359592527151,0.346932053566,0.403196185827,0.464370608330,0.410329043865,0.490115463734,0.198048159480,0.232555732131,0.332872182131,0.316721439362,0.235333949327,-0.110865473747,-0.445104122162,-0.789508998394,-0.510690748692,-0.384530663490,-0.633800983429,-0.641016125679,-0.410226136446,-0.156745254993,0.037997849286,0.126221835613,0.160153195262,-0.015829693526,-0.018928954378,0.171768218279,-0.047629021108,-0.011664417572,-0.060647562146,-0.252542465925,-0.332020193338,-0.337872982025,-0.391581177711,-0.343450009823,-0.673782706261,-0.351447165012,-0.336362451315,-0.209103420377,0.056070700288,0.167598828673,0.092850245535,0.116228476167,0.386938452721,0.429311484098,0.273183614016,0.159099534154,-0.117310956120,-0.371577978134,-0.435419440269,-0.576861858368,-0.474018216133,-0.401080638170,-0.538567662239,-0.218302413821,0.011495666578,-0.024226099253,0.383234173059,0.417844623327,0.615728139877,0.379859119654,0.373413652182,0.695012450218,0.808223962784,0.686739504337,0.700367152691,0.813105404377,0.580553770065,0.346927940845,0.231897190213,0.147854939103,0.050510138273,-0.336452990770,-0.347681164742,-0.003947133664,-0.100974999368,-0.404887825251,-0.347463011742,-0.650667905807,-0.483476519585,-0.092940799892,-0.042578827590,-0.065146222711,0.097381837666,0.097237780690,-0.048114694655,-0.122678063810,-0.124917112291,-0.159815698862,-0.149303719401,-0.098414920270,-0.091878898442,-0.066438615322,0.256608963013,0.209210440516,0.094476014376,0.349475651979,0.089026592672,0.067492283881,0.117343880236,-0.318388402462,-0.096225276589,0.135861247778,0.109511353076,-0.183395594358,0.040944822133,0.185786932707,0.148464083672,-0.011973109096,0.158045873046,-0.088125213981,-0.162215247750,-0.320783823729,-0.419104099274,-0.687776684761,-0.693514287472,-0.510221600533,-0.557434856892,-0.379513412714,-0.219417840242,-0.341239780188,-0.030708616599,0.385600805283,0.265153527260,0.673675715923,0.666497588158,0.499849557877,0.353291124105,0.222117856145,0.053951017559,0.145031437278,-0.029502663761,-0.590180873871,-0.259535342455,-0.121393904090,-0.366466045380,-0.164853543043,-0.103950791061,0.013327236287,0.262375295162,0.523515880108,0.522062957287,0.695815026760,0.435818701982,0.385781884193,0.410822957754,0.074435777962,-0.225212991238,0.008738023229,-0.501969218254,-0.858783483505,-0.524211466312,-0.676766693592,-0.658245205879,-0.622412323952,-0.711665332317,-0.504895567894,-0.244479447603,-0.116940528154,0.154374495149,0.328204780817,0.471754521132,0.783870279789,0.820884406567,0.672716677189,0.808841347694,0.698613882065,0.561991155148,0.586637079716,0.429541975260,0.374175101519,0.201929435134,-0.041669219732,0.177728027105,0.000016463540,0.124032191932,0.288445323706,0.096904397011,0.193368390203,0.142660692334,0.148147165775,0.059577435255,0.339247703552,0.115244783461,0.012145975605,-0.014594927430,-0.228291675448,-0.537349343300,0.011261060834,-0.296269625425,-0.369791686535,-0.214124783874,-0.136939600110,-0.083935238421,-0.108239546418,0.066648527980,0.463522732258,0.384291917086,0.478595077991,0.457739889622,0.207815155387,0.030737429857,0.045352935791,-0.304843008518,-0.341079264879,-0.308053404093,-0.323335677385,-0.346960872412,-0.656043231487,-0.737257897854,-0.529611468315,-0.302953809500,-0.184371069074,-0.156498298049,0.202415093780,0.380373626947,0.188935577869,0.327476263046,0.355645388365,0.125287547708,-0.128905400634,0.210980251431,0.178320705891,0.110079340637,0.114339277148,0.056581068784,0.085153542459,0.178489476442,0.180551528931,0.279863715172,0.138075590134,0.284448802471,0.404517382383,0.433415025473,0.335177093744,0.591127514839,0.408361643553,0.220973640680,0.323352128267,0.350093036890,0.125024124980,0.110943675041,-0.191005885601,-0.668119251728,-0.632718503475,-0.851004481316,-0.918739616871,-0.718748807907,-0.918706655502,-1.085585236549,-0.637686371803,-0.770868182182,-0.606385111809,-0.339626371861,-0.118385203183,-0.015364597552,0.053913976997,0.455533802509,0.259399533272,-0.001288271975,0.127868190408,0.193257257342,0.004725035746,0.163923352957,-0.143278062344,-0.294549196959,-0.379072993994,-0.048258747905,0.027506457642,0.274570673704,0.695885002613,0.753585577011,0.565143883228,0.364531576633,0.617160499096,0.623503088951,0.649988770485,0.514642000198,0.517395555973,0.176752567291,0.100686900318,-0.123217254877,-0.324920296669,-0.172146886587,-0.121118143201,-0.418960034847,-0.382662057877,-0.052362289280,-0.098921179771,-0.313906192780,0.030506938696,-0.228884354234,-0.011125236750,0.372310578823,0.315881818533,0.085812084377,0.219635963440,0.344783544540,0.492193996906,0.434168249369,0.330040484667,0.059264626354,0.028823543340,0.097435340285,-0.191952526569,-0.040607322007,0.006149131805,0.184692099690,-0.278307914734,-0.440626084805,-0.606043457985,-0.512970983982,-0.495935320854,-0.382271021605,-0.191079959273,-0.245446681976,-0.078456997871,0.282193303108,0.149423092604,0.068237252533,0.380262494087,0.470359236002,0.247945025563,0.086532361805,0.254122972488,0.038088396192,0.075781673193,0.251064866781,0.283744990826,0.125666201115,-0.123991034925,-0.276863217354,-0.401767998934,-0.488024592400,-0.252501308918,-0.227320328355,-0.016031371430,-0.173772662878,-0.359279721975,-0.097818113863,0.053539428860,-0.107515148818,0.383604615927,0.336177259684,0.451434373856,0.325183719397,0.103329293430,0.305229902267,0.099785506725,-0.297981858253,-0.202900767326,-0.319915384054,-0.499059289694,-0.139973014593,-0.413806974888,-0.471223533154,-0.307053267956,-0.211280718446,0.058355014771,0.209893673658,0.274274349213,0.280151814222,0.207234799862,0.023497587070,0.185992717743,0.199904412031,0.272183477879,0.351949304342,0.268726140261,0.393396288157,0.181374698877,0.108873389661,0.114524498582,-0.191977217793,-0.096122369170,-0.312934845686,-0.287169426680,-0.132239267230,-0.263947576284,-0.024514209479,-0.099262788892,-0.258098930120,-0.444499105215,-0.585459947586,-0.259263694286,-0.557558357716,-0.582636415958,-0.453327685595,-0.508608102798,-0.390083014965,-0.412102967501,-0.461263120174,-0.417663514614,-0.316581517458,-0.177456378937,0.080638416111,-0.252620667219,0.061507780105,0.137182444334,0.431418806314,0.372701615095,0.636640965939,0.460390537977,0.764924883842,0.586044371128,0.301282793283,0.301208674908,0.519247710705,0.555578589439,0.541201829910,0.243285834789,0.268236339092,0.292067319155,0.324204146862,0.447828859091,0.341161578894,0.028016828001,-0.049547024071,0.644140124321,0.062886603177,0.010437883437,-0.104070149362,-0.017159122974,-0.140433996916,0.032766558230,-0.114121146500,-0.092278137803,-0.054646603763,-0.004930830095,0.043587218970,0.226991042495,0.330361485481,0.368491053581,-0.007248073351,-0.147311627865,-0.195520997047,-0.204209625721,-0.365733414888,-0.453475832939,-0.343721657991,-0.445268779993,-0.512555241585,-0.414473712444,-0.115166582167,-0.158268123865,-0.180008232594,-0.026555690914,0.038080167025,0.020204879344,-0.160885825753,-0.334440350533,-0.330612570047,-0.515942633152,-0.471030086279,-0.589769244194,-0.599025905132,-0.329604178667,-0.253954201937,-0.187503248453,-0.136606216431,-0.062487363815,0.230481311679,0.105300799012,0.126695170999,-0.022810235620,-0.041023023427,-0.192623406649,0.147920787334,0.116314910352,-0.012129512616,0.222541779280,0.269446402788,0.264313906431,0.520470082760,0.510810136795,0.474034726620,0.648786902428,0.628569722176,0.795938074589,1.079543113708,0.575149655342,0.450652360916,0.408995479345,0.182477772236,0.095723129809,0.208218500018,-0.099781394005,-0.205283880234,-0.028041522950,-0.004548052792,-0.299233078957,-0.235292792320,-0.225937381387,-0.128374442458,-0.395779401064,-0.381596028805,-0.284531116486,0.102621354163,0.037549216300,0.055589143187,0.120027437806,0.163894549012,0.329616516829,0.211342468858,0.027876889333,0.125159934163,0.040232777596,-0.177979081869,-0.272022962570,-0.463749080896,-0.369989246130,-0.174562916160,-0.448923707008,-0.423368126154,-0.080243296921,-0.232954964042,-0.091203890741,0.126337096095,-0.006404316984,0.165355667472,0.253509700298,0.230361953378,0.218940377235,-0.185111910105,0.004309331533,0.073398575187,-0.316774964333,-0.491568356752,-0.217796161771,-0.109947629273,0.073044605553,-0.143006414175,-0.001082477742,0.587023973465,0.418729543686,0.340177893639,0.594638347626,0.538263082504,0.208165004849,0.243833243847,0.332353591919,0.069768361747,-0.308312714100,-0.149254336953,-0.251982718706,-0.507521510124,-0.096439294517,-0.088129326701,-0.722757637501,-0.522791504860,-0.325698226690,-0.296158492565,0.116257280111,-0.110050529242,-0.092673264444,0.173451617360,0.149834662676,-0.010018063709,0.185074895620,-0.002020899439,0.229732215405,0.013187295757,-0.270660579205,-0.321055471897,-0.216516122222,-0.291552841663,-0.414885312319,-0.575425446033,-0.481360971928,-0.338239312172,-0.298566281796,-0.297623753548,-0.074913218617,0.291536360979,0.456472188234,0.568518936634,0.744950473309,0.715978741646,0.475829243660,0.849909663200,0.418058663607,0.346742719412,0.291198849678,0.417453616858,0.235617950559,-0.033190496266,-0.181967377663,0.004325794987,-0.077839612961,-0.284341782331,-0.337090969086,-0.312132239342,-0.596881508827,-0.389877170324,-0.427484065294,-0.544840276241,-0.556323587894,-0.356764882803,-0.584521532059,-0.249233305454,-0.018175747246,0.090924017131,0.079662948847,-0.031227217987,0.253089874983,0.287165284157,0.497013688087,0.507122278214,0.399578332901,0.430435121059,0.043533712626,-0.122097730637,-0.246409803629,-0.509719431400,-0.462514340878,-0.291137099266,-0.062116932124,-0.045344702899,0.097217194736,0.163338884711,0.021587816998,0.006581299938,0.451389074326,0.461913406849,0.255452394485,0.326793044806,0.298389315605,-0.035981066525,0.039405483752,0.179958835244,0.003300939687,-0.010018063709,0.176764905453,-0.056239452213,-0.268627345562,-0.512719929218,-0.568074464798,-0.641995728016,-0.704285502434,-0.444741964340,-0.434851497412,-0.214487001300,-0.105156742036,0.046912852675,0.256748884916,0.354772806168,0.729198932648,0.611443519592,0.734072208405,0.521400332451,0.431468218565,0.434653937817,0.349903732538,-0.009264856577,0.009680560790,-0.351307243109,-0.250286966562,-0.382773160934,-0.409180700779,-0.566288173199,-0.082622274756,-0.219858214259,-0.089512258768,0.022328674793,-0.167166665196,-0.051522646099,0.585933268070,0.326299130917,0.563020110130,0.792122602463,0.319746643305,0.171319589019,0.036672532558,-0.082486450672,0.058346785605,0.257349818945,0.103625632823,-0.242055192590,-0.597428917885,-0.509332537651,-0.447491347790,-0.726359009743,-0.606973648071,-0.299117803574,-0.276850879192,-0.093298874795,-0.197928786278,-0.317915052176,0.118405774236,0.399561882019,0.426825493574,0.573297500610,0.323372721672,0.356670230627,0.347203701735,0.093179516494,-0.201744213700,-0.150575533509,-0.144175335765,-0.078666903079,-0.208329632878,-0.340375453234,-0.514753162861,-0.383180648088,-0.359279721975,-0.005675804801,0.214725703001,0.279657930136,0.429591387510,0.580459117889,0.482875615358,0.551701486111,0.592555701733,0.675165653229,0.734932422638,0.646251559258,0.735714435577,0.694748997688,0.435555309057,0.406521826982,0.496420979500,0.366498976946,0.276480436325,0.031120205298,0.008392289281,0.175439581275,0.029177507386,-0.296524792910,-0.156457126141,-0.122093603015,-0.275756061077,-0.615950405598,-0.711718797684,-0.694818973541,-0.611690461636,-0.779490947723,-0.763241469860,-0.653079807758,-0.398606985807,-0.288663476706,-0.288745790720,-0.266836941242,-0.123237825930,-0.018035808578,0.048600371927,0.102835386992,0.099468596280,0.105037383735,0.169175207615,0.314811676741,0.286477953196,0.219878807664,0.138116747141,0.009622938931,-0.167413622141,-0.204588294029,-0.606241047382,-0.696271896362,-0.505813419819,-0.614419341087,-0.384654134512,-0.087157979608,0.134186089039,0.324348181486,0.480908244848,0.690937697887,0.675708949566,0.686797142029,0.126518189907,-0.161532014608,-0.015397525392,-0.319067537785,-0.287082970142,-0.424689352512,-0.678236126900,-0.636904358864,-0.474112868309,-0.471178263426,-0.237540066242,-0.154189273715,0.102765411139,0.377138555050,0.438308805227,0.202555030584,0.502125620842,0.427953243256,0.110165774822,0.112911067903,0.208325520158,0.102008096874,-0.005675804801,0.218327119946,0.348273813725,0.257168710232,0.232461065054,0.546721220016,0.299809277058,0.192183002830,0.220541462302,0.202007621527,0.214976772666,-0.021645437926,-0.102131575346,-0.206432208419,-0.560859262943,-0.356592059135,-0.326167404652,-0.430002957582,-0.414185613394,-0.705964803696,-0.646724879742,-0.571679949760,-0.575478911400,-0.094607733190,-0.254546910524,0.031852833927,0.373837620020,0.104131892323,0.340618282557,0.662287056446,0.280793905258,0.432789415121,0.319166302681,-0.028119726107,-0.134268403053,-0.489477485418,-0.297529071569,-0.555018842220,-0.959910750389,-0.958655476570,-1.034527659416,-1.331394076347,-0.879914402962,-0.793859541416,-0.745559632778,-0.623330175877,-0.062713734806,0.301216900349,0.446754604578,0.633422315121,0.896727859974,0.702260553837,0.622634589672,0.712397933006,0.827148854733,0.338823765516,0.116039149463,0.325385391712,0.168878868222,-0.113820686936,-0.291433453560,0.400294512510,0.130263641477,-0.163363590837,0.072279058397,0.244257196784,0.084309786558,0.328542292118,0.212025687099,0.236062452197,0.407657831907,0.534546434879,0.511176407337,0.408456295729,0.440350294113,0.501718103886,0.193759396672,-0.080136276782,-0.162713274360,-0.203217715025,-0.328229457140,-0.666003704071,-0.451722502708,-0.554611384869,-1.032605528831,-0.837043344975,-0.822798311710,-0.918052256107,-0.419326364994,-0.265112370253,-0.280802130699,0.011610912159,0.222969830036,0.212828278542,0.232876777649,0.341449707747,0.529405713081,0.547750174999,0.408089995384,0.519935071468,0.231744900346,0.126345321536,0.109774760902,-0.285815298557,-0.328657537699,-0.283329278231,-0.572038054466,-0.733874619007,-0.684644520283,-0.778099775314,-0.595671474934,-0.262515246868,-0.108556464314,-0.057013239712,0.259539455175,0.301706701517,0.539213836193,0.849214076996,0.889072299004,1.065330982208,0.993694007397,0.773082613945,0.652799963951,0.673124134541,0.420820415020,0.509344875813,0.359802424908,-0.037322845310,0.052193537354,-0.056976195425,-0.470881938934,-0.413757562637,-0.309884965420,-0.287918508053,-0.189544722438,-0.178324818611,0.262712806463,0.206942573190,0.044570915401,0.367038130760,0.325768172741,0.017755927518,0.144150629640,0.256427854300,-0.195792645216,-0.122616320848,-0.005198362749,-0.442531734705,-0.365939199924,-0.439243137836,-0.795485258102,-0.503080487251,-0.357769161463,-0.684372842312,-0.630360126495,-0.355921149254,-0.325871080160,-0.171097323298,-0.481340408325,-0.404579132795,-0.133926779032,-0.128469109535,0.015446916223,0.261992543936,-0.006605995353,0.367132812738,0.821880459785,0.722996354103,0.555055856705,0.768131136894,0.397816747427,0.579471290112,0.497956246138,0.229143664241,0.059071179479,0.248496547341,0.079123772681,-0.010618983768,-0.082836300135,-0.099620878696,-0.215557128191,-0.334497958422,-0.360156387091,-0.207621693611,-0.243878528476,-0.112816400826,-0.329702973366,-0.383382320404,-0.150950074196,-0.002156723756,0.260370880365,0.414313226938,0.260613709688,0.160906404257,0.063010081649,-0.173258170485,-0.153925865889,-0.170879200101,-0.243442237377,-0.190125077963,-0.170418217778,-0.208494260907,-0.001765714609,0.059215232730,-0.207082509995,-0.143026992679,0.111832708120,-0.111314110458,-0.321104854345,-0.382279276848,-0.461226046085,-0.581327617168,-0.257292181253,-0.613707244396,-0.645955204964,-0.122562818229,-0.184025332332,-0.395824640989,-0.155391111970,-0.037010036409,0.331493377686,0.461423605680,0.397944301367,0.455681979656,0.650779008865,0.448273360729,0.344643622637,0.303595900536,0.113022193313,0.419202893972,0.280225902796,0.122385837138,0.358711719513,0.697263836861,0.846386432648,0.688241779804,0.763439059258,0.507809638977,0.620868861675,0.694065809250,0.025287996978,-0.210856780410,-0.079893440008,-0.325611770153,-0.442095428705,-0.466119825840,-0.554697811604,-0.564649999142,-0.536534368992,-0.383736312389,-0.368030071259,-0.238029852509,-0.345742583275,-0.417338371277,-0.264490872622,-0.148772776127,-0.336127847433,-0.258140057325,-0.231790184975,-0.420631080866,-0.480097383261,-0.286387383938,-0.297594934702,-0.280616909266,0.104922145605,0.026576269418,0.119039624929,0.357493430376,0.321323037148,0.293581962585,0.316951960325,0.277077257633,0.289548367262,0.203271210194,0.245734781027,-0.001839800505,-0.170010745525,-0.343120753765,-0.290206938982,-0.179827123880,-0.416000753641,-0.587875962257,-0.379110068083,-0.409316509962,-0.503767848015,-0.084499113262,0.107963778079,0.423713892698,0.119043737650,0.439580619335,0.479084879160,0.462600767612,0.321318894625,0.604310691357,0.621050000191,0.454665333033,0.476952850819,0.344569534063,-0.032499026507,-0.197027400136,-0.376636415720,-0.209914252162,-0.361967414618,-0.521573126316,-0.365087240934,-0.306225955486,-0.091154500842,0.286288619041,0.652408957481,0.803754091263,0.748654782772,0.632401585579,0.780231833458,0.663814008236,0.678450107574,0.258210033178,0.271426141262,0.509748220444,0.032848879695,-0.403953522444,-0.660352587700,-0.849349915981,-0.700231373310,-0.791427016258,-0.827387511730,-0.726980507374,-0.848757207394,-0.627289652824,-0.538036704063,-0.549923419952,-0.120969966054,-0.221788570285,-0.140689179301,0.078131839633,0.259461283684,0.240676373243,0.605895280838,0.463637948036,0.090302512050,0.158371016383,0.359119176865,0.199641004205,0.181695744395,-0.038796331733,0.065175041556,0.097007289529,0.120854727924,0.060462351888,-0.081469826400,-0.062824867666,0.001918002381,0.040265701711,-0.155880913138,-0.060161888599,0.045706905425,-0.160198464990,-0.087479017675,-0.059437491000,0.061355493963,0.363519072533,0.103547431529,0.000893147080,0.036038689315,0.141611129045,0.525372147560,0.246401563287,0.277925133705,0.360950738192,0.061721812934,-0.004910250660,-0.150826603174,-0.120093286037,-0.012825096957,-0.074682734907,-0.464477628469,-0.376381218433,-0.234938830137,-0.320787966251,-0.382834911346,-0.400483846664,-0.052580427378,0.221335828304,0.526932060719,0.437781989574,0.750338137150,0.415144622326,0.125225797296,0.334979534149,0.127682983875,-0.314725250006,-0.369289547205,-0.389502674341,-0.566629767418,-0.600285351276,-0.146517261863,-0.087750673294,-0.318532466888,-0.051576156169,-0.063269384205,0.189507693052,0.090574167669,0.232337594032,-0.006651270203,0.228118807077,0.230316683650,0.288363009691,0.300270259380,0.245730668306,0.286276251078,0.073159851134,0.114540956914,0.231411516666,-0.107700362802,-0.150851294398,-0.280122995377,-0.256547212601,-0.247216507792,-0.130156636238,0.049662265927,-0.344725936651,-0.374109238386,-0.059602130204,0.157560184598,0.228781461716,0.227233886719,0.118356384337,0.236906215549,0.115993872285,0.140549242496,0.020521802828,0.081515103579,0.317091882229,0.361329406500,-0.042776390910,-0.132321581244,-0.011771430261,-0.084618479013,-0.065714217722,-0.033923123032,0.178065523505,0.236330002546,-0.199682161212,0.166084185243,0.230065613985,0.364766210318,0.360806703568,0.363436728716,0.345890730619,0.326031595469,0.270705848932,0.169525057077,-0.032095670700,-0.282135695219,-0.056292958558,-0.177867963910,-0.380344808102,-0.735438704491,-0.729742288589,-0.620584905148,-0.936034500599,-0.889887273312,-0.682899415493,-0.745399117470,-0.521676063538,-0.243248805404,-0.124579600990,0.057441290468,0.359242647886,0.390947312117,0.416045993567,0.500331044197,0.485349267721,0.420515865088,0.313008934259,0.055152859539,-0.205275639892,0.126649886370,-0.082033701241,-0.271566092968,0.035289596766,0.101073786616,0.033404521644,0.343775153160,0.191343367100,0.202793762088,0.328427016735,0.183226853609,0.393630892038,0.190396711230,0.038331236690,0.323895424604,0.071270667017,-0.098159737885,-0.351990461349,-0.117936566472,0.119949229062,0.111758626997,-0.073711387813,-0.294812589884,0.050374314189,-0.076436094940,-0.018686117604,0.259350150824,-0.088479176164,-0.140569821000,0.082445286214,0.063442252576,-0.021867696196,-0.021801842377,0.208457231522,-0.062726087868,-0.069031618536,0.032898269594,-0.003263896564,0.001230649650,-0.076991744339,-0.304814219475,-0.368416965008,-0.581290543079,-0.231831341982,-0.416733354330,-0.685838162899,-0.486439973116,-0.323656737804,-0.288585275412,-0.258280009031,0.313601613045,0.377303153276,-0.126024276018,-0.007902499288,0.021192692220,-0.038722243160,0.004074725788,-0.090137876570,0.206391036510,0.465012669563,0.228279322386,0.375027090311,0.402434736490,0.497235924006,0.527841627598,0.436242669821,0.104687534273,0.209362715483,0.124559022486,-0.009174306877,-0.254999637604,-0.225871533155,-0.140005946159,-0.252612411976,-0.240540534258,-0.311181485653,-0.427134186029,-0.138009741902,-0.034626938403,-0.010404956527,0.227670177817,-0.102563738823,0.026991974562,0.029124001041,0.082375317812,0.270232528448,-0.024209635332,-0.201139181852,-0.075390659273,0.162618607283,-0.044052317739,0.050567764789,-0.053115494549,-0.058400291950,-0.124287374318,-0.146282672882,-0.643736779690,-0.552796304226,-0.670313000679,-0.537320554256,0.122752152383,0.090500079095,-0.156136095524,0.493313491344,0.581459283829,0.555879116058,0.796633660793,0.840138554573,0.504212379456,0.547470331192,0.544893741608,0.019603960216,-0.126357674599,-0.281699389219,-0.524804115295,-0.670522928238,-0.887874543667,-0.647189974785,-0.474269300699,-0.603059470654,-0.234626024961,-0.166948527098,0.104395300150,0.449483424425,0.433468550444,0.411242753267,0.511983156204,0.475635796785,0.541411697865,0.356941878796,0.197443127632,-0.230431944132,0.062088124454,0.131625995040,0.196056067944,0.447388440371,0.628446221352,0.475606948137,0.511209368706,0.498939901590,0.339181840420,-0.003971829079,-0.194850116968,-0.524363696575,-0.702161729336,-0.629862129688,-0.871275186539,-0.871843159199,-0.584192216396,-0.695185303688,-0.882276952267,-0.772127687931,-0.632027029991,-0.502092659473,-0.428879350424,-0.241153821349,-0.534875690937,-0.259514778852,-0.107280537486,0.047740150243,-0.034746300429,-0.024888755754,0.348582535982,0.431859254837,0.551927804947,0.562699079514,0.685117840767,0.477121621370,0.410102635622,0.204259008169,0.185502931476,-0.126863926649,-0.182695895433,-0.464111298323,-0.552557528019,-0.434291720390,-0.501989781857,-0.390128254890,-0.300513088703,-0.065570160747,0.427545756102,0.576688945293,0.896711349487,0.798584520817,0.797292172909,1.241774797440,0.859153926373,0.705738425255,0.779812037945,0.472166091204,0.165594398975,0.012858024798,-0.265853226185,-0.210626289248,-0.283349871635,-0.472367763519,-0.409621119499,-0.121764339507,-0.172406181693,-0.258378773928,-0.276278764009,-0.054955296218,0.001156563638,-0.103551551700,-0.029066380113,-0.085009485483,-0.091228589416,-0.118817366660,-0.108181916177,-0.263005048037,-0.178032591939,0.009120801464,-0.197685956955,-0.198159277439,-0.133519306779,-0.234424352646,-0.392346709967,-0.423964947462,-0.358814626932,-0.457744002342,-0.266573518515,-0.017603639513,0.171722948551,0.253262728453,0.543786585331,0.687521517277,0.696502387524,0.590193212032,0.352579027414,0.594519019127,0.638221442699,0.394124776125,0.471836835146,0.430620342493,0.551149904728,0.371775537729,0.423606872559,0.309543341398,0.029239244759,-0.006079161540,-0.097241893411,-0.381365537643,-0.577055275440,-0.760055780411,-0.603545129299,-0.758360028267,-0.703157722950,-0.358954548836,-0.570375204086,-0.816463947296,-0.358921617270,-0.263371348381,-0.325747609138,-0.201637208462,0.047007523477,0.108169570565,-0.122632786632,-0.127789989114,-0.065245002508,-0.104177169502,-0.267614841461,-0.620543718338,-0.652474761009,-0.645461320877,-0.420721650124,-0.443251997232,-0.301764339209,-0.191866099834,-0.012862140313,-0.187511488795,-0.344820588827,-0.032149177045,0.150369733572,0.059169963002,0.474293977022,0.510917186737,0.442091315985,0.691941976547,0.420886307955,0.479047834873,0.425870627165,0.368762731552,0.330266833305,0.414383172989,-0.123217254877,-0.405040144920,-0.197179690003,-0.503101050854,-0.608076691628,-0.272796720266,-0.407768964767,-0.399450778961,-0.096472218633,0.053374797106,-0.130691692233,0.223434925079,0.378731399775,0.632381021976,0.816768586636,0.694160461426,0.407410860062,0.307436019182,0.101744674146,0.283502161503,-0.012104817666,0.067628107965,0.073361538351,-0.134597674012,-0.312692016363,-0.294820845127,-0.081255801022,-0.143043458462,-0.105197906494,0.243578061461,0.344524264336,0.365856915712,0.107659198344,-0.043616034091,0.050575993955,-0.167788162827,-0.203514054418,0.045566961169,0.027712251991,0.151316389441,0.321104854345,-0.062940113246,-0.255617052317,-0.107753865421,-0.365564674139,-0.421981126070,-0.079086728394,-0.155473440886,-0.216450273991,0.249150976539,-0.176867812872,-0.333567768335,0.067953258753,-0.056852716953,0.025283882394,-0.227575510740,-0.463810831308,-0.167446538806,-0.343244224787,-0.757170557976,-0.604154288769,-0.528763651848,-0.800000488758,-0.701935410500,-0.587242126465,-0.708413720131,-0.506949424744,-0.597330152988,-0.528656601906,-0.228863775730,0.030700385571,0.333160310984,0.338708519936,0.613670229912,0.446462392807,0.357880324125,0.659537613392,0.402875155210,0.486629307270,0.488213926554,0.309144109488,0.448713779449,0.535661876202,0.213906660676,0.266194850206,0.038166601211,0.117356225848,0.393593847752,0.430990785360,-0.179526656866,-0.176225721836,0.077707901597,0.016677565873,-0.006449591368,0.097064912319,0.022209314629,-0.033828459680,-0.126460567117,0.081889644265,0.161552608013,0.172747805715,0.147332221270,0.021093910560,0.018756087869,0.121282778680,0.081062354147,-0.018064618111,-0.316717326641,-0.371763199568,-0.127958744764,-0.261951386929,-0.160787045956,0.158716753125,0.016088994220,-0.073402695358,0.171685904264,0.364605665207,0.161289185286,-0.033289276063,-0.025880683213,-0.292116701603,-0.412354052067,-0.222031414509,-0.525594413280,-0.700824081898,-0.490127801895,-0.218718141317,0.058256238699,0.029873091727,-0.060536433011,0.128650203347,-0.001613426954,0.161186292768,0.272595047951,0.182942852378,0.155461087823,0.138853490353,0.156967505813,0.260103344917,0.205197438598,0.123949877918,0.016751652583,0.114705599844,0.018982460722,0.380155473948,0.408036500216,0.107428714633,-0.177258819342,-0.219133824110,-0.257127553225,-0.203843310475,-0.160819962621,-0.173221141100,-0.190816551447,-0.308946549892,-0.097723461688,0.471890330315,0.305913150311,0.572260320187,0.702272832394,0.430879652500,0.366289079189,0.436567813158,0.266557037830,0.429426729679,0.472338974476,0.494729369879,0.306802183390,0.388374894857,0.311498403549,0.374380886555,0.163491174579,-0.192672803998,-0.199459895492,-0.357481092215,-0.865051984787,-0.584752023220,-0.639143407345,-0.859051048756,-0.552425861359,-0.545877456665,-0.709833741188,-0.239141136408,0.007659662049,-0.028420185670,-0.186079159379,0.090784072876,0.086338914931,0.004527473357,0.060688722879,-0.045521687716,-0.047834813595,-0.335181206465,-0.375483930111,-0.525516211987,-0.504969716072,-0.374887138605,-0.500335156918,-0.623593628407,-0.538238406181,-0.248846396804,-0.059795577079,-0.006634806283,-0.194397360086,-0.121747881174,-0.130119577050,-0.274496585131,-0.271240919828,0.064253084362,-0.320668607950,0.087034501135,0.126649886370,0.245862379670,0.515535175800,0.400673180819,0.482348769903,0.737694144249,0.346071839333,0.447314381599,0.343264788389,-0.059696793556,-0.150517910719,-0.033655591309,-0.276064753532,-0.246072292328,-0.115981519222,0.037750896066,0.058988861740,-0.135606065392,0.299624085426,0.384065568447,0.402237176895,0.282942384481,0.105197906494,0.080506712198,-0.026526877657,-0.059960208833,-0.182568296790,-0.390025377274,-0.510361492634,-0.310872793198,-0.359522551298,-0.317491143942,-0.049612876028,-0.022089954466,0.123036146164,0.252089709044,0.124509632587,-0.038170717657,0.226814076304,0.024678844959,-0.233189582825,-0.493449300528,-0.109198540449,-0.302270591259,-0.512044906616,-0.571959853172,-0.365770459175,-0.303525924683,-0.344314366579,-0.354698747396,-0.149134963751,0.088820800185,0.297479689121,0.083470150828,-0.019402280450,0.152378290892,0.177925586700,0.122204743326,0.009203119203,-0.206032961607,-0.099308066070,0.103209935129,-0.054350260645,-0.021719524637,-0.160461887717,0.070369280875,-0.079885207117,-0.133827999234,0.115314744413,0.218191295862,0.248080849648,0.362774103880,0.179456695914,0.031247798353,0.362605333328,0.224817872047,0.296701788902,0.371767312288,0.306386470795,0.579335510731,0.308979481459,-0.017200283706,0.085593938828,0.103605061769,0.364103525877,0.428517132998,0.133827999234,0.247088924050,0.333732426167,0.226373672485,0.087079778314,-0.069212719798,-0.157498449087,-0.145973980427,-0.571474134922,-0.898448288441,-0.787529289722,-0.611492872238,-0.600124835968,-0.306390583515,-0.258666902781,-0.190553128719,0.111956186593,-0.200789332390,0.048094116151,0.618123590946,0.785961210728,0.276538074017,0.368178248405,0.013265497051,-0.025073971599,-0.188709214330,-0.268837243319,-0.474923759699,-0.346133559942,-0.410999894142,-0.421269029379,-0.561678349972,-0.430040001869,-0.268730252981,0.022711453959,0.376726955175,0.353653281927,0.361555784941,0.623634755611,0.627618968487,0.640666306019,0.583381414413,0.564337193966,0.663986921310,0.445729762316,0.081753820181,-0.032499026507,-0.171871125698,-0.174377694726,-0.284848034382,-0.081770285964,-0.420507609844,-0.825695931911,-0.610817909241,-0.633142411709,-0.995052218437,-0.747913897038,-0.276410490274,-0.559073030949,-0.483608245850,-0.170912116766,0.013611231931,0.106975965202,0.216676652431,0.338939011097,0.422302156687,0.449578106403,0.495861262083,0.321528822184,0.208004489541,0.000547412666,-0.253637284040,-0.282106876373,-0.090281933546,-0.191396877170,-0.027967438102,0.196233034134,0.490317136049,0.120624236763,0.443877607584,1.154028177261,0.777095496655,0.351545959711,0.572997033596,0.616082072258,0.862203776836,0.734335601330,0.795950412750,0.707158386707,0.393733769655,0.467708587646,0.698263943195,0.228653877974,0.084001094103,0.539884746075,-0.029136350378,-0.354608178139,-0.323516786098,-0.460485219955,-0.623597741127,-0.539744794369,-0.527961015701,-0.718542993069,-0.627721846104,-0.905288875103,-0.742250442505,-0.581656873226,-0.616267323494,-0.563769221306,-0.362897574902,-0.647511005402,-0.635504961014,-0.564028501511,-0.543593168259,-0.550795972347,-0.716427385807,-0.951209843159,-0.986532330513,-0.835685133934,-1.034893989563,-0.642609000206,-0.311794757843,0.019501062110,0.059009443969,0.328505247831,0.284292399883,0.359287947416,0.492321580648,0.707574129105,0.698342144489,0.642148017883,0.878054082394,0.790933191776,0.679404973984,0.605039238930,1.016438364983,0.817431151867,0.739962041378,0.759421944618,0.364947259426,0.220171034336,0.469338506460,0.177234113216,0.252089709044,-0.190491378307,0.054663065821,0.318874061108,-0.050139710307,0.080173321068,0.079876974225,0.050209682435,0.440210342407,0.294380426407,0.259823471308,0.353229373693,-0.002230809536,-0.234531357884,-0.121789030731,-0.342207014561,-0.091438502073,-0.019608074799,-0.399561882019,-0.284444689751,-0.266734033823,-0.347253084183,-0.014878924936,-0.269833296537,-0.187663778663,-0.236457586288,-0.186330229044,-0.336642354727,-0.337449043989,-0.078403487802,0.089121259749,-0.169216379523,-0.067796856165,-0.224167555571,-0.060235973448,-0.192327067256,-0.180535063148,-0.278373748064,-0.399989932775,-0.812850236893,-0.413918107748,-0.537884414196,-0.451010435820,-0.144525185227,-0.182543620467,-0.599001169205,-0.558360934258,-0.120348468423,0.061878211796,0.200739935040,0.542856395245,0.533698558807,0.620251476765,0.597787022591,0.595502674580,0.554026901722,0.013133788481,-0.043150939047,-0.142191484571,-0.448067575693,-0.386670917273,-0.682319045067,-0.727630794048,-0.890138328075,-0.615205466747,-0.147237554193,-0.221681565046,0.136585637927,0.474075853825,0.479093104601,0.594765961170,0.648264229298,0.636361062527,0.923452317715,0.416667491198,0.542967557907,0.318223774433,0.274401932955,0.061079733074,0.113335005939,0.002827612916,0.475775718689,0.440663099289,0.001806873595,0.374133944511,0.403961777687,0.420371770859,0.399652451277,0.334518522024,0.461991637945,0.557130277157,0.375825583935,0.082111902535,-0.108243659139,-0.113055132329,0.300327897072,-0.100374087691,-0.159749835730,-0.097040213645,-0.178617060184,-0.130827516317,-0.212568983436,-0.688085436821,-0.561044514179,-0.626602351665,-0.784537017345,-0.470943689346,-0.406567126513,-0.084293320775,0.294092327356,0.068949304521,0.043628379703,0.153613060713,0.104687534273,0.306489378214,-0.118772089481,-0.404081106186,-0.563456416130,-0.203633412719,-0.182313114405,-0.284103065729,-0.423104733229,-0.340535968542,-0.085326410830,0.041171196848,0.055317495018,0.072888210416,-0.032350856811,0.173805579543,0.104489967227,-0.044097587466,0.504648685455,0.740822255611,0.397841423750,0.346388757229,0.354612290859,0.223541930318,0.489201754332,0.614703297615,0.487160235643,0.522067070007,0.175917044282,0.105704158545,0.099583834410,-0.341276824474,0.068912260234,0.355797678232,-0.018916606903,0.038816910237,0.184840276837,0.114170536399,0.087195016444,0.050390776247,0.032885920256,0.181251227856,0.200266599655,-0.044192254543,0.180263414979,0.060894515365,-0.022518007085,-0.268919587135,-0.310724616051,0.069521412253,0.337696015835,0.215219616890,0.266215443611,0.111993223429,-0.065582506359,0.499051064253,0.128534972668,-0.105909951031,-0.191952526569,-0.283135831356,-0.406583577394,-0.591506183147,-0.649943530560,-0.898147821426,-0.883980989456,-1.005975842476,-1.060161471367,-0.672523200512,-0.478438705206,-0.199620410800,0.272986054420,0.381011605263,0.453743368387,0.893780827522,0.830297470093,0.400393277407,0.497161865234,0.343515872955,0.110322177410,-0.016920402646,-0.452253431082,-0.283926099539,-0.436143875122,-0.438930332661,-0.039849996567,0.154205739498,-0.013113209046,-0.152781650424,0.010824777186,0.109260283411,-0.035754691809,0.379048317671,0.374096900225,0.101612970233,0.132654964924,0.043463744223,0.113466709852,0.036042802036,-0.220932468772,-0.239071175456,-0.333843529224,-0.545799255371,-0.093735165894,-0.121821969748,-0.130568206310,0.095225110650,-0.044690277427,0.004202318378,0.326780676842,0.159576967359,0.509941697121,0.202238127589,0.141668766737,0.498725891113,0.323418021202,0.181728675961,0.373652398586,0.020460063592,-0.331641554832,-0.158626198769,-0.498211413622,-0.559394061565,-0.201649546623,-0.202892541885,-0.349755555391,-0.112898729742,0.494046121836,0.431896269321,0.548379898071,0.836837589741,0.573622643948,0.439613550901,0.284333556890,0.420141309500,-0.210972025990,-0.317071318626,-0.061170279980,-0.111046575010,-0.434213489294,0.011392770335,0.107239373028,0.059396333992,0.160573020577,0.215635329485,0.109997026622,0.118739165366,0.122542239726,0.031943380833,0.242306262255,0.287177652121,0.265766799450,0.263935238123,0.262873321772,0.107017129660,0.232868522406,-0.095620237291,0.042545903474,0.176851347089,-0.309181153774,-0.351484209299,-0.726836502552,-0.565571963787,-0.492399781942,-0.385847747326,-0.560990989208,-0.507097601891,-0.467177629471,-0.173217028379,0.174711093307,0.189013794065,0.613365650177,0.830779016018,0.536299824715,0.880251944065,0.587390303612,0.290462106466,0.277414768934,-0.099620878696,-0.171591237187,0.222796961665,-0.207325354218,-0.217652112246,-0.245438456535,-0.439761728048,-0.402344226837,-0.043912377208,0.026041204110,0.211194291711,0.466778397560,0.397713840008,0.251920968294,0.420297712088,0.477162778378,0.412930279970,0.294664442539,0.230320796371,0.068866983056,0.186095625162,0.029708458111,0.016545858234,0.020591771230,-0.102180965245,0.055156975985,0.346236467361,0.137651652098,-0.112511828542,-0.258790373802,-0.325438886881,-0.366342544556,-0.656710028648,-0.847209632397,-0.844188570976,-0.758779823780,-0.552878558636,-0.090759374201,0.007441519760,0.042084924877,0.386588633060,0.389687895775,0.401302903891,0.676840841770,0.532850682735,0.352212756872,0.187573224306,0.346277624369,0.279069334269,-0.001469370909,-0.199999079108,-0.393429189920,-0.793550848961,-1.149904131889,-1.023904561996,-1.096821546555,-0.810553550720,-0.701519668102,-0.766883969307,-0.598515510559,-0.507052361965,-0.195541590452,-0.105741195381,0.078127726912,0.444857180119,0.546021521091,0.695284128189,0.806087851524,0.865459501743,0.863817214966,0.507233440876,0.578565835953,0.592292308807,0.346816807985,0.392614275217,0.007499142550,-0.230913490057,-0.096855007112,-0.134116113186,-0.066623829305,0.069282688200,0.474075853825,0.586748182774,0.492099314928,0.470717281103,0.691489279270,1.207234382629,0.972517728806,0.879725098610,0.856050610542,0.485057026148,0.349755555391,0.347956895828,0.179123312235,-0.241240233183,-0.468568801880,-0.374730765820,-0.725819826126,-0.939487755299,-0.878992497921,-0.928576588631,-0.712105691433,-0.611542284489,-0.246697917581,-0.326788902283,-0.121039941907,-0.009375985712,0.050160288811,0.019307615235,0.109342597425,0.130584672093,0.145953401923,0.045583426952,0.013915806077,-0.273323565722,-0.291412889957,-0.169393360615,-0.238054543734,-0.516218423843,-0.769942104816,-0.767155706882,-0.596243560314,-1.139359235764,-0.903375029564,-0.572239696980,-0.610138773918,-0.276879698038,-0.017072690651,0.028588935733,0.230168506503,0.219224378467,0.359403192997,0.619638264179,0.340264320374,0.251838654280,0.433147519827,0.315922975540,0.576845407486,0.641444206238,0.415498554707,0.362975776196,0.494264304638,0.242623180151,0.417918741703,0.459122836590,0.496486842632,0.435958653688,0.486423522234,0.322829425335,0.305946052074,0.352965921164,0.195236995816,0.355036228895,0.205337375402,-0.171644747257,-0.549697041512,-0.058083370328,-0.243265256286,-0.328250050545,-0.151806190610,-0.169150516391,-0.178444191813,-0.202867865562,-0.329809963703,-0.125077620149,-0.129745036364,-0.389601439238,0.108404174447,0.381118595600,0.165668487549,0.141026675701,0.410662412643,0.099472709000,-0.151826754212,0.322841763496,0.427031278610,0.033486839384,-0.089166529477,-0.092916101217,-0.152370050550,-0.234885320067,-0.220924243331,0.035178467631,-0.061474859715,-0.245331421494,-0.385065704584,-0.347117275000,-0.192689254880,0.142319068313,0.206296369433,0.354999214411,0.685780465603,0.767122745514,0.726560711861,0.435793995857,0.395808190107,0.144529297948,0.063096515834,0.016422381625,-0.119327731431,-0.278163850307,-0.510781288147,-0.465700030327,-0.339210659266,-0.261939048767,-0.235350415111,-0.262609928846,-0.303134918213,-0.265688598156,-0.335004210472,0.107292890549,0.101975157857,-0.271994143724,-0.063643932343,-0.007844876498,0.163557037711,0.402270138264,0.201299697161,0.019764479250,0.195426329970,0.243573948741,0.157453179359,0.147822007537,0.386806756258,-0.158869042993,-0.279402732849,-0.281530648470,-0.259420096874,-0.508735716343,-0.234848275781,-0.397989600897,-0.429838299751,-0.374471455812,-0.621420443058,-0.187371551991,-0.093731053174,0.114730291069,0.302529901266,0.431863367558,0.193734690547,0.402669370174,0.360481560230,0.726165592670,0.449034810066,0.316326349974,0.336144328117,0.058639012277,0.048456311226,0.001082477742,-0.309267580509,-0.256913542747,-0.550717771053,-0.419227570295,-0.370804190636,-0.218323007226,-0.207572311163,-0.091652527452,-0.018850753084,0.172414422035,0.049234218895,-0.078938558698,0.333143830299,0.061055034399,0.003531429218,-0.065405525267,-0.105337843299,0.094274342060,0.099143438041,0.010857704096,0.185009017587,0.097521781921,-0.071542315185,-0.216536715627,-0.114635623991,-0.473783612251,-0.615205466747,-0.556303024292,-0.372240632772,-0.441144675016,-0.244685232639,-0.248014986515,-0.249928891659,-0.027893351391,0.104753389955,0.210432842374,0.440049856901,0.413016706705,0.265367567539,0.641678810120,0.260156869888,-0.113993540406,-0.188602179289,-0.414613693953,-0.475401163101,-0.232123553753,-0.651223540306,-0.500553369522,-0.187190443277,-0.362798780203,-0.309374600649,-0.089849770069,0.141701683402,0.368914991617,0.281024366617,0.400105178356,0.442074835300,0.214939743280,0.278077423573,0.171607702971,-0.103316940367,-0.102148026228,-0.020361281931,-0.076090365648,-0.238424986601,-0.503586769104,-0.290017604828,-0.282189190388,-0.439946949482,-0.333995819092,-0.163873955607,-0.026037085801,0.011425696313,-0.083680056036,-0.026329314336,0.056124202907,0.207230687141,-0.091557852924,0.333366096020,0.560739934444,0.411053419113,0.277114301920,0.051691398025,0.292622953653,0.415527403355,0.190647780895,-0.022744379938,-0.079498313367,-0.072941713035,-0.281440109015,-0.350998580456,-0.179678946733,-0.059079412371,-0.155140042305,0.066994257271,0.007334506605,-0.024106739089,0.291367620230,0.468437075615,0.198686122894,0.228662103415,0.326500803232,0.354361206293,0.251159518957,0.153769463301,0.068587101996,0.348862409592,0.568926393986,0.194479674101,0.070496879518,-0.084001094103,-0.296512454748,-0.239503338933,-0.262107789516,-0.248727053404,-0.448507994413,-0.319536715746,-0.415741413832,-0.320326983929,-0.319400906563,-0.243610993028,-0.207457065582,-0.341256260872,-0.339626371861,0.089606933296,0.057264305651,-0.198113992810,-0.112828753889,-0.339609891176,-0.154547363520,0.273146569729,0.124596066773,0.014162760228,0.252879977226,-0.001662817551,-0.050131481141,0.236412301660,0.538913369179,0.570099473000,0.460324674845,0.496927231550,0.549079596996,0.382061123848,0.358452409506,0.180115237832,0.191824927926,0.255394756794,0.340066760778,-0.163557037711,-0.292285442352,-0.088298082352,-0.228209361434,-0.716505587101,-0.253122806549,-0.291717469692,-0.381279110909,-0.427582830191,-0.276480436325,-0.372705727816,-0.268701434135,-0.079387187958,-0.069718971848,-0.014578464441,0.018821941689,0.179473161697,0.243364050984,0.325142562389,0.378274500370,0.608307182789,0.370606601238,0.040101066232,0.083326086402,-0.124032191932,-0.240832775831,-0.376109540462,-0.464115411043,-0.487012088299,-0.400195717812,-0.175135016441,-0.092409856617,-0.041389338672,0.007194566540,0.426837831736,0.235630303621,0.241676524282,0.440975904465,0.347549438477,0.051539111882,0.175246134400,-0.028634211048,-0.187219262123,-0.236239448190,-0.208498388529,-0.130687579513,-0.155403465033,-0.375471591949,-0.694576144218,-0.823638021946,-0.706141829491,-0.697613656521,-0.817040205002,-0.731647908688,-0.397133499384,-0.067739233375,0.229353576899,0.286552011967,0.267771244049,0.703989207745,1.159551739693,0.976687192917,1.040174722672,1.238403916359,1.052748680115,0.456813842058,0.440881252289,0.027337707579,-0.135713070631,0.072711221874,-0.456402242184,-0.766842842102,-0.932149171829,-0.885857760906,-1.001061439514,-0.692238330841,-0.812306880951,-0.538621127605,0.132984235883,0.174661695957,0.368371695280,0.690052807331,0.485316336155,0.708133876324,1.003497958183,0.782549083233,0.637809872627,0.487839370966,0.457719326019,0.037442207336,0.173299342394,0.172113955021,-0.212955892086,-0.791867494583,-0.747411727905,-0.953996241093,-0.930873215199,-1.063948035240,-1.046801209450,-1.040964841843,-0.703277111053,-0.753840804100,-0.527553558350,-0.059202887118,-0.103502161801,0.220504418015,0.274233162403,0.140236422420,0.418688386679,0.525977194309,0.085980832577,0.346598684788,0.306785702705,0.392083317041,0.269681006670,-0.051242768764,-0.155514597893,0.086223676801,-0.079226665199,0.100456401706,0.073431499302,0.198813706636,-0.019603960216,-0.082074865699,-0.101707637310,0.017644798383,0.088326893747,0.543572545052,0.592074155807,0.261004716158,0.402303040028,0.576013982296,0.457916885614,0.614835023880,0.700766444206,0.396787762642,0.181987971067,-0.049970958382,-0.159046024084,-0.418235659599,-0.649194419384,-0.748539507389,-0.841928899288,-0.769431769848,-0.608797013760,-0.788475990295,-0.947254478931,-0.785327255726,-0.260630160570,-0.368997305632,-0.557986438274,-0.178172543645,-0.160289019346,-0.347689390182,-0.116072073579,-0.257860183716,-0.379332304001,0.216857746243,0.127427786589,0.107099443674,0.312263965607,0.275908350945,0.410633623600,0.649634838104,0.697868824005,0.631459057331,0.532467901707,0.464296519756,0.490576446056,0.401817381382,0.172019287944,0.002029131167,0.155349969864,-0.138565376401,-0.378122240305,-0.182444825768,0.099439784884,-0.140668600798,-0.135272666812,0.181576371193,0.106165133417,0.042274251580,-0.073583789170,0.353990823030,0.212400242686,-0.114610925317,0.205316811800,0.309876739979,-0.018583221361,0.020702900365,0.123188428581,-0.065693639219,0.074032418430,0.109844736755,0.129794433713,-0.229464694858,-0.328694581985,-0.225970312953,-0.452681481838,-0.769629359245,-0.490568190813,-0.345783710480,-0.740497112274,-0.628293931484,-0.411926001310,-0.053448881954,-0.125110551715,0.112017922103,-0.007816065103,0.172653138638,0.124180361629,0.334662586451,0.387465268373,0.205127477646,0.028663022444,0.321203649044,0.312420368195,-0.024876408279,0.030379345641,0.379657447338,0.324430495501,0.288321852684,0.130078434944,0.064759328961,0.221920281649,-0.066372759640,-0.011084078811,0.143286302686,-0.068171404302,0.000440399686,0.306851565838,0.475360006094,0.349697917700,0.559274673462,0.738221049309,0.714599967003,0.783145904541,0.757903099060,0.525602638721,0.406801700592,0.017331991345,-0.298195868731,-0.341029882431,-0.767328560352,-0.901926219463,-1.159909844398,-1.273726463318,-0.985906720161,-1.016903519630,-0.783903181553,-0.315618395805,-0.439514756203,-0.130992144346,0.167413622141,0.345536768436,0.422479093075,0.350167125463,0.718238353729,0.523799896240,0.152040794492,0.543292701244,0.755013823509,0.445610404015,0.576034545898,0.661163449287,0.307752966881,0.142858251929,-0.082655198872,-0.269244730473,-0.593313038349,-0.609225094318,-0.491576611996,-0.523795783520,-0.740439414978,-0.496334552765,-0.426545590162,-0.254740357399,-0.102209776640,0.472450107336,0.680508077145,0.257469177246,0.435156047344,0.320273458958,0.359189182520,0.045731600374,-0.086499437690,-0.135630756617,-0.046513613313,-0.333971142769,-0.189808160067,-0.129292294383,-0.423442244530,-0.354558765888,0.081683851779,-0.036763083190,0.151550993323,0.407596081495,0.156271919608,-0.121262200177,-0.010186814703,-0.087898842990,0.233230739832,0.308818966150,0.049328878522,-0.040483843535,-0.024637687951,-0.021859465167,0.231506183743,0.075707584620,0.151620969176,0.189417138696,0.267643660307,0.100160054862,-0.128489688039,-0.095616117120,0.131671279669,0.156045556068,-0.273541718721,-0.122698649764,-0.159655168653,-0.178357765079,-0.312951326370,-0.342581570148,-0.482414662838,-0.322417855263,-0.214943856001,-0.268594413996,-0.200517669320,-0.332674652338,-0.238955914974,-0.077930167317,-0.399833500385,0.002893467201,0.376986235380,0.077646166086,0.081696197391,0.375549823046,0.362918138504,0.189198985696,0.026094710454,-0.286407947540,-0.205695465207,-0.218940377235,-0.295145988464,-0.338893711567,-0.273138344288,-0.222266018391,-0.241236120462,-0.345919549465,-0.074217632413,0.063915580511,0.109783001244,0.194841891527,-0.089816838503,-0.120332010090,0.189861655235,0.243981420994,0.161470279098,0.116845861077,0.238733664155,0.434826761484,0.362646490335,0.305077612400,0.366075038910,0.311490178108,0.305876106024,0.490687578917,0.495334386826,0.395622968674,0.626985132694,0.569975972176,0.442943304777,0.525586187840,0.584340393543,0.538966894150,0.312383294106,0.139145731926,0.146142721176,0.221603348851,0.132757857442,0.083441331983,-0.024872293696,-0.374026954174,-0.473643690348,-0.334864258766,-0.477236866951,-0.598746001720,-0.324331730604,-0.273735165596,-0.229040771723,-0.228472769260,-0.139413252473,0.012141860090,0.001510529779,0.047118652612,-0.189264863729,-0.283547431231,-0.612398386002,-0.739147067070,-0.707557678223,-0.884787678719,-0.797543287277,-0.831223547459,-0.681327104568,-0.311284363270,-0.422754883766,-0.134758189321,0.048909056932,0.370524287224,0.446334809065,0.591765463352,0.813097178936,0.714686393738,0.036635491997,0.213462144136,-0.026271693408,-0.501038968563,-0.286239206791,-0.474549204111,-0.430451571941,-0.075090199709,-0.067615762353,0.128411486745,0.539390802383,0.346244692802,0.592576324940,0.741143226624,0.590604782104,0.918031692505,0.945904433727,0.640542805195,0.629442274570,0.737035632133,0.742913067341,0.463633835316,0.768332839012,0.692291855812,0.356509715319,0.399314910173,0.298010647297,-0.090767614543,-0.356357425451,-0.493140637875,-0.694041073322,-0.604919791222,-0.340758234262,-0.457645237446,-0.291705131531,0.035861704499,0.252772957087,0.313243538141,0.294890820980,0.345273345709,0.144990280271,0.137277111411,0.053531195968,-0.340972244740,-0.670098960400,-0.466054022312,-0.680178761482,-0.964858055115,-0.890866875648,-0.725441157818,-0.104419998825,-0.005420620553,-0.195175260305,0.339181840420,0.410736501217,0.260255634785,0.382921367884,0.674836397171,0.622770428658,0.361395269632,0.184749722481,0.121657326818,0.003679601010,0.138874068856,-0.036820705980,0.054424345493,0.230366080999,0.260593146086,0.180267527699,0.161058694124,-0.186507195234,-0.154226332903,-0.043364964426,-0.358715832233,-0.593411803246,-0.374767780304,-0.496083498001,-0.311856478453,-0.314651161432,-0.876399517059,-0.470585584641,-0.199472233653,-0.149744123220,0.192594587803,0.174060761929,0.419919043779,0.533356964588,0.416869163513,0.477286249399,0.706516325474,0.410329043865,0.376097202301,-0.013039123267,-0.358209580183,0.063203528523,-0.229752808809,-0.464473515749,-0.281695276499,-0.137371763587,-0.069171562791,0.300364911556,0.058182150126,0.199546337128,0.469634801149,0.334193378687,0.267087996006,0.638546645641,0.314696460962,0.274438977242,0.368375808001,0.054304983467,0.243643939495,0.507978379726,0.118549831212,-0.099666155875,-0.203728079796,-0.176221609116,0.063405208290,0.033667936921,-0.034721605480,0.162528067827,-0.022839045152,-0.194393247366,0.133865043521,0.087701283395,-0.103827320039,-0.058017510921,0.007906614803,0.161980658770,0.136626809835,0.180905491114,-0.029461504892,-0.312589108944,-0.191693216562,-0.158379241824,-0.374150425196,-0.232654511929,-0.554417908192,-0.868682146072,-0.569177508354,-0.404138743877,-0.221607461572,-0.423594534397,-0.278114467859,-0.402994513512,-0.498363703489,-0.421199083328,-0.331830888987,-0.038372393698,-0.105922304094,-0.016434729099,0.510962426662,0.355995237827,0.528644263744,0.467313438654,0.480315566063,0.480937033892,0.436938256025,0.420145422220,0.196043714881,0.050641849637,-0.028465459123,-0.007338623051,0.019159443676,-0.071813955903,-0.044389817864,0.105490125716,0.446157813072,0.068130247295,0.145360708237,0.323278069496,0.393692642450,0.361671060324,0.421042680740,0.466864824295,0.360975474119,0.079687647521,-0.042060229927,-0.280201226473,-0.238943576813,-0.455636680126,-0.590806484222,-0.774852335453,-0.368528097868,-0.367750227451,-0.250476300716,-0.622659265995,-0.476689428091,-0.032766558230,0.210630401969,0.407295614481,0.507142901421,0.541860342026,0.854914546013,0.819003462791,0.638933539391,0.750342309475,0.317231833935,0.291198849678,0.242046967149,-0.189861655235,-0.279966592789,-0.293619006872,-0.580166876316,-0.908120572567,-0.911796092987,-0.319170415401,-0.573515594006,-0.455052226782,-0.176867812872,-0.048205245286,0.120212651789,0.351027369499,0.238470256329,0.312346279621,0.343104273081,0.122443452477,0.169677361846,0.268145799637,-0.217730313540,0.041241165251,-0.061203207821,-0.158408060670,-0.296660631895,-0.443239659071,0.124637223780,-0.000016463540,-0.062059313059,0.528158545494,0.388588935137,0.341087490320,0.441622138023,0.458349049091,0.584175765514,0.344804137945,0.418820112944,0.536723732948,0.456031829119,0.443140864372,0.214528143406,0.173554524779,0.097003176808,-0.041767999530,0.073019914329,-0.144401699305,-0.297331541777,-0.440770119429,-0.500446379185,-0.786887228489,-0.788788735867,-0.715398430824,-0.768110573292,-0.453455269337,-0.757726192474,-0.905988633633,-0.522849082947,-0.066969566047,0.150307998061,-0.098731845617,-0.239676207304,0.190018057823,0.320565700531,0.147850826383,0.189956322312,0.454270213842,0.256275564432,-0.002609470859,0.244071975350,0.249698385596,0.151427522302,0.345787853003,0.620490252972,0.483451843262,0.492510914803,0.456710934639,0.314383655787,-0.116397224367,-0.053177233785,-0.210683912039,-0.185791045427,-0.326352626085,-0.226772904396,-0.382044672966,-0.468568801880,-0.159786880016,-0.151797950268,0.295676946640,0.274685919285,0.323771983385,0.512209534645,0.313111841679,0.325097292662,0.453961521387,0.169734984636,0.286926567554,0.471861511469,0.196945101023,0.249134525657,0.259440690279,0.219253182411,0.068850524724,0.121982477605,0.213112294674,0.133741572499,-0.059404566884,-0.083391942084,-0.283637970686,-0.076431982219,-0.211885750294,-0.240931555629,-0.449425816536,-0.636546313763,-0.650914847851,-0.254085928202,0.095105752349,0.158041745424,0.376607567072,0.166857972741,0.069290921092,0.221319362521,0.164293780923,0.261864930391,0.323673188686,-0.035166122019,0.146731302142,0.088347472250,-0.152263045311,0.118920259178,0.063104748726,0.184548050165,0.237696468830,0.095159262419,-0.174995064735,-0.226834639907,-0.090047329664,-0.128370329738,-0.306308269501,0.021460223943,0.264132797718,0.119064316154,-0.132469758391,-0.214256510139,-0.015702100471,-0.023851552978,0.189878121018,0.280361741781,-0.059972558171,0.144430518150,0.103502161801,-0.462197422981,-0.384431898594,-0.520626544952,-0.437563836575,-0.342667996883,-0.520815849304,-0.451685428619,-0.524721801281,-0.411522656679,-0.220364481211,0.304406732321,0.348397314548,0.442622274160,0.399137914181,0.560731709003,0.712463855743,0.550400853157,0.328612238169,0.523388266563,0.545754015446,0.528771877289,0.677301764488,0.410184979439,0.307003855705,0.201546654105,-0.296854078770,-0.524676561356,-0.833791851997,-0.836076140404,-0.882314026356,-1.227834343910,-0.885063469410,-0.646971821785,-0.541885077953,-0.501038968563,-0.289721250534,-0.012067774311,-0.006898222957,0.532813668251,0.728050649166,0.282172709703,0.455352693796,0.710430502892,0.653779506683,0.317733973265,0.284889221191,0.090183153749,-0.229057222605,-0.218413546681,-0.422186911106,-0.550528407097,-0.365482360125,-0.323401540518,-0.433892458677,-0.408361643553,-0.302003055811,-0.582850456238,-0.165092259645,0.083309628069,0.051176909357,0.559772729874,0.469264388084,0.493832081556,0.459480941296,0.566053569317,0.650947749615,0.619156658649,0.284341782331,0.366844683886,-0.097912780941,-0.148859202862,-0.538785815239,-0.654652059078,-0.782721936703,-0.888002157211,-0.610163450241,-0.473252683878,-0.712472081184,-0.479957461357,-0.464173048735,-0.491996437311,0.069698393345,0.110054641962,0.260066300631,0.655664563179,0.449491649866,0.974727988243,0.840908169746,0.490551739931,0.437514424324,0.430295199156,-0.001082477742,-0.224463909864,-0.167298376560,-0.159288868308,-0.218557596207,-0.209860742092,-0.124575488269,-0.334604978561,-0.393141090870,-0.218335345387,0.099789634347,-0.072509542108,-0.265849113464,-0.044356890023,0.199443444610,0.232111215591,0.285440742970,0.228756770492,0.417186081409,0.458542495966,0.373014390469,0.333119124174,0.452051758766,0.357806235552,0.510007500648,0.629392921925,0.215289592743,0.072591863573,0.015652710572,-0.270866394043,-0.275249809027,-0.501952767372,-0.478027105331,-0.374878913164,-0.366918772459,-0.323035210371,-0.496429204941,-0.791818022728,-0.361037194729,-0.192948579788,-0.317145407200,-0.218993887305,-0.302249997854,-0.231559678912,-0.364799112082,-0.248665302992,-0.139182761312,-0.143710240722,-0.120163261890,0.354608178139,0.288556456566,0.024971073493,0.057992815971,-0.287688016891,-0.153752997518,-0.261729121208,-0.419544488192,-0.053276013583,-0.213503301144,-0.216841280460,-0.066245168447,0.042307183146,0.135346755385,0.362461298704,0.653820693493,0.573359251022,0.680503964424,0.677211225033,0.576442062855,0.483756422997,0.454447180033,0.128444418311,0.056753937155,0.111120656133,-0.169397473335,-0.081453360617,-0.082638740540,-0.193113207817,-0.039125602692,-0.421083867550,-0.344413131475,-0.072970524430,-0.217392817140,-0.322664797306,-0.209943041205,-0.179576054215,-0.317556977272,0.165816664696,0.081132322550,-0.131938800216,-0.026506299153,0.111256487668,-0.081445127726,0.181662812829,0.333888828754,0.397824972868,0.346195310354,0.049180708826,0.267919421196,0.487662374973,-0.072917014360,0.140215858817,0.165652021766,-0.143310993910,-0.086137242615,-0.231230422854,-0.343676388264,-0.162429288030,-0.275961846113,-0.682672977448,-0.781849443913,-0.702651500702,-0.504768013954,-0.464522868395,-0.356682598591,0.012685156427,0.251542299986,0.294121146202,0.719242632389,1.043603181839,0.792196691036,0.689015626907,0.851313114166,0.748206138611,0.735076487064,0.484937667847,-0.032136827707,-0.364729136229,-0.501652300358,-0.499244481325,-0.641320705414,-1.012565255165,-0.813245356083,-0.470437437296,-0.384966939688,0.397187024355,0.484645456076,0.359563678503,0.897279381752,1.043434500694,0.833042740822,0.589057207108,0.755112528801,0.600215375423,0.195879071951,-0.028852352872,-0.211206629872,-0.083803527057,-0.151221722364,-0.301221042871,-0.266799896955,-0.302636891603,-0.002634166274,0.162104129791,-0.396042793989,-0.484003394842,-0.358950436115,-0.578071892262,-0.268931925297,-0.342832624912,-0.404414504766,-0.278842985630,-0.221426382661,-0.153584241867,0.099291615188,-0.117718428373,0.045422907919,0.110861361027,-0.087277345359,0.322133839130,0.458065032959,0.220191612840,0.404081106186,0.234794765711,-0.225566953421,-0.180810824037,0.019521642476,-0.417922854424,-0.138787642121,0.016257746145,-0.485028237104,-0.268709659576,-0.167257204652,-0.556895732880,-0.405003070831,-0.305345147848,-0.296150267124,-0.363601386547,-0.159498766065,0.002597123384,-0.092570364475,-0.190363794565,-0.025991812348,0.228431597352,0.279139310122,0.311395525932,0.484180331230,0.272665023804,0.038088396192,0.018542060629,-0.303554743528,-0.100760981441,-0.299965679646,-0.278114467859,-0.262087225914,-0.431254208088,-0.181880965829,0.201773032546,0.176555007696,0.343841046095,0.596177697182,0.732590436935,0.663221359253,0.684516966343,0.446651726961,0.463024705648,0.189865782857,-0.045785102993,-0.022456267849,-0.475668698549,-0.808561444283,-0.478957295418,-0.844777166843,-0.376607567072,-0.094669468701,-0.248899906874,-0.009540621191,0.020480643958,-0.142150312662,0.333152055740,0.492107540369,0.263420730829,0.197628319263,0.351541846991,0.155802711844,0.253752529621,0.488008141518,0.187795475125,0.053720533848,-0.155214130878,-0.345738470554,-0.385127484798,-0.342569202185,-0.273854523897,-0.207592874765,-0.439778178930,-0.233173102140,-0.223875328898,0.077703788877,0.283897280693,-0.163960382342,-0.184111759067,-0.023806277663,-0.484896540642,-0.490099012852,-0.205415591598,-0.371508002281,-0.345948368311,-0.429332047701,-0.342639178038,-0.256016284227,-0.153292015195,-0.161499083042,0.048657990992,-0.194697827101,-0.133025392890,0.210165321827,0.214663967490,0.266021966934,0.676515698433,0.534772813320,0.633574664593,0.635081052780,0.649457812309,0.179678946733,0.213149338961,0.296887010336,0.169743210077,0.032095670700,-0.091891251504,-0.084824271500,-0.254254668951,-0.200328364968,-0.184436917305,-0.222562372684,0.014990052208,-0.035853475332,-0.282148033381,0.103477470577,0.228238150477,0.185560554266,0.284312963486,0.171043828130,0.359374403954,0.533933162689,0.195183485746,0.254176467657,0.296730607748,0.589048981667,0.646469712257,0.136729702353,0.161898329854,0.271533161402,-0.110865473747,-0.404393911362,-0.114787913859,-0.282913565636,-0.641785800457,-0.682450771332,-0.339745700359,-0.422557324171,-0.128345638514,-0.062042847276,0.031190175563,0.094031512737,0.218257144094,0.569547951221,0.245253235102,0.338461577892,0.445956140757,0.340857028961,0.135066881776,0.310934513807,0.142627760768,-0.018278645352,-0.392832398415,-0.219915851951,-0.422651976347,-0.527627646923,-0.627870023251,-0.701564967632,-0.918723106384,-0.498450100422,-0.452735006809,-0.410497754812,-0.188371703029,-0.065368480980,0.360679119825,0.287436932325,0.198101654649,0.339951515198,0.448676705360,0.248735278845,0.168808907270,0.303550630808,-0.282497882843,-0.410193204880,-0.352788984776,-0.445523977280,-0.147525668144,0.134449496865,-0.084112219512,-0.120484299958,0.344096213579,0.370627194643,0.063899114728,0.105037383735,0.470264554024,0.013339583762,0.158206388354,0.464317083359,0.047287400812,0.186519563198,0.551442146301,0.093702234328,0.424458861351,0.761574566364,0.524232029915,0.276710957289,0.317536413670,0.250221103430,-0.007770790718,0.014599043876,-0.027280084789,-0.217475131154,-0.211050242186,-0.150501444936,-0.327126413584,-0.373796433210,-0.415140509605,-0.510250389576,-0.228686779737,-0.159902125597,-0.160857021809,-0.023419383913,-0.192397043109,-0.216577872634,0.020888116211,-0.470787256956,-0.246339842677,0.027955088764,-0.272977828979,-0.261646807194,-0.216968864202,-0.345248669386,-0.048415154219,0.276394039392,-0.040228657424,-0.103860244155,0.120146796107,-0.107082977891,0.189997464418,0.237638846040,-0.017360802740,-0.028790613636,-0.082120135427,-0.169529184699,0.216433808208,0.343976855278,0.409168362617,0.543325662613,0.197603628039,0.155428156257,0.566526830196,0.613624930382,0.221405789256,0.366474300623,0.005288911983,0.015636246651,0.154057577252,0.037158209831,-0.082412362099,-0.309526890516,-0.423936128616,-0.001502297935,0.014796606265,-0.047526124865,0.318590074778,0.140660360456,-0.083766490221,0.193294316530,0.112236067653,-0.101584158838,-0.318034440279,-0.289655417204,-0.277254253626,-0.024259025231,-0.147459805012,0.041294671595,0.422462642193,0.320364028215,0.404875487089,0.500952601433,0.099266916513,0.251604050398,0.320615082979,-0.199632778764,-0.218783974648,-0.157230913639,-0.211169585586,-0.523314177990,-0.667707681656,-0.694921910763,-0.527277827263,-0.442605793476,-0.214149489999,-0.422565549612,-0.374133944511,-0.303386002779,-0.082338280976,0.067611642182,-0.120027437806,0.076164446771,0.177855625749,0.166927948594,0.074513979256,0.155531063676,0.263622432947,0.351447165012,0.202855497599,0.428237229586,0.201612502337,0.113775409758,0.168537259102,0.052617471665,-0.154765501618,-0.240141302347,0.142504274845,0.035997528583,-0.197578936815,0.173328146338,0.561402559280,0.194265648723,0.437991887331,0.551096439362,0.797934234142,0.486653983593,0.308794260025,0.073353298008,0.007902499288,0.004992568400,0.075806371868,-0.202126994729,-0.195796772838,-0.079378955066,-0.359864145517,-0.291540473700,-0.111659839749,0.158066451550,0.023271214217,0.066401571035,-0.098789468408,-0.055181670934,-0.362053811550,-0.100575760007,-0.022460382432,-0.019624538720,0.123781122267,0.146299138665,0.099336877465,0.191973105073,0.064248964190,0.293598413467,0.022139344364,0.096747994423,-0.006577183958,-0.269388794899,-0.114792026579,-0.152633473277,-0.238564923406,-0.391338318586,-0.449788004160,-0.348780065775,-0.482966154814,-0.310893386602,-0.057585347444,-0.040220428258,0.047793656588,0.078329406679,0.205909505486,0.015179383568,0.076205611229,0.067595176399,0.235486239195,0.281674683094,0.575351297855,0.160758242011,0.070715017617,0.220944806933,0.270528882742,0.119768135250,0.220364481211,0.245092719793,0.091282092035,-0.056375276297,0.113837145269,-0.212182089686,-0.405892103910,-0.287531614304,-0.337733060122,-0.513341426849,-0.517807126045,-0.132124021649,-0.153518393636,-0.267795920372,0.029601443559,0.342161744833,0.420857459307,0.332822799683,0.343651711941,0.471054822206,0.470412701368,0.329328417778,0.176246315241,-0.025827178732,-0.318231999874,-0.596391737461,-0.582842230797,-0.855367302895,-0.638670086861,-0.060396492481,-0.132770210505,-0.202394530177,0.143619686365,0.406451880932,0.770711839199,0.910952329636,0.655117154121,1.059128284454,0.868587553501,0.763504862785,0.950958728790,0.600585818291,0.324290573597,0.542897582054,0.215553000569,0.336103141308,0.076629549265,-0.023530513048,-0.318219661713,-0.352122187614,0.073880136013,-0.001177143073,-0.179415538907,-0.108947470784,-0.265927344561,-0.375850260258,-0.095397979021,-0.280765086412,0.038302425295,-0.304028064013,-0.475248903036,-0.195508643985,-0.209761962295,-0.306983262300,-0.392449617386,-0.670140147209,-0.350648701191,-0.357456356287,-0.238721325994,-0.057194333524,0.164643630385,0.147529780865,0.408571541309,0.659813404083,0.399874687195,0.149237871170,0.312329798937,-0.011857864447,-0.774827659130,-0.556595265865,-0.355019778013,-0.301134616137,-0.230827048421,-0.560933351517,-0.521832466125,-0.258411735296,-0.048180550337,0.205057486892,0.146854773164,0.581475734711,0.735084712505,0.513440191746,0.730487227440,0.690320312977,0.498396635056,0.325146675110,0.314605891705,0.363774269819,0.125950187445,-0.002572427969,0.402191936970,0.095867186785,0.123826399446,0.392643064260,0.590987563133,0.202921360731,0.388403713703,0.501960992813,0.185288906097,0.098587788641,0.307217895985,0.141137808561,-0.068661190569,0.000209910126,-0.191512122750,-0.375714421272,-0.106420323253,0.016525277868,-0.392342597246,-0.272784382105,-0.202460363507,-0.305497437716,-0.554162740707,-0.664472579956,-0.490617603064,-0.127530694008,-0.429188013077,-0.432097941637,-0.230316683650,-0.128193348646,0.126761019230,0.202048793435,-0.039882924408,-0.293960630894,-0.229197174311,-0.329628854990,-0.277291297913,-0.152386531234,-0.196541741490,0.027255389839,0.168541371822,0.152839273214,0.146825969219,0.470186352730,0.710945010185,0.677840948105,0.853329896927,0.721444666386,0.582072556019,0.331353425980,0.065747149289,-0.266861617565,-0.346244692802,-0.323574393988,-0.456879705191,-0.797201573849,-0.819200992584,-0.522630929947,-0.411687254906,-0.527631759644,0.107062391937,0.623132646084,0.432657718658,0.758150160313,0.957618176937,1.047146916389,1.033350467682,1.176332235336,0.701260328293,0.510114550591,0.693053245544,0.160342529416,-0.079872861505,-0.103679142892,-0.296825259924,-0.483147263527,-0.352369129658,-0.487925797701,-0.659978032112,-0.771102786064,-0.697967648506,-0.536217451096,-0.352472037077,-0.359016299248,0.026119407266,-0.071851000190,-0.293779522181,-0.137301802635,0.386732667685,0.299126058817,-0.134622365236,0.051716096699,0.198990687728,-0.147542119026,-0.158111706376,-0.251097798347,-0.354052513838,-0.128135725856,-0.197846472263,-0.598791301250,-0.613484978676,-0.485155820847,-0.459793746471,-0.057461868972,-0.147184044123,0.041648641229,0.237795248628,-0.006951729301,0.073254518211,0.290474474430,0.166602790356,0.280785679817,0.058639012277,0.132613822818,0.079136118293,0.085120618343,0.162470430136,0.085544548929,-0.137651652098,0.030432853848,0.026991974562,-0.404628515244,-0.167467132211,-0.216075733304,-0.422244518995,-0.207144245505,-0.054058033973,-0.018122240901,0.421524226665,0.047069258988,-0.079395420849,0.306131273508,0.236490517855,0.282835394144,0.498705297709,0.167405381799,0.391247779131,0.337498426437,0.330098092556,0.556582927704,0.401549875736,0.360164612532,0.145796984434,-0.058573156595,-0.046777028590,-0.100814491510,-0.027584660798,0.188857391477,0.051407404244,0.198970094323,0.041994374245,0.188100054860,0.115076027811,-0.329921096563,-0.353040039539,0.023217706010,-0.134861081839,-0.043204445392,-0.209794893861,-0.224924877286,-0.211877509952,-0.171023249626,-0.164849430323,-0.280011892319,-0.090318985283,-0.309712111950,-0.270784080029,-0.271640181541,-0.492988348007,-0.383427619934,-0.163149565458,-0.262379437685,-0.261239349842,-0.099760815501,0.164297893643,-0.000156403636,0.114886693656,0.133457571268,0.010421420448,0.127230241895,0.206703871489,-0.046480689198,0.152612894773,-0.002136144321,-0.147747918963,0.080313257873,0.012372350320,-0.066627942026,-0.000732627464,0.189697012305,0.390144735575,0.288404166698,0.355682432652,0.332180738449,0.593778133392,0.435316562653,0.287939071655,0.637464165688,0.273088961840,0.144875034690,0.279880166054,0.296384871006,0.622227132320,0.398038983345,0.355797678232,0.466161012650,0.250533908606,0.114635623991,0.201048627496,-0.131272032857,-0.334176927805,-0.208193793893,-0.062310382724,-0.247554019094,-0.556019008160,-0.259066134691,-0.110021717846,0.013104977086,0.216824829578,0.296854078770,0.251916855574,0.309049457312,0.096525736153,-0.086532361805,-0.486390590668,-0.499861896038,-0.460168302059,-0.622935056686,-1.025612592697,-0.750683903694,-0.731586158276,-0.371359854937,-0.185955673456,-0.228682667017,0.223509028554,0.451858311892,0.477339774370,0.783084154129,0.609809517860,0.445803821087,0.603339374065,0.217018261552,0.000209910126,-0.006243797485,-0.204036757350,-0.256098568439,-0.353517472744,-0.183786615729,-0.170002520084,-0.158786728978,-0.273455291986,-0.457381844521,-0.280851513147,0.046550657600,-0.145134329796,-0.016743419692,0.245282039046,0.339869201183,0.455661386251,0.499018102884,0.561143279076,0.557187914848,0.461131393909,0.176756680012,0.101794064045,-0.226863458753,0.020608235151,-0.089182995260,-0.535575389862,-0.463744968176,-0.386839687824,-0.491123855114,0.005782818422,-0.268652021885,-0.333147943020,-0.104897446930,-0.016710491851,0.287762105465,0.769287765026,0.640011847019,0.792069077492,0.880498886108,0.550022184849,0.540107011795,0.428912252188,0.384481251240,0.026798527688,-0.442700445652,-0.474697351456,-0.426841944456,-0.732257068157,-0.651215314865,-0.494939267635,-0.802523493767,-0.471174150705,-0.012643998489,-0.008458143100,0.013734707609,0.418630778790,0.245631888509,0.145883426070,0.071509383619,0.212186202407,0.306106597185,0.071776911616,-0.038779865950,-0.059425145388,-0.055325724185,0.193623572588,0.074785627425,-0.236609861255,-0.310736954212,-0.541469335556,-0.435201317072,-0.555541574955,-0.836800575256,-0.720547378063,-0.733817040920,-0.962071657181,-0.723482012749,-0.425751239061,-0.293240338564,-0.067759811878,0.075839295983,-0.028807077557,0.101304270327,0.182835847139,0.328497022390,0.129378736019,-0.034211233258,0.469585418701,0.530084848404,0.141043141484,0.287519276142,0.121315702796,0.109309673309,-0.043677773327,-0.136606216431,-0.203328832984,-0.032762445509,-0.306608736515,-0.408349305391,-0.511719763279,-0.346788018942,-0.163310080767,-0.203155949712,-0.036092195660,0.118516907096,0.268166363239,0.591777861118,0.952271699905,0.925230383873,0.757565677166,0.611731648445,0.531368970871,0.305332809687,0.072595976293,0.058750141412,0.075925730169,-0.264589667320,-0.405735731125,-0.388745337725,-0.662789165974,-0.690978884697,-0.614657998085,-0.646008729935,-0.682084441185,-0.485715597868,-0.592588663101,-0.404402136803,-0.270228415728,-0.080160975456,0.089030705392,0.447314381599,0.045307662338,0.325834035873,0.433711379766,0.244623497128,0.147714987397,0.029099306092,0.248969867826,0.279896646738,-0.084853082895,-0.238474369049,-0.173394009471,-0.385930061340,-0.326504915953,-0.087446086109,-0.092920221388,-0.115936242044,-0.036985341460,-0.231123387814,-0.040541466326,0.258296459913,0.486559331417,0.154666721821,0.152843385935,0.517889440060,0.355826497078,0.083889961243,0.185930982232,0.233951017261,-0.031334232539,0.046682368964,-0.037545099854,-0.084807805717,-0.138462483883,-0.000707932224,0.157029241323,0.277612328529,0.209782525897,0.417560636997,0.447096198797,0.288515299559,0.353052377701,0.350533455610,0.045394092798,-0.196488231421,-0.061882328242,-0.252567172050,-0.281674683094,0.030679807067,0.041615713388,-0.235572680831,-0.173315793276,-0.223969995975,-0.018846636638,-0.066446848214,0.027745181695,0.150011658669,-0.106156900525,0.140985518694,0.189886346459,-0.002395445015,0.324751555920,0.261836111546,0.009651750326,0.159243583679,-0.041068300605,0.002485994482,-0.076493725181,-0.389515012503,-0.476495981216,-0.174834549427,-0.372627496719,-0.395050853491,-0.440708369017,-0.466905981302,-0.141858085990,0.061635378748,-0.053127843887,0.209510892630,0.515502274036,0.491465449333,0.240931555629,0.261107623577,0.265174120665,0.238404393196,0.288255989552,-0.037701506168,-0.032215032727,-0.178226038814,-0.120743595064,-0.206905543804,-0.492235124111,-0.555586874485,-0.394655734301,-0.493202388287,-0.285634189844,-0.334432125092,-0.395100265741,-0.156169027090,-0.437563836575,-0.122340559959,0.010553129017,-0.117874823511,0.069562569261,-0.076514303684,-0.302608072758,0.046781148762,0.279456228018,0.368519872427,0.321783989668,0.431838631630,0.238210961223,0.191783770919,0.028444880620,0.003012827830,0.070216998458,-0.027942741290,-0.086692884564,-0.252044439316,-0.191997811198,-0.042443003505,0.055996611714,0.317260622978,0.341663718224,0.399668902159,0.326521366835,0.552882671356,0.695296466351,0.488460868597,0.510406732559,0.154917791486,0.048509817570,0.080786585808,-0.181794524193,-0.393383949995,-0.217125281692,-0.324088901281,-0.446972757578,-0.326648980379,-0.369746416807,-0.423792093992,-0.553039133549,-0.518860816956,-0.365004897118,-0.567564070225,-0.378369182348,0.020628815517,0.014006356709,0.020797565579,0.003827772802,0.161103978753,0.269150048494,0.423829138279,0.116586551070,0.043085083365,-0.253151625395,-0.581043601036,-0.749836027622,-0.503430306911,-0.639390349388,-0.542193710804,-0.427899748087,-0.072320215404,-0.278225570917,0.198142826557,0.175917044282,0.348829478025,0.339556396008,0.302472263575,0.369820475578,0.276743888855,0.122710987926,0.282823026180,0.076979398727,0.258074223995,0.411687254906,-0.098937638104,0.268273383379,0.005634646397,-0.079407766461,0.065179154277,0.030790934339,-0.053592935205,-0.236383497715,-0.639876067638,-0.435530573130,-0.377093255520,-0.448092252016,-0.570045948029,-0.394157707691,-0.376986235380,-0.141866326332,0.038742821664,0.221788570285,0.456957876682,0.731355667114,0.493934988976,0.337255597115,0.555636227131,0.384366005659,0.311642467976,0.348022758961,0.185885712504,-0.364556282759,-0.330509662628,-0.335703909397,-0.804643154144,-0.621774375439,-0.486830979586,-0.665291666985,-0.381439626217,-0.196994483471,-0.104053691030,0.087672457099,-0.129337564111,-0.045270621777,0.306234180927,0.105979919434,0.376582890749,0.463905513287,0.072587743402,0.108523540199,0.260473787785,0.162392243743,0.172513201833,-0.109095647931,-0.527841627598,-0.634677708149,-0.604191303253,-0.973237991333,-0.785718321800,-0.577051162720,-0.222191929817,-0.362988144159,-0.192808628082,-0.005791049916,0.195792645216,0.784520566463,0.744934022427,0.440638422966,0.591773748398,0.351208478212,-0.047386180609,-0.023744540289,-0.048122923821,-0.131831794977,-0.315215051174,-0.187906593084,-0.024633571506,-0.037384584546,0.090891093016,0.343433558941,0.209247484803,0.211667612195,0.767867743969,0.811854183674,0.773852229118,0.887792289257,0.643897235394,0.451500236988,0.621910214424,0.526787996292,0.346820920706,-0.081465713680,-0.195134088397,0.026728555560,0.044488601387,0.145825803280,-0.056897994131,0.119883380830,0.128353878856,0.245298519731,0.119134292006,0.192347660661,-0.043994691223,-0.462238550186,-0.567897439003,-0.456200569868,-0.606327474117,-0.648774564266,-0.626038432121,-0.585916817188,-0.682504296303,-0.460814476013,-0.542827606201,-0.479805141687,-0.536851346493,-0.491062104702,-0.636262297630,-0.400566160679,-0.373924016953,-0.570523381233,-0.329530090094,-0.230699464679,-0.256370246410,0.276385784149,0.396968871355,0.249566674232,0.324780344963,0.479327738285,0.354336529970,0.492346256971,0.529097020626,0.473935931921,0.239536270499,0.110742002726,-0.222908109426,-0.162737965584,-0.080514945090,-0.200982779264,-0.044595610350,-0.297817200422,-0.334259241819,0.032050393522,-0.011219901964,0.101049087942,0.056358810514,-0.188663944602,-0.044793173671,0.116331368685,0.073579676449,0.210334062576,0.319293886423,0.423298209906,0.539547264576,0.393260449171,0.458723604679,0.532315611839,0.358777582645,0.647712707520,0.415465652943,0.049781631678,0.189520046115,-0.308958917856,-0.563452303410,-0.471733927727,-0.623132646084,-0.209432676435,-0.114508032799,-0.305411010981,-0.099118746817,0.190553128719,0.089409366250,0.235815495253,0.160227283835,0.290001124144,0.419425129890,-0.072538360953,-0.063351698220,-0.164450183511,-0.295471131802,-0.235210463405,0.193142011762,0.046879932284,0.038635808975,0.086622916162,0.094772361219,0.001086593606,0.258078336716,0.235836088657,-0.001658701571,-0.179436132312,-0.230794131756,0.028568357229,0.160605952144,-0.142804741859,-0.206695616245,0.104382961988,-0.089092440903,-0.039236731827,-0.025456747040,-0.095323890448,-0.057478331029,-0.068595334888,-0.063676856458,-0.295495837927,-0.427372932434,-0.362280189991,-0.518325746059,-0.545815765858,-0.346133559942,-0.477360337973,-0.484225630760,-0.309703886509,-0.423516333103,-0.331106483936,-0.357279419899,-0.474302202463,-0.199476376176,-0.534591734409,-0.356089919806,0.045822147280,0.365441173315,0.351792931557,0.119101360440,0.445215284824,0.531759977341,0.354484736919,0.423722118139,0.082955658436,-0.247998535633,-0.218277737498,-0.313836246729,-0.228180542588,-0.282884776592,-0.536703169346,-0.011067613959,-0.143743157387,0.038993895054,0.227822452784,0.277007281780,0.515716254711,0.518671452999,0.559908509254,0.608076691628,0.805976748466,0.512497603893,0.300278514624,0.198912486434,0.062149863690,0.117854245007,-0.052856191993,-0.081222869456,-0.070649161935,0.163853377104,0.129691526294,0.463156402111,0.763076841831,0.747527003288,0.466831892729,0.458892375231,0.230131462216,0.082111902535,0.242310374975,-0.010145656765,-0.290017604828,-0.256222069263,-0.226414829493,-0.018266297877,-0.021299703047,-0.409300059080,-0.487835258245,-0.434752702713,-0.517551958561,-0.591288030148,-0.632068216801,-0.563184797764,-0.204855814576,-0.317454069853,-0.657566130161,-0.040327440947,-0.082432940602,-0.170702219009,-0.013928153552,-0.139532610774,-0.154950723052,-0.100155942142,-0.116895250976,-0.199822083116,-0.546375453472,-0.476360172033,-0.286486178637,-0.461106717587,-0.396746605635,-0.214285328984,-0.015879085287,-0.175974652171,0.003140420187,0.442700445652,0.369721680880,0.342120587826,0.675235629082,0.543576657772,0.585213005543,0.777420639992,0.463028818369,0.637851059437,0.458349049091,0.128679022193,0.096299365163,-0.140944361687,-0.320606857538,-0.050357852131,-0.250496864319,-0.244635835290,-0.125468641520,-0.163622885942,-0.102736607194,-0.065751262009,0.151184692979,0.432287275791,0.543988287449,0.625034153461,0.717345237732,0.493757992983,0.617576181889,0.476516544819,0.423248797655,0.388099163771,0.281106710434,-0.025798365474,-0.257695555687,-0.668592572212,-0.655240654945,-0.802218854427,-0.854099631310,-0.856527984142,-0.907655477524,-0.752346754074,-0.836565971375,-0.690908908844,-0.126732215285,-0.003790730145,0.160774692893,0.319528490305,0.281654119492,0.433283329010,0.229221850634,0.190738335252,0.228015914559,-0.262461751699,-0.173163503408,0.106934800744,-0.031840484589,-0.187457963824,-0.169302806258,-0.010458463803,-0.024061461911,-0.067533440888,0.072085604072,-0.124851249158,-0.178365990520,-0.193142011762,-0.223006889224,-0.431863367558,-0.013257265091,0.098419040442,-0.065775960684,-0.112474791706,0.164795920253,0.248945191503,0.436193257570,0.382715582848,0.401389330626,0.738435029984,0.851020932198,0.425969421864,0.692678749561,0.524067401886,0.175587758422,0.291454046965,0.049946263433,-0.422903060913,-0.442630499601,-0.371400982141,-0.453459382057,-0.583463728428,-0.318931698799,-0.132959544659,-0.052815034986,0.017245557159,-0.074102394283,0.325393617153,0.299994498491,0.181572258472,0.467408120632,0.481492668390,0.668954789639,0.641901075840,0.543782472610,0.422112822533,0.377056211233,0.251583456993,0.258613407612,-0.329884082079,-0.619156658649,-0.684290528297,-0.849267601967,-1.061733722687,-1.009066820145,-0.959663808346,-0.955251574516,-0.828766345978,-0.700103759766,-0.118681542575,-0.048863787204,0.002197882626,0.172735452652,0.318314284086,0.377998739481,0.559155285358,0.519725143909,0.357468694448,0.368828535080,0.177662178874,-0.124188587070,-0.303052604198,-0.328591674566,-0.081687971950,-0.202448025346,0.091208003461,0.067545786500,0.159531697631,0.179222092032,-0.141656413674,0.206485718489,0.279723763466,0.232720360160,0.320335209370,0.343334764242,0.402311265469,0.191182851791,0.325159043074,0.455019325018,0.666402935982,0.397664457560,0.401895582676,0.197945252061,0.075579993427,0.124777168036,-0.063359931111,-0.175772979856,-0.075316578150,-0.050176750869,-0.303480654955,-0.135490819812,-0.176715523005,-0.252139121294,-0.106136322021,0.016994489357,-0.133202388883,0.066311024129,-0.263268470764,-0.268923699856,-0.066784352064,-0.150579646230,-0.038557611406,-0.119772247970,-0.379529863596,-0.225669860840,0.033816110343,0.294565647840,0.221199989319,0.257691442966,0.369429469109,0.414185613394,0.362679451704,0.188853248954,0.049975074828,-0.080696038902,-0.146089211106,-0.259621798992,0.161984771490,-0.040944822133,-0.257407456636,-0.213108167052,0.042603526264,0.162021800876,0.079601213336,-0.025069855154,0.062084008008,-0.128967136145,0.127682983875,-0.036310337484,-0.038561724126,0.206646218896,0.066850200295,0.098246179521,0.102588430047,0.117977723479,0.108120180666,0.196615815163,-0.010524317622,0.189441829920,-0.050028581172,-0.268791973591,0.007692588959,-0.176015824080,-0.145932823420,-0.374763667583,-0.361601084471,-0.035668257624,-0.258457005024,-0.379715085030,-0.233625873923,-0.289873540401,-0.163063123822,0.276929080486,-0.042533554137,-0.194022804499,-0.222142532468,-0.166944414377,-0.033725559711,0.052728600800,0.052897356451,-0.040611434728,-0.153835311532,-0.195813223720,-0.046497151256,-0.173657417297,0.119731098413,0.113911226392,-0.350088924170,-0.231041088700,-0.037310495973,-0.339264154434,-0.360209912062,-0.138429552317,0.053144305944,0.223307341337,0.545828104019,0.587419092655,0.429694265127,0.462168604136,0.578113079071,0.683940708637,0.549651741982,0.327414542437,0.076740674675,-0.132844299078,-0.135161548853,-0.160268440843,-0.436329066753,-0.243557497859,-0.381312072277,-0.555471599102,-0.101938121021,-0.185408264399,-0.092615641654,0.108037866652,0.083391942084,0.191265180707,0.379336416721,0.339980334044,0.190067455173,0.206193476915,0.224410399795,0.353282839060,0.228756770492,0.254299938679,0.071023710072,-0.247158885002,-0.052317012101,0.102481424809,-0.164540722966,-0.357662141323,-0.032330274582,-0.429566681385,-0.437308639288,-0.446203052998,-0.840130329132,-0.692127227783,-0.135680153966,-0.388169080019,-0.242894843221,-0.119582921267,-0.180646196008,-0.432744115591,-0.422479093075,-0.334395080805,-0.241544812918,-0.119916304946,0.233959242702,-0.102003969252,-0.127329006791,0.254411101341,0.159988567233,0.157873004675,0.265038311481,-0.121990710497,0.091109223664,0.082601696253,-0.074180595577,-0.037969037890,0.192862138152,0.122842699289,-0.118138246238,-0.013174948283,0.106885410845,0.280456393957,0.125287547708,0.108181916177,0.507587373257,0.518457412720,0.465877026320,0.563394665718,0.431945651770,0.390535742044,0.615390658379,0.648428857327,0.314140796661,0.151818528771,-0.024164360017,0.265281140804,-0.070933163166,0.030087117106,0.244903385639,0.217557445168,-0.107004776597,0.264474421740,0.104967407882,0.129098847508,0.191824927926,0.066455073655,-0.038364164531,0.006906454451,-0.180782020092,-0.336918115616,-0.682520747185,-0.820555210114,-0.755935788155,-0.659866929054,-0.660797119141,-0.663295447826,-0.391548246145,-0.134799346328,0.177090048790,0.506640732288,0.387214243412,0.660941123962,0.589357674122,0.260247409344,0.127662405372,0.130247175694,-0.417272508144,-0.288823992014,-0.107309348881,-0.397833198309,-0.492193996906,-0.297969490290,-0.037030618638,-0.035454232246,-0.081296958029,0.124591954052,0.076814763248,0.057112019509,0.262107789516,0.375241130590,0.071073099971,0.134614139795,0.047859508544,0.021624859422,-0.051707860082,0.101962819695,0.526767432690,0.769666314125,0.667864084244,0.661607921124,0.699198365211,0.809117138386,0.827185809612,0.648404181004,0.098670110106,0.237457737327,0.007178103551,-0.572918832302,-0.673037767410,-0.728750348091,-0.614785611629,-0.239009439945,-0.354093700647,-0.202476844192,0.138742357492,0.428562432528,0.416408210993,0.239030018449,0.399220257998,0.322882950306,0.428471863270,0.496807873249,-0.011956646107,-0.296718239784,-0.261268138885,-0.187848985195,-0.284922152758,-0.496877878904,-0.278842985630,-0.165931895375,-0.104197740555,-0.467552185059,-0.505315423012,-0.195912003517,-0.042578827590,-0.156337767839,-0.317466437817,-0.390659213066,-0.188812106848,0.341556727886,0.094545990229,0.101316623390,0.096694476902,-0.197937026620,-0.178966909647,0.180107012391,-0.029198087752,-0.223348483443,-0.222554117441,-0.122142992914,-0.065870627761,0.148175969720,-0.001407632604,0.035392493010,0.092199936509,0.317939758301,0.057305462658,-0.120739482343,-0.117656677961,0.234066247940,0.200394198298,0.212696596980,0.372549325228,0.281238436699,0.260333836079,0.446552932262,0.168652489781,-0.127637714148,-0.394289433956,-0.106992430985,0.190454348922,-0.105448976159,-0.331501603127,-0.358896940947,-0.365474134684,-0.350932687521,-0.024835251272,-0.179366141558,-0.187161624432,-0.162038266659,0.073476776481,0.020344819874,-0.018801363185,0.062952458858,0.222550004721,0.223677769303,0.060980949551,0.411473244429,0.389667272568,0.204468935728,0.116187311709,0.013940501958,-0.388786494732,-0.549771070480,-0.489814996719,-0.548894405365,-0.439000278711,-0.338774383068,-0.543560206890,-0.415708512068,-0.326414376497,-0.142619535327,0.110725529492,-0.086643494666,0.270660579205,0.312976002693,0.329274892807,0.049365922809,0.015319324099,0.432398408651,0.278015673161,-0.051720209420,-0.016093108803,-0.032910615206,0.151534542441,-0.115392953157,-0.431715160608,-0.534822165966,-0.468293040991,-0.671119689941,-0.626684665680,-0.521725475788,-0.288239538670,0.030029496178,0.094414286315,-0.135437309742,-0.078757457435,0.391902208328,0.535970568657,0.468465924263,0.836557745934,0.275488525629,0.511604487896,0.570943236351,0.504813253880,0.535110294819,0.293450266123,0.282699555159,0.074382267892,-0.015311091207,0.184255808592,0.041698031127,0.145875200629,0.089569889009,0.114335164428,0.256292045116,0.433744281530,0.177909120917,-0.020101981238,-0.125065281987,-0.104251250625,-0.148517593741,-0.287774443626,-0.456533938646,-0.501895129681,-0.650495052338,-0.630294263363,-0.728227674961,-0.716690778732,-0.558570861816,-0.450109064579,-0.300780653954,-0.192417621613,-0.151555106044,-0.120677746832,0.105527177453,0.157086864114,0.301068753004,0.285815298557,0.228135257959,0.038639929146,0.155666872859,0.056461710483,0.076637774706,-0.116516590118,0.012565796264,0.003630210645,-0.186000943184,-0.462518453598,-0.352315634489,-0.222759932280,-0.079802893102,0.039887040854,0.237548291683,0.405571073294,0.841258049011,0.825749456882,1.163313746452,1.347709417343,1.052719831467,0.598001062870,0.668654322624,0.531620025635,0.256522536278,0.418511420488,0.331863790751,0.245866492391,0.050189100206,-0.020118445158,-0.148332372308,-0.065088607371,0.121587358415,-0.048678569496,-0.182724699378,-0.016891593114,0.004469851032,-0.040166921914,0.027675209567,0.000283996051,0.029914252460,0.254802078009,0.083050325513,-0.452302843332,-0.234428465366,-0.308773696423,-0.260593146086,-0.229106619954,-0.370005697012,-0.755511820316,-0.580520868301,-0.741744160652,-0.704767107964,-0.795551180840,-0.793052852154,-0.430389851332,-0.645650625229,-0.312165170908,-0.309024751186,-0.479776352644,-0.189869895577,0.095723129809,0.024131434038,-0.001798641635,0.043751858175,0.038487639278,-0.218039005995,0.088116973639,0.384032636881,-0.064442411065,0.080366767943,0.266355365515,0.046863462776,0.382312208414,0.540654420853,0.602759003639,0.657710194588,0.546037971973,0.427500516176,0.319586127996,0.110281027853,-0.118924371898,-0.076271459460,-0.187955990434,-0.358283668756,-0.305649727583,-0.204176709056,-0.131140321493,0.205600798130,0.609076857567,0.449137717485,0.703203022480,0.982984423637,0.833701312542,0.532846570015,0.283160537481,0.519774496555,0.319186866283,0.038425903767,-0.284288287163,-0.344433695078,-0.443239659071,-0.528249144554,-0.430945485830,-0.257489740849,-0.548569262028,-0.414510786533,-0.149324297905,0.030494591221,0.090084373951,0.158881381154,0.192656353116,0.549557089806,0.102131575346,0.259160816669,0.495124489069,-0.076020397246,-0.076102711260,0.072879977524,-0.519017219543,-0.400870740414,-0.832585871220,-0.858676493168,-0.885376214981,-1.047550320625,-0.728050649166,-0.318623006344,-0.498532444239,-0.113174490631,-0.210766240954,-0.160087347031,0.009943977930,0.092623874545,-0.097406528890,-0.288519412279,-0.055650878698,-0.081675618887,-0.140475153923,-0.121657326818,-0.097101956606,-0.097143113613,-0.260070413351,-0.188984975219,-0.286235094070,0.087565451860,0.096929088235,-0.056148897856,0.324883252382,0.394355267286,0.581010699272,0.381600141525,0.308497935534,0.435744643211,0.438469350338,0.325652927160,0.292705267668,0.361621648073,0.262634605169,0.219652429223,0.270022630692,0.123723499477,0.098822399974,0.249665454030,-0.078753337264,-0.070496879518,0.163400635123,-0.127650052309,-0.009849312715,0.145385399461,0.141730487347,-0.181666925550,-0.120430797338,-0.270368367434,0.082795143127,0.261597424746,0.073612600565,-0.159671634436,-0.279213398695,-0.184745609760,-0.166804462671,-0.383662194014,-0.457410633564,-0.723115682602,-0.774922311306,-0.774967610836,-0.599194645882,-0.566415727139,-0.375850260258,-0.167071998119,-0.045110099018,0.371228098869,0.638567209244,0.521988868713,0.683920145035,0.694703757763,0.792567133904,0.284687519073,0.321067839861,0.361432313919,-0.063853837550,-0.185177788138,-0.299591153860,-0.415762007236,-0.330653727055,-0.367285102606,-0.452290505171,-0.325619995594,-0.076217956841,-0.050205565989,0.001201838371,0.181502297521,0.507727324963,0.466292709112,0.227563157678,0.287947297096,0.590658307076,0.348487854004,0.408979028463,0.274364888668,0.303060829639,0.202024102211,0.117850132287,0.142043307424,0.156732901931,0.157910034060,0.493988513947,0.449302375317,0.451858311892,0.187219262123,0.313984394073,0.202534466982,-0.414173245430,-0.258909732103,0.035832896829,-0.346434056759,-0.421845257282,-0.195891439915,-0.109346717596,-0.114096447825,-0.275113970041,-0.230761200190,-0.273994445801,-0.012578143738,-0.269549310207,-0.089174762368,0.191306337714,-0.082276538014,-0.013080282137,0.194615498185,-0.037812635303,-0.244886904955,-0.005609950982,-0.156490057707,0.010219741613,0.012759243138,-0.062684930861,-0.312613815069,-0.296932309866,-0.128913626075,-0.074526324868,-0.147797316313,-0.125884339213,-0.017702421173,-0.220269814134,0.115294173360,0.282164484262,0.002465415047,0.233634099364,0.395462483168,0.127057373524,0.255711704493,0.116228476167,-0.147459805012,-0.117689616978,-0.146439060569,-0.373993992805,-0.216956526041,-0.138590067625,0.031918685883,0.159741610289,0.035108499229,0.135585486889,0.332666397095,0.120648927987,0.313494622707,0.249801293015,-0.085260555148,-0.096620395780,0.319964796305,0.110478579998,-0.197755917907,-0.027576429769,0.260498493910,0.086836941540,-0.208922311664,-0.152098402381,-0.358131378889,-0.554899513721,-0.736759901047,-0.466675490141,-0.166384637356,-0.286984205246,0.034614592791,0.735788524151,0.352323859930,0.444914817810,0.743699252605,0.667296051979,0.778219163418,0.794378101826,0.704310238361,0.622848629951,0.373286068439,0.095558501780,0.014454988763,0.113232113421,-0.031939268112,-0.294149965048,-0.225048363209,-0.256913542747,-0.367573231459,-0.126592278481,-0.083173803985,-0.160605952144,0.191458627582,0.230168506503,0.063746824861,0.228427484632,0.190569594502,0.105963453650,-0.062524408102,-0.435258954763,-0.305764973164,-0.350372910500,-0.245541349053,-0.288708746433,-0.509423077106,-0.877922356129,-0.869110286236,-0.824399411678,-0.961553037167,-1.057329654694,-0.799720525742,-0.533060610294,-0.411444455385,-0.420314162970,0.049407079816,0.395363688469,-0.094080902636,0.361288279295,0.580409765244,0.283769667149,0.746395170689,1.097599506378,0.696024954319,0.504702150822,0.425689518452,0.180744975805,0.162239953876,-0.083478376269,-0.082889802754,-0.041327599436,-0.156601190567,-0.045344702899,-0.063964970410,0.036890674382,0.087384350598,0.183358550072,0.025333272293,0.097509428859,0.342326372862,0.540979564190,0.411674916744,0.150620803237,0.238309741020,0.632187604904,0.494737595320,0.222924560308,0.222792848945,0.182193771005,-0.066928401589,0.121657326818,-0.062252759933,-0.420124828815,-0.460003644228,-0.175686538219,-0.326093316078,-0.370598375797,-0.238733664155,-0.103596821427,-0.171620041132,-0.326369106770,-0.395022064447,-0.087997615337,0.001551688532,-0.048699151725,-0.271998256445,-0.279624968767,-0.119237184525,-0.134194314480,-0.369487106800,-0.460905015469,-0.462403208017,-0.405484616756,-0.327101737261,-0.249085128307,-0.120875313878,-0.188861504197,0.312226921320,0.437477409840,0.324693918228,0.548750340939,0.943204402924,0.805062949657,0.487543016672,0.167689383030,0.304398506880,0.161943599582,0.248529493809,0.246545627713,0.029605560005,0.232967317104,0.031107857823,0.068422466516,0.096356980503,0.347866356373,-0.088326893747,-0.347899287939,-0.458011567593,-0.623428940773,-0.608838200569,-0.332724004984,-0.713838458061,-0.759545385838,-0.775692045689,-0.673037767410,-0.403904139996,-0.529582679272,-0.411901295185,0.030235290527,0.258473455906,0.412514597178,0.249595493078,0.081375159323,0.202221661806,0.381826549768,0.287548065186,0.408937871456,0.159375295043,0.160375446081,-0.102753058076,0.167269557714,0.000765554549,0.379229426384,0.644321203232,0.516177237034,0.484760671854,0.511135280132,0.313354671001,0.237988695502,0.329353123903,0.177760958672,0.216796010733,0.170702219009,0.029103422537,0.100872106850,-0.027020784095,-0.268318653107,-0.116273745894,-0.114322826266,-0.214058935642,-0.175921157002,-0.261325746775,-0.372508138418,-0.217833206058,-0.223546043038,-0.292483001947,-0.208695933223,-0.038853950799,-0.198398008943,0.130271881819,0.407147467136,0.401537477970,0.259695887566,0.186745926738,0.068443052471,-0.320940226316,-0.684142410755,-0.408711463213,-0.738443255424,-0.966376841068,-0.862672984600,-0.793377995491,-0.687714993954,-0.638118565083,-0.452154636383,-0.171356633306,0.270952820778,0.586130797863,0.675523757935,0.602223932743,0.699712812901,0.798419952393,0.677478790283,0.885182797909,0.745106875896,0.773288369179,0.449829190969,0.137305930257,-0.151011824608,-0.235148727894,-0.403369069099,-0.707438290119,-0.727190375328,-0.158107593656,0.100221797824,0.020678205416,0.118237026036,0.423796206713,0.680837333202,0.669193506241,0.600334703922,0.664950013161,0.690456151962,0.719180881977,0.514876604080,0.125534489751,-0.012524637394,-0.142310842872,-0.399508357048,-0.669769704342,-0.704676508904,-0.650602042675,-0.526516318321,-0.748510658741,-0.898114919662,-0.504356443882,-0.161540254951,-0.088166370988,0.087627194822,0.231806635857,0.302089482546,0.626149535179,0.632327497005,0.507414519787,0.198348611593,0.249068647623,0.385592579842,0.435534685850,-0.246932521462,-0.396565526724,-0.072196736932,-0.167253091931,-0.365741640329,-0.086396545172,-0.301632642746,-0.192619293928,-0.297199815512,-0.495046287775,-0.503697872162,-0.311449021101,-0.341371506453,-0.221870899200,-0.334131658077,-0.558245718479,-0.282090395689,-0.142743006349,-0.100390553474,0.247755691409,0.186688303947,-0.134453609586,-0.113166250288,-0.016821620986,0.192359998822,-0.272755593061,-0.543074548244,-0.461855769157,-0.349677324295,-0.264659643173,-0.392239719629,-0.489432215691,-0.300739467144,-0.194631963968,-0.006128552370,0.262630492449,0.215989291668,0.470523834229,0.577656209469,0.695794463158,0.561073303223,0.606310963631,0.611846864223,0.622601687908,0.500693261623,0.253801912069,0.406188458204,0.336868733168,0.266310095787,0.140236422420,0.158148765564,0.324636310339,0.442301213741,-0.122459925711,-0.258403480053,-0.129547476768,-0.073715500534,0.005408272613,0.006861180067,0.096356980503,0.207872763276,0.417198449373,0.157527267933,-0.145887538791,0.122192390263,0.198780789971,-0.044513296336,-0.135890051723,-0.060524083674,-0.048036489636,-0.411547333002,-0.527372479439,-0.428183764219,-0.506500780582,-0.313000708818,-0.338613867760,-0.245607197285,0.007688472513,-0.045776870102,-0.164441943169,0.044089362025,-0.010409072973,0.139351516962,0.215655907989,-0.138454258442,-0.199822083116,0.088660277426,0.333024501801,0.245327308774,-0.191861972213,-0.039298471063,0.178090229630,-0.322306722403,-0.425977647305,-0.390058279037,-0.475034862757,-0.443128526211,-0.379311740398,-0.502788245678,-0.461238414049,-0.647564530373,-0.426372766495,-0.108774602413,0.020624699071,0.351558297873,0.596395850182,0.512320697308,0.452084660530,0.436897069216,0.555199980736,0.471194744110,0.149097934365,-0.071657553315,0.117459118366,-0.063890881836,-0.116129688919,-0.012742780149,-0.165746688843,-0.129568055272,0.228925511241,0.650038182735,0.930037736893,0.802099525928,0.795316576958,0.837471425533,0.812574446201,0.462378531694,0.488650202751,0.306020170450,0.103156425059,-0.153189122677,0.080255642533,0.006066814065,-0.174727544188,-0.036149814725,-0.188095942140,-0.108095489442,0.005058422685,-0.208708301187,-0.137869790196,-0.301669687033,-0.444338589907,-0.197385504842,-0.008326435462,-0.178526505828,-0.163618773222,-0.305476874113,-0.279834896326,-0.142286151648,0.248850524426,0.420618742704,0.065710105002,0.102555505931,-0.135103911161,-0.374031066895,-0.806157767773,-1.010840773582,-1.229328393936,-1.392675518990,-1.346507549286,-1.272536873817,-1.171730756760,-0.947871863842,-0.711916327477,-0.526664495468,-0.086812242866,0.029189854860,0.102164499462,0.435468852520,0.501281857491,0.338379234076,0.596206486225,0.717835009098,0.601207315922,0.393861353397,0.159733384848,0.123398348689,0.069784827530,-0.007071090396,0.014825416729,-0.001391169033,-0.041455194354,-0.023365879431,-0.104489967227,-0.000666773354,-0.045324124396,0.040924243629,0.286053985357,0.461975157261,0.397047042847,0.605298519135,0.494074970484,0.875078320503,0.965187370777,0.854457676411,1.242750287056,1.005218505859,0.695749163628,0.772917926311,0.490362405777,0.234374955297,0.462839484215,0.004807353485,-0.642720162868,-0.585015416145,-0.368499279022,-0.237700581551,-0.136416882277,-0.269088327885,-0.147480383515,-0.064895153046,0.019184138626,-0.013899343088,-0.033807881176,0.171447187662,0.150509670377,0.308222144842,-0.007091669366,-0.195290520787,-0.169895499945,-0.200838729739,-0.349216371775,-0.482797384262,-0.241211444139,-0.262852758169,-0.519708693027,-0.909454166889,-0.945904433727,-0.988512039185,-1.018171072006,-1.135650873184,-1.403920173645,-1.490538954735,-1.228533983231,-0.951362073421,-0.641032636166,-0.404056429863,-0.437333315611,-0.046645324677,0.217475131154,0.414617806673,0.732936203480,0.824856281281,0.690081655979,0.919175922871,1.189898252487,0.894879758358,0.770131409168,0.801786661148,0.636509239674,0.804857194424,0.689740002155,0.394203007221,0.351447165012,0.261025309563,0.260169208050,0.404060542583,0.181559905410,0.108408287168,0.537164151669,0.530031323433,0.444120466709,0.601828813553,0.739937365055,0.642259120941,0.712986528873,0.755071401596,0.641612946987,0.608550071716,0.656364262104,0.177291750908,-0.024621222168,-0.075991585851,-0.407666057348,-0.397857904434,-0.838125884533,-1.092648029327,-1.049888134003,-0.844139218330,-0.805964350700,-0.217549204826,-0.326204478741,-0.303151369095,0.135153308511,-0.054292634130,-0.389502674341,0.116430148482,0.257526814938,-0.154769614339,-0.422166287899,-0.567918002605,-0.444367408752,-0.463386923075,-0.776329934597,-0.594210326672,-0.468593508005,-0.625581622124,-0.176056981087,0.075415357947,0.024777626619,0.196508809924,0.327492743731,0.450467139482,0.563921511173,0.373228460550,0.435966879129,0.278904706240,0.017862940207,0.178365990520,0.459299832582,0.231481492519,0.150781318545,0.158667370677,0.176279231906,0.035791736096,0.262313574553,0.162618607283,0.209634363651,0.040578510612,0.197932913899,0.131280258298,-0.063405208290,-0.052983783185,0.036203324795,-0.050707701594,0.060071337968,0.119385361671,0.104996219277,0.235124051571,0.013607114553,-0.283814966679,-0.254094153643,0.167981609702,0.048394571990,-0.059585664421,-0.116594791412,-0.310547649860,0.023707497865,0.113474950194,-0.297401487827,0.291618674994,0.308666676283,-0.036479085684,0.212552532554,0.358143717051,-0.037228178233,0.273866862059,0.150307998061,0.021801842377,-0.061639491469,-0.056873299181,-0.109684221447,-0.145834028721,-0.307884663343,-0.201501369476,-0.111894443631,-0.114598587155,-0.541024863720,-0.341025769711,-0.526993811131,-0.530796885490,-0.248052030802,-0.372598707676,-0.333329051733,-0.079613558948,-0.164586007595,-0.279472708702,0.081881411374,0.071204811335,0.029547937214,0.133115947247,-0.144796833396,-0.532463788986,-0.319351494312,-0.565683126450,-0.542650640011,-0.511267006397,-0.250426918268,-0.059075295925,-0.051909539849,0.002765874611,0.330250382423,0.052983783185,0.213548570871,0.557200253010,0.483390092850,0.062396816909,0.088368043303,0.166285857558,-0.006507214159,0.250422805548,0.249196246266,0.297368556261,0.431554675102,0.243384614587,0.312490344048,0.587102174759,0.471124738455,0.221936747432,0.153366103768,0.296397238970,-0.292231947184,-0.343795746565,-0.319174528122,-0.451640158892,-0.484900653362,-0.211824014783,-0.166718035936,-0.033132873476,-0.078728646040,0.239906713367,0.383616954088,0.172039866447,0.169837877154,0.528697788715,0.314494758844,0.293717771769,0.085980832577,-0.040562044829,-0.197496622801,-0.416297048330,-0.593909859657,-0.558496773243,-0.797213971615,-0.538641750813,-0.423277616501,-0.516852259636,-0.333876490593,-0.165265128016,-0.159115999937,-0.106790743768,-0.211334213614,0.103889048100,0.125695005059,0.081667385995,0.116199664772,0.175361394882,0.169269874692,0.407797753811,0.578578174114,0.463230490685,0.286276251078,0.338980168104,0.233374804258,0.058527883142,-0.161655500531,-0.251743972301,-0.088322781026,-0.109219126403,-0.447351425886,-0.382950156927,-0.180555641651,-0.209132224321,-0.181103050709,0.368630975485,0.070179954171,0.287284642458,0.815735459328,0.664275050163,0.570350527763,0.570399880409,0.235683798790,0.331620961428,0.183391481638,0.095628470182,-0.168072164059,0.115302398801,-0.043196212500,-0.178880468011,-0.057297237217,-0.103691488504,-0.187968358397,-0.205427929759,-0.544749736786,-0.272483915091,-0.550149738789,-0.568383157253,-0.331114709377,-0.384411305189,-0.304390251637,-0.072711221874,-0.005140740424,0.072777077556,-0.108157217503,0.199801519513,0.354871571064,0.065257355571,0.062553219497,0.261704415083,0.190968826413,-0.018776668236,-0.009849312715,-0.311358451843,-0.233839884400,-0.341363281012,-0.533533930779,-0.212186202407,0.015393409878,0.077621474862,0.274879366159,0.269643962383,0.404554456472,0.386625647545,0.407855391502,0.271380871534,0.187268659472,0.407653719187,0.200945734978,0.038845721632,0.029741384089,-0.027691673487,-0.013232570142,0.036865979433,-0.031350694597,0.346298217773,0.167532980442,0.186902329326,0.281271338463,0.019698625430,-0.008231769316,0.399039149284,0.332472950220,-0.023155968636,-0.079407766461,0.055214595050,0.057947546244,-0.165005818009,0.005688152742,0.081251688302,0.117006368935,-0.213902533054,-0.477026969194,-0.619461238384,-0.492823719978,-0.309666842222,-0.360621482134,-0.266635268927,-0.512835144997,-0.116611249745,0.128975376487,-0.111515782773,-0.090640023351,0.050855875015,-0.131831794977,0.004284636118,0.005169551354,-0.354546427727,-0.171648874879,-0.588493347168,-0.683006405830,-0.368902653456,-0.510040462017,-0.438098907471,-0.324488133192,-0.595329821110,-0.162038266659,-0.123229593039,-0.008939702064,-0.011701460928,-0.175822377205,0.204209625721,0.275550276041,0.260646641254,0.311634212732,0.487884670496,0.447746545076,0.493568718433,0.250809669495,0.418474346399,0.518259882927,0.564044952393,0.395396620035,0.228402808309,0.406575351954,0.191166400909,-0.132729053497,0.215692952275,-0.032013352960,0.008511650376,-0.147212848067,-0.232123553753,-0.199780941010,-0.158951357007,-0.312584996223,-0.084634937346,-0.002057942329,0.177431672812,0.143455043435,0.065730683506,0.002185534919,0.061248484999,0.042603526264,0.103382796049,0.108400061727,0.126423522830,-0.074411086738,-0.244146063924,-0.052559848875,-0.004025335424,-0.151394590735,-0.292944014072,-0.404706716537,-0.543827772141,-0.523388266563,-0.539839506149,-0.672782540321,-0.690559029579,-0.685002624989,-0.314243704081,-0.305563300848,-0.323092848063,0.008491070941,-0.131300851703,-0.140195280313,0.130922183394,0.106033429503,0.296812921762,0.276682138443,-0.050621267408,0.204320758581,0.351035594940,0.040623784065,0.129967287183,0.063191182911,-0.071101911366,0.010363798589,-0.067619875073,0.049184825271,0.165137529373,0.135252088308,-0.082062512636,0.099834896624,0.150365620852,0.127444252372,0.241355493665,0.240421190858,-0.050510138273,0.272162884474,0.464741021395,0.135079219937,0.114759102464,0.631895363331,0.613740205765,0.424125462770,0.514539122581,0.252085596323,0.222908109426,-0.002564196242,-0.152814581990,-0.097521781921,-0.207094863057,-0.177872076631,-0.120994664729,-0.246825501323,-0.089899159968,-0.011861979961,-0.034322362393,-0.323944836855,-0.205489665270,0.009911051020,-0.208556011319,-0.385316818953,-0.560328304768,-0.549417138100,-0.591399192810,-0.302850931883,-0.225883871317,-0.448853701353,-0.498273164034,-0.083865270019,0.232312887907,0.532397925854,0.337255597115,0.370783597231,0.449067741632,0.166285857558,-0.080428510904,0.043126240373,-0.223718926311,-0.170554041862,-0.245726555586,-0.422096371651,-0.599326312542,-0.365597605705,-0.283724427223,-0.049320653081,0.387317121029,0.477916002274,0.834145843983,0.859417378902,0.741863548756,0.486431747675,0.491148531437,0.526759147644,0.484028071165,0.420548766851,0.377928793430,-0.207621693611,-0.347870469093,-0.192528739572,-0.242380335927,-0.234053909779,-0.122447580099,-0.466642558575,-0.163495287299,-0.278406679630,-0.346606910229,-0.273809254169,-0.280835062265,-0.237305447459,0.019900303334,-0.039080329239,0.210050076246,0.401130020618,0.188227653503,0.015109414235,0.178744658828,-0.234675422311,-0.140623331070,-0.035565361381,-0.375590950251,-0.646601378918,-0.334625571966,-0.253707259893,-0.139330938458,-0.203666344285,-0.152337133884,-0.100872106850,0.098752424121,0.157325580716,0.121356867254,0.380266606808,0.294088184834,0.295104831457,0.088293962181,-0.077423915267,0.213075235486,0.083252005279,0.103757344186,0.185342416167,-0.027140144259,0.091561973095,0.177061259747,0.290663808584,0.297393262386,0.189985126257,0.289877653122,0.021205039695,0.127497762442,0.293240338564,-0.097945719957,-0.058128640056,0.034688677639,-0.200715228915,-0.135799497366,-0.332139581442,-0.394729822874,-0.260597258806,0.000658541569,0.184012979269,0.347302496433,0.078173004091,-0.074295841157,0.091747194529,0.230818822980,0.271191537380,0.037487480789,-0.098332606256,-0.070422790945,-0.307444244623,0.061252597719,-0.005375345703,-0.050757095218,0.162721499801,0.378817826509,0.138890534639,0.189038470387,0.100374087691,0.191318675876,-0.193928137422,-0.451895356178,0.001736903447,0.225990876555,-0.226307824254,0.119175441563,0.021530194208,-0.089989706874,0.205143928528,-0.088368043303,-0.096496917307,-0.085071220994,-0.577322840691,-0.289173841476,-0.498310178518,-0.661311566830,-0.310811042786,-0.074699193239,-0.334090501070,-0.341412663460,-0.152682870626,-0.316309869289,-0.153917625546,-0.050864104182,-0.345355659723,-0.252978742123,0.016426496208,0.058499071747,-0.103740878403,-0.051143985242,-0.116738848388,-0.080313257873,-0.071324169636,-0.094006814063,-0.204645901918,0.124048657715,0.224710851908,0.259786427021,0.383234173059,0.572811782360,0.499071627855,0.564888715744,0.467527478933,0.405575186014,0.595770239830,0.362000316381,0.170928582549,0.146653100848,-0.306098341942,-0.273401767015,-0.373635917902,-0.234449028969,0.004626254551,-0.255925714970,-0.032400246710,0.175344914198,-0.029663180932,0.183444991708,0.144237071276,0.106955386698,0.258819192648,-0.073447965086,-0.083828225732,-0.034799806774,-0.089010126889,-0.119957469404,-0.177114754915,-0.023176547140,-0.164429605007,-0.267845332623,-0.116907589138,-0.049773398787,-0.364560395479,-0.473355591297,-0.536102235317,-0.842904448509,-0.621609747410,-0.455188065767,-0.396450251341,-0.487526565790,-0.057210803032,-0.003140420187,0.050608921796,0.109811812639,0.004552168772,0.317771017551,0.571642935276,0.573947787285,0.421602457762,0.257786095142,0.135313838720,0.104424118996,0.014623739757,-0.009729951620,-0.079020872712,0.204180821776,0.166969105601,0.176147535443,0.044883720577,0.220294505358,0.342293441296,0.482282906771,0.281905174255,0.362967550755,0.460168302059,0.623120307922,0.367647320032,0.233835771680,-0.054008644074,-0.017830014229,0.123365417123,-0.104983873665,-0.310938626528,-0.231794297695,-0.215647682548,-0.315190345049,-0.465239048004,-0.062178671360,-0.174764588475,-0.661426842213,-0.367787241936,-0.501170754433,-0.440189778805,-0.268849611282,-0.007260421291,-0.347808748484,-0.300883531570,-0.258049517870,-0.151411056519,-0.063491642475,-0.311671257019,-0.194718390703,0.104193620384,0.264573186636,0.022089954466,-0.139631390572,0.130173102021,0.196475878358,0.179600760341,0.249546110630,0.122785076499,0.086923375726,0.067838013172,-0.308061629534,-0.655257105827,-0.578648149967,-0.479084879160,-0.142421960831,-0.171891704202,-0.054597213864,0.259893447161,0.442465871572,0.238836571574,0.419774979353,0.657841861248,0.304748356342,0.345088154078,0.443470120430,0.151732102036,0.143249258399,0.198035806417,0.250595659018,0.045764524490,0.283403366804,0.145373046398,0.330044597387,0.281234294176,0.123357184231,0.332847505808,0.347088456154,0.145920470357,0.359571963549,0.236601635814,0.164701253176,0.117549672723,-0.068706467748,0.121933087707,-0.038866300136,-0.094418399036,-0.215421289206,-0.349990129471,-0.511365771294,-0.569247484207,-0.797950685024,-0.423475146294,-0.514090478420,-0.416478157043,-0.071171879768,-0.132893696427,-0.291532248259,0.122904442251,0.145191952586,0.105593025684,-0.002276084386,0.233111366630,0.096262313426,0.046542428434,-0.115376487374,-0.063903227448,-0.254892647266,-0.373080283403,-0.009042599238,-0.108807526529,-0.290157556534,-0.225863307714,0.010544897057,-0.171373099089,-0.239021793008,-0.052658628672,0.153098568320,0.073435619473,0.412798553705,0.472129017115,0.396577864885,0.343762814999,0.465119689703,0.322578370571,-0.102613128722,-0.165783718228,-0.088573850691,-0.423643916845,-0.578187167645,-0.476578295231,-0.554018676281,-0.496836692095,-0.069307386875,0.031815789640,0.229180693626,0.489428102970,0.572342634201,0.515226483345,0.400224506855,0.624614357948,0.664476692677,0.529039382935,0.553479492664,0.225126549602,0.130856335163,0.078057758510,-0.148801580071,-0.078843891621,-0.178633511066,-0.044027622789,-0.153217926621,-0.128637865186,0.091422036290,0.184885546565,-0.035828776658,-0.075855761766,0.114359863102,0.190553128719,0.334769636393,0.083169691265,-0.003012827830,0.308094561100,0.078444644809,0.296496003866,0.322413742542,0.197076797485,0.439127862453,0.444338589907,0.032713051885,-0.138396635652,0.018690234050,-0.017356686294,-0.319367974997,-0.423841476440,-0.456426948309,-0.464074254036,-0.471486955881,-0.755371868610,-0.503269851208,-0.519297122955,-0.460028320551,-0.517350256443,-0.673675715923,-0.601795852184,-0.399640053511,-0.080539636314,-0.196335956454,-0.094953469932,0.148451730609,0.159519344568,0.162017688155,0.234156802297,0.387292444706,0.293725997210,0.021266777068,0.169348075986,-0.180304571986,-0.574095964432,-0.416774481535,-0.367375671864,-0.486419409513,-0.721778035164,-0.400059908628,-0.389580875635,-0.224743768573,-0.084655523300,0.221204116940,0.326937079430,0.569407999516,0.799206078053,0.980597198009,1.093574166298,0.675210893154,0.675997018814,0.879856824875,0.672432720661,0.602577924728,0.351574748755,0.153777688742,0.178789928555,0.167771697044,0.244092568755,0.293598413467,0.100155942142,-0.180872559547,-0.295639902353,-0.406830549240,-0.430982559919,-0.488963007927,-0.571815788746,-0.469346731901,-0.519136548042,-0.232617452741,-0.255213677883,-0.242273330688,-0.390704512596,0.087944112718,0.319689005613,0.554068088531,0.556689918041,0.590859949589,0.413588792086,0.580710232258,0.401846200228,0.312128126621,0.348166823387,0.212293237448,-0.330044597387,-0.522182345390,-0.534394145012,-0.422153949738,-0.581488072872,-0.501812815666,-0.479615867138,-0.689509510994,-0.492724925280,-0.433163970709,-0.364325761795,-0.399882912636,-0.197142660618,0.070352822542,0.043669536710,-0.118809133768,0.183111593127,0.117911875248,-0.256329089403,0.074472822249,0.312284529209,-0.123069077730,-0.320396929979,-0.390375196934,-0.197916433215,-0.201871812344,-0.181457012892,-0.026411633939,-0.063738591969,-0.347919851542,-0.236334115267,0.248895794153,0.025218026713,-0.199015378952,0.055333957076,0.141141936183,0.101633548737,0.140499845147,0.045706905425,0.104839816689,0.399924069643,0.245825335383,0.255563527346,0.174830436707,0.438790380955,0.660957574844,0.818962275982,0.684636294842,0.749362707138,0.765538096428,0.494795233011,0.415309280157,0.399092674255,0.291194736958,0.254246443510,0.037228178233,-0.034458190203,-0.075324811041,-0.389156907797,-0.165787845850,-0.130473554134,-0.230324909091,-0.000843756425,0.173673883080,0.003004595870,0.160424843431,0.386646211147,-0.052333474159,-0.159782767296,-0.131078585982,-0.117434434593,-0.197443127632,-0.333086222410,-0.149978727102,0.102748945355,-0.081189945340,-0.012701621279,-0.047439690679,-0.239326357841,-0.520671784878,-0.510542631149,-0.660048007965,-0.826568424702,-0.692287743092,-0.398129522800,-0.543251514435,-0.519033670425,-0.286375045776,-0.069772481918,0.407258599997,0.624367356300,0.786545634270,0.606693804264,0.533060610294,0.507764399052,0.873057425022,0.501693427563,0.378916621208,0.541391134262,0.412712156773,0.229007840157,0.178843438625,-0.063598655164,0.134346604347,0.111680425704,0.252624779940,0.036734271795,0.138791754842,0.141129583120,-0.019970273599,0.239001199603,0.024024419487,0.201332628727,0.380871623755,0.475067794323,0.677194774151,0.668629586697,0.797181069851,0.756100356579,0.355785340071,0.356415063143,0.602014005184,0.311008602381,0.105432510376,-0.175665974617,-0.427146524191,-0.792266666889,-0.736019015312,-0.677021920681,-0.811031043530,-0.782878398895,-0.433452099562,-0.192528739572,-0.059713255614,-0.345298051834,0.053090799600,0.411773711443,0.598359107971,0.430348664522,0.703178346157,0.787072420120,0.453101307154,0.296129673719,-0.050806485116,-0.531529486179,-0.472655892372,-0.543568432331,-0.676351010799,-0.612986981869,-0.648338317871,-1.025209307671,-0.887318909168,-0.824773907661,-0.849959015846,-0.538295984268,-0.464333534241,-0.405476391315,-0.031939268112,-0.001214185962,0.133543998003,0.377694159746,0.382341027260,0.348743051291,0.444556742907,0.427788615227,0.362395435572,0.294512152672,0.309115320444,0.237272545695,-0.009244277142,-0.166944414377,-0.242421507835,-0.185704603791,-0.107902035117,-0.306723982096,-0.053337752819,0.293902993202,0.244055509567,0.426286339760,0.439963400364,0.655631661415,0.721802771091,0.514082252979,0.754877984524,0.806458234787,0.569021046162,0.381707191467,0.285008549690,0.097171932459,0.136437475681,-0.045653395355,-0.149600073695,0.065389066935,-0.418873578310,-0.264309793711,-0.155740961432,-0.354394167662,-0.254254668951,-0.104514665902,-0.045645166188,-0.150908932090,-0.083359017968,-0.459312170744,-0.316231667995,-0.111449927092,-0.169232845306,-0.080502592027,0.058552578092,0.058305624872,0.042142543942,-0.195916116238,0.011014107615,-0.044752016664,0.089845657349,-0.162141174078,-0.454936981201,-0.519515216351,-0.473907083273,-0.253546744585,-0.261815547943,-0.186124444008,-0.151583924890,-0.299879252911,-0.321228355169,-0.340795248747,-0.397215813398,-0.330674290657,-0.100872106850,-0.282255023718,-0.352961808443,-0.259292513132,-0.256176799536,0.025139823556,0.036104541272,0.244409486651,0.627939939499,0.552244722843,0.909289538860,0.768460392952,0.698132336140,0.532908320427,0.331740319729,0.355542480946,0.034680448472,-0.232432261109,-0.100016005337,-0.278587788343,-0.296973437071,-0.253592014313,-0.101300157607,0.028930556029,0.199538111687,0.413629978895,0.481525629759,0.323162823915,0.461390703917,0.175879985094,0.372701615095,0.459748446941,0.508686304092,0.488357961178,0.350755721331,0.145307198167,0.444898337126,0.426697909832,0.088261038065,0.245504304767,0.177905008197,-0.029494430870,0.024769395590,-0.111956186593,-0.288202494383,-0.320442229509,-0.358649969101,-0.128073990345,-0.079473622143,0.151839107275,0.223681882024,-0.010845356621,-0.080362647772,0.103782042861,-0.025102782995,-0.165133416653,-0.411259233952,-0.518416285515,-0.611838638783,-0.547548532486,-0.558175742626,-0.540049374104,-0.588028252125,-0.432871729136,-0.209243342280,-0.001782178180,-0.124978840351,0.091529048979,-0.150797784328,-0.207547605038,-0.086104311049,-0.193113207817,-0.422470867634,-0.258053630590,0.042731117457,-0.097941592336,0.083169691265,0.097970411181,0.054638370872,0.519177734852,0.680837333202,0.644522905350,1.068249106407,0.905791044235,0.971369445324,0.911730229855,0.523363590240,0.532159268856,0.429521381855,0.211025536060,-0.006782978307,0.338416308165,-0.139265075326,-0.243718013167,-0.279884308577,-0.313745677471,-0.502619504929,-0.504496335983,-0.484929442406,-0.387872755527,-0.423224091530,-0.223521366715,0.070867307484,0.329410731792,0.275241553783,0.381369650364,0.594366729259,0.267429620028,0.474289864302,0.326949447393,0.210502818227,0.077214002609,-0.100102432072,-0.461090236902,-0.161260366440,-0.427928537130,-0.810467183590,-0.976320803165,-1.033478140831,-1.032165169716,-0.926082313061,-0.890735089779,-0.755244314671,-0.422742545605,-0.325475931168,0.198373302817,0.347183138132,0.517189741135,0.798494040966,0.942117869854,1.097080945969,1.020805239677,1.044002413750,1.013071537018,0.685385346413,0.226122602820,0.103164657950,0.347244858742,0.269359976053,-0.108585268259,-0.309074133635,-0.419861406088,-0.542909920216,-0.333185017109,-0.331122934818,-0.301340401173,0.030836211517,0.147891968489,0.003926554229,0.333670675755,0.352241545916,0.685373008251,1.031753540039,0.714460015297,0.475302368402,0.733277797699,0.471231758595,-0.231333315372,-0.631450831890,-0.806577682495,-0.896069288254,-0.771296262741,-1.134720683098,-0.928667068481,-0.670905709267,-0.848156273365,-0.543584883213,-0.053959254175,-0.272101134062,0.273335903883,0.307567745447,0.029597328976,0.202159911394,0.282798349857,0.393902540207,0.176744341850,0.172113955021,0.276533961296,0.101707637310,-0.020278966054,0.235165193677,0.130868673325,-0.149702966213,0.059268742800,0.122509315610,-0.042796969414,0.293269157410,0.267857670784,0.335815072060,0.204938143492,0.145039662719,-0.124484933913,-0.070328123868,-0.163725793362,-0.306098341942,-0.187927186489,-0.222344219685,-0.307407230139,-0.378546178341,-0.358316600323,-0.412905544043,-0.382797867060,-0.134231343865,0.043953534216,0.140512183309,0.112207256258,0.114203460515,0.158712640405,0.084099873900,0.280007779598,0.599285185337,0.543942987919,0.284045457840,0.186852931976,-0.040800768882,-0.035968717188,-0.187651410699,-0.295788079500,-0.324525177479,-0.581591010094,-0.450689375401,-0.442367076874,-0.118619799614,0.037693273276,0.213774934411,0.604071974754,0.531945168972,0.607545793056,0.685916364193,0.181403517723,-0.067854478955,-0.040533233434,-0.129514545202,-0.258539289236,-0.273512899876,-0.462876558304,-0.526586353779,-0.471462279558,-0.294335156679,-0.349776118994,-0.204835250974,0.163610532880,0.132045820355,0.262465864420,0.447125047445,-0.090166695416,-0.069970041513,-0.023756889626,-0.058350898325,-0.121303364635,-0.075374200940,-0.117442660034,-0.051642008126,0.010289711878,-0.119973927736,0.005297143944,0.318989306688,0.123805813491,0.315663665533,0.261033535004,-0.039899386466,0.344536602497,0.385436147451,0.303159624338,-0.097208969295,-0.036433812231,-0.327653259039,-0.290363341570,-0.235852554440,-0.513757109642,-0.461176693439,-0.625507473946,-0.649795293808,-0.479990363121,-0.537295818329,-0.476738840342,-0.225389972329,-0.013977544382,0.024020304903,0.384785830975,0.534727513790,0.490597039461,0.708261489868,0.655993878841,0.589847445488,0.613900661469,0.544947266579,0.300661265850,0.357184737921,0.295183032751,-0.094348423183,-0.699161291122,-0.880367219448,-1.131572008133,-0.857112467289,-0.521400332451,-0.373714089394,-0.038821026683,0.447791785002,0.334991872311,0.675939440727,0.720469176769,0.576265037060,0.834059417248,0.837372660637,0.511308133602,0.387243032455,0.191042900085,0.065681286156,-0.593362390995,-0.566835522652,-0.445565104485,-0.519786894321,-0.394803911448,-0.175167948008,-0.068097315729,-0.088331006467,-0.296388983727,-0.169195801020,-0.028193812817,-0.072130881250,-0.125513911247,0.050662428141,0.172039866447,0.227394416928,0.237721174955,0.133502840996,0.073299795389,0.252690643072,0.426010549068,0.256012171507,0.455669611692,0.155312910676,0.013347814791,-0.047859508544,-0.209317445755,-0.243417546153,0.012076006271,-0.439164936543,-0.354916870594,-0.405138909817,-0.331913173199,-0.315618395805,-0.148291215301,0.052078291774,0.006260261405,-0.025979464874,0.132799029350,0.144496366382,0.221529275179,0.043105661869,0.030572792515,-0.015936706215,0.255526483059,0.456924974918,0.128905400634,0.073855437338,0.100123018026,-0.108136638999,-0.448400944471,-0.267096221447,-0.414115667343,-0.733228445053,-0.211083143950,-0.059560969472,-0.380624711514,-0.206353992224,-0.088273391128,-0.128699600697,0.182033255696,0.140051215887,0.122789189219,0.199311718345,0.209766075015,0.217471018434,0.337189763784,0.164413139224,0.209568515420,0.045756295323,-0.084173962474,-0.104790426791,-0.089158296585,-0.094134405255,0.047044564039,0.156292498112,0.397219926119,0.316672056913,0.185663446784,0.294236361980,0.105494238436,-0.010968834162,-0.033260468394,-0.150513797998,-0.322747111320,-0.130168974400,-0.061594214290,0.023481123149,0.032783024013,0.005194246769,-0.073781348765,-0.017755927518,0.006717124023,-0.057186108083,-0.193006202579,-0.314984560013,-0.274825870991,-0.215355440974,-0.327867269516,-0.565613150597,-0.206765592098,-0.252575397491,-0.554644286633,-0.310424149036,-0.397355794907,-0.221628054976,-0.018994810060,-0.154226332903,-0.101238422096,-0.069019272923,-0.318581849337,-0.320738554001,-0.305583864450,-0.211379498243,0.240919202566,0.004799121525,-0.129057690501,-0.044126402587,0.004107653163,0.210753887892,0.497594028711,0.237968116999,0.241038560867,0.397503942251,0.674284815788,0.446795761585,0.551890790462,0.509114384651,0.217746779323,0.138404861093,0.445577472448,0.282934159040,-0.018521482125,0.188622772694,-0.005618182477,-0.176929533482,-0.015298743732,0.011071731336,-0.137820407748,-0.144554004073,-0.074797980487,0.097575284541,-0.006667733658,-0.021945899352,0.230592459440,0.195446923375,0.222850456834,0.617637932301,0.240104272962,0.020036127418,0.077781990170,0.083700634539,-0.106407970190,-0.038524679840,-0.160556554794,-0.341894209385,-0.530969738960,-0.641868114471,-0.675960004330,-0.597354888916,-0.611838638783,-0.352990657091,0.034165959805,0.172435000539,0.214565187693,0.440111547709,0.719551324844,0.425710082054,0.363309144974,0.415379196405,0.275118082762,0.167438313365,0.076411403716,-0.425952911377,-0.464218318462,-0.664855360985,-0.353768527508,-0.211774617434,-0.280814468861,-0.316474527121,-0.260519057512,-0.356546759605,-0.111248247325,-0.124468475580,0.227571383119,0.381361424923,0.520877540112,0.413576453924,0.353706806898,0.206950798631,0.006346694659,0.331649780273,0.279752582312,0.027333592996,0.062866024673,-0.246084630489,-0.404953688383,-0.369141399860,-0.891192018986,-0.981576800346,-1.036009430885,-0.946122527122,-0.785125613213,-0.650400400162,-0.513464868069,-0.115767501295,0.180209904909,0.321220129728,0.637155473232,0.857676327229,0.790517449379,0.899571955204,1.158424019814,0.825852334499,0.847608864307,0.715065062046,0.503125727177,0.064907506108,0.072612442076,-0.130370661616,-0.236515223980,-0.187729626894,-0.175600126386,-0.422026365995,-0.449726283550,-0.338473916054,-0.294565647840,-0.272175252438,-0.160033836961,0.021155647933,0.086561173201,0.427549868822,0.492770224810,0.245940595865,0.271315038204,0.336481839418,0.417745858431,0.462798327208,-0.073769003153,-0.097505316138,-0.034993253648,0.061585988849,-0.139573782682,0.011960761622,-0.360378652811,-0.684504628181,-0.458060920238,-0.282452613115,-0.262515246868,-0.124015733600,-0.080671340227,-0.129498094320,-0.131535440683,-0.115215972066,-0.214417025447,-0.108918666840,-0.217219933867,-0.361638098955,-0.173414573073,-0.407707184553,-0.394412904978,-0.234033331275,-0.083799414337,-0.017974069342,0.190524309874,0.310876905918,0.266993343830,0.009524158202,-0.110960140824,-0.167923986912,-0.355036228895,-0.238161578774,-0.427298843861,-0.370931774378,-0.382921367884,-0.258341729641,0.099151670933,-0.100192986429,-0.017459584400,0.170216530561,0.579553663731,0.675881803036,0.678627133369,0.519078910351,0.526240587234,0.593234837055,0.607615709305,0.439465373755,0.321265399456,0.009734068066,-0.152044907212,-0.123497128487,0.044607959688,-0.124324418604,-0.067401729524,0.222521200776,0.346182942390,0.516169011593,0.295467019081,0.312914252281,0.223640710115,0.041842088103,0.089244738221,0.049032535404,-0.115512304008,-0.281559437513,-0.466638445854,-0.486670434475,-0.450578242540,-0.536398589611,-0.540666759014,-0.401446968317,-0.610764384270,-0.483139038086,-0.510205090046,-0.228950217366,0.128374442458,0.206119403243,0.194306820631,0.249891832471,0.201678365469,0.272134065628,0.292363643646,0.435942202806,0.101575918496,-0.129983767867,-0.049044881016,-0.093640498817,-0.556788682938,-0.668168663979,-0.576989412308,-0.788303077221,-0.480216771364,-0.607591032982,-0.425541341305,-0.183263882995,0.027576429769,0.244232490659,0.514345705509,0.789414346218,0.678141415119,0.523124873638,0.652215480804,0.568000316620,0.351834088564,0.338893711567,0.259049683809,0.017611872405,-0.122937366366,0.122369371355,-0.193924024701,0.014586696401,0.286885410547,0.207358285785,0.270570039749,0.116672992706,0.263046205044,0.599704980850,0.410905241966,0.394857406616,0.457134872675,0.012631650083,0.213252231479,0.241421341896,-0.174447655678,-0.121192231774,-0.089191220701,-0.172702535987,-0.226274892688,-0.368935555220,-0.272796720266,-0.602911293507,-0.748428404331,-0.610426902771,-0.693399012089,-0.557735323906,-0.653388500214,-0.573573231697,-0.513193190098,-0.393898427486,-0.057721171528,-0.031992774457,0.205506116152,0.046665906906,0.237256065011,0.286486178637,0.092039421201,0.301188111305,0.244565874338,0.409324765205,0.329254329205,0.104119539261,0.070743829012,0.342034161091,0.099896647036,0.067809201777,0.205152153969,-0.275826036930,-0.611270666122,-0.629705667496,-0.761837959290,-0.748136162758,-0.830108106136,-0.804173886776,-0.661813735962,-0.556689918041,-0.542765855789,-0.002926394111,0.248595342040,0.560698747635,0.787648677826,0.684549868107,0.853144705296,1.096591114998,0.958733677864,0.559303462505,0.357588082552,0.444108068943,0.393490970135,-0.022830814123,-0.185823976994,-0.226834639907,-0.475594609976,-0.149443671107,0.169496253133,0.128036946058,-0.100213572383,0.264643162489,0.280551075935,0.084824271500,0.381703078747,0.208770036697,0.250727355480,0.146875351667,0.059095874429,0.182181417942,-0.007820181549,-0.222019076347,-0.250657379627,-0.247969716787,-0.420392394066,-0.618004262447,-0.079436577857,-0.286284506321,-0.466621965170,-0.232107087970,-0.499713689089,-0.488757193089,-0.055836092681,-0.189836949110,-0.214939743280,-0.057675894350,-0.358518272638,-0.112919300795,0.022485077381,-0.112367771566,0.019546337426,-0.215092033148,-0.362790554762,-0.185235396028,-0.361074239016,-0.468066662550,-0.186231449246,-0.308876574039,-0.279682606459,0.002621818567,0.372269451618,0.493947327137,0.556459367275,0.422005802393,0.357077717781,0.489473372698,0.509011447430,0.410621285439,0.163404747844,0.109750069678,0.037121165544,-0.115759260952,-0.141298323870,-0.079321332276,0.233790501952,0.314519464970,0.176192790270,0.223056271672,0.564386606216,0.199233531952,0.397989600897,0.309168815613,0.286140441895,0.240470573306,0.192347660661,0.191693216562,0.074077695608,-0.197126179934,0.205197438598,0.451426148415,0.303805798292,0.200637042522,0.082828067243,0.060351222754,-0.026189375669,-0.133478149772,-0.052020668983,-0.231637895107,-0.423709779978,-0.471581637859,-0.835606992245,-0.670057833195,-0.471363484859,-0.594173252583,-0.642658412457,-0.362539470196,-0.339478194714,-0.282139807940,-0.244825184345,0.039891157299,-0.028391374275,-0.187087550759,0.373870521784,0.426928400993,0.305015891790,0.196146622300,0.177015975118,-0.304703056812,-0.126744553447,-0.028905859217,-0.068875223398,-0.002420140198,-0.286617875099,-0.261663258076,0.013331351802,-0.368318170309,-0.529488027096,-0.158338099718,-0.376665204763,-0.238182142377,-0.009766994976,-0.045422907919,0.048744425178,0.552594602108,0.672152817249,0.725354731083,1.114733934402,1.078242540359,0.996970176697,0.928737044334,0.522688567638,0.399393111467,0.258333504200,-0.026226418093,-0.140829116106,-0.085264675319,0.177040666342,0.099155783653,0.151197031140,0.263894081116,0.296347826719,0.404130488634,0.474055290222,0.344421356916,0.426595002413,0.634908139706,0.423347562551,0.150427356362,0.490296572447,0.206518650055,0.056465826929,0.205049261451,0.058379709721,-0.150587886572,-0.488131612539,-0.940660774708,-0.987734198570,-0.885553240776,-0.957754075527,-0.951271593571,-0.924489498138,-0.829803526402,-0.609735429287,-0.629458785057,-0.390613943338,-0.366622447968,-0.182062044740,-0.125880226493,-0.095653168857,-0.282497882843,-0.166573971510,-0.378044039011,-0.204497739673,-0.373734712601,-0.309876739979,-0.063446365297,-0.208741217852,-0.463061779737,-0.377768248320,-0.104308873415,-0.013006197289,0.157263845205,0.191182851791,0.260399699211,0.736673414707,0.818789422512,0.653697192669,0.750893831253,0.927271842957,1.044409871101,1.038507819176,0.794942021370,0.732565760612,0.755618810654,0.188791513443,0.129724457860,0.122105956078,-0.007848992012,0.048131156713,-0.261449247599,-0.316980779171,-0.101617082953,-0.076242655516,0.067751578987,0.061050921679,0.299731105566,0.563592255116,0.167141973972,0.271767765284,0.418108075857,0.391523540020,0.825148522854,0.803396046162,0.066994257271,0.389140456915,0.188367590308,-0.025637846440,-0.229616984725,-0.608747601509,-0.538345396519,-0.856544435024,-1.057115554810,-0.745551407337,-0.678009688854,-0.788488268852,-0.484892427921,-0.200093746185,-0.385073959827,0.005441199988,0.144414052367,-0.163470596075,-0.023065419868,-0.018686117604,-0.066109344363,-0.206777945161,-0.272064119577,-0.204156115651,-0.636130571365,-0.437053471804,-0.023452313617,-0.134321898222,-0.131185591221,-0.262367069721,-0.326011002064,-0.635908305645,-0.406476557255,-0.315589606762,-0.381785362959,-0.205831289291,-0.221105322242,-0.184819713235,-0.084466189146,-0.094344310462,0.050226140767,0.457344770432,0.161293298006,0.236136555672,0.422063410282,0.507970154285,0.299965679646,0.270656466484,0.159342363477,0.257884889841,0.086771085858,-0.195710331202,-0.206876724958,-0.101880490780,-0.436843574047,-0.087433747947,0.046081449836,0.102695442736,0.349101155996,0.392433166504,0.332584083080,0.331489264965,0.455924808979,0.687838435173,0.712521433830,0.697107434273,0.521725475788,0.421721816063,0.683101117611,0.658652722836,0.514119327068,0.241322562099,0.280374079943,0.185601711273,0.039833534509,-0.075460635126,-0.212902382016,-0.362440705299,-0.402183681726,-0.431558787823,-0.437485635281,-0.613678455353,-0.929370880127,-0.738377392292,-0.796506106853,-0.727289199829,-0.775239229202,-0.695860326290,-0.588958442211,-0.250328123569,-0.247850358486,-0.326072752476,-0.053321290761,0.085318177938,-0.138548925519,-0.224208727479,-0.204650029540,0.132683783770,0.221574544907,0.479282438755,0.651021897793,0.464531093836,0.246953099966,0.261856704950,0.430537998676,0.461123168468,0.547149300575,0.771036982536,0.353599816561,0.686336159706,0.676861405373,0.645547747612,0.275805443525,0.088577963412,0.234802991152,0.407007485628,-0.074040651321,-0.299529403448,-0.666267096996,-0.701643168926,-0.230320796371,-0.257181078196,-0.284300625324,-0.173875555396,0.046517733485,0.101645894349,0.273722797632,0.377035647631,0.433390349150,0.756919443607,0.768172264099,0.639435648918,0.667378365993,0.549697041512,0.250093519688,-0.069377355278,-0.538826942444,-0.495429068804,-0.638521909714,-0.761516928673,-0.729330658913,-0.803272545338,-0.563892722130,-0.365445286036,-0.295215964317,0.033746141940,0.263305515051,0.107869111001,0.179818898439,0.122887969017,0.041817389429,0.367692589760,0.128539085388,-0.222768157721,-0.180094659328,-0.222755819559,-0.259313106537,-0.101555339992,-0.331987291574,-0.418145090342,-0.581837952137,-0.412304639816,-0.142825320363,-0.042661145329,0.069871261716,0.221364647150,0.535015642643,0.675359070301,0.649429023266,0.609994709492,0.561558961868,0.619654715061,0.358703494072,0.202892541885,0.084569089115,-0.032902382314,-0.222517088056,-0.321059614420,-0.585826277733,-0.234058022499,-0.403015077114,-0.375274032354,-0.454080879688,-0.234745383263,-0.039989937097,-0.115026637912,0.094010926783,0.297899514437,0.188355237246,0.078226506710,0.389029324055,0.061413120478,-0.099126972258,-0.024859946221,-0.108762264252,-0.124427318573,-0.293758928776,-0.202357470989,-0.137622833252,0.012870372273,0.413168996572,0.202069371939,0.403364956379,0.470009356737,0.535686552525,0.530212402344,0.245240896940,0.324097126722,0.222838118672,0.034960325807,-0.142133846879,-0.193458944559,-0.326323807240,-0.538065552711,-0.507303357124,-0.466770172119,-0.606763780117,-0.453595221043,-0.271212130785,-0.293968856335,-0.227707222104,-0.084853082895,0.080980032682,0.159848615527,0.194492042065,-0.156584724784,-0.321376532316,-0.298245251179,-0.189063176513,-0.217948451638,0.010162119754,0.089092440903,0.164277315140,-0.013434248045,0.219849988818,0.222825780511,-0.023040724918,-0.019167676568,0.194249197841,0.256201475859,-0.028156770393,0.016636407003,-0.051786061376,-0.216940060258,0.031885761768,-0.263630658388,-0.468758136034,-0.382818460464,-0.406052649021,-0.239182308316,-0.344981104136,-0.535093843937,-0.115306511521,0.227633118629,0.295043110847,0.146924749017,0.205967113376,0.386415749788,0.348524898291,0.305238127708,0.125843182206,0.146130383015,0.240519970655,-0.007906614803,-0.204481273890,-0.258613407612,-0.245257347822,-0.251978605986,-0.556706368923,-0.375907868147,-0.134815812111,-0.053218390793,0.206386923790,0.190989404917,0.204291939735,0.656463027000,0.431986808777,0.862067997456,0.429002791643,0.202365696430,0.445593923330,0.348928272724,-0.092076458037,0.189022019506,0.078621633351,-0.017644798383,0.204143777490,-0.068813480437,-0.139417365193,-0.282230347395,-0.473293840885,-0.521881878376,-0.304727762938,-0.604294240475,-0.357106536627,-0.200476527214,-0.394021898508,-0.283000022173,-0.334036976099,-0.227237999439,-0.101929888129,-0.042274251580,-0.005823977292,-0.107111781836,0.401854425669,0.571725189686,0.263770580292,0.258123606443,0.500520408154,0.439996331930,0.254180580378,0.185955673456,-0.011149932630,-0.438391119242,-0.551569700241,-0.753750205040,-0.440370887518,-0.513131499290,-0.810767650604,-0.567646384239,-0.708615481853,-0.908194720745,-0.206605091691,-0.141866326332,-0.241355493665,-0.083235539496,0.076036855578,0.195969626307,0.127020329237,-0.005815745331,0.180823162198,0.239836722612,0.091850087047,-0.266026109457,0.034783344716,0.139870122075,0.122953832150,-0.149826437235,-0.044612079859,-0.054235015064,0.068541832268,0.145224884152,0.060960367322,0.195977851748,0.144977927208,0.511205255985,0.447874128819,0.375677376986,0.617082238197,0.695407569408,0.771736621857,0.621428668499,0.381628960371,0.095295079052,-0.212914720178,-0.259045541286,-0.381011605263,-0.518840193748,-0.577088236809,-0.333098560572,-0.240939781070,-0.194442644715,0.306756913662,0.316766738892,-0.005317723379,0.174830436707,0.065092720091,0.223891779780,0.171093210578,0.136737927794,0.110680267215,0.181234762073,0.101242534816,0.137779250741,0.340745866299,0.191112890840,0.187087550759,0.006700660568,0.016562320292,0.009672329761,-0.350615769625,-0.405192404985,-0.259465396404,-0.620922386646,-0.658784449100,-0.596708655357,-0.794040679932,-0.855177938938,-0.521243870258,-0.583953499794,-0.831902682781,-0.532517313957,-0.327933132648,-0.270146101713,0.150958299637,-0.037162326276,-0.131885290146,0.187379777431,0.121253974736,-0.010952369310,0.212289124727,0.214618697762,0.018344499171,0.069245643914,0.312000542879,0.380723476410,0.189322471619,0.265244096518,0.382040560246,0.160404264927,0.166812703013,0.212560757995,0.044196370989,0.182646512985,0.421820580959,0.164050936699,0.213696748018,0.468437075615,0.272632092237,0.236218869686,0.310119569302,0.242454439402,0.186568960547,0.020875766873,-0.185058414936,-0.118405774236,-0.354690521955,-0.365498811007,-0.410802334547,-0.506492555141,-0.619757592678,-0.665596187115,-0.228715613484,-0.123217254877,0.013146135956,-0.093928605318,0.206411629915,0.563867986202,0.152238354087,-0.224435091019,0.125505670905,0.068212561309,0.001810989343,-0.148678109050,-0.064635857940,-0.039430178702,0.149554789066,0.176690816879,0.388185590506,0.544638574123,0.402171343565,0.277711093426,0.393153429031,0.267009794712,0.256773591042,0.523915112019,0.076012164354,-0.302941471338,0.212573096156,-0.174838662148,-0.254542768002,-0.218450590968,-0.084136918187,-0.594947040081,-0.313679814339,-0.334563821554,-0.521783113480,-0.572663664818,-0.617547392845,-0.409250676632,-0.361152410507,-0.315935343504,0.246356293559,0.046542428434,-0.233934551477,0.049394734204,-0.052251160145,-0.219203799963,0.020278966054,0.078675143421,-0.079239018261,-0.119965694845,-0.235313355923,-0.156481832266,-0.218199521303,-0.189659982920,-0.042434774339,-0.092825546861,-0.231909528375,-0.301262199879,-0.248525351286,-0.278023898602,0.018945418298,0.069945342839,0.167784050107,0.325838148594,0.476347833872,0.576623141766,0.296804696321,0.333571910858,0.143418014050,0.097587630153,-0.164137378335,0.020048474893,0.178802281618,-0.030729195103,-0.021155647933,0.320606857538,0.343664050102,0.124653689563,0.335041254759,0.524495482445,0.321438252926,0.384555339813,0.671663045883,0.544675648212,0.535102069378,0.369664102793,0.471729785204,0.060742229223,0.152901008725,-0.013356046751,-0.261683851480,-0.414144456387,-0.687690317631,-0.893990814686,-0.981955468655,-0.977172791958,-0.810734629631,-0.589053094387,-0.759998142719,-0.642382621765,-0.490658730268,-0.380937516689,-0.306983262300,-0.037149976939,0.080424390733,0.492930710316,0.154106959701,-0.033795531839,0.108301281929,0.090232543647,0.169101133943,0.353110015392,0.122142992914,0.182247266173,0.132733166218,0.126526415348,0.113384395838,0.152394756675,0.120558388531,0.051732558757,-0.000366313732,-0.155205905437,-0.111886218190,-0.062787823379,-0.223710700870,-0.506455540657,-0.210074767470,0.035133194178,-0.123818166554,-0.294573873281,0.113861836493,0.139903038740,0.282078057528,0.651367604733,0.527261316776,0.568840026855,0.544342279434,0.656755268574,0.829387843609,0.317511707544,-0.014166875742,0.176077559590,-0.204695299268,-0.248537719250,-0.364502757788,-0.485900819302,-0.482727468014,-0.241894662380,-0.216865971684,-0.067932680249,-0.183835998178,-0.289783000946,-0.046431299299,-0.038104861975,-0.119196027517,0.193088501692,0.037285801023,0.247685730457,0.161383852363,0.205637842417,0.349883139133,-0.063841491938,-0.341408550739,-0.238367363811,-0.562019944191,-0.377982288599,-0.577787935734,-0.673103570938,-0.640740394592,-0.610274612904,-0.430768519640,-0.645062088966,-0.515181183815,-0.203863903880,-0.192248880863,-0.097101956606,0.450191348791,0.346619248390,0.213206961751,0.169426277280,0.322607189417,0.180843755603,0.226237833500,0.271236807108,0.320047080517,0.013442480937,-0.003873047652,0.108309507370,-0.046678248793,0.006548373029,0.369190752506,0.567378878593,0.295536994934,0.543288588524,0.359423756599,0.321911603212,0.220068141818,0.158914312720,0.236745700240,0.200760513544,-0.019003041089,0.083095602691,-0.113989427686,0.068101435900,0.249113932252,0.343766927719,-0.067965611815,0.247969716787,0.265807956457,0.140771493316,0.237387776375,0.210000693798,0.251031935215,0.189371868968,0.231016382575,0.128028720617,-0.085252322257,0.091170966625,0.187132820487,0.238091588020,0.207819268107,0.025810714811,-0.206386923790,0.011030570604,-0.177863851190,-0.528030991554,-0.139462634921,-0.461715847254,-0.559056520462,-0.442206531763,0.005037843250,-0.069887727499,-0.306431740522,-0.153888821602,0.191207557917,0.064541190863,0.139051064849,-0.172537893057,-0.110939562321,-0.038841605186,-0.133609846234,-0.450413644314,-0.369178414345,-0.244376540184,-0.259403645992,-0.222442999482,-0.104691646993,0.056453477591,0.058029860258,0.030025381595,0.159511119127,0.192034840584,-0.097921021283,0.037705622613,-0.225731581450,-0.155901491642,-0.309214085340,-0.048452198505,0.023353531957,0.015780303627,0.126028388739,0.248759970069,0.469540178776,0.617074012756,0.330978870392,0.507410407066,0.267828881741,0.055663224310,0.034495230764,-0.034663982689,-0.073435619473,-0.208095014095,-0.239552721381,-0.300422579050,-0.511271119118,-0.292659997940,-0.141113117337,0.028700066730,0.146830081940,0.626112520695,0.564230203629,0.428331911564,0.559249937534,0.360061705112,0.495511382818,0.474927872419,0.157613694668,-0.208387240767,-0.365239500999,-0.259988099337,-0.287469863892,-0.511143505573,-0.244557648897,-0.201501369476,-0.182918146253,0.020134909078,-0.017788855359,0.081967845559,0.165199279785,-0.064030818641,0.159478187561,0.168631926179,0.023769237101,-0.156629994512,-0.320627450943,-0.147048220038,-0.348512560129,-0.363922417164,-0.352591425180,-0.498100280762,-0.857277095318,-0.459682613611,-0.032527837902,-0.235790818930,-0.445581585169,-0.022480964661,0.003613747191,0.052798572928,0.528623700142,0.702914953232,0.501043140888,0.541428208351,0.649268507957,0.498536556959,0.723510861397,0.512357711792,0.191409230232,-0.092702075839,-0.240820422769,-0.382258683443,-0.418960034847,-0.659920394421,-0.397689163685,-0.543551981449,-0.178884580731,0.042121965438,0.017739463598,0.143162831664,0.094035625458,0.165759027004,0.208280235529,0.318466573954,0.290503293276,0.068093203008,-0.022978985682,-0.081622108817,-0.337156832218,-0.383678674698,-0.106029309332,-0.118837945163,-0.363782495260,-0.095299191773,-0.043455515057,-0.056260030717,0.143203973770,0.165429756045,0.338930785656,0.380303621292,0.169335737824,0.120192065835,0.239416912198,0.127510115504,0.052872661501,0.168533146381,0.002872887533,-0.198085203767,-0.159741610289,-0.145459488034,-0.163161903620,-0.327933132648,-0.287704467773,-0.221949085593,-0.309843838215,-0.219491913915,-0.430249899626,-0.273282408714,-0.215676501393,-0.150415018201,-0.046546541154,0.052576314658,-0.048077654094,0.212445527315,0.241034448147,0.134873434901,0.179843604565,0.284531116486,0.155909717083,0.004543936811,-0.047307979316,-0.258675128222,-0.066385105252,-0.031828138977,-0.305464535952,-0.439473599195,-0.035408955067,-0.263132631779,-0.094772361219,0.058877732605,-0.037022382021,-0.047382067889,-0.056218869984,-0.078691601753,0.123933404684,0.213182255626,-0.013771750964,-0.047974757850,0.156687617302,0.278069168329,0.542691767216,0.681755185127,0.700276672840,0.710582852364,0.476339608431,0.479208350182,0.440658986568,0.338687926531,0.182354286313,-0.016636407003,-0.114866107702,-0.169162869453,-0.096319936216,0.039590697736,-0.516403615475,-0.439835816622,-0.164960548282,-0.269495785236,-0.010972949676,0.086351267993,-0.086137242615,0.069718971848,0.304349094629,0.272928446531,0.425763577223,0.368659824133,0.286720782518,0.247002482414,0.270878732204,-0.114623278379,0.002527153352,-0.148003101349,-0.161704882979,-0.196619927883,-0.124904759228,-0.324282348156,-0.395277261734,-0.467124104500,-0.556533515453,-0.234584867954,-0.187540292740,-0.146628394723,0.250999003649,0.494169622660,0.742427468300,0.925942420959,1.032008767128,1.209732651711,1.657137513161,1.426174759865,1.074883937836,0.877605438232,0.832631170750,0.620938837528,0.335489898920,0.365004897118,0.149233758450,-0.380620598793,-0.370820641518,-0.663077294827,-0.810730576515,-0.677832722664,-0.714027822018,-0.702655673027,-1.003728508949,-0.767007470131,-0.477323293686,-0.486143618822,-0.434625089169,-0.249266222119,0.139903038740,0.357262909412,0.242433845997,0.131284385920,0.337885349989,0.178588256240,-0.057688243687,-0.051596730947,-0.283349871635,-0.728717446327,-0.545297086239,-0.711385428905,-0.778848886490,-0.360016465187,-0.020929275081,-0.182662963867,0.013500102796,0.146657213569,-0.063326999545,0.023773351684,0.130662873387,0.121398031712,-0.017858823761,-0.064973361790,-0.183749571443,-0.415930747986,-0.340811729431,-0.193117320538,-0.132663190365,0.080103352666,0.306942105293,0.232000082731,0.511476874352,0.216536715627,0.336123734713,0.553158462048,0.207658752799,0.319923609495,0.473170369864,0.314745843410,0.414346128702,0.438864469528,0.541181266308,0.699926853180,0.709841966629,0.804680228233,0.970118224621,0.843842804432,0.594469606876,0.483702927828,0.712266266346,0.786669075489,0.333683013916,-0.023036608472,-0.086709350348,-0.286967724562,-0.362942844629,-0.303344815969,-0.615608811378,-0.435464739799,-0.181461125612,-0.615658164024,-0.620115697384,-0.419054687023,-0.600396454334,-0.444194525480,-0.372232407331,-0.465761780739,-0.189841076732,-0.104893326759,-0.346792131662,-0.270738780499,-0.106531448662,-0.154185160995,-0.087446086109,-0.307020306587,-0.357485204935,-0.194401487708,-0.214289441705,-0.300912350416,-0.294606804848,-0.218318894506,-0.306752800941,-0.310382992029,-0.186844706535,-0.305250465870,-0.508945643902,-0.274196118116,-0.223916485906,-0.239951968193,-0.143158718944,-0.088314540684,-0.043916493654,0.107202336192,0.235741421580,0.281156092882,0.160013258457,0.071945667267,0.371314555407,0.415008813143,0.343985080719,0.406739979982,0.464103072882,0.390700370073,0.300784766674,0.288581162691,0.474656194448,0.516732871532,0.466971844435,0.218718141317,0.313157111406,0.061330799013,0.207477644086,0.107140608132,-0.230888798833,-0.059540394694,0.330279171467,0.245775938034,0.474565654993,0.253443837166,0.181596964598,0.258798629045,0.101263120770,-0.039253193885,0.071283012629,-0.158778488636,-0.159350603819,-0.348644256592,-0.306674599648,-0.044546220452,-0.395725876093,-0.179349690676,-0.153645977378,-0.460522234440,-0.533710896969,-0.551129341125,-0.765887916088,-0.824024915695,-0.635472059250,-0.561316132545,-0.512839257717,-0.489370465279,-0.528125643730,-0.649260282516,-0.389202207327,-0.142734780908,0.296919941902,0.526689231396,0.782606661320,0.744431853294,0.806054890156,0.949551105499,1.018776178360,1.078851580620,1.229740023613,0.718217790127,0.625013589859,0.544325768948,0.312226921320,0.165569707751,-0.043200328946,-0.136046454310,-0.070904344320,-0.271611362696,-0.204901084304,-0.144348189235,-0.237976357341,-0.071583472192,-0.080424390733,0.130642294884,0.470178127289,0.267330855131,0.646959483624,0.569473862648,0.435962766409,0.618547499180,0.194166868925,0.135918870568,0.282123327255,-0.188672170043,-0.192549332976,-0.268985420465,-0.588513910770,-0.744748771191,-0.849386990070,-0.810907483101,-0.618456959724,-0.751227200031,-0.488810718060,-0.125398665667,0.104527018964,0.382802009583,0.335749179125,0.385678976774,0.492539703846,0.640258848667,0.292273104191,0.272949010134,0.215338990092,0.168541371822,-0.038718130440,-0.107543960214,-0.149875834584,-0.293841272593,-0.346664518118,-0.243392840028,-0.425998210907,-0.329941689968,-0.286745458841,-0.407793641090,-0.517263829708,-0.376611679792,-0.093434706330,0.014492030255,0.230304345489,0.401541590691,0.495437294245,0.349027037621,0.502705931664,0.843134939671,0.476211994886,0.537382304668,0.485266923904,0.126900956035,0.146776571870,0.133136525750,-0.073962450027,-0.083630666137,-0.359193295240,-0.460131227970,-0.318376064301,-0.603701531887,-0.581306993961,-0.123842865229,-0.013109094463,0.081366926432,0.525355637074,0.560744047165,0.317997395992,0.719736576080,0.733533024788,0.411226302385,0.571256041527,0.704758882523,0.463790267706,0.173394009471,0.255567640066,-0.004465735052,-0.044233415276,-0.054156817496,-0.278373748064,-0.217166423798,-0.552018404007,-0.375274032354,-0.398619323969,-0.466255694628,-0.117278024554,0.042142543942,0.021999403834,0.061100311577,-0.031037887558,0.106412082911,0.336811095476,0.251040160656,0.047093957663,-0.032680127770,-0.211116090417,-0.123567104340,-0.357612788677,-0.611287117004,-0.255053132772,-0.660006821156,-0.733919918537,-0.612381935120,-0.482949703932,-0.498569488525,-0.113071583211,-0.048995491117,-0.352978259325,-0.001284156111,0.442330062389,0.504298806190,0.111120656133,0.094105593860,0.207107216120,0.248755857348,0.255501776934,0.817735791206,0.588542699814,0.298751503229,0.329431295395,0.392136812210,0.083210848272,0.286218643188,0.165055215359,-0.239186421037,-0.272257566452,-0.338873147964,-0.353274613619,-0.303410679102,-0.556792795658,-0.606516778469,-0.443498939276,-0.389049887657,-0.389144569635,-0.310535281897,-0.315844774246,-0.447577774525,-0.420659899712,-0.189886346459,0.184189975262,0.022822583094,0.087857678533,0.128456771374,0.231888964772,0.395454198122,0.505603551865,0.350615769625,0.202019989491,-0.200953960419,-0.216137468815,-0.136931374669,-0.194648429751,-0.099612638354,-0.066862553358,-0.276957899332,-0.354023724794,-0.189013794065,-0.362650603056,-0.537057161331,-0.495112150908,-0.328591674566,-0.145418331027,-0.146698370576,-0.113668389618,0.222891628742,0.025481441990,0.226019710302,0.151896730065,0.122138880193,0.193537130952,0.207806915045,0.019192371517,-0.010001599789,-0.080160975456,-0.160865247250,0.273200094700,0.498137295246,0.513485431671,0.672284543514,0.624943614006,0.742810189724,0.540942549706,0.262498795986,0.381760656834,0.261939048767,0.076493725181,0.021987058222,-0.067158892751,-0.160239636898,-0.255295991898,-0.179604873061,-0.266701102257,0.006906454451,0.122603982687,0.297977715731,0.425199717283,0.593444764614,0.531443059444,0.463547408581,0.265289366245,0.037796173245,0.034186538309,0.000559760316,-0.008322319016,-0.093928605318,-0.144492253661,-0.364025324583,-0.060816314071,-0.343252450228,-0.736389458179,-0.815653204918,-0.847699403763,-0.860812604427,-0.833627223969,-0.640991449356,-0.561600148678,-0.385872423649,-0.101946353912,0.069068662822,0.386333435774,0.209329783916,0.537892639637,0.527862250805,0.296018540859,0.363877177238,0.150093972683,-0.114787913859,-0.010837125592,-0.260412037373,-0.408452183008,-0.489913791418,-0.319569647312,-0.747856318951,-0.629368185997,-0.551672637463,-0.555829703808,-0.175970539451,-0.077460959554,0.006762398873,0.558183968067,0.673334121704,0.915022909641,0.886401116848,0.818908751011,1.069331645966,0.868558764458,0.627861797810,0.646650791168,0.605397284031,0.741884112358,0.680347561836,0.764788985252,0.651659846306,0.636336386204,0.550602495670,0.309263467789,-0.026860266924,-0.120002746582,-0.233642324805,-0.438979715109,-0.847361981869,-1.056436538696,-1.093924045563,-1.108358383179,-0.887203633785,-0.644975602627,-0.468116044998,-0.536810159683,-0.392297357321,-0.011973109096,0.069006927311,0.220553800464,-0.028543662280,0.069385588169,-0.140380486846,-0.199710965157,-0.293956518173,-0.401805013418,-0.705248653889,-0.323549717665,-0.374113351107,-0.311333745718,-0.019949693233,0.134758189321,0.112013809383,0.281238436699,0.434785634279,0.270269602537,0.164030358195,0.212997049093,0.176855459809,-0.147422775626,-0.148669883609,0.222455337644,0.074234105647,-0.273352384567,-0.194409713149,0.052177075297,-0.070258155465,-0.139380320907,-0.316194623709,-0.326579004526,0.066574439406,-0.017862940207,-0.309452801943,0.078897401690,-0.109066836536,0.033392176032,-0.156782284379,-0.059791460633,0.044072892517,-0.113808333874,0.274093240499,0.406867563725,-0.053123727441,0.136849045753,0.227620780468,0.125118792057,-0.212791264057,-0.463456898928,-0.261971950531,-0.301891922951,-0.382011771202,-0.290025830269,-0.115191273391,-0.272389262915,-0.372940361500,-0.340515404940,-0.349689692259,0.077469184995,0.227917119861,0.449730396271,0.548544585705,0.555282294750,0.647502779961,0.443140864372,0.324842095375,0.258880913258,0.246236935258,0.403871208429,0.072340793908,0.049938030541,-0.075333043933,-0.269232392311,-0.353850841522,-0.172270372510,-0.062779590487,0.297594934702,0.227011635900,0.216672524810,0.141216009855,0.324249416590,0.336737006903,0.193623572588,-0.176456227899,-0.110025830567,-0.127991676331,-0.218969196081,-0.444894224405,-0.584789037704,-0.899049222469,-0.776930868626,-0.495058625937,-0.712727248669,-0.534966289997,-0.490230709314,-0.632796704769,-0.144640430808,-0.015500422567,-0.106477946043,0.159469962120,0.194138050079,0.021089794114,0.022443920374,-0.157498449087,0.030902063474,0.086108423769,-0.069603726268,-0.017974069342,0.115734562278,-0.076814763248,0.100666314363,0.173640951514,0.226270765066,0.140792071819,0.136169940233,0.167849898338,0.341717243195,0.132580876350,0.267079770565,0.383168309927,0.665308117867,0.404826074839,0.533583343029,0.536526143551,0.317157745361,0.350142449141,0.252192616463,0.119216606021,0.251859217882,-0.020682321861,-0.102485537529,-0.334588527679,0.082762211561,0.163725793362,0.112688809633,-0.164112672210,-0.315766572952,-0.140438109636,-0.187758430839,-0.316659718752,-0.150373861194,0.148797467351,0.180707931519,0.140495732427,0.167878717184,0.152279511094,0.196743413806,0.273027211428,0.134000867605,0.311568379402,-0.132601469755,-0.155601024628,0.004523357376,-0.094961695373,-0.298977881670,-0.030511053279,-0.219866469502,-0.397520393133,-0.323525011539,-0.233765795827,-0.396112769842,-0.542259633541,-0.591102838516,-0.481636732817,-0.408699125051,-0.334617316723,-0.035170234740,-0.062940113246,-0.126884505153,-0.115932129323,0.040290396661,0.244672894478,0.023682802916,0.022563280538,0.374405562878,0.151114717126,0.082712821662,-0.005272448529,0.019328195602,0.005926874466,-0.193347811699,-0.223904147744,-0.043685998768,0.194426164031,0.175184398890,-0.088475063443,-0.174085468054,-0.250550389290,-0.302068918943,-0.365424722433,-0.292750567198,-0.213120520115,-0.127831161022,-0.009680560790,0.116603016853,-0.068179637194,0.141829282045,0.168627798557,0.289708912373,0.342128813267,0.536546766758,0.290597915649,0.638237953186,0.328830391169,-0.277698755264,-0.184840276837,-0.016990372911,-0.193384841084,-0.301307469606,-0.156905770302,0.021250315011,0.157691895962,0.080119818449,0.471791535616,0.360481560230,0.367626696825,0.527158379555,0.398648142815,0.440461426973,0.156988084316,-0.013051470742,-0.273982107639,-0.550470769405,-0.294833183289,-0.298356384039,-0.486744552851,-0.319059282541,-0.169212266803,-0.045381743461,-0.083881735802,0.130909830332,-0.258222401142,-0.308662563562,0.008589851670,-0.032437290996,-0.104481741786,-0.082461751997,-0.093101315200,0.003103377065,0.268355697393,-0.089199461043,-0.239314019680,0.165516197681,0.090191394091,-0.030848558992,-0.099102273583,-0.264614343643,-0.594453096390,-0.450277805328,-0.390729188919,-0.322887063026,-0.314922809601,-0.468741685152,-0.514567911625,-0.276628613472,-0.029951294884,-0.012512289919,0.337296754122,0.457838684320,0.483102023602,0.474717915058,0.599532127380,0.435291856527,0.183066323400,-0.011734387837,0.011322799139,0.255872219801,0.112334847450,0.038578189909,-0.112063199282,-0.056161247194,0.374767780304,0.171677678823,0.308020472527,0.606936633587,0.191940173507,0.218146011233,0.135404378176,-0.159564629197,0.080823630095,-0.012150092982,-0.127246692777,-0.320989638567,-0.239062950015,-0.300315529108,-0.482838571072,-0.375636249781,-0.459443867207,-0.389597326517,0.033231653273,-0.005272448529,0.020645277575,-0.034178309143,0.202312201262,0.139252737164,0.217750892043,0.320166468620,0.440152734518,0.548326432705,0.241355493665,0.472841113806,0.149159669876,-0.102995902300,-0.045513454825,-0.165084019303,-0.356295704842,-0.462180972099,-0.492144584656,-0.319269210100,-0.381505519152,-0.481426835060,-0.384407192469,-0.132980123162,0.397372245789,0.337584882975,0.374780118465,0.474652081728,0.519708693027,0.575166106224,0.242985367775,0.182712361217,0.185692265630,-0.164215564728,-0.025362081826,-0.131070360541,-0.460604578257,-0.415457427502,-0.350945055485,-0.286000490189,-0.269701570272,-0.383287638426,-0.279217511415,-0.259407758713,-0.373104959726,-0.123023800552,-0.227151572704,-0.318528324366,-0.171286672354,-0.321207761765,-0.223821818829,-0.283329278231,-0.141462966800,0.171274319291,0.394042462111,0.160585373640,0.579981684685,0.499878346920,0.289972335100,0.598276793957,0.297520846128,0.000131708322,0.144228845835,-0.062993623316,-0.108939245343,-0.326402038336,-0.393869638443,0.054444927722,0.121607936919,0.044636774808,0.290634989738,0.505121946335,0.374450862408,0.460279434919,0.376854538918,0.116154387593,0.168895334005,0.352463781834,0.298438698053,-0.023493470624,-0.004881439265,-0.053218390793,0.156650587916,0.397660344839,-0.076094478369,0.027407675982,0.101250767708,-0.438646346331,-0.447602450848,-0.394528150558,-0.545712828636,-0.615921616554,-0.592366337776,-0.669181168079,-0.296393096447,-0.167421847582,-0.128539085388,-0.119825750589,0.063219994307,-0.018311571330,0.029346261173,0.213548570871,0.149550676346,-0.210206478834,-0.232144147158,-0.310650527477,-0.261926680803,-0.402187824249,-0.449302375317,-0.473281472921,-0.455430895090,-0.310885131359,-0.261778503656,-0.082828067243,0.099822558463,0.032441403717,0.146274432540,0.393383949995,-0.011693228967,0.313609838486,0.408600360155,0.367091655731,0.653145670891,0.747222423553,0.486246526241,0.874650180340,0.612661838531,0.462160378695,0.425286173820,0.094377234578,-0.202303975821,-0.160848781466,-0.301809608936,-0.184218764305,-0.159223005176,-0.433316230774,-0.236144781113,-0.195348128676,-0.038158368319,0.267795920372,0.157453179359,0.144998505712,0.458670079708,0.430319875479,0.329052656889,0.188425213099,0.164972901344,-0.199855014682,-0.214338824153,-0.311695963144,-0.258115381002,-0.410658299923,-0.427339971066,-0.323134005070,-0.068451285362,0.169977813959,0.390589267015,0.362144351006,-0.034384101629,-0.071497038007,-0.099246338010,-0.289955854416,-0.293474942446,-0.445194691420,-0.443330198526,-0.393050521612,-0.345952481031,-0.347034960985,-0.039417829365,0.145508885384,0.273685753345,0.270619452000,0.058927122504,-0.051954817027,0.140989646316,-0.263605952263,-0.186466053128,-0.195936709642,-0.317952096462,-0.150538489223,-0.015578623861,-0.193747058511,-0.629763364792,-0.375998407602,-0.344429582357,-0.435781657696,-0.132062286139,-0.157416135073,-0.300945281982,0.022118765861,-0.079490080476,-0.110709078610,-0.137503489852,-0.290466219187,-0.054008644074,-0.162215247750,-0.025415590033,0.309423983097,0.551396906376,0.118883222342,0.454216718674,0.662529885769,0.538629353046,0.311099171638,0.369194865227,0.370857715607,0.433678448200,0.055004686117,-0.232308775187,-0.172784850001,0.011368074454,-0.120895884931,-0.192681029439,0.156621769071,0.144661009312,-0.058548461646,0.514510333538,0.504084765911,0.747452974319,0.690591990948,0.809265255928,0.887549400330,0.750613927841,0.579640090466,0.601701200008,0.254122972488,0.205724284053,0.502479553223,0.339548140764,-0.027699904516,-0.184152916074,-0.265219390392,-0.198377415538,-0.397870272398,-0.539921760559,-0.514090478420,-0.637336552143,-0.641958713531,-0.748020887375,-0.803486645222,-0.554199814796,-0.485596239567,-0.161132782698,-0.130720511079,-0.250653266907,0.034108337015,0.187881916761,-0.346660405397,-0.577495694160,-0.438222378492,-0.595432698727,-0.618901491165,-0.599219322205,-0.712043941021,-0.652618825436,-0.716559112072,-0.721140086651,-0.281283706427,0.051127523184,0.114643864334,-0.002518921625,0.203386455774,0.323866635561,0.488954782486,0.610278725624,0.546626567841,0.709471523762,0.990829348564,0.921554863453,0.759652435780,0.861285984516,0.630495965481,0.723836004734,0.878148734570,0.740805804729,0.751293003559,0.493910312653,0.389218658209,0.253172188997,0.188174143434,0.077045246959,0.229106619954,-0.032038047910,0.141895130277,0.259304881096,0.166145920753,0.282814800739,0.476936399937,0.434452235699,0.699659287930,0.419157594442,0.531862914562,0.482324093580,0.231917753816,0.008561041206,0.092311069369,-0.256761252880,-0.237840518355,-0.214338824153,-0.195529222488,-0.192417621613,-0.375804960728,-0.228559210896,-0.548894405365,-0.938841581345,-1.062268733978,-1.199949145317,-1.275673270226,-1.193516135216,-0.866653084755,-1.112840533257,-0.958116233349,-0.927086591721,-0.675552546978,-0.442523509264,-0.410032689571,-0.378328025341,0.374825417995,0.147509202361,0.393342763186,0.648128390312,0.385098665953,0.192236512899,0.316672056913,0.254159986973,-0.148130699992,-0.476751178503,-0.501166641712,-0.144212380052,-0.222471818328,0.093673422933,0.310440599918,0.299187809229,0.529418051243,0.863623797894,0.791414678097,0.585418760777,0.345890730619,0.436510175467,0.571111917496,0.336745232344,0.495820075274,0.362679451704,-0.039496030658,0.012343538925,0.092368692160,0.279324531555,0.028942903504,-0.290770798922,0.057918731123,-0.110536210239,-0.067319415510,0.414975851774,0.558896005154,0.151518076658,0.051749020815,-0.095237463713,-0.131667166948,0.035911094397,0.069126285613,0.123657643795,-0.186182051897,-0.206016510725,0.150320351124,-0.183391481638,-0.187877804041,-0.260354429483,-0.413753449917,-0.377039760351,-0.304575473070,-0.268450349569,-0.396841257811,-0.331723839045,-0.163404747844,0.064788147807,0.039384905249,0.126164227724,-0.142817094922,-0.136458054185,-0.243051245809,-0.176896631718,-0.213252231479,-0.214083641768,-0.278324365616,-0.231847792864,-0.487329006195,-0.468157231808,-0.169821411371,-0.331629216671,-0.073740191758,-0.085923217237,-0.286412060261,-0.167948678136,-0.157490223646,-0.254674494267,0.137178331614,0.001679281006,0.398619323969,0.354546427727,-0.034729834646,-0.214552849531,-0.053045522422,-0.236531674862,-0.271492004395,-0.314017325640,-0.240145415068,-0.206600949168,-0.138108521700,-0.061750620604,-0.164446070790,0.231654345989,0.615308344364,0.768328666687,0.832054913044,0.930399835110,0.838385164738,1.017739057541,1.261358141899,1.153456211090,1.243404746056,0.868352949619,0.476866424084,0.414572507143,-0.011273408309,-0.196665212512,0.148385882378,-0.009943977930,-0.338478028774,-0.360316902399,-0.251357078552,0.102818921208,0.081552147865,0.165911316872,-0.022797888145,-0.140528663993,0.061882328242,0.329690605402,-0.019278805703,-0.309382826090,-0.186223223805,-0.459139287472,-0.667987525463,-0.576260924339,-0.383905053139,-0.447845309973,-0.526746809483,-0.537542819977,-0.391939252615,-0.520647108555,-0.331509828568,-0.459291607141,-0.626231908798,-0.589629352093,-0.600639283657,-0.767225682735,-0.741888284683,-0.621696174145,-0.553685307503,-0.405620425940,-0.144566342235,-0.116133801639,-0.000851988152,0.227505549788,0.095797218382,0.173184081912,0.304081588984,0.292655885220,0.343182474375,0.122184157372,0.206539213657,0.308695465326,0.539337337017,0.529397487640,0.285387217999,0.407114505768,0.683990061283,0.501965105534,0.267129182816,0.188647463918,0.138705328107,0.256464898586,0.250229358673,0.303641170263,0.552129507065,0.608899891376,0.678841114044,0.473186820745,0.440041631460,0.781182587147,0.899880588055,0.783709764481,0.420005500317,0.494239568710,0.308979481459,0.029449155554,-0.377220869064,-0.075127243996,-0.362132012844,-0.647227048874,-0.625198781490,-0.780120730400,-1.067689299583,-0.893188178539,-0.405752182007,-0.278221458197,-0.144854456186,0.027889236808,0.313515186310,0.248241364956,-0.000827292854,0.214342936873,-0.047542586923,0.006132668816,-0.033906657249,-0.275661408901,-0.242676690221,-0.089549310505,-0.379743903875,-0.547758400440,-0.344178527594,-0.507756173611,-0.344396680593,-0.402327746153,-0.688608109951,-0.775692045689,-0.410901129246,-0.745543181896,-0.394145369530,-0.358250737190,-0.166166514158,-0.121365092695,0.046674132347,0.526055335999,0.795592308044,0.559484601021,0.841472148895,0.663027882576,0.320450454950,0.362560093403,0.269639849663,-0.111668072641,0.334489732981,0.217207595706,0.101287811995,0.137075439095,-0.142446666956,-0.070245809853,0.140047103167,0.394890367985,0.399981707335,0.387263596058,0.483398348093,0.227962404490,0.186906442046,0.238890066743,0.120986439288,0.238853022456,0.205316811800,-0.019003041089,-0.026749135926,-0.254620999098,-0.197702422738,0.139997705817,-0.234037443995,-0.218232452869,-0.034503463656,-0.017373150215,0.139952436090,-0.093154817820,-0.140590399504,-0.117562025785,-0.662517547607,-0.937314569950,-0.354019612074,-0.244084313512,-0.344931721687,-0.415486216545,-0.269853860140,-0.132177531719,-0.092619761825,-0.167179003358,0.061170279980,0.317956209183,-0.043225023896,0.196438848972,0.369890451431,0.163943916559,0.461024373770,0.400113403797,0.334526777267,0.635212719440,0.550129175186,0.264865428209,0.249830111861,0.180086433887,0.284296512604,0.268417418003,-0.207049578428,-0.321672886610,-0.444182187319,-0.390194147825,-0.254003584385,-0.310337722301,-0.347886949778,-0.282938271761,-0.103996060789,-0.058165684342,-0.025230374187,0.006968193222,0.030008917674,0.208160877228,0.332423537970,0.281106710434,0.361057758331,0.325060248375,0.124666042626,0.021369675174,-0.056943267584,-0.194846004248,-0.573861360550,-0.726470112801,-0.779997229576,-0.858400702477,-0.990598797798,-0.951901257038,-0.983309566975,-0.910174429417,-0.627516031265,-0.276731520891,-0.340630620718,-0.425384938717,-0.352105736732,0.168463170528,0.460876226425,0.569177508354,0.520342528820,0.629413485527,0.781417250633,0.711801171303,0.558480322361,0.551388621330,0.510073363781,0.408904910088,0.314840495586,0.313716858625,0.224175781012,0.016006676480,-0.178468883038,-0.195006519556,-0.221998482943,-0.207531139255,0.187375664711,0.070842608809,0.029403882101,0.139639616013,0.285654753447,0.390980273485,0.747605264187,0.801807284355,0.389980107546,0.357695102692,0.820378184319,0.366881757975,0.135025724769,0.260202139616,0.004856743850,-0.230045050383,-0.393305748701,-0.534431159496,-0.453331798315,-0.955531537533,-0.917319595814,-0.554862439632,-0.844542562962,-0.963030636311,-0.542485952377,-0.304472595453,-0.330015778542,0.095340356231,0.309773832560,0.223764210939,0.068722926080,0.322936445475,0.482060670853,0.475479364395,0.370989412069,0.398726344109,0.106247454882,0.138371944427,0.021443760023,-0.110202811658,-0.228065297008,-0.578166604042,-0.558879554272,-0.626766979694,-0.767571330070,-0.581739187241,-0.643197536469,-0.476286083460,-0.119673468173,-0.018537946045,0.120974093676,-0.169804945588,-0.086408890784,0.226995185018,0.431995064020,0.873259007931,1.127917170525,0.989602744579,0.949851572514,0.898802280426,1.095084667206,0.718258976936,0.114610925317,-0.127831161022,-0.109737724066,-0.456834405661,-0.546301364899,-0.647774398327,-0.587299764156,-0.623585402966,-0.329748243093,0.125690892339,0.164709478617,-0.092204049230,0.229793980718,0.309032976627,0.591958880424,0.623404264450,0.391614109278,0.395536541939,0.650663793087,0.051444444805,0.169780254364,0.030251754448,-0.298994332552,-0.332691103220,-0.509270787239,-0.818826496601,-0.968261957169,-0.753507375717,-0.638896465302,-0.600141286850,-0.651408791542,-0.502072095871,-0.224587365985,-0.106325656176,0.037985503674,0.409291803837,0.249895960093,0.618267655373,0.724716722965,0.497573465109,0.257279843092,0.212326154113,0.111820355058,0.183605507016,-0.068673536181,-0.078547552228,0.034203004092,0.116561852396,-0.061845287681,0.147859051824,0.165079906583,0.140857920051,0.048921406269,0.170364707708,0.171603590250,-0.099933683872,0.137207135558,0.191026449203,-0.099233984947,-0.200698778033,-0.098217368126,-0.247249439359,-0.046785261482,0.068550065160,0.020455949008,0.228732064366,0.158366903663,-0.342560976744,-0.040064025670,-0.075822830200,-0.227517887950,0.022423341870,0.129563942552,-0.070188187063,-0.179683059454,-0.190713644028,-0.168018653989,0.001555804512,-0.348755389452,-0.386444538832,0.180835530162,0.213844925165,-0.208185568452,-0.140405178070,-0.315190345049,-0.293619006872,-0.104510553181,-0.171558320522,-0.120414331555,-0.137182444334,-0.159576967359,0.083704754710,0.150139257312,0.176410943270,0.453208327293,0.495708942413,0.213478595018,0.277439445257,0.337374985218,0.298607438803,0.277632892132,0.294746756554,0.221751525998,-0.022229893133,0.057408358902,-0.237828180194,-0.184408098459,0.036121007055,-0.103341639042,-0.082568764687,-0.133387595415,-0.098698921502,-0.046472456306,0.023629294708,-0.297035187483,-0.276303470135,-0.328352957964,-0.163577616215,-0.235980153084,-0.486127167940,-0.340573012829,-0.250011205673,-0.173229366541,0.083313740790,0.087088011205,0.052226465195,0.175390198827,0.079407766461,0.356546759605,0.577331066132,0.451932400465,-0.103810846806,-0.375261694193,-0.542144358158,-0.289227336645,-0.505401849747,-0.304443776608,-0.414465487003,-0.168154478073,0.215022057295,0.078107148409,0.143261611462,0.234416097403,0.453961521387,0.606418013573,0.558957755566,0.495198577642,0.352488487959,0.424714058638,0.216108649969,-0.067389383912,-0.121291011572,-0.124534323812,-0.270998090506,-0.165841355920,-0.193607121706,-0.303653508425,-0.171467766166,-0.296335488558,-0.200402438641,-0.059054717422,0.026057668030,0.215017944574,-0.079802893102,0.026419864967,0.146541967988,-0.129864394665,0.259728789330,-0.244401246309,-0.022390414029,0.110449768603,0.023666338995,-0.073382109404,-0.175896465778,-0.250336349010,-0.319808363914,-0.589024305344,-0.537151813507,-0.648313641548,-0.614229977131,-0.483719378710,-0.210963800550,0.234111532569,0.386942565441,0.613913059235,0.594510793686,0.678495407104,0.511633336544,0.773197770119,0.799498319626,0.680417537689,0.706664502621,0.034820385277,-0.235436856747,0.019023619592,-0.433785468340,-0.769448220730,-0.353163480759,-0.705248653889,-0.676700830460,-0.507846713066,-0.422351509333,-0.273611694574,-0.036145702004,0.307958751917,0.217804387212,0.334880739450,0.633698105812,0.495116263628,0.701112210751,0.529051721096,0.322356104851,0.373734712601,0.072727687657,-0.082029588521,-0.217215821147,-0.526059448719,-0.221187651157,-0.453998595476,-0.239791452885,-0.150345042348,-0.268495649099,-0.359152108431,-0.266400635242,-0.135787159204,-0.033235769719,0.024312533438,-0.059696793556,0.033050555736,-0.051609080285,-0.218039005995,-0.011915486306,-0.015167036094,0.097484730184,0.505126059055,0.081177599728,0.242339178920,0.414807140827,0.139940083027,0.095237463713,0.144525185227,-0.338729083538,-0.352825999260,-0.224077001214,-0.082502909005,-0.127682983875,-0.130296573043,-0.026300504804,0.254225879908,0.294750869274,-0.022291632369,0.200682327151,0.215968698263,0.150279194117,-0.126995623112,-0.086779318750,-0.192722201347,-0.001728671719,0.050555415452,0.083955824375,0.026234649122,0.233720511198,0.038993895054,0.010952369310,-0.019739784300,-0.069723092020,-0.294783771038,-0.373882859945,-0.147529780865,-0.116463087499,-0.067648686469,0.368853271008,0.676618576050,0.155815050006,0.350014865398,0.565839469433,0.440778344870,0.154300406575,0.091026909649,0.276756227016,0.382839024067,0.439893424511,0.364523351192,0.255925714970,0.520494818687,0.398508191109,0.219389006495,-0.000308691378,-0.087380237877,-0.363918304443,-0.354492962360,-0.325266033411,-0.209753736854,-0.511839091778,-0.325533568859,-0.212309688330,-0.337782442570,-0.130308911204,-0.101337201893,-0.286506742239,-0.209654957056,-0.329513639212,-0.413983911276,-0.438053637743,-0.468144893646,-0.308526724577,-0.491728872061,-0.624939501286,-0.638307869434,-0.503916025162,-0.417988657951,0.050440166146,0.493354648352,0.572704792023,0.845262825489,1.070837974548,1.025485038757,0.762920439243,0.875913798809,0.598054587841,0.477026969194,0.182753518224,-0.038063704967,-0.080609604716,-0.520959913731,-0.698354542255,-0.347261309624,-0.452718526125,-0.405348807573,-0.242034614086,-0.389407992363,0.034182425588,-0.126238316298,-0.241260826588,0.125456288457,0.426570326090,0.641176640987,0.629191219807,0.304098039865,0.286803096533,0.138660043478,0.014261540957,0.281028509140,0.440486103296,0.551104664803,0.280090093613,0.112713508308,-0.225476399064,-0.464778095484,-0.406982809305,-0.539884746075,-0.712978303432,-0.819336891174,-0.842966198921,-0.625532209873,-0.622251808643,-0.390593379736,0.009820501320,0.465819388628,0.260757774115,0.097562931478,0.568947017193,0.586435377598,0.332407087088,0.501668751240,0.456237614155,0.390107691288,0.413930445910,0.368515759706,0.087853565812,-0.118944957852,-0.302887976170,-0.270804643631,-0.374541431665,-0.704203248024,-0.526425778866,-0.794797897339,-0.782919526100,-0.308250963688,-0.261226981878,-0.331736207008,0.067072458565,0.217125281692,0.305448055267,0.612558901310,0.595840156078,0.714789271355,0.659414172173,0.643872559071,0.515510499477,0.305806130171,0.054107423872,-0.339177727699,-0.695016562939,-0.797934234142,-0.716768980026,-0.787846207619,-0.911265134811,-0.595231056213,-0.573124587536,-0.308362096548,0.027004322037,0.290807843208,0.186317890882,0.201752439141,0.304686605930,0.338288694620,0.347578227520,0.264239817858,0.207123681903,-0.031655270606,-0.216141581535,-0.147377490997,-0.346224129200,-0.026646237820,0.034515809268,-0.009524158202,-0.023534629494,0.306127160788,0.161038115621,0.406809926033,0.570869147778,0.594679534435,0.640102386475,0.625441610813,0.362099081278,0.095661394298,-0.052193537354,-0.212252065539,-0.298574507236,-0.518325746059,-0.604380667210,-0.486905068159,-0.374496132135,-0.474829077721,-0.290466219187,-0.161248013377,-0.082391783595,-0.298533380032,-0.176233947277,-0.263466030359,-0.266569405794,-0.208584815264,0.008692748845,0.109840624034,0.023579904810,0.020525917411,0.015879085287,-0.020007317886,-0.154625564814,-0.279855489731,-0.220343902707,-0.205148041248,-0.395404845476,-0.289560735226,0.048452198505,0.197706535459,0.108893968165,0.019081242383,0.254822671413,0.307300180197,0.396750718355,0.230275526643,0.124427318573,0.014677246101,0.249895960093,0.135350868106,-0.000020579424,0.178357765079,0.119228959084,0.190454348922,0.204872295260,0.364823788404,0.623568892479,0.644292354584,0.584661424160,0.631907701492,0.570078849792,0.332699328661,0.550972938538,0.375413954258,0.162684470415,0.109091535211,-0.077345706522,-0.151917308569,-0.113631352782,-0.001457023202,0.357402861118,0.123336605728,0.240194797516,0.422635525465,0.278340846300,0.339177727699,0.296454846859,0.250735610723,0.251307696104,0.158844351768,0.301673799753,0.016146615148,-0.307090282440,-0.287807345390,-0.264684349298,-0.344804137945,-0.529475688934,-0.647918522358,-0.808491528034,-1.215910553932,-1.099394083023,-1.111165523529,-1.220705628395,-0.936952352524,-0.594737112522,-0.603244662285,-0.266540586948,0.165689051151,0.399232596159,0.481122255325,0.822625398636,0.677766859531,0.719864189625,0.762628197670,0.818958222866,0.341676056385,0.085742115974,-0.060334756970,-0.149534210563,-0.324031263590,-0.533291101456,-0.290960133076,-0.078259438276,-0.296829372644,0.018965996802,0.166504010558,-0.016978025436,0.153065636754,0.550511956215,0.613316237926,0.586707055569,0.724864959717,0.806532382965,0.775412142277,0.689410746098,0.732508122921,0.790570974350,0.537559270859,0.187243953347,0.425417870283,0.049798093736,-0.411074012518,-0.269491672516,-0.004531589337,-0.451673090458,-0.031877528876,-0.274982273579,-0.374973565340,-0.199887961149,0.176336854696,-0.095360934734,-0.096110031009,-0.098102115095,-0.028663022444,-0.207687541842,-0.265655666590,0.252381950617,0.283580362797,0.088141672313,-0.044414516538,-0.156967505813,-0.263622432947,-0.255016118288,-0.453512907028,-0.834738552570,-0.737657070160,-0.420437633991,-0.510653734207,-0.220759600401,-0.113421447575,-0.235766127706,-0.345693171024,-0.097772851586,-0.353122353554,-0.211704656482,-0.248348385096,-0.140582159162,-0.172085151076,0.030404040590,0.130136042833,0.069562569261,0.167532980442,0.611727535725,0.099764935672,0.047797769308,0.214610472322,0.081700317562,0.048946101218,-0.002107333159,-0.271446734667,-0.331378102303,-0.220479726791,-0.255053132772,-0.384106755257,-0.263363122940,-0.030560445040,0.107255846262,0.277488827705,0.132502675056,0.459674388170,0.546103835106,0.477743119001,0.259099066257,0.369771093130,0.344429582357,0.282559603453,0.199254095554,0.306740432978,-0.064993940294,0.001868611784,0.365087240934,0.379990816116,0.361448764801,0.261959612370,0.324023038149,0.264289200306,0.250854939222,0.302603960037,0.158395722508,-0.090936355293,-0.190046861768,-0.163388282061,-0.161511436105,-0.177172377706,-0.388782382011,-0.298949062824,-0.144562229514,-0.210906177759,-0.347648233175,-0.542337834835,-0.606632053852,-0.674428939819,-0.722164988518,-0.526384651661,-0.273307114840,-0.531583011150,-0.535888195038,-0.443161457777,-0.252657711506,-0.160239636898,0.136639147997,-0.101106710732,0.038413554430,-0.113911226392,-0.117356225848,-0.212980568409,-0.292939871550,-0.440432637930,-0.822588443756,-0.801453292370,-0.468980401754,-0.526026546955,-0.120414331555,0.031379505992,0.330978870392,0.647914409637,1.000106573105,1.180538654327,0.994591176510,0.868641018867,0.783071815968,0.694724321365,0.606726706028,0.320503950119,0.210720956326,0.333172649145,0.187647297978,0.220409736037,0.340387791395,0.173348724842,0.390745639801,0.245566040277,0.144850328565,0.054638370872,-0.153613060713,0.041027139872,0.207629933953,0.209387406707,0.071813955903,0.144290581346,0.124752469361,0.347784042358,0.482007175684,0.554203927517,0.450586467981,0.341075152159,0.372644007206,0.232901468873,0.177645713091,-0.222228974104,-0.553018510342,-0.725684046745,-0.741987049580,-0.871485114098,-0.982572853565,-0.777552425861,-0.807771265507,-0.662492811680,-0.265906751156,-0.062853679061,0.024370154366,-0.088602654636,0.020336586982,-0.000193446598,-0.023114807904,0.074785627425,-0.098472550511,0.015702100471,0.062400929630,-0.086322456598,-0.225151255727,-0.025604920462,0.185223057866,-0.094764135778,-0.474495679140,-0.422779589891,-0.321458846331,-0.163314193487,-0.446688741446,-0.308086335659,0.071690477431,-0.207222461700,-0.176188677549,0.106321543455,0.222385376692,0.315169751644,0.725548207760,0.856733798981,0.633516967297,0.857598066330,0.823386907578,0.518140494823,0.481249839067,0.563921511173,0.351805269718,0.332522332668,0.261371046305,-0.016969794407,-0.238350883126,-0.180246949196,-0.267112702131,-0.015920242295,0.044834338129,-0.016183659434,0.112606495619,0.308711946011,0.293590188026,0.275677859783,0.557286739349,0.435905128717,0.428974002600,0.311979949474,0.255654066801,0.216479092836,0.292676448822,0.359287947416,-0.181090712547,-0.470560908318,-0.401681572199,-0.563822746277,-0.809413433075,-0.864689767361,-0.797617316246,-0.687204599380,-0.472355425358,-0.478772073984,-0.393713206053,-0.607006549835,-0.748066186905,-0.323932498693,-0.237342506647,-0.367293328047,0.178666442633,0.372878581285,0.056815676391,0.058597855270,0.231045201421,0.408361643553,0.304213285446,0.186161458492,0.055099349469,-0.121439181268,0.378603756428,0.318421334028,0.463975489140,0.427179485559,0.141598790884,0.174064889550,0.437283962965,0.048147618771,-0.135511398315,-0.085845008492,-0.475652247667,-0.386144101620,-0.007869572379,-0.066113457084,-0.195356369019,0.011697344482,0.187157511711,0.249434977770,0.272286355495,0.222953364253,0.234004512429,-0.198336273432,-0.216771304607,-0.341317981482,-0.336259543896,-0.097344800830,-0.186042115092,-0.350726902485,-0.396330893040,-0.451430261135,-0.373343706131,-0.082630500197,-0.003412068821,0.040315091610,0.172681957483,0.096118256450,0.172686070204,0.115215972066,-0.089973248541,-0.258140057325,-0.016945097595,-0.336152553558,-0.037265222520,0.162046507001,-0.252591848373,-0.139363855124,0.360321015120,0.098777122796,0.628046989441,0.931712925434,0.819847226143,0.729067265987,0.968805253506,0.495416700840,0.354764580727,0.122797429562,-0.047168042511,-0.150785446167,-0.301957786083,-0.547206938267,-0.668662548065,-0.785212039948,-0.693773567677,-0.762447059155,-0.751996815205,-0.310033142567,-0.043904144317,-0.082498796284,0.098003335297,0.342812061310,0.356044620275,0.413955122232,0.398635774851,0.351373076439,0.360061705112,0.409036666155,0.485324561596,-0.007589691784,-0.191022336483,-0.094751782715,-0.219705924392,-0.493469923735,-0.682829439640,-0.658483982086,-0.509583592415,-0.556920409203,-0.399524807930,-0.228040605783,0.074258796871,0.058396175504,0.609220981598,0.792756438255,0.718781709671,0.832203090191,0.315178006887,0.022760843858,0.091006331146,0.210148856044,0.314033806324,0.051934234798,0.061857633293,-0.108568817377,-0.075164288282,0.075843416154,-0.028111493215,0.002527153352,0.243376389146,0.010647794232,-0.075649961829,-0.212095677853,0.191014111042,-0.283518612385,-0.353147029877,-0.249686047435,-0.286905974150,0.065714217722,0.129201740026,-0.124291494489,-0.019990852103,0.084898360074,0.274340182543,0.491362541914,0.349471539259,0.104382961988,0.325080811977,-0.144566342235,-0.424825161695,-0.328941524029,-0.637863397598,-1.005049705505,-1.113449692726,-1.110436916351,-1.143059492111,-0.903873026371,-0.638299643993,-0.456785053015,-0.243779748678,-0.093780443072,0.032317928970,0.301389783621,0.328155398369,0.501981556416,0.654108762741,0.835623443127,1.036256313324,0.676626801491,0.624787211418,0.886335253716,0.760245144367,0.466679602861,0.423849701881,0.367515593767,0.272718548775,-0.326204478741,-0.323105216026,-0.546745896339,-0.760212123394,-0.711360752583,-0.368832647800,-0.526635706425,-0.219286113977,-0.067521095276,-0.142125621438,0.385987669230,0.433748424053,0.449709832668,0.944813728333,0.580813109875,0.287675648928,0.187071084976,0.080440856516,-0.058367360383,-0.073011681437,-0.361732780933,-0.321092516184,-0.364185839891,-0.320812672377,0.034058947116,0.138149678707,0.056790981442,0.135593712330,0.193228438497,-0.048744425178,0.018373310566,0.073312141001,0.038471177220,0.215581834316,0.317071318626,0.188194721937,-0.020888116211,-0.006832369138,0.317799806595,0.284144222736,0.340239614248,0.333744764328,0.439407736063,-0.170994430780,-0.120200298727,0.093294762075,-0.067158892751,-0.104378841817,-0.080584906042,-0.253509700298,-0.565041005611,-0.495025694370,-0.438572227955,-0.327546238899,-0.314284861088,-0.419108211994,-0.315050423145,-0.185317724943,-0.188157662749,-0.099493287504,0.035343103111,0.018101662397,0.170541688800,0.069414399564,0.415510952473,0.111404657364,0.246829614043,0.564649999142,0.148106008768,0.149941682816,0.377410173416,-0.104909792542,-0.251715153456,-0.272483915091,-0.898950397968,-0.613299787045,-0.609278559685,-0.789336204529,-0.800148606300,-0.276953786612,-0.699898004532,-0.451257377863,0.075069628656,0.056523445994,0.134544163942,0.447059184313,0.335115343332,0.418186247349,0.369388312101,0.430842578411,0.661068737507,0.533834397793,0.456410497427,0.330859512091,0.429636627436,0.523437678814,0.203106567264,0.184210538864,0.008067133836,-0.404204577208,-0.216141581535,-0.345936030149,-0.475746899843,-0.705668449402,-0.364873200655,-0.274735301733,-0.212663650513,0.005095465574,0.075044929981,0.373891085386,0.329702973366,0.697864770889,0.869007408619,0.468589395285,0.455624341965,0.351138502359,0.418811887503,0.126666352153,-0.239108219743,0.009832848795,0.033849038184,-0.402578830719,-0.592209994793,-0.654047012329,-0.540477454662,-0.699902176857,-0.453233003616,-0.376163065434,-0.770341396332,-0.697461426258,-0.550701320171,-0.550141513348,-0.127946391702,0.136005312204,-0.044118169695,0.440514922142,0.295660465956,0.564781725407,0.627063274384,0.518601536751,0.419153481722,0.293647825718,0.185984492302,0.206555694342,0.115899205208,-0.097599983215,-0.363498508930,-0.759615361691,-0.571696400642,-0.840027451515,-0.864780366421,-0.940319180489,-1.202809691429,-0.918739616871,-0.353570967913,-0.008363477886,0.329423069954,0.548857390881,0.411543220282,0.623766481876,0.867842555046,0.707701683044,0.733113229275,0.871308147907,0.763360857964,0.719641923904,0.342894375324,0.131029203534,-0.307468950748,-0.232506334782,-0.235951334238,-0.724473953247,-0.759158492088,-0.789319694042,-1.193404912949,-0.803190231323,-0.647288739681,-0.697984099388,-0.423940241337,-0.113149799407,0.097402416170,0.467539817095,0.483888119459,0.745687186718,0.939693570137,0.731882572174,0.785891175270,0.667732357979,0.562946021557,0.535847067833,0.396738350391,0.044982504100,-0.338757902384,-0.392836511135,-0.390033602715,-0.554175078869,-0.764554440975,-0.206498056650,-0.085552781820,-0.153691262007,0.043710697442,0.101670585573,0.194471448660,0.366877645254,0.518667340279,0.676976621151,0.423384636641,0.516675233841,0.502076208591,0.380937516689,0.191446259618,0.042451236397,-0.198694348335,-0.264272719622,-0.675601899624,-0.842501103878,-0.743110656738,-1.317074894905,-1.365811109543,-0.929724872112,-0.822851836681,-0.681812822819,-0.568638265133,-0.391581177711,-0.117475584149,0.081753820181,0.261580944061,0.420371770859,0.387177169323,0.711764097214,0.812125802040,0.621626198292,0.586937546730,0.434209376574,0.336831688881,0.250274628401,0.145941048861,-0.071245968342,0.045995015651,0.166837394238,-0.204279601574,0.076263226569,0.303003221750,0.003959481139,0.084433265030,0.000481558527,0.087396696210,-0.036544941366,-0.219681248069,0.015109414235,-0.018122240901,-0.070912577212,0.179654255509,0.409942150116,0.185774594545,0.421783566475,0.546996951103,0.260671347380,0.212992936373,0.109461963177,0.062590263784,-0.088108748198,0.074390500784,-0.149192601442,-0.212099790573,-0.263387829065,-0.408019989729,-0.511139392853,-0.609994709492,-0.780178308487,-0.413712292910,-0.404538005590,-0.452508628368,-0.420980930328,-0.219825297594,-0.315033942461,-0.180399239063,-0.291610449553,-0.232020661235,-0.027979785576,0.056490521878,-0.024250794202,0.138491287827,0.484307974577,0.671049773693,0.407550811768,0.472742319107,0.264988899231,0.062684930861,0.150340929627,-0.331143528223,-0.286206275225,-0.186429008842,-0.261012971401,-0.043578989804,-0.204497739673,-0.307938158512,0.192232400179,0.248212546110,0.430019408464,0.366811782122,0.285815298557,0.558797240257,0.685953378677,0.631380856037,0.554018676281,0.584200501442,0.706635653973,0.745683133602,0.157630160451,-0.117529086769,0.206876724958,0.107675664127,0.069344431162,-0.075896918774,0.105572454631,-0.110709078610,-0.283037066460,-0.213433340192,-0.392342597246,-0.475018382072,-0.310963332653,-0.429817736149,-0.490156590939,-0.682244956493,-0.514197468758,-0.531805276871,-0.503541469574,-0.433501452208,0.086577638984,0.162025928497,0.129942595959,0.228180542588,0.219907611609,0.417445391417,0.794797897339,0.472729980946,0.363156855106,0.557932913303,0.137305930257,0.187515601516,0.030420506373,-0.380299508572,-0.473013937473,-0.579026818275,-1.065014123917,-0.819600284100,-1.113919019699,-1.228406429291,-0.676647365093,-0.692917466164,-0.744695305824,-0.425323188305,-0.324525177479,-0.005519401748,0.062915414572,0.231041088700,0.825465440750,0.559813857079,0.442704558372,0.521441459656,0.296565979719,-0.157004550099,-0.016990372911,-0.135737776756,-0.458991140127,-0.635076940060,-0.424034923315,-0.403574854136,-0.433493226767,-0.349776118994,0.319532603025,0.505307197571,0.563110649586,0.807660043240,0.990479469299,1.041569948196,1.156040906906,0.916142463684,0.766418933868,0.573095798492,0.712352633476,0.493013054132,0.139228045940,-0.263066768646,-0.286975950003,-0.280806243420,-0.502566039562,-0.766410708427,-0.654347479343,-0.669152379036,-0.870184540749,-0.467980235815,-0.237396001816,-0.382365703583,-0.080934762955,-0.113812446594,-0.173431038857,-0.041652753949,-0.094039738178,-0.000913726399,-0.107231147587,-0.259000301361,-0.055531520396,0.191660299897,-0.059725604951,-0.048641528934,-0.180205792189,-0.218475297093,-0.214384108782,-0.358921617270,-0.418556690216,-0.262161284685,-0.163622885942,-0.115849815309,-0.297335654497,-0.287807345390,-0.483595907688,-0.466412067413,-0.643749117851,-0.752070963383,-0.621445119381,-0.668407380581,-0.402101367712,-0.227357372642,-0.159860968590,0.238992974162,0.456863194704,0.684516966343,0.836973369122,0.972246110439,1.105785965919,1.012026190758,0.447804182768,0.665419220924,0.352805435658,0.254715651274,0.080634303391,-0.291519910097,-0.315906524658,-0.227419108152,-0.481171637774,-0.305295765400,-0.492761939764,-0.177546933293,0.046912852675,0.266240119934,0.500944375992,0.593037247658,0.683088719845,0.731878399849,0.658944904804,0.552092492580,0.542288422585,0.314642935991,0.165820777416,-0.307160258293,-0.114273428917,-0.016183659434,0.045641046017,-0.170858621597,-0.140376374125,-0.092418082058,-0.095216877759,-0.049682848155,-0.271874785423,-0.257263392210,-0.039446640760,-0.320219963789,-0.173974335194,-0.234910011292,-0.293256789446,-0.213425084949,-0.111486978829,-0.199801519513,-0.091718383133,-0.143533259630,-0.273780435324,-0.364799112082,-0.181555792689,-0.292865782976,-0.313712745905,-0.174636989832,-0.145414218307,0.223537817597,0.338502705097,0.242244511843,-0.001708092284,-0.015541581437,-0.116409569979,-0.320075899363,-0.479146629572,-0.508167743683,-0.515876770020,-0.495017468929,-0.619156658649,-0.507221043110,-0.540267527103,-0.529175221920,-0.302291154861,0.120360821486,0.255123138428,0.589205384254,0.611283004284,0.397310495377,0.508982658386,0.658957302570,0.396265059710,0.180259287357,0.311593085527,0.221385210752,0.185502931476,0.267318487167,0.484283238649,0.229658141732,0.171615928411,0.075312457979,-0.055897831917,0.074538677931,-0.149394273758,-0.111598096788,-0.175361394882,-0.386942565441,-0.109680093825,0.264532059431,0.167961031199,0.410534828901,0.197982311249,0.046921089292,0.189120799303,0.288313627243,0.073229826987,0.124896526337,0.285539507866,0.129156470299,-0.262387663126,-0.196405917406,-0.061857633293,-0.262959778309,-0.494054347277,-0.611748099327,-0.612616539001,-0.441585063934,-0.641868114471,-0.372549325228,-0.181103050709,-0.024341342971,0.386045306921,0.380567073822,0.377060323954,0.164602473378,-0.045525804162,-0.060359451920,-0.011894907802,-0.274290800095,-0.202448025346,-0.490271836519,-0.489127635956,-0.254460483789,-0.234979987144,-0.084807805717,0.012693389319,-0.075328923762,0.203407019377,-0.119759902358,-0.056972075254,-0.070916697383,0.034618709236,0.073065191507,0.218952730298,0.301793158054,0.436168551445,0.620794832706,0.749564409256,0.520959913731,0.451380848885,0.277637004852,0.263754129410,0.371759086847,0.434374034405,0.217466890812,-0.112561218441,0.081527449191,-0.039450757205,-0.161515548825,-0.085775040090,-0.118842057884,-0.240347087383,-0.221533387899,0.037610955536,-0.048168200999,0.015784418210,-0.000131708322,-0.250356912613,-0.128485575318,0.088223993778,0.026580385864,-0.201962351799,-0.304295599461,-0.224723204970,0.141133695841,0.072283171117,-0.105790585279,-0.101975157857,-0.154666721821,-0.249011039734,-0.646996498108,-0.547659635544,-0.397174686193,-0.465012669563,-0.301863104105,-0.313869148493,-0.162865564227,-0.368445813656,-0.365502923727,-0.438242971897,-0.366354942322,-0.208893492818,0.099624991417,0.043941188604,-0.022991333157,-0.047867741436,0.211523547769,0.222249552608,0.378879547119,0.361959129572,0.048929639161,-0.026658585295,-0.252517789602,-0.512497603893,-0.359139770269,-0.169327497482,-0.280320554972,0.172694310546,0.189375981688,0.256699502468,0.383435845375,0.493745654821,0.604627609253,0.306497603655,0.167174890637,0.638406693935,0.731413364410,0.511760890484,0.663521826267,0.689097940922,0.763529539108,0.809866249561,0.459851354361,0.357616901398,0.181518748403,-0.382192820311,-0.633755743504,-0.647729158401,-0.649688303471,-0.332616984844,-0.393737882376,-0.602014005184,-0.587266802788,-0.294010013342,-0.248982235789,-0.144599258900,0.069636657834,0.148340597749,0.235762000084,0.016973908991,-0.035906977952,-0.105078540742,-0.127868190408,0.041344065219,-0.049308303744,-0.100390553474,-0.218088388443,-0.286259800196,0.021122721955,-0.021888276562,0.019904419780,0.138804107904,0.006433128379,-0.060429424047,0.028576588258,0.096381679177,0.001214185962,-0.140442222357,0.086207211018,0.123406574130,-0.031416550279,-0.135095685720,0.125563308597,0.100637502968,-0.001090709469,0.070834383368,0.264470279217,0.014961241744,-0.267277330160,-0.368063032627,-0.070575080812,-0.027975670993,-0.052592776716,0.043010994792,-0.027864541858,0.062948346138,0.105988152325,0.273796886206,0.098073311150,0.409180700779,0.185889825225,0.159000754356,0.255818724632,0.185124278069,-0.232428148389,-0.041784465313,-0.204839363694,-0.096587471664,-0.024460703135,-0.254205286503,-0.439313083887,-0.231514409184,-0.169199913740,0.165269240737,0.450277805328,0.545268297195,0.440490216017,0.500026524067,0.312107563019,0.181004270911,-0.077897243202,-0.106831908226,-0.330320328474,-0.593852221966,-0.620691895485,-0.530574619770,-0.722518861294,-0.651252329350,-0.255308359861,-0.381847113371,-0.421532481909,-0.181934460998,-0.129395186901,0.051769599319,0.130584672093,0.254419326782,0.541810929775,0.640962660313,0.748909950256,0.673762142658,0.463996052742,0.604763448238,0.666822731495,0.746308743954,0.298566281796,0.180786132813,0.254732131958,-0.155403465033,-0.108597621322,-0.078296482563,-0.018056387082,-0.139903038740,-0.072176158428,-0.272302806377,-0.193207874894,-0.173373416066,0.008067133836,0.356970667839,0.177365824580,0.100625149906,0.203053057194,0.315951794386,0.034075409174,0.053111381829,-0.128761351109,-0.192442312837,-0.136725574732,-0.207959204912,-0.119080789387,-0.053588822484,-0.036985341460,0.126258894801,-0.080354422331,-0.159947395325,0.014380902052,-0.245656594634,-0.451014578342,-0.738546192646,-0.822847723961,-0.294627398252,-0.142508387566,-0.712500810623,-0.743781566620,-0.408839106560,-0.201987057924,0.093574643135,0.265565127134,0.092665039003,0.381740093231,0.413658767939,0.273743391037,0.465827614069,0.445618629456,0.072246126831,-0.081675618887,-0.016924519092,-0.100394666195,-0.023937987164,-0.064644090831,-0.600079536438,-0.255950421095,-0.000572108023,0.172492608428,0.370232045650,0.357769161463,0.343968629837,0.661682009697,0.467383444309,0.445886135101,0.740188419819,0.804540276527,0.453270047903,0.374846011400,0.051514416933,0.106457360089,-0.053016714752,-0.245434328914,-0.222228974104,-0.525277495384,-0.336769938469,-0.633121848106,-0.924411296844,-0.848432064056,-0.366947621107,-0.404978394508,-0.192989721894,-0.297615528107,-0.282374382019,-0.080782473087,-0.017134429887,0.130127817392,0.079255484045,-0.045064821839,-0.042060229927,0.309251129627,0.153110921383,0.106000505388,0.208321392536,-0.328612238169,-0.013043238781,0.123694695532,-0.119303032756,0.083252005279,0.469922900200,0.317960321903,0.656269609928,0.701540231705,0.230596572161,0.713101744652,0.260280311108,-0.055881369859,0.224805518985,0.108474142849,-0.023402921855,-0.002070290036,-0.276817947626,-0.157074511051,0.118500441313,0.055210478604,-0.160297244787,-0.201332628727,-0.269734531641,-0.113721907139,-0.156872838736,0.114627398551,0.159334138036,-0.155749201775,0.034980908036,-0.103201694787,-0.193364277482,-0.035738226026,-0.118409894407,-0.046760566533,-0.195018857718,-0.112520061433,-0.019875608385,-0.093698114157,0.073723733425,-0.088252805173,0.208115607500,0.320117086172,0.013133788481,0.080934762955,-0.067278251052,-0.596622228622,-0.610443353653,-0.313021272421,-0.323796659708,-0.428513020277,-0.093879215419,0.053712297231,-0.032289117575,0.044686164707,0.466691970825,0.545972108841,0.568556010723,0.813784539700,0.646659016609,0.319244503975,0.331061214209,0.642814755440,0.505862832069,0.141067847610,0.141845747828,-0.040796652436,-0.305213451385,-0.257353931665,-0.112989269197,-0.171430721879,-0.112458325922,-0.138079702854,-0.149550676346,-0.022740263492,0.043776553124,0.132910147309,0.030543982983,0.338934898376,0.509023845196,0.236906215549,0.173406347632,0.049682848155,-0.278472542763,-0.187293335795,-0.298776179552,-0.470984816551,-0.367153406143,-0.487370163202,-0.467358738184,-0.295364141464,-0.375599175692,0.014788375236,-0.039796493948,0.219874694943,0.496869653463,0.539357900620,0.543708384037,0.372816830873,0.383357644081,0.198105767369,0.112985156476,0.224842548370,0.177843272686,-0.120669513941,-0.181720420718,-0.286103397608,-0.054934717715,-0.057947546244,-0.505669414997,-0.262700468302,-0.094871141016,-0.388448983431,-0.376323610544,-0.338144630194,-0.303266644478,-0.015302860178,0.061701230705,-0.267388463020,0.165594398975,0.093278296292,0.019270572811,0.038080167025,-0.226571232080,-0.226789370179,-0.391540020704,-0.514370381832,-0.593267798424,-0.473643690348,-0.288363009691,-0.255403012037,-0.287120014429,-0.421948164701,-0.077358052135,0.521239757538,0.761706173420,0.704306125641,0.687225162983,0.759413659573,0.735924303532,0.538835227489,0.479093104601,0.188890308142,-0.027522923425,-0.238964170218,-0.445511639118,-0.421730041504,-0.127942278981,-0.195199966431,0.063808560371,0.036425583065,0.272755593061,0.612419009209,0.596729218960,0.363601386547,0.438119471073,0.422684937716,0.388839989901,0.265478700399,0.291598111391,-0.419198781252,-0.183321505785,-0.036400888115,-0.222344219685,-0.151423409581,-0.050967004150,-0.028757687658,0.258864462376,0.111581645906,0.195261701941,0.090327210724,0.227810114622,0.064639970660,-0.307674735785,-0.307851731777,-0.243252918124,-0.416313529015,-0.318083822727,-0.473631352186,-0.683586716652,-0.144467562437,-0.132115796208,-0.422931879759,-0.442272424698,-0.447059184313,-0.468490600586,-0.223315566778,-0.326179772615,-0.187297448516,-0.397335171700,-0.334613204002,-0.059951983392,0.136997222900,-0.015907894820,0.222673490644,0.182597115636,0.082021355629,0.072896435857,0.253110438585,0.035199049860,-0.015883199871,-0.159239470959,-0.140121191740,-0.051995974034,-0.378706663847,-0.165536776185,0.050259072334,-0.172299176455,0.124797746539,0.507237553596,0.178505927324,0.479772239923,0.609319746494,0.220977753401,0.419223457575,0.601207315922,0.192907407880,0.246113449335,0.204390719533,0.166331142187,0.164610698819,-0.021867696196,0.054510779679,0.371409207582,0.315157413483,0.231209829450,0.468255996704,0.506262063980,0.405990868807,0.201896503568,0.014417945407,-0.160054415464,0.201213255525,0.004445155617,0.043113894761,-0.050864104182,0.166602790356,0.261140555143,0.118500441313,0.230822935700,0.214470520616,-0.083832345903,-0.001066014171,0.064170762897,-0.186902329326,-0.167866364121,-0.207518801093,-0.087421394885,-0.281958699226,-0.315857112408,-0.023151852190,0.011853748932,0.004696224816,0.059141151607,-0.086112543941,-0.193211987615,-0.245537236333,-0.176781371236,-0.039129719138,0.027592891827,-0.359748899937,-0.390803277493,-0.270672947168,-0.273253619671,-0.051374472678,-0.270273715258,-0.220689624548,0.138997554779,0.201567217708,0.464140087366,0.252196729183,0.191899031401,0.176155760884,0.185795158148,0.275719016790,-0.182811141014,-0.107910268009,-0.186712995172,-0.355550706387,-0.451389074326,-0.240943893790,-0.482887953520,-0.261675596237,-0.382950156927,-0.260490238667,0.155378773808,0.014372670092,-0.012368234806,0.097488850355,0.234127998352,0.286144554615,0.429723083973,0.110206939280,0.052802689373,0.329896420240,0.210157081485,-0.068908147514,0.104325339198,0.124982960522,0.228596255183,0.211955726147,-0.093759864569,-0.137647539377,-0.025341503322,-0.157218575478,-0.121435068548,-0.145953401923,-0.038150135428,0.243269383907,0.541835665703,0.605932354927,0.750856757164,0.744028508663,0.561583697796,0.266791671515,0.293935924768,0.385469079018,0.094064436853,0.248171389103,0.106119863689,-0.098200902343,-0.170204192400,-0.343910992146,-0.367684364319,-0.571004927158,-0.722634136677,-0.666131258011,-0.820271193981,-1.044833898544,-0.908211171627,-0.670345962048,-0.767579555511,-0.311045676470,-0.164466634393,0.094904080033,0.294635623693,0.115705758333,0.099011726677,0.303785234690,0.193697661161,0.254917323589,0.297648459673,0.229518204927,-0.154205739498,-0.197628319263,-0.575561225414,-0.817542374134,-0.628018200397,-0.676585614681,-0.617996037006,-0.253608465195,-0.402060240507,-0.176662012935,-0.029362723231,0.155333489180,0.390971988440,0.373635917902,0.528775990009,0.750469863415,0.804787218571,0.946505367756,0.442247718573,0.275430887938,0.245553702116,0.047213312238,0.022196967155,0.119405940175,-0.200258374214,-0.013113209046,-0.160527735949,-0.359917670488,-0.295121282339,-0.155506357551,-0.159531697631,-0.113236226141,-0.023353531957,-0.270866394043,-0.205312699080,-0.044772598892,-0.179082140326,-0.177337005734,0.006062698551,0.076510183513,-0.091697797179,0.244318932295,0.479875117540,0.163734018803,0.270072013140,0.509575366974,0.292166084051,0.301463872194,0.354562878609,-0.129308760166,-0.285881131887,-0.161750152707,0.148427039385,-0.029848396778,-0.181144207716,-0.029091075063,0.038808677346,0.120159149170,0.143722578883,-0.228806152940,0.037458665669,0.149715319276,0.031140785664,-0.072554819286,0.139067515731,-0.097661711276,0.155000120401,0.292705267668,0.142541334033,0.171533614397,-0.053753454238,-0.083803527057,0.064866349101,-0.407254457474,-0.212437286973,-0.038516450673,-0.155370548368,-0.105794712901,-0.387629926205,-0.521293282509,-0.299117803574,-0.137725740671,0.329488933086,0.305670320988,-0.015035327524,0.618016600609,0.214474633336,0.029045799747,0.200546488166,0.353068828583,-0.180473312736,-0.292227834463,-0.442399978638,-0.214322358370,-0.642600774765,-0.310955107212,0.124126859009,0.068142592907,0.135219171643,0.937005877495,0.876967549324,0.523252427578,0.700758218765,0.847695350647,0.398685187101,0.387247145176,0.318869948387,0.353999048471,0.090351909399,-0.204316645861,-0.055753778666,0.159029558301,0.103502161801,0.173237591982,0.118372850120,-0.156292498112,-0.087590143085,0.036507900804,0.004292867612,-0.000325154891,0.151320502162,0.106440894306,-0.046982824802,0.041652753949,-0.473960608244,-0.486160069704,-0.514465034008,-0.674371302128,-0.638130903244,-0.430986672640,-0.434390485287,-0.284094840288,-0.495914727449,-0.499351531267,-0.114372216165,-0.046159651130,0.132976010442,0.212671890855,0.278945863247,0.718530595303,0.493288815022,0.417305469513,0.563798010349,0.269615173340,0.151052966714,-0.091755419970,-0.190030410886,-0.400339752436,-0.498190820217,-0.204221978784,-0.420404732227,-0.499269187450,-0.168825358152,0.007626734674,0.248327791691,0.524775326252,0.340050280094,0.633895635605,0.529331624508,0.150567308068,0.214606359601,0.302159458399,0.393918991089,0.220603197813,-0.093796901405,-0.273710459471,-0.434711515903,-0.607842147350,-0.554994165897,-0.542757630348,-0.557739436626,-0.326196223497,-0.325517117977,-0.116854086518,-0.567267715931,-0.422339171171,-0.162128821015,-0.379472225904,-0.116409569979,-0.146813616157,-0.261889636517,-0.201019808650,-0.213408634067,0.247422292829,0.462349683046,0.339935034513,0.646691918373,0.510715484619,0.111742161214,0.334547340870,0.434213489294,0.304036289454,-0.027938628569,-0.034536387771,0.097390063107,0.110005252063,0.029156928882,-0.085956141353,-0.238519653678,-0.263284921646,-0.190610751510,-0.276188224554,-0.567053735256,-0.447754770517,-0.459678500891,-0.343273043633,-0.314309537411,-0.354101926088,-0.080469667912,0.137046620250,0.095698438585,0.265449881554,0.491037398577,0.517889440060,0.387749284506,0.268495649099,-0.075876332819,0.007301579695,-0.384378373623,-0.795275390148,-0.903173267841,-1.104835271835,-1.447939395905,-0.985598027706,-0.897653877735,-0.924378395081,-0.606846094131,0.241351380944,0.210210591555,0.520128488541,0.840327918530,0.810479462147,0.990676999092,0.992607355118,0.762368857861,0.751157224178,0.705763161182,0.561237931252,0.225904464722,-0.253077536821,-0.292581796646,-0.596576929092,-0.499721914530,-0.706026554108,-0.719452619553,-0.471083611250,-0.294248729944,-0.456431061029,-0.068122006953,0.079852283001,0.083931125700,0.551911354065,0.777387738228,0.730162084103,0.790311634541,1.074900388718,0.738159298897,0.658047676086,0.730252683163,0.385744839907,-0.012627534568,-0.139454409480,-0.392787128687,-0.241219669580,-0.509398341179,-0.907659649849,-0.713805556297,-0.787632226944,-0.787747502327,-0.470577359200,-0.622778654099,-0.489168792963,0.108782835305,0.314103752375,0.102761298418,0.219553649426,0.310185432434,0.179995879531,0.088808447123,0.202966645360,-0.072427228093,-0.058733679354,0.002416024450,-0.057107899338,-0.098028033972,0.095562614501,0.099810205400,0.161248013377,-0.158667370677,-0.248661175370,-0.317692816257,0.119480028749,0.144516944885,0.025860104710,0.099501520395,0.182424247265,0.107630386949,0.115800425410,0.144986167550,0.546729445457,0.351089090109,0.345261007547,0.461324840784,0.277472376823,0.455978274345,0.382678508759,0.106782518327,0.431188344955,0.373854070902,-0.019571032375,-0.149986967444,-0.020995128900,-0.230917602777,-0.215421289206,-0.038520567119,0.204160228372,0.529586791992,0.254867941141,0.184329912066,0.346602797508,0.011713808402,-0.073361538351,0.487571835518,-0.006671849638,-0.282073944807,-0.243907347322,-0.137668117881,-0.332658171654,-0.294265180826,-0.481587320566,-0.529298663139,-0.554146289825,-0.233806952834,-0.398820996284,-0.402224838734,-0.320376366377,-0.164013892412,0.001477602636,-0.033371597528,-0.187470331788,0.132399782538,0.026316966861,-0.038705781102,0.407472610474,0.241894662380,0.045394092798,0.255995690823,0.356069296598,0.435452401638,0.320738554001,0.056506983936,0.325681746006,0.242372110486,0.076040975749,-0.056774519384,-0.252550691366,-0.127090290189,-0.075777553022,-0.002354286145,0.169216379523,0.060087800026,-0.034663982689,0.216252714396,-0.129782080650,-0.135297372937,0.121002905071,0.007824297063,-0.189013794065,0.124213285744,0.353505134583,0.182568296790,0.251122504473,0.060935679823,0.079918138683,0.109256163239,-0.038323003799,-0.064701713622,-0.271907716990,-0.461810529232,-0.411530882120,-0.439164936543,-0.367861330509,-0.258893281221,-0.291832685471,-0.526084184647,-0.425146192312,-0.355871737003,-0.168496102095,-0.473100394011,-0.170389398932,-0.117907747626,-0.074703313410,-0.194689601660,-0.068171404302,-0.109013333917,-0.089545197785,-0.173875555396,-0.032309696078,-0.343548804522,-0.119924537838,0.273298859596,0.125299885869,0.002724715741,0.360749065876,0.437024652958,0.220409736037,0.110754340887,0.266565293074,0.217471018434,0.443326085806,0.641563534737,0.355871737003,0.406377792358,0.329505413771,0.508608102798,0.572960019112,0.539732456207,0.584863126278,0.478846162558,0.188474610448,0.090306632221,-0.406353086233,-0.499590218067,-0.231403276324,-0.220611438155,-0.421483099461,-0.327859044075,-0.250212877989,-0.153049170971,0.099258676171,0.087088011205,-0.175085619092,-0.329764693975,0.073908947408,-0.122056566179,-0.701684296131,-0.530825674534,-0.546778857708,-0.405472278595,-0.437353938818,-0.848703682423,-0.580352127552,-0.215750575066,-0.344223797321,-0.275192171335,0.031050235033,0.205884799361,0.447684794664,0.430776745081,0.278978794813,0.195232883096,0.389107525349,0.492049902678,0.298496335745,-0.078724533319,0.097583517432,-0.070274621248,-0.169376894832,-0.234794765711,-0.159214779735,-0.187322154641,-0.109955862164,0.017175588757,-0.242281556129,-0.298981994390,-0.095661394298,0.188351124525,0.348566055298,0.167261332273,-0.064368322492,0.134029671550,0.228752657771,0.104811005294,0.155568093061,0.279978960752,0.258362323046,0.262046039104,-0.071435295045,0.053020827472,0.064067862928,-0.044768478721,-0.119216606021,-0.033581502736,0.118175283074,0.133803293109,-0.192701622844,0.030823862180,0.200106084347,0.453076601028,0.600602269173,0.587254464626,0.196665212512,0.276978462934,0.267450213432,-0.085816197097,-0.191668525338,-0.197150886059,-0.233033180237,-0.138520106673,-0.418042212725,-0.349492102861,-0.299751669168,-0.558760166168,-0.039261426777,-0.063668623567,-0.014306816272,0.051642008126,-0.068599447608,-0.283547431231,0.043628379703,0.205897137523,0.061223790050,0.322310835123,-0.002572427969,-0.071686364710,0.019221182913,-0.371791988611,-0.277246028185,0.041204120964,0.119179569185,-0.075176633894,0.352299183607,0.327896088362,0.105609491467,0.338638544083,0.175147354603,0.065557815135,0.118426352739,0.262128353119,0.045311778784,0.048530399799,-0.066739074886,0.070159375668,0.202102288604,0.187507361174,0.174995064735,0.240948006511,0.195949047804,0.245652481914,0.130308911204,0.201773032546,0.237922847271,0.098550751805,0.027712251991,-0.002971668961,0.015800882131,0.116022683680,-0.108387716115,-0.205460861325,-0.354315966368,-0.312720805407,0.080737195909,-0.155773892999,-0.238783061504,-0.318215519190,-0.035874053836,0.077181071043,0.060182467103,0.353690356016,0.224068775773,0.369952201843,0.576623141766,0.443017363548,0.617637932301,0.521206855774,0.251916855574,0.056379392743,0.003366793739,-0.226476565003,-0.491127967834,-0.826671361923,-0.451068043709,-0.289182066917,-0.604541182518,-0.410761207342,0.014562000521,-0.229868054390,-0.003325635102,0.315289139748,0.597383677959,0.395561248064,0.141063734889,0.236120089889,0.226818189025,-0.021328516304,0.255794018507,-0.031692314893,-0.222685828805,-0.193203762174,0.044258110225,0.092500396073,-0.022476846352,-0.159120112658,-0.073098115623,-0.145722895861,-0.432081490755,-0.285926401615,-0.287206441164,-0.461584150791,-0.572643101215,-0.577590346336,-0.261951386929,-0.088791981339,-0.076234422624,0.137672230601,0.215972825885,0.204934030771,0.591810762882,0.845164060593,0.220907762647,0.199764460325,0.462444335222,0.298327565193,0.282259166241,0.171838194132,-0.065508425236,-0.023419383913,-0.004037683364,0.057194333524,0.109515465796,-0.087536640465,0.101658247411,0.121595583856,-0.164536610246,-0.077996015549,0.206144094467,0.232819139957,0.125970780849,0.091755419970,-0.006902338937,0.229086041451,0.083725333214,0.150118678808,0.050115011632,-0.081346347928,-0.072435453534,-0.130452975631,-0.157078623772,-0.399117350578,-0.439988106489,-0.221138268709,-0.289182066917,-0.464852184057,-0.072711221874,-0.216170385480,-0.361267685890,-0.195479825139,-0.098118588328,-0.101415403187,0.072756499052,-0.024238446727,-0.102563738823,0.118228793144,-0.117175124586,0.095937162638,0.192804515362,-0.102831274271,0.084511466324,-0.006935266312,-0.320903182030,0.026456909254,-0.102580204606,0.143080502748,0.207897454500,0.113088048995,0.113894760609,0.121784918010,-0.050563644618,0.190195038915,-0.065183266997,-0.085359334946,0.361210048199,0.087273217738,-0.162577450275,-0.027411792427,0.056268263608,0.056572835892,0.074690960348,0.041644524783,-0.003992408514,0.036363843828,0.146690130234,-0.054461389780,-0.342890232801,0.029399765655,0.325809329748,0.019558684900,0.100818604231,0.144586920738,0.075160175562,0.187449738383,0.027827497572,-0.201937660575,-0.081070587039,-0.044698510319,-0.063993781805,-0.132626160979,-0.215297818184,-0.161429122090,-0.117578484118,-0.531117916107,-0.089672788978,0.140722110868,-0.023933870718,-0.008021859452,0.248438939452,0.515177071095,0.289729475975,0.143446817994,0.375483930111,0.302830338478,0.141355946660,0.129917904735,0.091179199517,0.065212085843,0.102678984404,0.187499135733,0.155605152249,0.065018631518,0.081008844078,-0.111812129617,-0.117990076542,0.020155487582,0.139960661530,0.142714202404,-0.291207104921,-0.187704920769,0.258510500193,-0.017451351508,-0.280439943075,0.030972031876,-0.209325671196,-0.354250103235,0.042138427496,0.077893123031,-0.077382750809,-0.219430178404,-0.342816174030,-0.223216786981,-0.093105427921,-0.138096168637,-0.166783884168,-0.165178686380,-0.065384946764,-0.101983398199,0.069414399564,0.123027913272,0.047130998224,0.289593666792,0.119521178305,0.259090840816,0.280357629061,0.031972195953,-0.263284921646,-0.050287880003,0.139956548810,0.082865111530,-0.161396190524,-0.117278024554,0.109692446887,0.300912350416,0.372331202030,0.549244284630,0.348570168018,0.619366586208,0.631249129772,0.274076789618,0.136215209961,-0.101880490780,-0.131070360541,-0.076728329062,-0.304970622063,-0.067998535931,0.124608412385,-0.268989533186,-0.155510485172,0.142837673426,0.283609151840,0.600659906864,0.480784744024,0.416062444448,0.915241122246,0.757343411446,0.529483914375,0.433081656694,0.004770310596,-0.353686243296,-0.183160990477,-0.177011862397,-0.245286151767,-0.078736878932,-0.039496030658,-0.005795165896,0.055893715471,0.405624568462,0.138713553548,0.230851754546,0.177555158734,0.059676211327,-0.204777628183,-0.289606004953,-0.587056875229,-0.508620500565,-0.609159231186,-0.692732214928,-0.790961921215,-0.729787588120,-0.462431997061,-0.203979149461,-0.141960993409,-0.246216341853,-0.100353501737,0.198826044798,-0.155057728291,-0.474368095398,-0.417424827814,-0.262251853943,-0.161231562495,0.126481145620,0.309753268957,-0.108424752951,0.081235215068,0.163495287299,-0.008869731799,0.176987156272,0.167487710714,0.027922162786,0.068731158972,-0.083671823144,-0.150571420789,-0.163215413690,-0.097818113863,-0.027053711936,0.119298920035,-0.291565179825,-0.152559399605,0.458587795496,0.350471705198,0.219854101539,0.424705833197,0.535534203053,0.636673867702,0.677281200886,0.642082154751,0.420771002769,0.510176301003,0.389461487532,0.182041481137,0.067858591676,0.227225661278,0.129131779075,-0.132317468524,-0.155148282647,-0.334650248289,-0.385168612003,-0.388819426298,-0.403430789709,-0.381069183350,-0.196064293385,-0.106506749988,0.049345348030,-0.268915444613,-0.176760792732,-0.119665235281,-0.074353456497,-0.081848487258,0.062878370285,-0.054465502501,0.080786585808,0.397001802921,0.209358602762,-0.113351471722,-0.126069560647,-0.042393613607,-0.191005885601,-0.271603107452,-0.207378864288,-0.257135778666,-0.060655795038,0.094583041966,0.469799458981,0.418935358524,0.389831930399,0.294051170349,0.283637970686,0.372524619102,0.357176512480,0.414798855782,0.579948782921,0.449030697346,0.253135144711,0.359526664019,0.204489514232,0.160449534655,0.032066859305,0.003873047652,-0.360045254230,-0.223751842976,-0.269981473684,-0.493173569441,-0.830980658531,-0.688159465790,-0.593420028687,-0.523503541946,-0.549853384495,-0.499079853296,-0.327731430531,-0.411036968231,-0.264103978872,0.085812084377,0.278274983168,-0.261980175972,-0.163235992193,0.234370842576,0.176225721836,-0.002852308331,0.129354029894,-0.286840140820,-0.131687730551,-0.225468173623,-0.092961378396,-0.160844668746,-0.111585758626,-0.019073011354,0.041660986841,-0.004630370531,0.219055622816,0.429397940636,0.242890700698,0.081700317562,0.079930484295,0.101205490530,0.274068534374,0.157634273171,0.131082698703,0.120904125273,0.085178241134,-0.019324079156,0.046324282885,-0.185474127531,-0.084005214274,-0.157815381885,-0.265305817127,0.109914705157,0.336531221867,0.086503550410,-0.058770719916,0.197525426745,0.209568515420,0.138092055917,0.068945184350,0.195590972900,0.597922801971,0.463650286198,0.208045631647,0.304517865181,0.337029248476,0.174562916160,-0.011722039431,-0.142216175795,-0.239733830094,-0.487065583467,-0.520544171333,-0.452665001154,-0.574552834034,-0.557747662067,-0.250451594591,0.250266373158,0.200748175383,0.244393020868,0.178575888276,0.276291102171,0.400607317686,0.178604707122,0.082568764687,-0.166808575392,0.137643426657,0.133387595415,0.013203758746,0.030354650691,0.176003471017,0.081881411374,-0.025082202628,-0.011890790425,-0.040878966451,0.015772070736,-0.100382313132,0.012475247495,-0.229600533843,-0.511563360691,-0.373257249594,-0.297767817974,-0.310263633728,0.034894473851,0.037331074476,-0.113865949214,-0.164713591337,-0.240775153041,-0.198402121663,-0.217047080398,-0.368680387735,-0.392062723637,-0.307888776064,-0.190940007567,-0.427002489567,-0.198241606355,-0.218668743968,-0.164870008826,-0.105790585279,-0.055321607739,0.321351826191,0.347545325756,0.421170264482,0.614509880543,0.474009990692,0.464724540710,0.552516400814,0.362119674683,0.316943705082,0.363473802805,0.389259815216,0.300146788359,-0.089141830802,0.002428371925,0.162997275591,0.009293667972,-0.047209199518,0.088783755898,-0.295841574669,-0.323899567127,-0.120323777199,-0.296129673719,-0.099727891386,-0.020814031363,-0.232596889138,-0.068274296820,-0.081605650485,-0.204452455044,-0.196994483471,0.047624900937,-0.110964260995,-0.178612947464,-0.018653189763,-0.199229419231,-0.156271919608,-0.102246813476,-0.228229925036,-0.241170272231,-0.119891613722,-0.275595515966,-0.316951960325,-0.309514552355,-0.318223774433,0.041591018438,0.310506463051,0.318976968527,0.260551989079,0.149624764919,-0.101929888129,-0.271146267653,-0.077477417886,-0.243964955211,-0.792332589626,-0.600174248219,-0.154835477471,0.046612396836,-0.364877313375,-0.115409411490,0.109107986093,-0.009598243050,0.217952564359,0.443770587444,0.309214085340,0.362922251225,0.247093036771,0.013277845457,-0.057437174022,0.079815238714,0.107321701944,0.007239841390,0.212523713708,0.045015431941,0.236169487238,0.388510733843,0.451483756304,0.438506364822,0.342614501715,0.351340174675,0.368009507656,0.326850652695,0.139083981514,0.182757630944,0.066360414028,-0.066562093794,0.138153791428,0.064718171954,-0.083766490221,0.265845000744,0.362391322851,-0.038993895054,0.071439415216,0.225846841931,0.234440803528,0.200558841228,0.358555287123,0.454294919968,0.295339435339,0.116681218147,0.135042190552,-0.006223218050,-0.090915784240,0.013306655921,-0.261264026165,-0.329398393631,-0.414296716452,-0.444754302502,-0.616851806641,-0.669782042503,-0.585554599762,-0.490444719791,-0.394910931587,-0.372014254332,-0.388234972954,-0.243446364999,-0.140141770244,-0.063528686762,-0.362535357475,-0.520939290524,-0.207148358226,-0.381213277578,-0.307538926601,-0.609776556492,-0.323438584805,-0.451668977737,-0.252213180065,-0.327994883060,-0.481023490429,-0.192689254880,-0.210593372583,-0.134116113186,0.162264645100,0.396112769842,0.310942769051,0.470330387354,0.520206689835,0.213696748018,0.029403882101,0.032424941659,-0.117529086769,0.027461184189,0.062018152326,-0.026226418093,0.120476074517,0.327500969172,0.331542760134,0.507221043110,0.575050890446,0.732195317745,0.629005968571,0.555130004883,0.344495445490,0.300080955029,0.009289552458,-0.055996611714,-0.115878619254,-0.131062120199,-0.228744432330,-0.050942309201,0.180913716555,0.206650346518,0.216483205557,0.110116384923,-0.052790340036,0.270409524441,0.207037240267,-0.033334553242,0.213013499975,-0.051115177572,0.030852671713,0.051749020815,-0.169175207615,-0.197192057967,-0.149097934365,-0.165890738368,-0.103115268052,-0.298241138458,-0.242466777563,-0.685253679752,-0.723317325115,-0.789780735970,-0.560731709003,-0.550046861172,-0.153909400105,-0.305411010981,-0.513966977596,-0.198937192559,-0.204571828246,-0.398006081581,-0.122299410403,-0.021336747333,-0.155135929585,0.021764799953,-0.099555023015,-0.158239319921,-0.019760362804,-0.122826240957,-0.070521570742,-0.067731000483,-0.197961717844,-0.161161586642,0.000963117054,-0.057116135955,-0.116561852396,-0.079732924700,-0.077716141939,0.168615460396,0.099550910294,0.237206667662,0.116397224367,0.378188073635,0.485443919897,0.136705011129,0.138894647360,0.345981270075,0.194792494178,0.036577869207,0.220545575023,0.523594081402,0.559661567211,0.354435324669,0.365449398756,0.760566115379,0.868838608265,0.987273216248,0.699745714664,0.761545717716,0.754289388657,0.373298406601,0.225126549602,0.101386599243,-0.295310616493,-0.447141498327,-0.169492140412,-0.467264086008,-0.655302405357,-0.658298730850,-0.972991049290,-0.991899430752,-0.795156061649,-0.909725785255,-0.668271541595,-0.441963732243,-0.373508304358,-0.216627269983,0.287770330906,0.455315649509,0.214849188924,0.374430298805,0.228695034981,-0.202983096242,0.044019389898,-0.135733649135,-0.224690273404,-0.444231599569,-0.444375634193,-0.509538352489,-0.225953862071,-0.342165857553,-0.365700483322,-0.194911852479,0.190767154098,0.078712180257,0.211926907301,0.152719914913,0.150694891810,0.425915896893,0.162462204695,0.297080457211,0.579504251480,0.508624613285,0.199361115694,0.137598142028,-0.242903068662,0.029992451891,0.013109094463,-0.114195235074,0.174669921398,0.066179312766,-0.308469116688,-0.136774972081,-0.051530878991,-0.313889741898,-0.135692492127,-0.019982621074,-0.340857028961,-0.085058875382,-0.191573858261,-0.346285879612,-0.185054302216,-0.232786223292,-0.019266458228,-0.093154817820,-0.280703365803,-0.241594210267,0.148077189922,0.298825591803,0.038866300136,-0.251048386097,0.101242534816,0.161416769028,0.126707524061,0.033919006586,0.098694808781,0.196064293385,0.103905513883,0.415198087692,0.688036024570,0.519083023071,0.360189318657,0.378965973854,0.565106868744,0.580545544624,0.468959808350,0.421367824078,0.640662193298,0.567531108856,0.383604615927,0.390795052052,0.400335639715,0.333617150784,0.520704746246,0.606961309910,0.400376826525,0.194327384233,0.093426465988,-0.230345502496,-0.390506923199,-0.436431944370,-0.407768964767,-0.494861066341,-0.581039488316,-0.798926234245,-0.718481242657,-0.389193981886,-0.392252057791,-0.124591954052,-0.500384569168,-0.931531786919,-0.546260237694,-0.600952148438,-0.897003591061,-0.862541317940,-0.634381353855,-0.875193536282,-0.782133340836,-0.531101465225,-0.310535281897,-0.122797429562,-0.003831889015,0.034569319338,0.419799685478,0.591382682323,0.884001493454,0.684924423695,0.474400997162,0.656845808029,0.657043397427,0.715172052383,0.402916312218,0.339955627918,0.215194925666,0.065343789756,0.168747156858,0.461629420519,0.156374812126,-0.079720579088,0.259350150824,0.167788162827,0.132408007979,0.235214576125,-0.045007199049,0.168298527598,0.471009522676,0.351620048285,0.182321339846,0.587048649788,0.510620832443,0.301068753004,0.433925390244,0.118401661515,-0.207864537835,-0.191055268049,-0.390342295170,-0.421293765306,-0.419174045324,-0.462847709656,-0.413897484541,-0.393626779318,-0.236852705479,-0.202970758080,-0.343997448683,-0.292487114668,-0.010841241106,-0.005498822313,0.109466075897,0.081317536533,0.036878328770,-0.055823747069,0.104308873415,0.176966592669,-0.249360889196,-0.346442282200,-0.230695351958,-0.276356995106,-0.638311982155,-0.364885538816,-0.234568387270,-0.429385572672,-0.411716103554,-0.134214892983,-0.221360534430,-0.032836530358,0.072628907859,0.021917086095,-0.269668668509,0.033326320350,0.361407637596,0.151872038841,0.268108725548,0.396919459105,0.295524656773,0.423034757376,0.465494245291,0.433188647032,0.239717379212,0.097217194736,0.037857908756,-0.152843385935,-0.579957008362,-0.724264025688,-0.527993977070,-0.665501534939,-0.751408338547,-0.334893077612,-0.227085709572,-0.103592708707,0.486489385366,0.645732939243,0.364877313375,0.272158771753,0.689332544804,0.480113863945,0.629326999187,0.308810740709,-0.016698144376,-0.015504538082,-0.031247798353,-0.145434796810,0.205880671740,0.170611664653,-0.047303866595,0.000744975172,0.332341253757,0.272269904613,0.581677436829,0.137326508760,-0.031033771113,0.216713681817,-0.002119680867,-0.151806190610,0.109729491174,-0.135099798441,-0.082004889846,0.074468702078,-0.003745455295,-0.070904344320,-0.161676064134,-0.091166853905,-0.294240504503,-0.130761668086,-0.354937434196,-0.342153519392,-0.193257257342,-0.495700716972,-0.547034025192,-0.467478096485,-0.454031497240,-0.041582785547,-0.086001418531,-0.536015808582,-0.319367974997,-0.187873691320,-0.181107163429,-0.080580793321,-0.214157715440,-0.319878339767,-0.045171838254,-0.268063455820,-0.077806688845,0.044690277427,-0.084762528539,-0.137137174606,0.039298471063,0.004235245287,0.312770217657,0.434382259846,0.249879494309,0.014948894270,0.420536428690,0.354344755411,0.469906449318,0.295294165611,0.041047718376,0.071180112660,0.177670404315,-0.011182858609,0.237350732088,0.367482662201,0.430739700794,0.234955281019,0.247640445828,0.237387776375,0.534739851952,0.601269066334,0.846925616264,0.978251159191,0.642687201500,0.562209308147,0.392132699490,0.227653712034,-0.010664258152,0.031918685883,0.236050114036,0.188215315342,-0.157658964396,-0.101374246180,0.072789423168,0.051917772740,-0.225480511785,-0.235206350684,-0.184745609760,-0.182284325361,-0.014965357259,0.137145400047,-0.149896413088,-0.056626345962,0.294680893421,0.161400303245,-0.026798527688,-0.093533486128,-0.234193846583,-0.149480700493,-0.519239485264,-0.685196101665,-0.412411689758,-0.709327518940,-0.585801541805,-0.661081075668,-0.502446651459,-0.273586988449,-0.245841816068,0.018011111766,-0.098056837916,0.047970637679,0.326970010996,0.247648686171,0.111116543412,0.104946836829,-0.139952436090,0.034083642066,-0.066763766110,-0.380311906338,-0.062170442194,-0.158737331629,-0.072386063635,0.205205664039,0.309032976627,0.369417130947,0.334131658077,0.345030516386,0.460777431726,0.485962510109,0.222117856145,0.300381392241,0.438028901815,-0.131535440683,-0.104238897562,0.084066949785,-0.176242187619,-0.207308903337,-0.163676396012,-0.398174822330,-0.479764014482,-0.319351494312,-0.068500675261,0.155769780278,0.397104680538,0.262041926384,0.393404513597,0.755273163319,0.660772383213,0.512962758541,0.670218348503,0.367437362671,0.343231856823,0.049691077322,0.053131956607,-0.175044462085,-0.119064316154,-0.504389345646,-0.586307823658,-0.655816853046,-0.755865812302,-0.591135740280,-0.108856916428,-0.232625707984,-0.090751148760,0.458608359098,0.532278597355,0.541053652763,0.650560855865,0.593148410320,0.307411342859,0.405241817236,0.162762671709,0.062824867666,-0.066677331924,-0.074760936201,-0.239709138870,-0.288955688477,-0.394421130419,-0.098620720208,0.063705667853,-0.100304111838,-0.055938992649,0.003337982576,0.006083277985,-0.310625821352,-0.149036183953,-0.145393624902,0.011853748932,-0.066055834293,-0.188717439771,0.018155168742,0.171385452151,-0.115569934249,0.173801466823,0.153814733028,0.147863164544,0.219887033105,0.027716368437,0.114302240312,-0.010623098351,-0.480513125658,-0.381147414446,-0.423294067383,-0.759730637074,-0.841751992702,-0.716744303703,-0.878214597702,-0.556496441364,-0.031630575657,0.088767282665,0.360786139965,0.710656940937,0.722453057766,0.823469161987,0.903852403164,0.674074947834,0.498874068260,0.712887704372,0.547034025192,0.377307265997,0.491547763348,0.180473312736,0.435542970896,0.441144675016,0.137001350522,0.111997343600,0.241989329457,0.159017220140,0.322627753019,0.129782080650,-0.262618154287,-0.370795965195,-0.338128179312,-0.516206085682,-0.380517691374,-0.482097685337,-0.456229388714,0.011285755783,0.041175313294,0.028539545834,0.059951983392,0.373388946056,0.559254050255,0.357419341803,0.373195499182,0.260963559151,-0.033112294972,-0.219989925623,-0.270718216896,-0.281847566366,-0.480488389730,-0.867665588856,-0.816476345062,-0.537797987461,-0.633525252342,-0.438967376947,0.016323599964,0.086980991066,0.261280477047,0.239149361849,0.098287329078,0.051724322140,0.132169306278,-0.016117805615,-0.017974069342,-0.100760981441,-0.274607717991,-0.082017235458,-0.660587191582,-0.693613052368,-0.388757675886,-0.611838638783,-0.318104386330,-0.307983428240,-0.200801670551,-0.061256714165,-0.309535115957,-0.086775198579,0.045241806656,0.022913131863,0.028761804104,0.168249145150,0.151995509863,0.301307469606,0.378072828054,0.370063334703,0.471882075071,0.447223842144,0.614094138145,0.470923066139,0.331765025854,0.571198403835,0.533019423485,0.192145958543,0.142496049404,0.602804243565,0.699762165546,0.447474896908,0.530072510242,0.679549038410,0.408834964037,0.501059591770,0.531854689121,0.256967037916,0.063623346388,0.068595334888,-0.018978344277,-0.066179312766,-0.129000067711,-0.417054384947,-0.096249975264,-0.066014677286,-0.117615528405,-0.145228996873,0.087178565562,-0.106086932123,0.003366793739,0.184045910835,0.058256238699,-0.023209474981,0.141516476870,0.238799512386,0.039109136909,-0.405768632889,-0.389774292707,-0.601491332054,-0.469453722239,-0.305876106024,-0.577545106411,-0.644527018070,-0.303106099367,-0.378397971392,-0.344861775637,-0.633179485798,-0.581525146961,-0.254785627127,-0.700120270252,-0.705635547638,-0.655775666237,-0.558797240257,-0.402463585138,-0.181720420718,0.168710127473,0.250879645348,0.370326727629,0.458036243916,0.677878022194,0.835586369038,0.832256615162,0.571000814438,0.722988128662,0.723556101322,0.728812098503,0.665736138821,0.309230536222,0.208350226283,0.340630620718,0.166709795594,-0.001432328019,0.018760202453,0.159535825253,0.213120520115,0.337165057659,0.480690062046,0.660615980625,0.643218159676,0.447454303503,0.519181847572,0.294524490833,0.113808333874,-0.004626254551,0.016805158928,-0.069035738707,-0.305666208267,-0.073275104165,-0.224871367216,-0.532974183559,-0.749918341637,-0.475397050381,-0.473882406950,-0.263042092323,-0.485003530979,-0.338029384613,-0.045377630740,-0.092294603586,-0.008799762465,0.156592965126,-0.033725559711,0.151065319777,0.055239289999,-0.009898702614,-0.130629956722,-0.264643162489,-0.142603054643,-0.082716934383,-0.308049291372,-0.204584181309,-0.095998905599,-0.188437551260,-0.224171668291,-0.096727415919,0.141117230058,0.229884535074,0.033713214099,-0.063948504627,0.169948995113,0.318022102118,0.495371460915,0.410901129246,0.343054890633,0.291585743427,0.328682214022,0.382596164942,0.374784231186,0.099390394986,0.173863202333,0.264256268740,0.114824958146,0.085441656411,0.270924001932,-0.098266750574,-0.152003735304,0.085832662880,-0.191277518868,-0.390486359596,0.271187424660,-0.027185419574,-0.237136706710,0.025444399565,-0.004733267706,0.256444305182,0.178308367729,-0.135243862867,0.025061624125,-0.060507621616,-0.258625745773,-0.162655651569,0.094899952412,-0.277830451727,-0.246837854385,-0.223241478205,-0.247582837939,-0.427167147398,-0.148826286197,-0.370886504650,-0.484344989061,-0.125777319074,-0.218611106277,-0.317964434624,0.014228614047,0.097324214876,0.168928265572,0.045143023133,0.118907921016,-0.089413478971,-0.074933804572,0.100962661207,0.154958948493,0.029111653566,0.092290490866,0.321199536324,0.100217685103,-0.072554819286,0.102843612432,-0.159457609057,-0.215985178947,0.023230055347,-0.003329750849,-0.157082751393,-0.156070247293,0.010878283530,-0.060688722879,-0.125962540507,-0.140380486846,-0.224784940481,-0.514736711979,-0.227727785707,-0.072633020580,-0.147278711200,-0.056762170047,-0.084540277719,0.046060867608,0.045550499111,0.179757162929,0.214198887348,0.357658028603,0.362749397755,0.271133929491,0.437358051538,-0.085787393153,-0.496058821678,-0.330291539431,-0.429546087980,-0.628084063530,-0.449466973543,-0.504237055779,-0.442280650139,-0.191030561924,0.012767475098,-0.049732238054,0.262725144625,0.464885085821,0.453475832939,0.666868031025,0.517741262913,0.227007523179,-0.051691398025,-0.042290717363,0.016368875280,-0.200604110956,-0.258687466383,-0.197208508849,-0.290029942989,-0.111149467528,-0.030494591221,0.349648535252,0.551977217197,0.259675294161,0.430377513170,0.583714783192,0.480455487967,0.072233781219,0.323994219303,0.116302557290,-0.056548140943,-0.195718556643,-0.508904457092,-0.451557844877,-0.147200509906,-0.462975323200,-0.519762158394,-0.416111856699,-0.405233591795,-0.237478330731,-0.215734109282,-0.288280695677,-0.183370888233,-0.074493400753,-0.209206312895,-0.219323173165,-0.342272877693,-0.032070975751,0.184000626206,0.339939147234,0.361963272095,0.265589833260,0.027329476550,0.095295079052,-0.011532709934,-0.192882701755,0.009470650926,-0.068430699408,-0.418116301298,-0.332547038794,-0.307744711637,-0.324747413397,0.043867100030,-0.124608412385,-0.086425349116,-0.013158483431,0.512073695660,0.468223065138,0.446931600571,0.580467343330,0.631516695023,0.694510281086,0.490559965372,0.147900208831,0.171015009284,0.215223729610,-0.015693869442,0.046645324677,0.090998098254,-0.030231175944,0.008281160146,0.074081808329,-0.174879834056,-0.192434072495,0.138277277350,-0.154152244329,-0.255057275295,-0.155247062445,-0.154629677534,-0.442383527756,-0.323751389980,-0.881058692932,-0.544749736786,-0.312152832747,-0.383217722178,-0.152160152793,-0.151460453868,-0.258942663670,0.192166551948,0.369264870882,0.296306669712,0.573338687420,0.326319694519,0.360996037722,0.353237599134,0.115364134312,0.026880845428,0.347183138132,0.253559082747,0.170401751995,0.217598602176,0.208971709013,0.132663190365,0.177122995257,0.239672094584,0.055305145681,0.249504938722,-0.015418105759,-0.282539039850,-0.029889557511,0.130004346371,-0.011911370791,0.097834579647,0.034351177514,0.137552872300,0.093043692410,-0.105416037142,-0.255699336529,-0.239906713367,-0.432060927153,-0.294619143009,-0.343026071787,-0.457315981388,-0.552668690681,-0.321952730417,0.031972195953,0.214153602719,0.107004776597,0.515687406063,0.333917617798,0.236828014255,0.288725227118,0.111334688962,-0.159523472190,-0.218730479479,-0.275225102901,-0.457706987858,-0.468778729439,-0.603685081005,-0.743275284767,-0.654051125050,-0.607459366322,-0.193026766181,0.031725239009,0.162404596806,0.645465433598,0.569403886795,0.333407253027,0.725507020950,0.555290520191,0.042266022414,0.135103911161,0.102008096874,-0.279452115297,-0.537649810314,-0.519334137440,-0.710656940937,-0.775840163231,-0.671383142471,-0.628771424294,-0.889681458473,-0.584377467632,-0.325356602669,-0.088277503848,0.284033119678,0.548799753189,0.548322319984,0.911631405354,0.807837069035,0.767085731030,1.070076584816,0.942973911762,0.684278190136,0.180074080825,-0.038022544235,0.049933917820,-0.271965324879,-0.465514808893,-0.306061327457,-0.549668192863,-0.592242896557,-0.594321429729,-0.655631661415,-0.665048778057,-0.209638476372,0.021731872112,0.276476323605,0.310848087072,0.646095156670,0.747469425201,0.579755306244,0.477171003819,0.713537991047,0.647280514240,0.496622651815,0.115681059659,-0.160169661045,-0.245726555586,-0.013298423961,0.005375345703,-0.537481069565,-0.724198162556,-0.598741889000,-0.375105261803,-0.892945349216,-0.991747200489,-0.585019528866,-0.708520770073,-0.440766006708,-0.726474285126,-0.586842894554,-0.211342468858,-0.295314729214,-0.095352709293,-0.056297071278,-0.205366194248,0.145072594285,0.182399556041,0.097060799599,0.178843438625,0.021740105003,0.098583675921,0.177752733231,0.097702875733,0.096188232303,0.203477010131,-0.011981341988,0.153040945530,0.151538655162,0.387617588043,0.245207965374,0.294890820980,0.220397397876,-0.106901876628,0.084128692746,0.189495339990,0.083054438233,-0.083338439465,0.100802138448,0.279151678085,0.258140057325,0.369351297617,0.439988106489,0.564794063568,0.411415636539,0.166001871228,0.187091663480,-0.024201404303,-0.260021030903,-0.177345260978,-0.549672305584,-0.664719521999,-0.211807549000,-0.620173275471,-0.716056942940,-0.302595734596,-0.205386772752,0.065335556865,-0.167133733630,-0.099542677402,0.048954334110,-0.035507738590,-0.105625957251,-0.130382999778,-0.243409320712,-0.152921587229,-0.237066745758,-0.308827191591,-0.405389964581,-0.026304619387,-0.187178105116,0.295689284801,0.218664601445,0.164865881205,0.285745292902,0.628368079662,0.731446266174,0.481002867222,0.456221163273,0.400792539120,0.036281526089,0.346071839333,-0.162799715996,-0.121747881174,-0.123184315860,-0.208218500018,-0.128748998046,0.069842450321,0.089084215462,0.238725438714,-0.107358738780,0.042772274464,0.220627903938,0.008486954495,-0.160103797913,-0.001119520632,-0.162075325847,-0.027411792427,0.155267640948,0.029515011236,-0.071299470961,0.069179795682,0.226497158408,0.107420481741,-0.030585139990,-0.101864039898,-0.271656632423,-0.387638151646,-0.363420277834,-0.517782449722,-0.565106868744,-0.581389307976,-0.642917692661,-0.573050558567,-0.326068639755,-0.402689933777,-0.008087714203,-0.217742666602,-0.221578672528,0.161840707064,0.053992174566,0.142166778445,0.330624908209,0.146266192198,0.312177509069,0.415976017714,0.284922152758,0.115639910102,0.313568681479,0.353990823030,0.473738372326,0.130016684532,-0.265532195568,0.054737154394,0.153971135616,-0.393733769655,-0.262576997280,0.080934762955,-0.150925382972,0.173986688256,0.266482979059,0.125674426556,0.447779446840,0.590613007545,0.586571216583,0.332946270704,0.574762761593,0.309782058001,0.280658066273,0.121282778680,0.175612464547,0.026868496090,0.035417191684,-0.489271670580,-0.440436750650,-0.373331367970,-0.355386108160,-0.521268606186,-0.579672992229,-0.526331126690,-0.256255000830,-0.055799048394,0.223916485906,0.158617973328,0.056630458683,0.398565858603,0.709191679955,0.411835461855,0.297487944365,0.568432509899,0.478002399206,0.313774466515,0.243014201522,0.209078714252,-0.154625564814,-0.167166665196,-0.101353660226,-0.579137921333,-0.592728555202,-0.347734659910,-0.489983767271,-0.558801352978,-0.531307220459,-0.116557739675,0.013701781631,-0.074748583138,0.192228287458,0.500084161758,0.287531614304,0.239618584514,0.212165638804,0.001975624822,-0.066590897739,0.011442160234,-0.340042054653,-0.259642362595,0.073945984244,-0.153662443161,-0.192030727863,-0.130790472031,-0.228020027280,-0.219372555614,-0.027012553066,-0.094105593860,0.032346740365,-0.014734867960,0.100884459913,0.279789626598,0.184708565474,0.212840646505,-0.034104220569,0.064722284675,-0.148196548223,-0.296261399984,-0.030132394284,-0.034491114318,-0.122480504215,0.014858344570,0.355542480946,0.362004429102,0.469412535429,0.180308684707,0.003263896564,0.210560441017,0.407715439796,0.144372895360,0.147739678621,-0.091413810849,-0.460670441389,-0.435308337212,-0.242553219199,-0.311411976814,-0.518301069736,-0.255999803543,-0.284897446632,-0.302459895611,-0.056391738355,-0.215738222003,-0.123336605728,-0.281082034111,-0.501668751240,-0.172793090343,-0.338226974010,-0.092496283352,0.143043458462,0.204398959875,0.046694714576,0.299397706985,0.252032101154,0.120554275811,-0.126818642020,-0.243088275194,-0.377615988255,-0.458349049091,-0.454624176025,-0.378521502018,-0.334209859371,-0.138647705317,0.141977444291,0.290886044502,0.406386017799,0.098773010075,0.167837560177,0.283790260553,0.236836254597,0.129745036364,0.234560161829,-0.124995313585,-0.069677814841,0.263704746962,-0.016640523449,-0.083503067493,0.190026298165,0.082906268537,0.023966796696,0.271813035011,0.224344536662,0.213050559163,0.290453881025,0.287943184376,0.271199762821,0.264108091593,0.348076254129,0.281172543764,0.213305741549,0.178020253778,0.221335828304,0.116364300251,0.052502229810,0.049300070852,0.014265657403,-0.164400786161,-0.107902035117,-0.133408173919,-0.114726178348,-0.042233094573,0.004947294015,-0.097402416170,-0.368705093861,-0.380044341087,-0.249945342541,-0.312976002693,-0.209465622902,-0.304423213005,-0.487617135048,-0.559727430344,-0.438724488020,-0.559653341770,-0.952798545361,-0.669769704342,-0.692748665810,-0.684677422047,-0.367482662201,-0.156708195806,-0.278797715902,-0.033396288753,0.232362270355,0.093377076089,0.365165442228,0.402875155210,0.404130488634,0.440671324730,0.010363798589,0.130465313792,-0.334419786930,-0.418902426958,-0.181798636913,-0.401393443346,-0.355534255505,0.103572122753,0.098554864526,0.202036440372,0.525787830353,0.393984854221,0.616275548935,0.968488335609,0.772325217724,0.891792893410,0.846020162106,0.805338740349,0.695506334305,0.756071627140,0.734063982964,0.636270523071,0.528965294361,0.544502735138,0.111631035805,0.105358421803,0.055103469640,-0.306575804949,-0.363786607981,-0.265017718077,-0.420610517263,-0.271335601807,-0.170080721378,-0.257321000099,0.042550016195,0.006321999244,-0.140549242496,0.044002927840,0.190894737840,0.171134382486,0.255069613457,0.097908668220,0.092134080827,0.087462551892,-0.071126602590,-0.196335956454,-0.308707833290,-0.207255393267,-0.446647614241,-0.695424020290,-0.520206689835,-0.801535665989,-0.616386651993,-0.371915459633,-0.448833137751,-0.203682795167,0.156815215945,0.219142064452,0.306205391884,0.198369175196,0.128724291921,0.052275855094,0.164425492287,0.294372200966,0.125102326274,0.393536210060,0.082597583532,0.231353893876,0.289079189301,-0.100369967520,0.063421674073,-0.049810439348,-0.428360700607,-0.464053660631,-0.393700867891,-0.588843166828,-0.319112777710,-0.240231856704,-0.634587109089,-0.515469312668,0.025843640789,-0.308580249548,0.030753890052,0.378467947245,0.193788200617,0.430809676647,0.433308005333,0.145278394222,0.355991125107,0.570387542248,0.666271209717,0.391626447439,0.258432298899,0.279448002577,0.273047804832,-0.214853301644,-0.309477508068,-0.161066919565,-0.215017944574,-0.276863217354,-0.167446538806,-0.360333383083,-0.326397925615,0.231111049652,0.221294656396,0.185828089714,0.383246511221,0.550404965878,0.465416014194,0.766945719719,0.612949907780,0.547280967236,0.798506379128,0.537160038948,0.323985993862,0.163635239005,0.049304183573,0.013961081393,-0.000629730406,-0.318318426609,-0.343610525131,-0.285164952278,-0.443433105946,-0.353241711855,-0.425693631172,-0.347998082638,-0.138376057148,-0.093253597617,-0.084692567587,-0.081165254116,0.002996364143,0.094451323152,-0.099106393754,-0.143907800317,-0.205440282822,-0.300068587065,-0.302163571119,-0.411366224289,-0.302797406912,-0.106370933354,-0.024543022737,-0.061499554664,-0.177476957440,-0.225517570972,-0.314284861088,-0.502249121666,-0.423145890236,-0.509344875813,-0.470400363207,-0.325636446476,-0.303620606661,-0.257345706224,-0.183630213141,-0.071525849402,0.085511624813,0.419927269220,0.611015498638,0.444511443377,0.421371936798,0.587686657906,0.664344966412,0.633105397224,0.661274552345,0.595778465271,0.566189348698,0.436761260033,0.486987411976,0.299566447735,0.100530482829,0.017414309084,0.161980658770,-0.126328855753,-0.165561467409,-0.215437769890,-0.290202826262,-0.099172249436,0.084890127182,0.051374472678,-0.093385316432,-0.290305733681,-0.314095526934,-0.377920567989,-0.381340861320,-0.272298693657,-0.142063885927,-0.042410079390,-0.244574114680,0.050444286317,0.351615935564,0.431472331285,0.611966252327,0.576145708561,0.574746310711,0.824526965618,0.565921843052,0.151789724827,0.178888708353,0.137626960874,-0.131053894758,-0.314173728228,-0.441408067942,-0.728021860123,-0.707590579987,-0.807997584343,-1.100719332695,-1.281007409096,-0.711496531963,-0.535134971142,-0.619119644165,-0.226682350039,0.001333546708,-0.082741633058,0.133581042290,0.524264931679,0.550931751728,0.474211663008,0.383032500744,0.271376758814,0.098188549280,0.116644181311,0.097525894642,-0.346615135670,-0.541477560997,-0.272315174341,-0.237284883857,-0.053514733911,0.156786397099,0.242446213961,0.368647485971,0.506718933582,0.568597137928,0.541950941086,0.385020464659,0.477911829948,0.767797768116,0.347500056028,0.171525388956,0.323080509901,0.127382531762,0.141672879457,-0.060075454414,0.087540753186,0.010219741613,-0.171751767397,0.167368352413,-0.132111668587,-0.632508635521,-0.253172188997,-0.532011032104,-0.602647900581,-0.489802658558,-0.440984129906,-0.608451247215,-0.406941682100,-0.476792335510,-0.227044567466,0.099620878696,-0.168331459165,-0.075077854097,-0.100509904325,-0.151464566588,-0.188692733645,0.244063749909,0.325866967440,-0.028473690152,0.054029218853,0.353612154722,0.279645562172,0.043006882071,0.153625413775,0.124196827412,0.204740568995,0.403208553791,0.183115705848,-0.280542850494,-0.078934438527,0.044579148293,-0.062260992825,-0.260021030903,-0.380542367697,-0.442210644484,-0.104473508894,-0.061824709177,-0.057186108083,0.471877962351,0.539950609207,0.295269459486,0.613048732281,0.297409713268,0.103827320039,0.365449398756,0.065236777067,-0.267865896225,-0.222817555070,0.053094912320,0.166429921985,-0.249579042196,-0.236474052072,0.218998000026,0.252291411161,0.103757344186,0.255625277758,0.168508455157,0.111783318222,0.061832942069,0.062355652452,0.174418851733,0.148184195161,0.034141264856,0.244039043784,-0.139458522201,-0.085363455117,0.199480488896,0.526668667793,0.462246775627,0.580940723419,0.369906902313,0.302315860987,0.355538368225,0.306139528751,0.276237607002,0.145381286740,0.141430035233,0.312148720026,0.152600541711,0.010050990619,0.081515103579,0.007741979789,-0.048678569496,-0.013351930305,0.006363158114,-0.011454506777,-0.204695299268,-0.326418489218,-0.129823252559,-0.165059328079,-0.046908739954,-0.006124436390,-0.117640227079,-0.163388282061,-0.344717711210,-0.455653131008,-0.526491641998,-0.484863579273,-0.270318984985,-0.085120618343,-0.207551732659,-0.322368472815,-0.085293479264,-0.213844925165,-0.303266644478,-0.102728366852,-0.186832368374,-0.122130654752,-0.072674177587,-0.098764769733,-0.458065032959,-0.304098039865,-0.063919693232,0.057902269065,0.132609695196,0.101139642298,0.435917466879,0.459534436464,0.234774202108,0.352389693260,0.464489966631,0.186922922730,0.239651501179,0.459612637758,0.286770164967,0.187276884913,0.235836088657,0.176373898983,-0.080305032432,-0.145875200629,-0.022719684988,-0.358324825764,-0.408336967230,-0.300661265850,-0.086606450379,-0.197908207774,-0.254666268826,0.011610912159,-0.193347811699,-0.056107740849,0.067064225674,0.105457201600,0.117623761296,0.192800402641,0.042953375727,0.150032237172,0.055021148175,0.026802642271,-0.086779318750,-0.219652429223,-0.318256676197,-0.294038802385,-0.337798893452,-0.401348173618,-0.513147950172,-0.361506402493,-0.401035338640,-0.310699939728,-0.064409479499,0.047690760344,0.066549740732,0.279736131430,0.235609710217,0.538114905357,0.161235675216,0.202633246779,0.496947795153,0.084297440946,0.183848351240,0.233922213316,0.022015867755,-0.228979021311,0.038520567119,-0.338181674480,-0.156119629741,-0.283358097076,-0.521103978157,-0.556743383408,-0.337502568960,-0.337342053652,-0.338165223598,-0.254633337259,-0.147002950311,-0.019805638120,0.152295976877,0.567292392254,0.494803458452,0.488860100508,0.565699577332,0.380287170410,0.232531040907,0.418503195047,0.103234626353,-0.186873525381,-0.157893583179,-0.305291652679,-0.600688695908,-0.715941667557,-0.305427461863,-0.282748937607,-0.359991759062,-0.011347494088,-0.027547618374,0.212021574378,0.233930438757,0.096768565476,0.283090561628,0.467457532883,0.466716647148,0.666547000408,0.533937275410,0.443264335394,0.558636724949,0.684875011444,0.361938565969,0.184786766768,0.149167910218,0.202954277396,0.038594651967,-0.204279601574,-0.166738614440,-0.379813879728,-0.160371333361,-0.457715213299,-0.418408513069,-0.433093994856,-0.626725792885,-0.625602185726,-0.183358550072,-0.379830330610,-0.403492540121,-0.222829893231,-0.077547386289,-0.122311748564,-0.018607914448,-0.252085596323,-0.048756770790,-0.302188277245,-0.237605914474,0.108177803457,-0.272343993187,-0.544189929962,-0.126892730594,-0.154526785016,-0.184840276837,0.176633194089,-0.233251318336,-0.359860032797,0.037804402411,-0.321010231972,0.023822741583,0.180921941996,-0.023814510554,0.133634552360,0.291429340839,0.251920968294,0.155037149787,0.392655402422,0.851955294609,0.707598805428,0.616954684258,0.483530044556,0.464613437653,0.418437331915,0.144232958555,0.154839590192,0.050999928266,-0.252600073814,-0.168882995844,-0.042879287153,-0.099834896624,-0.025481441990,0.220401510596,0.320351660252,0.115174807608,0.023662220687,0.145360708237,-0.101728208363,-0.000226373668,-0.199632778764,0.002839960624,-0.040516771376,0.023691033944,-0.168837711215,-0.121682025492,0.025543181226,-0.101440101862,-0.075662314892,0.264116317034,0.243047133088,0.067496396601,0.214770987630,0.003667253302,-0.017698304728,0.137375891209,0.109396107495,-0.113573729992,-0.210737407207,-0.263136774302,-0.410802334547,-0.291618674994,-0.210618063807,-0.210807397962,-0.470252215862,-0.408378094435,-0.284522891045,-0.370907068253,-0.413457095623,-0.419305801392,-0.154547363520,-0.030078886077,0.050184983760,0.314659386873,0.575005590916,0.162602156401,0.645123839378,0.721226513386,0.436382591724,0.759150266647,0.753890216351,-0.182732954621,0.062215715647,0.093706354499,-0.193265497684,0.085322290659,-0.265351086855,-0.599840819836,-0.277225434780,-0.090302512050,-0.186721235514,-0.076222069561,-0.041154734790,0.244331270456,0.508212983608,0.479484111071,0.654820799828,0.659410059452,0.253904819489,-0.019887955859,0.427796840668,-0.033589739352,0.176707297564,-0.044628538191,-0.318166136742,-0.169644430280,-0.015245237388,-0.217166423798,0.109494887292,-0.205366194248,-0.508031904697,-0.270734667778,-0.279164016247,-0.243829131126,0.112861678004,-0.023427616805,-0.143142253160,0.065162688494,-0.147340446711,-0.207893341780,0.000399240846,0.048143506050,-0.027057826519,0.047624900937,0.022530354559,0.492617905140,0.364218771458,0.124130971730,0.231267452240,-0.090022638440,-0.204271376133,-0.268726140261,-0.220990091562,-0.229209512472,-0.552166521549,-0.486637532711,-0.190878272057,-0.437526792288,-0.428513020277,-0.319763094187,-0.337424367666,-0.251237720251,-0.356266856194,0.038874533027,0.146574899554,0.012417625636,0.312107563019,0.456044167280,0.370635449886,0.503664970398,0.259782314301,0.184132352471,0.204398959875,-0.077386870980,-0.197204396129,-0.417046159506,-0.460810363293,-0.744197309017,-0.705195128918,-0.428961664438,-0.506467878819,-0.471742153168,-0.097451806068,0.020274847746,0.270532995462,0.606380999088,0.524742364883,0.709179282188,0.476026803255,0.558101654053,0.533776760101,0.286827802658,0.175073280931,0.125690892339,-0.201242074370,-0.644922137260,-0.605286121368,-0.742205202579,-0.282008081675,-0.111305877566,-0.280686885118,0.061861749738,0.157728940248,-0.257411569357,0.329225510359,0.196899816394,0.168508455157,0.442461758852,0.181395277381,0.201678365469,0.153872355819,-0.099250450730,-0.046476569027,-0.108107827604,-0.399059742689,0.048382226378,-0.205045148730,-0.347281903028,0.002263736678,-0.076324969530,-0.139586120844,-0.276344627142,-0.295886874199,0.076156221330,-0.114923737943,-0.367211014032,-0.088528573513,-0.390404045582,-0.301957786083,-0.283316940069,-0.465745270252,-0.418264448643,-0.388498395681,-0.199826225638,-0.105967566371,-0.134548276663,-0.181218296289,-0.047040451318,0.019558684900,0.004618023057,0.500503957272,0.418519645929,0.439049690962,0.486357659101,0.794991433620,0.727799534798,0.676721453667,0.684294700623,0.269866228104,0.165989533067,0.283942550421,0.132605582476,0.039220266044,-0.067047767341,-0.236070707440,-0.178032591939,-0.078967362642,0.076699510217,0.072756499052,-0.202443912625,0.100522257388,-0.075024351478,-0.260329723358,0.011166395620,0.219154402614,-0.001382937306,0.058984745294,0.214742183685,0.074979074299,0.069237418473,0.282633721828,0.264396220446,0.477981835604,0.506249725819,0.309522777796,0.095928929746,0.087890602648,-0.147328108549,0.022764958441,-0.246743187308,-0.412263482809,-0.353048264980,-0.317116588354,-0.511131167412,-0.328459978104,-0.051473256201,-0.271870672703,-0.080971799791,-0.427418172359,-0.154950723052,0.347401261330,0.263918757439,0.076394937932,0.429344415665,0.420297712088,0.573569118977,0.574840962887,0.536131024361,0.489288181067,0.314523577690,-0.049263026565,-0.070550382137,-0.224241629243,-0.413741111755,-0.378920733929,-0.591304481030,-0.602973043919,-0.145973980427,-0.215483039618,-0.452545672655,-0.479467660189,-0.294470995665,-0.103765569627,0.246261626482,0.173118233681,0.200970411301,0.247422292829,0.154613211751,0.237614154816,0.344985216856,0.197443127632,0.103658564389,0.096200585365,-0.231794297695,-0.222072571516,-0.216363832355,-0.590954601765,-0.542967557907,-0.124912992120,-0.329344898462,0.156782284379,0.067838013172,0.146155074239,0.259605318308,0.448215752840,0.645646512508,0.645560085773,0.678380131721,0.765595734119,0.489024758339,0.430756181479,0.611529946327,0.128131613135,0.061618912965,0.272870838642,0.182164952159,-0.086252480745,-0.066771999002,-0.147645026445,-0.481488555670,-0.267713606358,-0.345343321562,-0.178353637457,-0.239099979401,-0.500166475773,-0.626519978046,-0.549791634083,-0.436954706907,-0.052938513458,-0.258666902781,0.032824184746,-0.142072111368,-0.282403200865,-0.597737610340,-0.265466332436,-0.116528928280,-0.206522762775,-0.191833153367,-0.087240293622,-0.118191748857,0.143714353442,0.036108657718,-0.074629224837,0.013590651564,0.013747055084,-0.126670479774,0.247212395072,0.036429695785,-0.077514462173,-0.222735226154,-0.353040039539,-0.325352489948,-0.161095738411,-0.157144486904,-0.081712663174,-0.041632175446,-0.018299223855,0.068636491895,0.273895680904,0.442791014910,0.339078933001,0.424191355705,0.359501987696,0.547326266766,0.619638264179,0.295376479626,0.158140540123,0.444746077061,-0.177230000496,-0.103255204856,0.251163631678,-0.025111014023,-0.131177365780,-0.159531697631,-0.435382425785,-0.135215058923,0.118702113628,0.015315208584,-0.083914659917,-0.230263173580,-0.067525207996,0.323664963245,0.036742504686,-0.209309220314,0.161342680454,0.262762218714,0.240330636501,0.253822505474,0.105407811701,0.305600345135,0.139680787921,-0.387741059065,-0.133506953716,-0.053358335048,-0.335251182318,-0.122447580099,-0.403924703598,-0.572268545628,-0.195208191872,0.099303953350,-0.022814350203,0.122739799321,-0.050822947174,0.125196993351,0.076345548034,0.319689005613,0.124056883156,-0.196702256799,-0.086647607386,-0.137380003929,-0.505216598511,-0.469729453325,-0.604607045650,-0.256374359131,-0.092488050461,-0.265791505575,0.313358783722,0.375677376986,0.090648248792,0.092027068138,0.084206886590,0.111532248557,0.071846887469,0.318565368652,0.144586920738,-0.019085358828,0.427290588617,0.097492963076,-0.150892451406,0.031062584370,0.196994483471,-0.004704456311,0.113281503320,0.117627874017,-0.206403389573,0.012960921973,0.204769402742,0.184943169355,0.158869042993,-0.024666499346,-0.135334417224,-0.022427456453,0.110906638205,0.095747828484,0.250665605068,0.205547288060,0.002473647008,-0.122369371355,0.061898794025,0.076806530356,0.156432434916,0.137408822775,0.134523585439,0.222689941525,0.305336922407,0.295808643103,0.128995940089,0.107556305826,0.371936082840,0.277176022530,-0.163322433829,-0.393836677074,0.058564923704,0.136276945472,-0.203160077333,-0.050106786191,-0.155288219452,-0.498392492533,-0.288358896971,-0.130403578281,-0.365432947874,-0.230440169573,0.081194058061,-0.005079002120,0.082511149347,0.153341412544,0.241108551621,0.520725309849,0.203649863601,0.346520453691,0.366885870695,0.167570024729,0.284658700228,0.578071892262,0.070500992239,-0.268392741680,-0.185293018818,-0.148575216532,-0.511760890484,-0.336473584175,-0.644658684731,-0.512230098248,-0.195060014725,-0.543519079685,-0.294240504503,-0.112668231130,-0.234523132443,-0.094381362200,-0.100460521877,-0.261140555143,0.295442342758,0.358654081821,0.341420888901,0.364585101604,0.052127685398,-0.114355742931,0.152110755444,-0.153806507587,-0.375862598419,-0.241050928831,-0.446524143219,-0.361160635948,-0.395153731108,-0.559151172638,-0.279579699039,0.109396107495,0.199056535959,0.248537719250,0.439798742533,0.572359085083,0.855408430099,0.963931977749,0.712175667286,0.995636701584,1.125254154205,0.729499399662,0.556698143482,0.445470452309,0.258913844824,0.281596511602,0.062121052295,-0.003268012777,0.160050302744,0.143199861050,-0.081720896065,0.010614867322,0.148805707693,0.138754710555,-0.119418285787,-0.198278650641,-0.142117395997,-0.144957348704,-0.057614155114,-0.155214130878,-0.332966864109,-0.352118074894,-0.471528112888,-0.409382373095,-0.273644596338,-0.332032561302,-0.387938618660,-0.560192525387,-0.350763946772,-0.344944089651,-0.533509254456,-0.165981292725,-0.015508654527,-0.284510523081,-0.125295773149,-0.014018703252,0.284773975611,-0.411176890135,-0.279666155577,-0.405719220638,-0.701560795307,-0.615983307362,-0.298138231039,-0.084112219512,-0.193796455860,-0.298307001591,-0.250846713781,-0.145014971495,0.000296343700,0.211346581578,0.091701917350,0.216631382704,0.362856388092,0.636212885380,0.671160876751,0.730754792690,0.596408188343,0.483719378710,0.549573540688,0.508447647095,0.200348928571,-0.037108816206,0.059614479542,-0.058478489518,-0.018813708797,0.314181953669,0.126740440726,0.527216017246,0.500997841358,0.513864099979,0.577269315720,0.426632046700,0.405105948448,0.552590489388,0.293631345034,0.241878211498,0.225628688931,0.157370865345,-0.089606933296,-0.421417236328,-0.362309008837,-0.521523773670,-0.520671784878,-0.300858825445,-0.495803624392,-0.663793444633,-0.494634687901,-0.541304707527,-0.551503896713,-0.496083498001,-0.412868529558,-0.085598058999,0.004066494294,0.114997826517,0.419939607382,-0.007235725876,0.017200283706,-0.090512417257,-0.084083415568,-0.213573262095,-0.195582732558,-0.471075385809,-0.315412610769,-0.349389225245,-0.463246941566,-0.320166468620,0.128790155053,0.184535697103,0.277945727110,0.428961664438,0.486098378897,0.679454386234,0.286350339651,0.407978862524,0.201822429895,0.045492872596,0.042241327465,-0.161754280329,-0.421269029379,-0.322520732880,-0.440395563841,-0.457958042622,-0.284934490919,-0.163927465677,0.200521782041,0.264811903238,0.319853633642,0.775198101997,0.865496456623,0.834335148335,1.191832661629,0.917916417122,0.865743458271,0.615682840347,0.359909445047,0.112874031067,-0.026304619387,-0.256020396948,-0.193067923188,-0.439815223217,-0.716489136219,-0.749477982521,-0.638715326786,-0.436588376760,-0.292170196772,-0.271759539843,-0.077555619180,0.135494932532,0.040656711906,0.173505127430,0.224422737956,0.170858621597,0.042480047792,0.038401208818,-0.162824407220,-0.196661099792,-0.214194774628,-0.344050943851,-0.266388297081,0.017233209684,-0.120463721454,-0.174941569567,-0.299628198147,-0.215734109282,-0.016611712053,0.105391345918,0.229629322886,0.216754838824,0.532179832458,0.256662487984,0.180353969336,0.329468339682,0.079642377794,0.144162982702,-0.046398371458,-0.098443739116,-0.260181546211,-0.166244715452,-0.242800176144,-0.141594678164,-0.199682161212,-0.088355705142,-0.076110944152,-0.130885139108,-0.062754891813,0.212379649282,0.121430955827,-0.205452620983,0.149546563625,0.114680901170,0.119060203433,-0.008754487149,-0.420285344124,-0.385267406702,-0.279892534018,-0.262638747692,-0.013586536050,0.112886376679,-0.010454347357,-0.061203207821,-0.066747307777,0.137380003929,0.037936110049,0.124781280756,0.417420715094,0.112614728510,-0.003296823939,0.316038221121,0.215853467584,0.008153568022,0.173850864172,0.333275556564,0.305369853973,0.383184760809,0.098332606256,-0.036660186946,-0.022246357054,0.063619233668,-0.100077740848,-0.175151497126,-0.164157956839,-0.140759140253,-0.235461533070,-0.241672411561,-0.208111494780,-0.117734894156,0.109157375991,-0.121183998883,0.092389270663,-0.087240293622,-0.400508522987,-0.259090840816,-0.273381203413,-0.316902548075,-0.171990483999,-0.349566221237,-0.099637337029,-0.058960050344,-0.347956895828,-0.058548461646,0.272269904613,-0.183852463961,0.328620493412,0.279353350401,0.052399333566,0.172793090343,-0.100147709250,-0.351319611073,0.083103828132,-0.112861678004,-0.034606359899,0.038483522832,0.080897718668,0.036713693291,0.381431400776,0.282567828894,0.567045509815,0.470256328583,0.534929215908,0.640542805195,0.616357862949,0.503385066986,0.029469735920,0.188573390245,0.295026630163,0.207778096199,0.231185153127,0.417873442173,0.099431544542,0.053778152913,-0.246566191316,-0.138273164630,-0.327443361282,-0.372269451618,-0.253147482872,-0.368462264538,-0.189680561423,0.035100266337,0.236774519086,0.148143053055,0.376603454351,0.120673626661,-0.095089286566,0.192751020193,0.031984541565,-0.232094749808,-0.293343245983,-0.372018367052,-0.666106581688,-0.664003372192,-0.556903958321,-0.678404808044,-0.436057448387,-0.526664495468,-0.529858469963,-0.301682025194,-0.178736403584,-0.211494758725,0.281415402889,0.298117667437,0.340593576431,0.411938339472,0.521182119846,0.403583109379,0.515045404434,0.489539235830,0.195998445153,0.258699834347,-0.125040590763,-0.074649803340,-0.094035625458,-0.368840932846,-0.330645501614,-0.273455291986,-0.207461178303,-0.009166075848,-0.069825984538,0.110482700169,0.324698030949,0.567712247372,0.683496236801,0.704231977463,0.688258290291,0.446779310703,0.350957393646,0.296487778425,0.032643083483,-0.017562480643,0.007791369688,-0.157889470458,-0.227406755090,-0.300109744072,-0.316997230053,-0.359691321850,-0.391449451447,-0.307547152042,-0.317655771971,-0.659772276878,-0.434217602015,-0.088684968650,0.226587682962,0.328628718853,0.658726811409,0.765221178532,0.613139271736,0.346092432737,0.877893567085,0.572865307331,0.055469781160,0.213289275765,0.421692997217,-0.274739414454,-0.490988045931,-0.341902464628,-0.505759954453,-0.529751420021,-0.279723763466,-0.249784827232,-0.125213459134,-0.086178399622,-0.219619512558,-0.074839137495,0.033248119056,-0.146443188190,0.054502546787,0.166759192944,-0.180312797427,0.053317170590,0.239659756422,0.063294082880,0.339737474918,0.398788094521,-0.030667459592,-0.083379596472,-0.259918123484,-0.222669377923,-0.314293086529,-0.627544820309,-0.255777567625,-0.378167510033,-0.579413712025,-0.283353984356,-0.189454168081,-0.429434955120,-0.113849498332,0.024296067655,0.152913361788,-0.134861081839,0.006758282892,0.261939048767,0.133387595415,0.077481530607,0.507883727551,0.378039926291,0.519297122955,0.110355101526,-0.164034470916,0.275558501482,0.290552675724,-0.254460483789,-0.228201121092,-0.323636144400,-0.455665498972,-0.364712685347,-0.501298308372,-0.712278544903,-0.506821811199,-0.501076042652,-0.343639343977,-0.281995743513,-0.117084570229,0.215972825885,0.440831869841,0.769946277142,0.586855232716,0.876070201397,0.862104952335,0.256839454174,0.370948255062,0.468198359013,0.261712670326,0.351648867130,0.115232430398,-0.311872929335,-0.408213436604,-0.686406135559,-0.993405818939,-0.685611784458,-0.583871185780,-0.910450220108,-0.469782978296,-0.565053403378,-0.547651410103,-0.040372714400,-0.182576552033,0.126621082425,0.248475968838,0.107453405857,0.428364843130,0.361839771271,0.754491090775,0.515670955181,0.398401200771,0.515214145184,0.825963437557,0.370536684990,0.157856523991,-0.076390825212,0.012932110578,-0.070233464241,0.071636974812,0.168471395969,0.122962057590,-0.055794935673,-0.283819079399,-0.287457495928,0.147570937872,0.217405155301,0.023221824318,0.163910999894,0.337519019842,0.153538972139,0.076382592320,0.010845356621,-0.329007387161,-0.062442086637,-0.284699887037,-0.474261075258,-0.088602654636,-0.559731543064,-0.596762180328,-0.037796173245,-0.174567028880,0.036236248910,0.489234656096,0.474615007639,0.502677142620,0.335428148508,0.265285253525,0.232761517167,0.309115320444,-0.023736307397,-0.163244217634,-0.256189137697,-0.180234611034,-0.167582362890,-0.162980809808,-0.251970380545,-0.044406279922,-0.191413342953,-0.058939471841,-0.099168136716,-0.193162590265,-0.067644566298,0.133251771331,0.249332085252,0.266268938780,0.019665697590,0.099275141954,0.280419349670,0.282374382019,0.301472127438,0.128827199340,0.095821909606,0.177629232407,-0.131605416536,-0.186145007610,-0.166372299194,-0.174838662148,-0.231259226799,-0.453821599483,0.029852513224,0.020591771230,0.039240844548,0.242726072669,0.308160424232,0.547988891602,0.567708134651,0.350035429001,0.436481356621,0.410917609930,0.269775688648,0.111297637224,-0.153357878327,-0.040800768882,-0.147624447942,-0.195949047804,-0.546610116959,-0.620630145073,-0.041257631034,0.030848558992,-0.314062595367,-0.184082955122,-0.097875744104,-0.294680893421,-0.071838654578,-0.137347072363,-0.410370200872,-0.075209565461,-0.076185025275,-0.221957311034,-0.391107857227,-0.143529132009,-0.098468437791,0.061409000307,0.131580725312,0.247360572219,0.250118196011,0.218257144094,0.150962427258,0.157218575478,0.090874627233,0.154588520527,0.000699700438,-0.111071266234,0.095887772739,-0.170331776142,-0.141977444291,0.137733966112,0.067512862384,0.065952941775,0.192018374801,0.174501180649,0.277752280235,0.258732765913,0.301336288452,0.191759079695,0.470095783472,0.131531327963,-0.025884799659,-0.149295493960,-0.265013605356,-0.138038545847,0.057103786618,-0.149344891310,-0.142434313893,-0.350368797779,-0.669880867004,-0.378875434399,-0.252406626940,-0.428681761026,-0.388354301453,-0.291174173355,-0.209004640579,0.042895752937,0.105683572590,0.300443142653,0.049468819052,0.114450417459,0.256415516138,0.227913007140,-0.206045314670,-0.366210848093,-0.311350226402,-0.560270726681,-0.501936256886,-0.375027090311,-0.436781823635,-0.467807352543,-0.174048423767,-0.269619286060,-0.186009183526,0.264338612556,0.520733535290,0.197541907430,0.293861836195,0.047015756369,0.304501384497,0.275118082762,-0.042335990816,0.090298399329,-0.000814945204,-0.070171721280,-0.052802689373,-0.091878898442,-0.128123372793,0.035408955067,0.325582951307,0.061112660915,0.093541719019,0.088631466031,-0.041344065219,-0.225760400295,-0.146097451448,-0.305534482002,-0.092566251755,-0.090022638440,-0.050094436854,0.014862460084,0.216952413321,0.334744930267,0.283691495657,0.146830081940,0.281123161316,0.091269753873,0.022571511567,0.363844215870,0.003169231350,-0.314844608307,-0.397343397141,-0.230057388544,-0.467782676220,-0.334699630737,-0.309358149767,-0.490955084562,-0.518811404705,-0.310502350330,-0.492914259434,-0.167265444994,0.132054045796,0.040430337191,0.289424926043,0.292767018080,0.246475651860,0.242437958717,0.380929261446,0.199118271470,0.261358708143,0.131160899997,0.144426390529,0.041121806949,-0.008207074367,-0.128127500415,-0.251295357943,-0.375994294882,-0.597029685974,-0.507706761360,-0.420277118683,-0.635673761368,-0.354591727257,-0.491909980774,-0.616032719612,-0.201978832483,-0.237766444683,-0.314774632454,0.209309220314,0.247043654323,0.155699819326,0.285012662411,0.321228355169,0.233329519629,0.528434336185,0.252517789602,-0.075250722468,0.312914252281,0.031313650310,-0.126785725355,-0.004663297441,-0.129230558872,0.229477033019,0.739315807819,0.653754830360,0.899967074394,0.909338891506,1.070084810257,1.156020283699,0.894591689110,0.652976870537,0.817213058472,0.467325776815,-0.055696155876,-0.186684191227,-0.326924741268,-0.409666359425,-0.507114052773,-0.564678847790,-0.579751193523,-0.518276333809,-0.426891356707,-0.389663159847,-0.531253755093,-0.490107238293,-0.271459072828,-0.369721680880,-0.290256321430,-0.246224582195,-0.248241364956,0.068109661341,0.153082117438,-0.112717621028,0.212807714939,0.279065221548,-0.203789815307,-0.248879343271,-0.262832164764,-0.609220981598,-0.537748634815,-0.849386990070,-0.869661748409,-0.681150138378,-0.504825592041,-0.695617496967,-0.258930325508,-0.254575729370,-0.067685723305,0.121859006584,0.235095232725,0.553364276886,0.563571691513,0.417889893055,0.594259679317,0.190668374300,0.189215466380,0.185288906097,0.406711161137,0.407431453466,0.396544903517,0.221553966403,0.012203599326,-0.053494155407,0.189141377807,0.141512364149,0.208547785878,0.239844948053,0.079222552478,0.102152146399,0.317058950663,0.050752975047,0.064450643957,0.390922635794,0.409925699234,0.383773326874,0.494626462460,0.431155413389,0.541485786438,0.553454816341,0.414667159319,0.387806922197,0.287206441164,-0.003556124633,-0.303394228220,-0.343799859285,-0.482031881809,-0.537481069565,-0.366321980953,-0.546848833561,-0.435719907284,-0.132408007979,0.045982666314,-0.039631854743,0.010820661671,-0.125361621380,-0.070554494858,-0.245940595865,-0.181395277381,-0.084478542209,-0.126909196377,-0.382575601339,-0.243129432201,-0.189108461142,0.021287355572,0.219771802425,0.294919610023,0.261552155018,0.188289389014,0.410555422306,0.138791754842,-0.260667234659,-0.319524377584,-0.099933683872,-0.410514235497,-0.148686334491,-0.480607777834,-0.474841415882,-0.295450568199,-0.291351139545,-0.343433558941,-0.153069764376,-0.088528573513,0.080547869205,0.044114056975,-0.079576514661,-0.423281729221,-0.369124889374,-0.447067409754,-0.397977262735,-0.368058919907,-0.570675671101,-0.432065039873,-0.436905294657,-0.357674539089,-0.438502252102,-0.273990333080,-0.136532142758,0.085886172950,0.259181380272,0.516366541386,0.401442855597,0.524795889854,0.832264840603,0.635484397411,0.297496169806,0.352204531431,0.190779492259,-0.199599832296,-0.164524272084,-0.143014654517,-0.324973821640,-0.689176082611,-0.531426608562,-0.327747911215,-0.345993638039,-0.217668563128,-0.041562207043,-0.110630877316,0.015282280743,-0.088697321713,0.199505165219,0.123196668923,0.261762052774,0.520317852497,0.246187552810,0.234399646521,0.080053962767,-0.090388946235,0.003757802770,0.044776711613,0.049839250743,0.207596987486,0.136182293296,0.332975089550,0.404546231031,0.545597553253,0.544210493565,0.571663498878,0.715863525867,0.364679753780,0.304200917482,0.365465909243,0.160391911864,-0.125411018729,-0.152769297361,-0.170307084918,-0.269981473684,-0.128674909472,-0.068340152502,-0.296010315418,-0.508221209049,-0.447207391262,-0.258267670870,0.114553309977,-0.497738063335,-0.459904879332,-0.118698000908,-0.286922454834,-0.356777280569,0.218882769346,0.005424736533,0.028210274875,-0.129502207041,-0.256983488798,-0.198237493634,0.166499897838,0.272545665503,-0.099719658494,-0.105411924422,-0.121554434299,-0.295421749353,-0.187980696559,-0.417169630527,-0.300270259380,-0.190960600972,-0.355040341616,-0.006375506055,-0.054609563202,-0.405916780233,0.043348502368,0.084235697985,-0.033696752042,0.151555106044,0.590785920620,0.658459246159,0.593761622906,0.649165570736,0.557640671730,0.456398129463,0.286399722099,0.384847581387,0.216775432229,-0.212536081672,-0.158696174622,-0.178966909647,-0.353159368038,-0.513864099979,-0.395450085402,-0.272150546312,-0.379945576191,-0.414272040129,0.115960940719,-0.006544257049,0.173225253820,0.486040741205,0.393005281687,0.462958872318,0.676849067211,0.650309801102,0.521108090878,0.542173147202,0.407217413187,0.390836179256,0.097254246473,-0.151349321008,-0.344812363386,-0.616489589214,-0.854325950146,-0.780474722385,-0.953638195992,-0.914133906364,-0.798321127892,-0.693497776985,-0.285597145557,-0.048789698631,0.408085852861,0.476257264614,0.253003448248,0.550565481186,0.352052211761,0.210634514689,0.368828535080,0.417614161968,0.400080472231,0.232160598040,0.056469939649,0.001061898307,0.151312276721,0.135980606079,0.248405992985,0.296961098909,0.383246511221,0.154823124409,-0.111030116677,-0.444219231606,-0.245541349053,-0.030675690621,-0.330995351076,-0.297125726938,-0.369643539190,-0.276155292988,-0.292001456022,-0.299274206161,-0.033758487552,0.293907105923,0.361288279295,0.375821471214,0.333279669285,0.312955439091,0.468696385622,0.173760309815,0.396931827068,0.496276944876,-0.034248277545,-0.080243296921,-0.116273745894,-0.350200086832,-0.312243372202,-0.519358813763,-0.633595228195,-0.358357727528,-0.326052188873,-0.573486804962,-0.315453767776,-0.389729022980,-0.332542926073,0.270718216896,0.197167351842,0.392231464386,0.531920492649,0.722313046455,0.692859828472,0.248862862587,0.410123258829,-0.141211897135,-0.413514733315,-0.255386531353,-0.743736267090,-0.925942420959,-0.997283041477,-1.091672658920,-1.094039201736,-0.971274733543,-0.601087927818,-0.332555264235,-0.280193001032,-0.159276515245,0.149637103081,0.497803926468,0.322442531586,0.340918749571,0.493482261896,0.371442168951,0.154806658626,0.092134080827,-0.060980949551,-0.122723340988,-0.111042454839,-0.117417968810,0.010372029617,-0.022476846352,0.305995464325,0.562271058559,0.474446296692,0.032651316375,0.113227993250,0.307477176189,0.178485333920,0.340791136026,0.407447934151,0.234280288219,0.134572967887,0.309716224670,0.015986097977,-0.106848374009,0.011931951158,0.168302640319,0.033536229283,-0.079551823437,-0.003354446264,0.156728774309,-0.184827938676,-0.178081989288,0.075049042702,0.027724599466,-0.091463200748,-0.152987450361,0.025510255247,0.139796033502,0.306337088346,0.249397933483,-0.025880683213,-0.022159922868,0.145068481565,0.218537032604,0.178456544876,-0.104226559401,0.026172911748,-0.072620674968,-0.378669649363,-0.595910191536,-0.320722103119,-0.104893326759,-0.274661242962,-0.028757687658,0.009413028136,-0.130498245358,0.049654033035,0.006202638615,-0.003412068821,-0.100135356188,0.270146101713,0.458855301142,0.247973829508,-0.042335990816,0.041257631034,0.202110514045,0.063512220979,-0.255888670683,0.000736743386,-0.069299153984,-0.300887644291,-0.339836269617,-0.198628500104,-0.060149539262,0.211470052600,0.314342468977,0.200258374214,0.018706696108,0.346685111523,0.231917753816,-0.031256031245,-0.187313929200,-0.141146048903,-0.111906796694,-0.396042793989,-0.311963498592,-0.306028395891,-0.580948948860,-0.446598201990,-0.455994784832,-0.553417801857,-0.375660926104,-0.485991358757,-0.493564546108,-0.453076601028,-0.135272666812,0.062236297876,0.404336333275,0.223879441619,0.130597025156,0.362716466188,0.427759796381,0.248027324677,0.405159473419,0.476965218782,0.131239101291,0.261527448893,0.239828497171,-0.109877660871,0.126732215285,0.248541831970,0.153341412544,0.001259460812,0.044130519032,0.145776420832,-0.401994347572,-0.118459284306,0.130679354072,-0.057836417109,0.164437830448,0.283502161503,0.091800697148,0.142014503479,0.208374902606,0.468354791403,0.428706467152,0.474545091391,0.471338808537,0.403875321150,0.205806598067,0.421680629253,0.160589486361,0.039491917938,0.216763079166,0.027037248015,0.040866620839,-0.178826957941,-0.670366525650,-0.271566092968,-0.325393617153,-0.376533508301,-0.118508681655,-0.250015318394,-0.283209919930,0.020492989570,-0.255341261625,-0.104843929410,0.217244639993,0.156881064177,-0.030823862180,0.142701849341,0.239721491933,0.044381584972,0.025646079332,0.173496901989,0.015566276386,-0.148497015238,-0.139211580157,-0.396199196577,-0.441041767597,-0.601627111435,-0.686167418957,-0.525936007500,-0.436345547438,-0.210313484073,-0.575713515282,-0.653614878654,-0.624182224274,-0.648091316223,-0.391535907984,-0.174180135131,-0.158346325159,-0.019385818392,0.098221480846,0.346392869949,0.455488532782,0.550894737244,0.836232602596,0.675486683846,0.484275013208,0.943027436733,0.707858145237,0.377562463284,0.513040959835,0.379673898220,-0.012919763103,-0.012755127624,0.006136784330,0.037586260587,-0.383608728647,-0.548643350601,-0.008281160146,-0.158078789711,-0.037355773151,0.226200804114,0.251735746861,0.031103743240,0.681635797024,0.636509239674,0.263046205044,0.671160876751,0.546527802944,0.277962177992,0.658689796925,0.321355938911,0.391996890306,0.344339042902,-0.006680081133,-0.038944505155,0.119685821235,-0.023567557335,-0.126962706447,-0.059709142894,-0.277406543493,-0.279386281967,-0.315066874027,-0.696955144405,-0.659492373466,-0.714155435562,-1.167462587357,-1.125398159027,-0.944644927979,-0.962203323841,-1.037248253822,-0.819332718849,-0.489098846912,-0.258987933397,0.189297765493,0.459151655436,0.562176406384,0.309827357531,0.325973957777,0.304678380489,0.257683217525,0.264433264732,0.058449681848,0.148632839322,0.149604186416,-0.038438249379,-0.109762422740,-0.092817321420,-0.069706626236,0.039817072451,0.084046371281,-0.193471282721,-0.329295486212,-0.088409207761,-0.079909905791,-0.060347102582,0.100551068783,0.126155987382,0.018274528906,0.177645713091,0.621292829514,0.510398507118,0.297121614218,0.606656730175,0.725679874420,0.648280680180,0.742789685726,0.253390341997,0.117953024805,0.310424149036,-0.144858568907,-0.222368925810,-0.143776088953,-0.389119893312,-0.337634265423,-0.378793120384,-0.412144154310,-0.026868496090,0.278032124043,0.305291652679,0.486267089844,0.443219095469,0.567955076694,0.623276710510,0.623206734657,0.527421832085,0.042936913669,-0.081251688302,-0.065911784768,-0.170525237918,-0.425121515989,-0.434205263853,-0.361494064331,-0.295281797647,-0.335954993963,-0.374936550856,-0.709529161453,-0.638447821140,-0.555677354336,-0.404500931501,-0.517337918282,-0.261428654194,-0.122324101627,0.172883629799,0.271578431129,0.231423854828,0.033816110343,0.252900540829,0.125234022737,0.008565156721,0.156041428447,0.030947336927,-0.175419017673,-0.139001667500,-0.105975806713,0.188384056091,0.186330229044,-0.118698000908,-0.159848615527,-0.069504946470,-0.192207708955,-0.135589599609,-0.017443120480,-0.044402167201,0.053839888424,0.243866175413,0.395454198122,0.177855625749,0.224834322929,0.586439490318,0.389782547951,0.202682644129,0.316589742899,0.400405615568,0.388642430305,0.300792992115,0.234095066786,0.069397941232,-0.146846547723,-0.281296044588,-0.538287758827,-0.352167457342,-0.517803013325,-0.247043654323,-0.205160409212,-0.211968064308,-0.390971988440,-0.527355968952,-0.465893477201,-0.412432253361,-0.073011681437,0.298092961311,0.116578325629,0.391778767109,0.495136827230,0.930630445480,0.683595001698,0.638987004757,0.582788705826,0.360522717237,-0.111466392875,-0.408703237772,-0.385522603989,-0.345446228981,-0.518000602722,-0.320314645767,-0.411320984364,-0.444132804871,-0.170982092619,-0.108535878360,-0.140018299222,-0.198035806417,0.140845581889,0.375957280397,0.441239327192,0.307958751917,0.216824829578,0.198842525482,0.442902117968,0.395433634520,0.222442999482,-0.108626432717,-0.365593492985,-0.396647810936,-0.404377460480,-0.434888511896,0.102436147630,0.081626228988,-0.088956624269,0.251278907061,0.037619188428,0.107659198344,0.516004383564,0.270524770021,0.369643539190,0.528994143009,0.166643947363,0.092870824039,0.141903355718,-0.203929752111,-0.156909883022,0.201698943973,0.264836609364,0.297961264849,0.062273338437,0.143076390028,0.117911875248,0.161894217134,0.304855346680,0.459843128920,0.431295365095,0.029218666255,-0.310045510530,-0.266301870346,-0.622972071171,-0.485382169485,-0.564246654510,-0.716386258602,-0.494354814291,-0.644498169422,-0.777334213257,-0.732602834702,-0.611649334431,-0.434616863728,-0.182296663523,-0.143557950854,0.285280227661,0.197047993541,0.327883720398,0.142212063074,0.393696755171,0.438601046801,0.415416270494,0.403562515974,0.022394530475,-0.346401095390,-0.104312986135,-0.107111781836,-0.354945689440,-0.574503421783,-0.285197883844,-0.077407449484,-0.271512597799,-0.271352052689,-0.192108929157,-0.223002746701,-0.119488254189,0.251344740391,0.278810054064,0.323397427797,0.589489400387,0.634146749973,0.628162264824,0.686904132366,0.753906667233,0.719069778919,0.674087285995,0.838134109974,0.642967104912,0.735866725445,0.325582951307,0.030897948891,-0.033832572401,0.224941328168,-0.069801293314,0.012047195807,-0.052255276591,-0.074444010854,-0.287807345390,-0.185626417398,-0.140203505754,-0.055461548269,-0.126184806228,0.039253193885,0.129724457860,0.190092131495,0.169718518853,-0.142850011587,-0.186992883682,-0.217610940337,-0.170220643282,-0.098694808781,-0.539860069752,-0.608755826950,-0.664945900440,-0.572581350803,-0.706890940666,-0.583332002163,-0.543288588524,-0.087651886046,-0.097097843885,-0.207901582122,-0.163268923759,-0.107152946293,0.450627654791,0.497248262167,0.358946323395,0.546470165253,0.462205648422,0.025069855154,0.156934574246,-0.022641483694,-0.128703728318,-0.100003652275,-0.064903393388,-0.172253906727,-0.174628764391,-0.073324494064,-0.243578061461,0.258613407612,0.262700468302,0.190265014768,0.039747100323,-0.024831132963,-0.023518165573,-0.072159692645,-0.300023317337,-0.136733815074,-0.410341382027,-0.071867465973,-0.068089082837,0.108313634992,0.314107865095,0.459991306067,0.700243771076,0.786500334740,0.931301295757,0.965273797512,0.725922763348,0.733010351658,0.395590066910,0.212169751525,-0.062796056271,-0.331711500883,-0.467663317919,-0.798650443554,-0.918714880943,-0.788315415382,-0.731347441673,-0.435160189867,-0.183379143476,-0.127036795020,0.004449271597,0.238416761160,0.385806590319,0.602293908596,0.495124489069,0.582364797592,0.818546652794,0.344339042902,0.294524490833,0.146784797311,-0.241203218699,-0.125052928925,-0.223949402571,-0.356505602598,-0.668761312962,-0.715637147427,-0.961511850357,-0.767999470234,-0.525582075119,-0.565913617611,-0.644580483437,-0.295882731676,-0.525359749794,-0.335658639669,-0.160877585411,-0.360391020775,-0.171204358339,0.124810092151,-0.221907943487,-0.089981473982,0.199200600386,-0.268779635429,-0.030025381595,0.169541537762,-0.082893922925,-0.355534255505,0.038709897548,-0.017467815429,-0.046311937273,0.199459895492,0.417712926865,0.473935931921,0.395223736763,0.428689986467,0.565925955772,0.585534036160,0.549207210541,0.200785219669,0.104284174740,0.480274379253,0.369565308094,0.356806069613,0.195870846510,0.223216786981,0.622202455997,0.550857663155,0.179427877069,0.003300939687,0.017797086388,0.036705464125,0.157494336367,-0.158778488636,-0.648375332355,-0.556842148304,-0.362247258425,-0.352784812450,-0.710541665554,-0.528072178364,-0.283823192120,-0.236482292414,-0.559035956860,-0.351640641689,-0.360744953156,-0.327109962702,-0.134420678020,-0.226390123367,-0.342680335045,-0.268553256989,-0.473318517208,-0.279888421297,-0.230230242014,-0.117393270135,0.089347630739,0.403842419386,0.445095896721,0.423396974802,0.584373354912,0.619885146618,0.392182111740,0.266511768103,0.538938105106,0.450401306152,0.028354329988,-0.411020517349,-0.304130971432,-0.528656601906,-0.705758988857,-0.335551619530,-0.319092214108,-0.256185024977,-0.021600164473,0.335127711296,0.475606948137,0.488683164120,0.841612040997,0.858886361122,0.549413025379,0.845760822296,0.874584376812,0.381180316210,0.361181259155,0.444741964340,-0.045036014169,-0.052683323622,-0.039438407868,0.242055192590,0.353332251310,0.258802741766,0.249019265175,0.276048302650,0.039088558406,-0.169525057077,-0.241462513804,-0.219759434462,-0.463835507631,-0.903786599636,-0.529660880566,-0.319149821997,-0.210939094424,-0.155082434416,-0.183375030756,-0.322882950306,-0.280308216810,-0.160733535886,-0.139232158661,-0.250237584114,-0.139474987984,0.043698348105,-0.165240421891,-0.281975150108,0.165046989918,0.010837125592,-0.347265422344,-0.089874461293,-0.296607136726,-0.334036976099,-0.253945976496,-0.482678055763,-0.291808009148,-0.259485960007,-0.204720005393,-0.088545024395,0.076967045665,-0.193104982376,-0.110984839499,-0.182893469930,0.093130126595,0.416004866362,0.290527969599,0.268643796444,0.393651455641,0.326109796762,0.316663831472,0.166236475110,0.215639442205,0.171476006508,-0.127506002784,-0.632101118565,-0.295285910368,-0.438144207001,-0.323496192694,-0.052123565227,-0.073538519442,-0.096513383090,0.310037255287,0.480299055576,0.527899265289,0.331641554832,0.215087920427,0.363922417164,0.359242647886,0.164800032973,0.076748907566,-0.180860206485,-0.093167170882,0.216005757451,-0.220389172435,-0.245858266950,-0.073900714517,-0.559789180756,-0.596338212490,-0.543926537037,-0.464852184057,0.078230619431,0.602191030979,0.350788623095,0.571762263775,0.848222136497,0.977086365223,1.128032326698,1.093463063240,1.150924921036,1.138227462769,0.943130373955,0.528948843479,0.445318192244,0.016500582919,-0.556566417217,-0.581014811993,-0.593374788761,-0.873971104622,-0.713019430637,-0.502586603165,-0.652606487274,-0.485513895750,-0.270924001932,-0.359654247761,0.124011605978,0.122529894114,0.157210335135,0.321121335030,0.176571458578,-0.033194612712,-0.067121848464,-0.100349389017,0.075872220099,0.158148765564,-0.277138978243,-0.559665679932,-0.526820898056,-0.786125719547,-1.008754014969,-1.191482782364,-1.185576558113,-1.080588579178,-0.709895491600,-0.903420269489,-1.065302133560,-0.396639585495,-0.218619346619,-0.121332176030,0.040492076427,0.155148282647,0.094846449792,0.678585946560,0.716382086277,0.689052641392,0.724272251129,0.910190880299,0.807108581066,0.551857829094,0.238149210811,0.334773749113,0.383983224630,0.537390530109,0.176110491157,0.267812401056,0.325212538242,0.347841680050,0.394713371992,0.111832708120,0.184609785676,0.217705607414,0.454414278269,0.181061893702,0.202526241541,0.608294844627,0.469523668289,0.252077370882,0.243100628257,0.004502777942,0.377492487431,0.107383437455,0.137112468481,0.014323279262,0.004420460202,-0.293927669525,-0.328604012728,-0.400360375643,-0.444610208273,-0.692448258400,-0.534497022629,-0.211972191930,-0.616394877434,-0.570436954498,-0.584365069866,-0.564962863922,-0.257765531540,-0.434197038412,0.072727687657,0.201447874308,-0.051909539849,0.122702762485,-0.261325746775,-0.509361326694,-0.240672260523,-0.385222136974,-0.630590617657,-0.631384968758,-0.563176572323,-0.100299999118,0.032124482095,-0.095356822014,0.178719952703,0.569029331207,0.570539891720,0.637567043304,0.527014374733,0.359431982040,0.017698304728,0.393264561892,0.028012713417,0.118446931243,0.287222921848,0.228365764022,0.101505950093,0.232522785664,0.098789468408,-0.110075220466,-0.057428941131,-0.021279124543,-0.510349154472,-0.421034455299,-0.337856531143,-0.525944232941,-0.887755215168,-0.408460408449,-0.551084041595,-0.727523863316,-0.575182557106,-0.451784193516,0.146821856499,0.222480043769,0.085202932358,0.092121735215,0.018768435344,0.033071134239,0.264881908894,0.152394756675,0.174435317516,0.080708384514,0.258633971214,0.147657364607,0.048612717539,0.177728027105,0.286008715630,0.314445376396,0.462934136391,0.505397737026,0.388230830431,-0.020797565579,0.059363406152,-0.164997592568,0.041739188135,0.139800146222,0.110202811658,-0.024374270812,-0.042973954231,-0.101588271558,-0.291034221649,-0.125044703484,-0.188729792833,-0.202225774527,-0.050629504025,-0.176122829318,-0.095303319395,-0.100526370108,-0.030358767137,0.147739678621,0.403043925762,0.436674803495,0.225937381387,0.477636098862,0.496696770191,0.418178021908,0.404879599810,-0.036190975457,-0.305748492479,-0.174266576767,-0.590213775635,-0.590625345707,-0.690522015095,-0.769880354404,-0.819283366203,-0.716328561306,-0.546552479267,-0.424504131079,-0.465514808893,-0.122715108097,0.326406151056,0.856153488159,0.451409697533,0.793847143650,1.242799758911,1.111074924469,0.930070638657,1.165560960770,0.934853315353,0.518548011780,0.510723710060,0.249607831240,-0.251715153456,-0.284880965948,-0.402072578669,-0.614003598690,-0.596152961254,-0.305365741253,-0.179934144020,-0.110034070909,-0.169446855783,0.005033727270,0.099225752056,0.072488963604,0.031647041440,0.321738719940,0.042245443910,-0.025963002816,0.076699510217,0.086919255555,0.024411315098,-0.025349734351,-0.004827932920,-0.199488714337,-0.490156590939,-0.408398658037,-0.342186421156,-0.564752936363,-0.317631065845,-0.163910999894,-0.416247665882,-0.279094040394,-0.043451394886,0.095241576433,0.286033421755,0.301455646753,0.129707992077,0.136898443103,0.219302579761,0.319915384054,0.235704377294,0.524816513062,0.377801179886,0.045636933297,0.076678939164,0.345602631569,0.091450847685,0.283884942532,0.075966887176,0.030733311549,-0.222529441118,-0.291845053434,-0.613995373249,-0.666884481907,-0.727655529976,-0.613151609898,-0.473717749119,-0.202452138066,-0.353760302067,-0.110165774822,-0.177571624517,0.163384169340,-0.040492076427,-0.079946950078,0.237009108067,0.122879743576,-0.058260351419,-0.167265444994,-0.281320720911,-0.596943259239,-0.373961091042,-0.378933072090,-0.466691970825,-0.629520475864,-0.707479476929,-0.367112219334,-0.080840095878,0.008277044632,0.503899574280,0.536719620228,0.578796327114,0.851239085197,0.668283879757,0.587110400200,0.958643078804,0.619292497635,0.442832201719,0.484419077635,0.220553800464,0.017299063504,0.014310931787,-0.125094085932,-0.147677958012,-0.290330410004,-0.220948934555,-0.462098628283,-0.500866174698,-0.187577337027,-0.286691963673,-0.186659485102,0.238540217280,0.273410022259,0.487831145525,0.494058459997,0.487386643887,0.675630748272,0.467404007912,0.271294444799,0.273833930492,-0.195981964469,-0.308250963688,-0.344063282013,-0.513715982437,-0.827362835407,-0.676490962505,-0.551890790462,-0.688241779804,-0.541720390320,-0.292791694403,0.049534674734,0.140067681670,0.184449270368,0.201744213700,0.030601603910,0.004428692162,0.264890134335,0.057795260102,-0.260173320770,-0.282185077667,-0.074011839926,0.175859421492,-0.202431574464,-0.024242561311,-0.298595100641,-0.132729053497,-0.260798931122,-0.263083249331,-0.082227148116,-0.095245689154,-0.263910531998,-0.096492804587,-0.236893862486,-0.237704694271,-0.206423982978,0.108202494681,0.451467275620,0.363226830959,0.237247839570,0.247862696648,0.423615098000,0.547029912472,0.173776775599,0.178608819842,0.005593487993,-0.340939313173,-0.342174082994,-0.375780284405,-0.369100213051,-0.245409637690,-0.243648052216,-0.392647176981,0.026481604204,0.453685790300,0.549445927143,0.718382418156,0.749177515507,0.814731180668,1.094664812088,1.013166189194,0.722769975662,0.618160605431,0.313227057457,0.176818415523,0.116438388824,0.113767169416,0.091384992003,0.101975157857,0.097723461688,0.005766354967,-0.152094289660,0.047826584429,-0.046097911894,-0.282374382019,-0.393355101347,-0.527944564819,-0.236461699009,-0.359349668026,-0.822831273079,-0.690028131008,-0.402422398329,-0.385728389025,-0.035421304405,0.070377513766,0.300484299660,0.162651538849,0.221525162458,0.247891515493,0.064487688243,0.205415591598,0.011055266485,-0.348426103592,-0.604026675224,-0.542741179466,-0.894612312317,-1.153810143471,-1.273133754730,-1.237354397774,-1.134082674980,-0.707146108150,-0.554915964603,-0.154592633247,-0.067644566298,0.229789867997,0.369071394205,0.853404045105,0.721037149429,0.571412384510,0.632306933403,0.449800372124,0.480471938848,0.572997033596,0.102942399681,0.269269436598,0.536225676537,-0.118611574173,-0.195084705949,-0.474178761244,-0.558163344860,-0.739978492260,-0.498408973217,-0.162314042449,0.007725515869,0.103222273290,0.217586264014,0.481175750494,0.785644292831,1.002683043480,1.334221720695,1.418815374374,1.342675805092,1.230904817581,1.304229259491,1.055707931519,0.713855028152,0.546964049339,0.203966796398,-0.218602880836,-0.413856357336,-0.391647011042,-0.500899076462,-0.319499671459,-0.199929118156,-0.314651161432,-0.093319460750,-0.101831100881,-0.107519261539,-0.106202177703,-0.030737429857,-0.124810092151,-0.163429439068,0.096624515951,-0.253493219614,-0.179744809866,-0.274743527174,-0.646465599537,-0.353418707848,-0.092249326408,-0.067216515541,-0.445429295301,-0.564238429070,-0.403838306665,-0.607805073261,-0.811105072498,-0.806766927242,-0.746197581291,-0.830544412136,-0.876613557339,-0.897122979164,-0.653886556625,-0.365000784397,-0.306217730045,-0.368367582560,0.118479855359,0.307901114225,0.354241877794,0.502302587032,0.785705924034,0.650865435600,0.561698913574,0.787447035313,0.780635178089,0.655339419842,0.708434343338,0.800593137741,0.522787392139,0.346491664648,0.599433362484,0.752943515778,0.558451473713,0.523639321327,0.410921722651,0.506611883640,0.559389948845,0.231868371367,0.550083875656,0.639966607094,0.205979466438,0.628528535366,0.590386688709,0.024975189939,0.087557218969,0.533521592617,0.261568605900,0.089853882790,-0.226184338331,-0.249138638377,-0.178131371737,-0.358962774277,-0.379291117191,-0.603141784668,-0.713813781738,-0.346281737089,-0.399751216173,-0.753560900688,-0.344227910042,-0.131259679794,-0.507204592228,-0.337704241276,-0.067339994013,-0.394351154566,-0.473018050194,-0.541308820248,-0.451619595289,-0.434114724398,-0.448363929987,-0.747378826141,-0.835783958435,-0.756557226181,-0.615695178509,-0.308460891247,-0.015356366523,-0.030128277838,0.452870815992,0.620132148266,0.767147481441,1.059766292572,0.703618764877,0.698831975460,0.715093851089,0.372174769640,0.150559067726,0.382962495089,0.266198962927,0.176855459809,0.226834639907,-0.311765938997,-0.002436603885,-0.129498094320,-0.234745383263,-0.297990083694,-0.306308269501,-0.264482647181,-0.401023000479,-0.528512537479,-0.170673400164,0.004687992856,0.099896647036,0.423466920853,0.052098870277,0.049193054438,0.647144675255,0.780956268311,0.295491725206,0.448647916317,0.426409780979,0.387168943882,0.108371250331,-0.153864130378,-0.658088862896,-0.534097790718,-0.575861692429,-0.452088773251,-0.302879750729,-0.179164469242,-0.068735279143,-0.154539123178,-0.257378637791,0.329176127911,0.475442349911,0.383760988712,0.276451647282,0.041533391923,-0.104267708957,0.138137325644,-0.099320419133,-0.135569021106,-0.305550932884,-0.395367801189,-0.654141724110,-0.764253973961,-0.611760437489,-0.844098031521,-0.879181861877,-0.640485167503,-0.547346830368,-0.102304428816,0.026185259223,-0.031227217987,0.053716413677,-0.126118943095,0.064726404846,0.278069168329,0.200838729739,-0.015249352902,0.078547552228,0.059025902301,0.008231769316,-0.190594270825,-0.120805338025,-0.165911316872,-0.380134910345,-0.470186352730,-0.141512364149,-0.008585735224,-0.019743900746,-0.000596803322,0.305287539959,0.328879773617,0.283938437700,0.516864597797,0.434555143118,0.343021959066,0.626112520695,0.400380939245,0.622453510761,0.707919895649,0.647963762283,0.496861398220,0.714743971825,0.747325301170,0.582838118076,0.771057486534,0.586562991142,0.300961732864,-0.014767794870,-0.076452560723,-0.307608902454,-0.207930386066,-0.489140003920,-0.500919640064,-0.400442659855,-0.214701026678,-0.055675573647,0.449586331844,0.358201354742,0.347026705742,0.275039881468,0.216569617391,0.356291592121,0.298356384039,0.174509406090,0.042385384440,-0.349265754223,-0.364045888186,-0.423561573029,-0.684965550900,-0.606142282486,-0.548935592175,-0.457649350166,-0.476574182510,-0.446993321180,-0.085301719606,-0.334016412497,-0.308222144842,-0.196628168225,-0.367750227451,0.019690394402,-0.097101956606,0.048328720033,0.194738969207,0.240725755692,0.318911105394,0.619872808456,0.449952661991,0.425800651312,0.474672645330,0.366371393204,0.253398567438,0.200060814619,0.081148780882,-0.119694046676,-0.289494872093,-0.609809517860,-0.376566439867,-0.765706896782,-0.523528218269,-0.292429506779,-0.284049570560,-0.042714655399,0.287375211716,0.364449232817,0.619078457355,0.470672011375,0.549112558365,0.640509903431,0.560641109943,0.358263075352,0.508805692196,0.327270478010,0.200106084347,0.057712938637,-0.246681436896,0.093529365957,0.038598768413,-0.259716451168,-0.467659205198,-0.251418828964,-0.219290226698,-0.176308050752,0.062820754945,0.051316853613,0.044933114201,-0.122772730887,-0.385148048401,-0.307843476534,-0.133391723037,-0.031465940177,0.053951017559,0.154316872358,-0.243195295334,0.004786774516,0.088890761137,-0.192228287458,-0.393791407347,-0.462987661362,-0.375792622566,-0.345693171024,-0.411378562450,-0.111198857427,-0.092302829027,0.054428458214,0.230448395014,0.597931027412,0.437843739986,0.316507428885,0.361465275288,0.278694808483,0.381999373436,0.370956480503,0.153683021665,-0.163017854095,-0.385571956635,-0.351344287395,-0.248521238565,-0.193133771420,0.011516246013,0.193751171231,0.118158824742,0.046892277896,0.551516234875,0.487036764622,0.131737127900,0.285020917654,0.281703501940,0.053946904838,-0.050452515483,0.035240206867,-0.211824014783,-0.409250676632,-0.154699653387,0.201439633965,0.065516658127,-0.226958125830,-0.002164955484,-0.079778194427,-0.304645448923,-0.301101684570,-0.248405992985,-0.082988590002,-0.133519306779,-0.170969739556,-0.048723846674,0.006293188315,0.260790705681,0.103037066758,0.310020804405,0.403183847666,-0.088973090053,-0.070583313704,0.086075499654,-0.277381837368,-0.536291599274,-0.796213865280,-0.810944557190,-0.598017513752,-0.905325949192,-0.970295190811,-0.625528097153,-0.583509027958,-0.541247129440,-0.107902035117,-0.300467818975,-0.219203799963,0.300249695778,0.507830262184,0.583657145500,0.869213163853,1.087071061134,1.087149262428,1.061079263687,0.791077196598,0.528179168701,0.627614796162,0.427648663521,0.147406294942,0.011668533087,-0.354686409235,-0.450067877769,-0.543016970158,-0.554590821266,-0.212227374315,-0.330567300320,-0.457406520844,-0.232708007097,-0.051703747362,-0.090360134840,0.047246243805,0.374179214239,0.295355916023,0.521626651287,0.597293078899,0.275970071554,0.116092652082,0.052086520940,0.098254404962,-0.007416824345,-0.145294845104,-0.270775854588,-0.094566568732,-0.314922809601,-0.411440342665,-0.178172543645,-0.357719779015,-0.375319302082,-0.094344310462,-0.647548079491,-0.937586247921,-0.624116301537,-0.265783280134,-0.301916599274,-0.326953560114,-0.026107057929,0.183210372925,0.169636204839,0.065989978611,0.329904645681,0.478385180235,0.731038749218,0.635904192924,0.379348754883,0.203402906656,-0.051069900393,-0.015887316316,-0.146755993366,-0.500886738300,-0.510126888752,-0.195158794522,-0.362317234278,-0.366774737835,-0.329781144857,-0.131741255522,-0.143751397729,0.359938234091,0.481620281935,0.254966735840,0.399137914181,0.321034908295,0.130144283175,0.266124904156,0.384489476681,0.556187748909,0.679252743721,0.420643419027,0.260062187910,0.489769697189,0.384296089411,0.279822558165,0.272422194481,-0.096439294517,-0.180242836475,-0.227661937475,-0.493897974491,-0.407118618488,-0.236778631806,-0.576396763325,-0.647045910358,-0.186186164618,-0.499314457178,-0.488341510296,-0.093813367188,-0.275595515966,-0.044756129384,0.444807767868,0.210671573877,-0.133177682757,-0.153337299824,-0.035783503205,-0.117743119597,-0.035981066525,-0.312399774790,-0.400352150202,-0.301307469606,-0.156440660357,-0.071250081062,0.013195526786,-0.059050600976,0.304229736328,0.174628764391,-0.014450871386,0.138483062387,0.350599318743,0.278130918741,0.224291026592,0.164590120316,0.068484209478,0.098546631634,-0.174604073167,-0.323660850525,0.057346627116,0.132770210505,0.458225578070,0.405780971050,0.160363107920,0.057214915752,0.195442795753,0.199760347605,-0.189622938633,0.157770097256,0.297109276056,-0.176184564829,-0.230119124055,0.039393134415,0.044632654637,0.053650561720,0.002008551732,-0.152884542942,-0.190174460411,-0.075909264386,-0.421240240335,-0.360502123833,-0.549943983555,-0.430171728134,-0.231193378568,-0.268816679716,-0.214454069734,-0.191833153367,0.001922118128,0.024333111942,0.039977591485,0.232967317104,0.341655492783,0.071443535388,-0.042142543942,-0.055329840630,0.227978855371,-0.056527566165,-0.002004435984,-0.077674984932,-0.329571247101,-0.298611551523,-0.220035210252,-0.322677135468,-0.024662382901,0.129991993308,0.197047993541,0.215874031186,0.394565224648,0.242668464780,0.436209708452,0.698115825653,0.530722796917,0.454665333033,0.724494516850,0.540386855602,0.302077144384,0.360621482134,0.075300112367,0.176748454571,0.005428852048,-0.302994966507,-0.268149912357,-0.539744794369,-0.420379996300,-0.403336107731,-0.609467864037,-0.612933456898,-0.657681405544,-0.618695735931,-0.670041382313,-0.434769153595,-0.638118565083,-0.153925865889,-0.074802093208,0.016418265179,-0.065882965922,-0.121644973755,-0.073155738413,-0.114096447825,-0.108395949006,-0.019546337426,0.070307545364,-0.169475674629,0.289647161961,0.145266041160,-0.173044160008,0.217112928629,0.404587358236,0.387559950352,0.161639034748,0.089059516788,-0.036956530064,-0.266812235117,-0.231329202652,0.026152333245,-0.074151784182,0.009046714753,-0.026699746028,0.290058761835,0.082527607679,0.120159149170,0.178551211953,0.459271043539,0.103831432760,-0.249146863818,-0.052275855094,-0.294528603554,-0.394577562809,0.029333913699,-0.101275458932,-0.373351931572,-0.357641577721,-0.333950549364,-0.182877004147,-0.191997811198,-0.115100719035,-0.268573850393,-0.269364088774,-0.193981647491,-0.118669189513,0.000069970039,0.203514054418,-0.193771749735,-0.106449134648,-0.225813910365,-0.423845589161,-0.022077606991,-0.120080947876,-0.323335677385,0.154189273715,0.373545378447,0.346800357103,0.274928748608,0.564814627171,0.557698309422,0.420458227396,0.806063115597,0.773481786251,0.194022804499,-0.138651818037,-0.188503399491,-0.380756407976,-0.433740168810,-0.534344792366,-0.350792735815,-0.175571307540,-0.160671800375,-0.116174966097,-0.009268973023,-0.070826150477,0.110458008945,0.115327097476,0.086030222476,-0.071867465973,-0.021019823849,-0.260288566351,0.143224567175,-0.232012420893,-0.204892858863,0.211593538523,-0.004214666318,-0.183543771505,-0.033828459680,-0.070583313704,-0.456052392721,-0.332357704639,-0.163030207157,-0.523396492004,-0.516555905342,-0.536369800568,-0.378834277391,-0.392198562622,-0.122694537044,-0.199949681759,-0.097246021032,0.068607687950,0.254069477320,0.284815102816,0.454241394997,0.380538254976,0.341832458973,0.276134699583,-0.156576499343,0.058186266571,0.365095466375,-0.006445475854,0.001893306966,0.331707388163,0.252460151911,0.411127537489,0.414519011974,0.405710995197,0.321858108044,0.335835635662,0.099764935672,0.240775153041,0.141582325101,0.108465917408,0.168496102095,0.138791754842,-0.342639178038,-0.438086569309,-0.413996279240,-0.706759154797,-0.900259315968,-0.824502289295,-0.765867412090,-0.542551815510,-0.318231999874,-0.217520385981,-0.324940860271,-0.152588203549,-0.236478164792,-0.150682538748,-0.133062452078,-0.218043118715,-0.325891643763,-0.070101752877,0.029955409467,-0.086355380714,-0.230106770992,-0.106062233448,-0.058235656470,0.025004001334,0.106165133417,0.134091421962,0.516185462475,0.410501867533,0.322335511446,0.214836850762,0.167343646288,0.204366043210,0.253950089216,0.105156742036,-0.212322041392,-0.330554962158,-0.216956526041,-0.446314215660,-0.597733497620,-0.091763660312,0.240400597453,0.105337843299,0.202978983521,0.598865389824,0.364432781935,0.264540284872,0.363045722246,0.387444704771,0.258576363325,0.224081113935,0.227526113391,0.324084758759,-0.086680531502,-0.180362194777,0.090849928558,-0.065726563334,-0.315914750099,-0.232094749808,0.056671615690,-0.289927035570,-0.118916146457,0.050320811570,-0.060388267040,0.136799663305,0.331044733524,0.370985299349,0.234774202108,0.054140347987,0.178674668074,0.168751284480,-0.011680881493,-0.221862673759,-0.117072232068,-0.236008942127,-0.525009930134,-0.621292829514,-0.283551543951,-0.281682938337,-0.411148101091,-0.372462898493,-0.185758113861,-0.347129613161,-0.322652429342,0.013870532624,-0.105181440711,-0.023649873212,0.241816475987,0.299019038677,-0.185770466924,-0.145389512181,0.353710919619,0.411765486002,0.268112838268,0.298862636089,0.334860146046,0.172286823392,0.121093444526,-0.311502516270,-0.300661265850,-0.133029520512,-0.239742055535,-0.417717039585,-0.114059403539,-0.408279329538,-0.147381603718,0.095307432115,-0.332950383425,-0.189812272787,0.199151203036,-0.178530618548,-0.368997305632,-0.115413524210,-0.255806386471,-0.184683874249,-0.343684613705,-0.468486487865,-0.204267263412,0.175106212497,0.239256396890,0.452150523663,0.527491807938,0.579541325569,0.791184186935,0.560451805592,0.456097692251,0.575059115887,0.416832119226,0.045579306781,0.182708248496,0.180971339345,-0.132078751922,-0.188639238477,-0.462411433458,-0.405114203691,-0.099637337029,0.053465344012,0.075724050403,0.165577933192,0.164466634393,0.216981232166,0.152975097299,0.330884218216,0.411061644554,0.354192495346,0.322858244181,0.117858372629,0.155531063676,0.005091349594,0.090833462775,0.358345389366,0.204147890210,0.118549831212,0.231251001358,0.061297874898,-0.295351803303,-0.459908992052,-0.514864265919,-0.445733875036,-0.642069816589,-0.556492328644,-0.384851694107,-0.351974010468,-0.442033708096,-0.333180904388,-0.395124942064,-0.200715228915,-0.251241832972,-0.701643168926,-0.602590262890,-0.497713387012,-0.592131793499,-0.353525698185,-0.179040998220,-0.468527615070,-0.181794524193,0.000275764294,-0.296989917755,-0.101316623390,-0.166199430823,0.020834609866,0.109112113714,-0.218248903751,0.053946904838,-0.142059758306,-0.127781763673,-0.082185991108,-0.309605091810,-0.221385210752,-0.386646211147,-0.485480964184,-0.129588633776,-0.001983856549,0.057610042393,0.146891817451,0.189878121018,0.788809359074,1.051028251648,0.927675187588,0.796506106853,0.606944859028,0.715365529060,0.704343140125,0.544428706169,0.514399170876,0.358036696911,0.048695031554,-0.058774836361,0.254308164120,-0.026160564274,-0.220874845982,-0.356962442398,-0.186177939177,-0.304657787085,-0.309045314789,-0.108140766621,-0.046785261482,-0.298747390509,-0.241697102785,0.147138759494,-0.071645207703,-0.041010677814,0.257654398680,0.099736116827,0.322298467159,0.355316132307,0.314416557550,0.307975202799,0.331810295582,0.198373302817,0.138577729464,0.009219582193,0.009050831199,0.047353256494,-0.604549407959,-0.602693140507,-0.400841891766,-0.402430623770,-0.081634461880,0.019521642476,0.006165595725,-0.168603107333,-0.308691352606,0.009754647501,0.177913248539,0.080045729876,0.122468151152,0.103646211326,-0.414827704430,-0.200184300542,-0.375492185354,-0.567489981651,-0.387251257896,-0.220483839512,-0.287296980619,-0.444046378136,-0.663707017899,-0.933791458607,-0.615847527981,-0.425376713276,-0.419161707163,-0.148357063532,-0.302035987377,-0.088746711612,0.341548472643,0.040298629552,-0.087915301323,0.053951017559,0.376817524433,0.191701471806,0.372730433941,0.258465230465,0.328031897545,0.322508394718,0.269495785236,-0.000329270784,0.189079642296,0.603956758976,0.363807171583,0.324302941561,0.692007839680,0.582233071327,0.729281306267,0.469478428364,0.291408777237,0.501244843006,0.348203867674,0.220463275909,0.299887508154,-0.111034229398,-0.102012209594,-0.155683338642,-0.065631896257,0.458604246378,0.285798817873,0.238815993071,0.049020186067,-0.226867571473,0.094583041966,0.263144999743,-0.143331587315,0.033157568425,-0.111993223429,-0.153699487448,0.265622735023,0.092776156962,-0.235716745257,0.078214161098,-0.021270893514,0.253707259893,0.076246768236,-0.243199408054,-0.311971724033,-0.481751978397,-0.838389337063,-0.646494388580,-0.830392122269,-0.818867623806,-0.495552510023,-0.631878912449,-0.654454529285,-0.254209399223,0.007206914481,0.097229547799,0.732705712318,0.740266561508,0.325805217028,0.743806242943,0.706664502621,0.482427000999,0.435584098101,0.179526656866,0.228550970554,0.325537681580,0.036507900804,0.189355388284,0.103164657950,0.197385504842,0.550861775875,0.427232950926,0.237350732088,0.246549740434,0.120702445507,0.139347404242,-0.271031022072,0.086499437690,0.201472580433,0.071200691164,0.220496177673,-0.147924900055,-0.018323918805,0.159013107419,-0.271364420652,-0.097509428859,0.359226197004,0.406381905079,0.291132986546,0.317635178566,0.180300459266,0.176345095038,0.166405230761,-0.554187476635,-0.643213987350,-0.401792675257,-0.585768640041,-0.729124903679,-0.443190246820,-0.490498244762,-0.241384297609,0.137071311474,0.238190367818,0.607451140881,0.632804930210,0.702025890350,0.433431476355,0.562007606030,0.193936377764,-0.007453867700,-0.332238346338,-0.436008036137,-0.277192503214,-0.759195566177,-0.568016827106,-0.599556863308,-1.019393563271,-0.795884549618,-0.624309778214,-0.987030386925,-0.645115613937,-0.313465803862,-0.192981496453,-0.070505104959,0.039763562381,0.192582249641,0.495276778936,0.442519396544,0.806503534317,1.169392824173,0.684500515461,0.416375249624,0.816789090633,0.409526437521,0.087289683521,0.100859761238,-0.301780790091,-0.387880980968,-0.236675739288,-0.359522551298,-0.378377407789,-0.230526596308,0.052465185523,0.164359629154,0.441856712103,0.416066557169,0.728972613811,0.707372486591,0.541440546513,0.708701908588,0.451706022024,0.323175162077,0.472943991423,0.389502674341,0.069533757865,0.175402566791,0.416305303574,0.050147943199,-0.360687345266,-0.123669996858,-0.346236467361,-0.285099118948,-0.150192752481,-0.590510129929,-0.452545672655,-0.386214077473,-0.424948632717,-0.455463796854,-0.689505398273,-0.593049585819,-0.347549438477,-0.197150886059,-0.254909098148,-0.222290709615,0.047785423696,-0.166158273816,-0.293318539858,-0.057379551232,-0.115022525191,-0.268009960651,-0.341770738363,-0.323393315077,-0.511172294617,-0.274842321873,-0.394943833351,-0.495433181524,0.045604001731,-0.082939192653,-0.171747654676,-0.091026909649,-0.384386599064,-0.163371831179,0.091845974326,-0.370314389467,-0.007593807764,0.113005734980,0.174163669348,0.157502561808,0.180448636413,0.613172173500,0.693962931633,0.610249936581,0.623453676701,0.617386817932,0.326484322548,0.573618531227,0.219072103500,-0.003325635102,-0.135659575462,-0.083305507898,0.057338394225,-0.031099626794,-0.109540164471,-0.051596730947,-0.078872703016,0.169253423810,0.046324282885,-0.023032492027,0.221603348851,0.012207713909,-0.185556426644,0.103884935379,0.145237237215,0.170644581318,0.212379649282,0.091475538909,0.282489657402,0.206353992224,0.229567587376,0.490584671497,0.370248556137,0.319911271334,0.175003319979,0.327204614878,0.175357282162,-0.038462944329,-0.030354650691,-0.394610464573,-0.385637849569,-0.397767364979,-0.287552177906,-0.115133643150,-0.351266086102,-0.407180368900,0.066343948245,0.274879366159,0.244594693184,0.001576383947,-0.163569375873,-0.426553845406,-0.425854146481,-0.124847136438,-0.138841137290,-0.220957159996,-0.102604903281,-0.303916960955,-0.339330017567,0.004659181926,0.303311884403,0.038071934134,-0.071315936744,-0.178777575493,0.089150071144,-0.101896964014,-0.236943259835,-0.387662827969,-0.290153443813,-0.306485265493,-0.121616162360,-0.039623625576,0.043974116445,0.083680056036,0.750906109810,0.596869170666,0.753001093864,1.009675979614,1.019533514977,1.052822709084,0.720736742020,0.597428917885,0.589633464813,0.352307409048,0.480220884085,0.595305144787,0.233802840114,0.081226989627,-0.174307733774,-0.068607687950,-0.321594655514,-0.459921330214,-0.254159986973,-0.469848871231,-0.752943515778,-0.369038462639,-0.205843627453,-0.376529395580,0.119665235281,0.220887199044,0.310053735971,0.261831998825,0.300714761019,0.491975843906,0.421273142099,0.420104265213,0.267042726278,0.011326915585,0.036297988147,0.027831612155,-0.381472557783,-0.560299515724,-0.713163495064,-0.998283147812,-1.114334702492,-1.070656895638,-1.419918537140,-1.061881780624,-0.687134623528,-0.638567209244,0.041969679296,0.541197717190,0.348701894283,0.716114580631,0.960157752037,1.171751260757,1.522362947464,1.252998828888,0.998344898224,0.641333103180,0.256234407425,0.253670215607,0.062104586512,0.004667413421,-0.180695578456,-0.438506364822,-0.480332016945,-0.705734312534,-0.524902939796,-0.551668524742,-0.479134291410,-0.250286966562,-0.173068851233,-0.066323369741,0.254312306643,0.638460218906,0.633833885193,0.651289403439,0.449261188507,0.711245477200,0.782351493835,0.293454378843,-0.210029482841,-0.378756076097,-0.526236474514,-0.346364051104,-0.595161080360,-0.920731723309,-0.459616750479,-0.716703176498,-0.378212809563,-0.364486306906,-0.110334530473,0.211984530091,0.413510620594,0.209128111601,0.300406098366,0.282205641270,0.319363832474,0.008334666491,0.119735211134,0.085215285420,0.135206818581,0.007931309752,-0.005206594244,-0.171426609159,0.098200902343,0.245586633682,-0.086108423769,0.200620561838,0.617148101330,0.122377604246,-0.019715089351,0.326591342688,0.194208025932,0.096789143980,0.217545092106,-0.125036478043,-0.586690604687,-0.528784215450,-0.495231509209,-0.630998075008,-0.497602254152,-0.609118044376,-0.381859451532,-0.262749850750,-0.527845740318,-0.191960766912,0.304892390966,-0.019879724830,0.127645939589,0.235263973475,0.244520604610,0.177489295602,0.535941720009,0.455019325018,0.330275058746,0.286465585232,0.081087045372,-0.105617716908,-0.332337141037,-0.354542315006,-0.200460046530,-0.341350913048,-0.706170558929,-0.458859413862,-0.198764309287,-0.012380582280,0.223904147744,0.585653364658,0.686809480190,0.610797286034,0.689690589905,0.488123387098,0.263301402330,0.026185259223,-0.250105857849,-0.534879803658,-0.471347033978,-0.470021694899,-0.412860304117,-0.475487589836,-0.541436433792,-0.507348656654,-0.112565331161,0.023933870718,-0.066961333156,0.161017537117,0.069163329899,0.217771485448,0.344087958336,0.217755004764,0.035227857530,0.094517178833,0.319993585348,0.240273013711,0.195759713650,0.350965619087,0.113277390599,0.189614713192,0.512468814850,0.215149655938,0.123517706990,0.286901861429,-0.096957899630,-0.007388013881,0.035013832152,-0.245183259249,-0.073357418180,-0.266713440418,-0.219961106777,-0.266972780228,-0.427212387323,-0.356830745935,-0.360576242208,-0.574338853359,-0.372504025698,-0.265408724546,-0.295059561729,-0.396392643452,-0.329711198807,0.042331874371,0.095480300486,0.438992053270,0.636085331440,0.408003538847,0.463205814362,0.628759086132,0.487489551306,0.456221163273,0.500969052315,0.237749963999,0.205707818270,0.130946889520,0.039989937097,-0.588620960712,-0.985449850559,-1.028934240341,-0.849135875702,-0.860532760620,-0.513645946980,-0.272409856319,-0.142022728920,0.170150682330,0.585501134396,0.689546525478,0.867097616196,0.967438757420,0.974439859390,0.679174482822,0.640621006489,0.656483650208,0.354797512293,0.206152319908,0.005507053807,-0.255958646536,-0.420495271683,-0.420211285353,-0.445519864559,-0.473046898842,-0.739250004292,-0.693608939648,-0.313959687948,-0.314601778984,-0.254279375076,0.208942890167,0.363152742386,0.192804515362,0.531899929047,0.306127160788,0.113557264209,0.369474768639,0.385362058878,0.351550072432,0.374290347099,0.289536029100,0.000234605439,-0.047567281872,-0.199019491673,-0.361205935478,-0.701079189777,-0.753367483616,-0.633356511593,-1.056473493576,-0.945389986038,-0.633249461651,-0.396067500114,-0.151155874133,0.080860674381,0.097114302218,0.445268779993,0.480389595032,0.503026962280,0.370688945055,0.544420480728,0.275616109371,0.266400635242,0.233238965273,0.159268289804,-0.140610978007,0.169154644012,0.089150071144,-0.206016510725,-0.371059387922,-0.485822588205,-0.592325210571,-0.562151670456,-0.304336756468,-0.121994823217,-0.241100311279,-0.161486744881,-0.433349192142,-0.227048680186,0.123809933662,0.116668872535,0.173480436206,0.443889945745,0.324027150869,0.289745956659,0.369116663933,0.443317860365,0.301118135452,0.233922213316,0.282148033381,0.430023521185,0.229612872005,-0.072484850883,-0.095636703074,0.155617490411,0.361703962088,0.542844057083,0.173747971654,-0.167512401938,-0.156313076615,-0.223348483443,-0.404752016068,-0.313770353794,-0.485213458538,-0.372096568346,0.252801775932,0.269874453545,0.116084411740,0.325364828110,0.668683111668,0.277295410633,0.184445157647,0.258489906788,-0.173212900758,-0.096019476652,-0.120797105134,-0.575400710106,-0.625239968300,-0.460958510637,-0.582163095474,-0.721584558487,-0.965808868408,-0.930375158787,-0.766311883926,-0.553339540958,-0.298294633627,-0.047081608325,0.094529531896,-0.038812793791,0.186869412661,0.160420730710,0.315527856350,0.264614343643,0.213540345430,-0.043858867139,-0.007795486134,-0.091668993235,0.014907735400,0.115487612784,0.120760060847,-0.138371944427,0.117018721998,0.176081672311,0.199027746916,0.157280310988,0.222640559077,-0.101658247411,-0.109564855695,0.046818193048,0.032478448004,-0.039306700230,0.066924288869,-0.084663748741,0.005972149316,-0.022057028487,0.047674294561,-0.005498822313,-0.061141468585,-0.225212991238,-0.154798433185,-0.251958012581,0.007680241019,-0.121805496514,-0.055601485074,0.355299651623,0.249879494309,0.293265044689,0.450903445482,0.261058241129,0.079144351184,0.156597077847,-0.026819106191,-0.017899982631,-0.012738664635,-0.267902940512,-0.453825712204,-0.411226302385,-0.547939538956,-0.614884376526,-0.442494660616,-0.259494185448,0.076259113848,0.208399608731,0.534340620041,0.563456416130,0.496038198471,0.403303205967,0.569724917412,0.597601771355,0.499343246222,0.314610004425,0.374269753695,0.269006013870,0.037981383502,-0.217121154070,-0.236655145884,-0.240454122424,-0.136355161667,-0.140685051680,-0.387329459190,-0.388070315123,-0.373269617558,-0.124682500958,-0.010717764497,0.214252397418,0.402932763100,0.422055184841,0.325228989124,0.335580438375,0.067718654871,-0.004873207770,-0.032601922750,-0.105453088880,-0.373961091042,-0.392560750246,-0.596502840519,-0.976357877254,-1.007704377174,-1.308921337128,-1.433398008347,-1.130510091782,-0.896703124046,-0.432159692049,-0.441646814346,-0.143026992679,0.002963437233,0.584488570690,0.894122540951,0.943183898926,0.804704904556,0.827350497246,0.932103872299,0.627614796162,0.655450522900,0.709389269352,0.281991630793,0.077267505229,0.088306315243,-0.341161578894,-0.321767538786,-0.123320147395,-0.066615596414,-0.328007221222,-0.297220379114,-0.241170272231,-0.433748424053,-0.408225834370,-0.208432525396,-0.234897673130,0.163030207157,0.535826444626,0.345672577620,0.147208735347,0.239783227444,0.399800598621,0.474952548742,0.745716035366,0.406435430050,0.349574446678,0.469894111156,0.208580702543,0.036503784359,-0.159852728248,-0.292273104191,-0.479249536991,-0.535608351231,-0.451870650053,-0.424874573946,-0.838681578636,-0.374611377716,-0.178106695414,-0.280600458384,-0.152110755444,-0.348327338696,0.054955296218,-0.221080645919,-0.263552457094,-0.078996181488,-0.008960281499,-0.201814174652,0.006622458808,-0.190293818712,-0.070179954171,0.227196857333,0.288391828537,-0.220232769847,-0.281444221735,-0.295458793640,-0.609817743301,-0.575865805149,-0.480208545923,-0.564501821995,-0.457418859005,-0.241503670812,0.019867377356,0.223118007183,0.025720166042,0.182156711817,0.587534308434,0.543860673904,0.730182707310,1.041738629341,0.773724615574,0.744147837162,0.769127190113,0.736492335796,0.602940142155,0.515473425388,0.374948889017,0.255016118288,-0.162803828716,-0.361127734184,-0.230641841888,-0.111507557333,-0.002160839504,0.183420285583,0.152699321508,0.030000686646,-0.035417191684,0.023106576875,-0.062071662396,0.091265633702,-0.034347061068,-0.282617241144,-0.553677022457,-0.615555286407,-0.419544488192,-0.482241779566,-0.635500848293,-0.638089776039,-0.544708549976,-0.654014110565,-0.079263709486,-0.031733471900,-0.190273240209,0.213104054332,0.155160620809,-0.017208514735,0.153234392405,0.300060361624,0.164219692349,0.293800115585,0.089187107980,-0.110062882304,0.024308416992,-0.208984047174,-0.469190299511,-0.318351358175,-0.609624326229,-0.692744553089,-0.577055275440,-0.741303801537,-0.380776971579,-0.434983193874,-0.165363907814,0.214663967490,0.289568960667,0.763047993183,0.803087353706,0.580578505993,0.952020585537,0.794283449650,0.655796289444,0.517181515694,0.397368133068,0.114178761840,-0.002811149461,0.201875925064,0.157560184598,0.141298323870,0.229843363166,0.428842276335,0.365819841623,0.484509646893,0.421034455299,0.580154538155,0.266462385654,-0.092586837709,-0.135441422462,-0.294968992472,-0.188482835889,-0.163820460439,-0.384876370430,-0.447503685951,-0.718020200729,-0.626845121384,-0.533645093441,-0.476187288761,-0.182967543602,-0.500894963741,-0.772218167782,-0.418951809406,-0.357267022133,-0.318614751101,-0.092562139034,-0.471676290035,-0.212857112288,-0.335325270891,-0.479204237461,-0.002399560763,-0.145990431309,-0.159070715308,-0.071781031787,0.033750254661,0.186663627625,0.122612208128,0.278233796358,0.269685119390,0.247599288821,0.333205580711,0.665003538132,0.717835009098,0.306859821081,0.114610925317,0.160190239549,0.242594361305,-0.195804998279,-0.481241613626,-0.542790532112,-0.669695615768,-0.692938029766,-0.664468467236,-0.892315626144,-0.882750272751,-0.627565443516,-0.334510296583,-0.257065832615,0.052436377853,0.448997735977,0.665892541409,0.576380312443,0.648091316223,0.687134623528,0.999966561794,0.942656993866,0.797617316246,0.553565919399,0.354007273912,0.218730479479,0.157560184598,-0.042097270489,-0.135457888246,0.001987972530,0.018385658041,-0.177822694182,-0.096501037478,0.185721084476,0.095686092973,0.196035489440,0.098489008844,-0.066714376211,-0.102148026228,0.147961944342,0.146402031183,-0.164050936699,0.019031852484,-0.261272251606,-0.376661092043,-0.157374978065,-0.198011100292,-0.415416270494,-0.334633797407,-0.272356331348,-0.381912976503,-0.465304911137,-0.342993140221,-0.125608563423,-0.432134985924,-0.435551196337,-0.214692786336,-0.286770164967,-0.164079755545,-0.349084645510,-0.065179154277,-0.197410181165,-0.267240285873,-0.063335239887,-0.280625134706,-0.580784261227,-0.257716149092,0.008602199145,-0.481328040361,-0.374253302813,-0.230592459440,-0.265865564346,0.070147030056,0.053597055376,-0.061738274992,0.087244406343,0.057177871466,0.293816566467,0.469811797142,0.139034584165,0.273249477148,0.294240504503,-0.079667069018,0.030013034120,0.057338394225,0.046291355044,0.062495596707,0.121253974736,0.471598088741,0.369894564152,0.352825999260,0.331073552370,0.479175418615,0.328044265509,0.463391035795,0.356345087290,0.236869186163,0.305456280708,0.193841710687,-0.060894515365,0.322446644306,0.279275119305,0.231761366129,0.234942942858,0.047291520983,-0.020134909078,0.266618788242,-0.018245717511,-0.237659409642,-0.356340974569,-0.422125160694,-0.548050642014,-0.304941803217,-0.354974478483,-0.331736207008,-0.201863572001,-0.320417523384,-0.105284333229,0.128139838576,0.235173434019,-0.038232456893,0.226558893919,0.188379943371,0.254995524883,0.424635827541,0.355159699917,0.232292309403,0.458447843790,0.171953439713,0.008577504195,0.147126421332,0.180518597364,-0.127559512854,-0.262420594692,-0.108984507620,-0.240902751684,-0.359419643879,-0.681738734245,-0.615283608437,-0.606109321117,-0.111149467528,-0.154514431953,-0.298479855061,-0.287111788988,0.126711636782,0.281473010778,0.241306111217,0.519037783146,0.701787173748,0.573634982109,0.533233463764,0.569049894810,0.276805609465,0.176649674773,0.284066021442,-0.037783823907,-0.171681791544,-0.014738984406,-0.058610200882,-0.116701796651,0.017677726224,0.019085358828,0.140816777945,0.338778495789,0.654800236225,0.621543884277,0.611698687077,0.456912606955,0.596128284931,0.712122142315,0.405608087778,0.323175162077,0.041348181665,-0.031852833927,-0.073579676449,-0.281901061535,-0.708603084087,-0.819522082806,-0.790834367275,-1.000765085220,-1.189568877220,-0.868892133236,-0.808763146400,-0.471133023500,-0.290153443813,-0.176201045513,0.006519561633,0.132901921868,0.476586550474,0.593872845173,0.504595160484,0.319462627172,0.275262147188,0.073509700596,0.105741195381,-0.188807994127,-0.268989533186,-0.456027686596,-0.732347667217,-0.905074834824,-0.813912093639,-0.776638627052,-0.493963778019,-0.301500916481,-0.111877985299,0.295742809772,0.587719559669,0.592127680779,0.505739390850,0.774844110012,0.763735353947,0.565934181213,0.716686725616,0.517790675163,0.277990996838,0.399030923843,-0.071250081062,-0.463921964169,-0.256090342999,-0.250780880451,-0.133630424738,-0.443107932806,-0.257349818945,-0.293199181557,-0.154106959701,0.024217868224,-0.019328195602,0.159844502807,0.402521193027,0.049584068358,0.228723838925,0.436781823635,0.353426933289,0.589707553387,0.297648459673,0.364799112082,0.263461917639,0.079280175269,0.042809318751,-0.037717968225,-0.320907294750,-0.356913089752,-0.357061237097,-0.234527245164,-0.580903649330,-0.479702264071,-0.368593961000,-0.248113766313,0.034005440772,0.087828874588,-0.049489401281,0.296512454748,0.016422381625,-0.149818211794,0.163857489824,0.290495038033,0.095821909606,0.357559263706,0.202505648136,-0.038067817688,0.071283012629,-0.007779022679,0.068237252533,-0.119809292257,-0.496923118830,-0.365437060595,-0.464263588190,-0.607809185982,-0.437057584524,-0.546391963959,-0.308666676283,-0.321018457413,-0.344034463167,-0.311955273151,-0.208300828934,-0.150929495692,-0.041558090597,-0.131239101291,0.287358731031,0.211325988173,0.198525577784,0.506591320038,0.167989850044,0.056420549750,0.224772587419,-0.241293743253,-0.244574114680,-0.327813774347,-0.489740908146,-0.329707086086,-0.118899680674,0.106305077672,0.135717183352,0.122019521892,0.094916418195,0.389667272568,0.441881388426,0.517959415913,0.548968493938,0.806906878948,0.780577600002,0.730190932751,0.772103011608,0.552462875843,0.606092870235,0.455365031958,0.346368163824,0.157416135073,-0.088306315243,-0.420869797468,-0.335411697626,-0.498087942600,-0.458406686783,-0.446746379137,-0.608229041100,-0.705960690975,-0.431702822447,-0.667761206627,-0.694316864014,-0.397425711155,-0.171813502908,-0.171574786305,0.039829418063,0.155658647418,0.033281046897,0.203896820545,0.085779160261,-0.024864060804,0.055445086211,0.329624742270,0.100888572633,-0.062203366309,0.264046370983,0.132679671049,0.164639502764,-0.023209474981,0.151044741273,0.305604457855,0.232127681375,0.243524566293,0.440724849701,0.357164114714,0.414132118225,0.301081091166,0.555784404278,0.500289916992,0.197315514088,0.000749091036,-0.133885622025,0.109655402601,-0.300072729588,-0.522219359875,-0.625540435314,-0.684261739254,-0.298014760017,-0.169582694769,-0.391453564167,-0.131127983332,0.229670494795,0.042595293373,-0.138853490353,0.118512794375,0.200036123395,0.430204629898,0.478936731815,0.458172082901,0.432847023010,-0.004198202863,-0.041903823614,-0.208531305194,-0.546758294106,-0.638604223728,-0.203851535916,-0.420437633991,-0.823255181313,-0.347228378057,-0.046307820827,-0.308180987835,-0.035976950079,0.288251876831,0.370265007019,0.632348120213,0.467177629471,0.408287554979,0.353632718325,0.124711304903,0.078448764980,0.014660782181,-0.020011432469,-0.027078408748,-0.220068141818,0.068517133594,-0.053271900862,-0.003971829079,0.008309971541,-0.153073877096,-0.126604616642,-0.071682251990,-0.260222703218,-0.051477376372,0.192936211824,0.427842110395,0.300401985645,0.186210855842,0.308345615864,0.028535429388,0.372211813927,0.083243772388,-0.218417659402,0.183868914843,-0.080720737576,-0.498112618923,-0.348504334688,-0.200278967619,-0.321812808514,-0.417161405087,-0.483501255512,-0.367725491524,-0.328875660896,-0.015430453233,-0.043245602399,-0.000255184859,0.332209527493,0.483550608158,0.275574952364,0.187437400222,0.111462280154,0.203460529447,0.068829946220,-0.099616765976,-0.088067583740,0.073291562498,0.045665740967,0.221446946263,0.390490472317,0.133856803179,0.566996097565,0.670263648033,0.408686786890,0.518815517426,0.399537175894,0.510295629501,0.250867277384,-0.072929367423,-0.005379461218,0.121780805290,-0.239540383220,-0.382019996643,-0.699276447296,-0.759858250618,-0.540148139000,-0.480998754501,-0.476100862026,-0.184737384319,-0.087664231658,-0.051193378866,-0.042603526264,-0.043690118939,-0.322236746550,-0.210025370121,0.104650489986,-0.366396069527,-0.298512786627,0.079020872712,-0.225208878517,-0.013919923455,0.137552872300,-0.027399444953,-0.097040213645,-0.028547776863,0.248784676194,0.104061916471,-0.191149920225,0.177793890238,0.118883222342,-0.077160492539,-0.021686598659,-0.138396635652,-0.227793663740,0.043698348105,-0.247858583927,-0.392766535282,-0.467597454786,-0.222167238593,-0.195578604937,-0.190421417356,0.005836324301,0.195154681802,0.235531523824,0.215520069003,0.151987284422,0.267166197300,0.263766467571,0.484377890825,0.403595447540,0.237128481269,0.262358844280,0.399998158216,0.298545718193,0.081766173244,0.184795007110,-0.094624191523,-0.285930514336,-0.217149972916,-0.187523841858,-0.460205316544,-0.166438162327,-0.058112177998,0.099390394986,0.077234581113,0.355830609798,0.382900804281,0.257045239210,0.122912667692,0.190120965242,0.065961174667,-0.057231377810,-0.027967438102,-0.009425376542,0.154806658626,0.202563270926,0.167281910777,-0.091162726283,-0.161280959845,-0.026526877657,0.052098870277,-0.166372299194,0.009738183580,-0.326163291931,-0.523404717445,-0.518482148647,-0.587612569332,-0.279164016247,-0.239219352603,-0.558249831200,-0.207074284554,-0.066224589944,-0.069179795682,0.190532535315,0.352743685246,0.302093595266,0.659150719643,0.492144584656,0.237334266305,0.404072880745,0.151452213526,-0.107247613370,-0.361469388008,-0.576335012913,-0.474001765251,-0.625532209873,-0.643477439880,-0.532974183559,-0.499203324318,-0.679874181747,-0.597412467003,-0.329451888800,-0.136289298534,-0.046711176634,0.050464864820,0.305250465870,0.455344468355,0.357851475477,0.645560085773,0.614909112453,0.656170845032,0.501364171505,0.189474761486,0.128502041101,0.245018631220,-0.113643690944,0.032482564449,0.253390341997,0.181296497583,0.202044665813,0.071776911616,-0.116199664772,-0.074460476637,0.106770172715,0.192730426788,0.095348589122,0.135910645127,0.417581200600,0.202727913857,0.228246405721,0.300517201424,0.260564327240,0.050024464726,0.106798984110,-0.198949530721,0.014290353283,-0.347376555204,-0.621247529984,-0.128032833338,-0.167570024729,0.103004142642,0.534134805202,0.273661077023,0.136791437864,0.046575352550,-0.173221141100,0.047715455294,-0.238169804215,-0.311761826277,-0.202036440372,-0.486267089844,-0.408839106560,-0.451837718487,-0.126357674599,-0.185807496309,-0.107004776597,-0.129354029894,-0.144858568907,-0.221113577485,-0.209198087454,-0.373249024153,-0.326282650232,-0.255193084478,-0.362588882446,-0.225167721510,-0.421738266945,-0.590888798237,-0.406509488821,-0.323615580797,-0.268318653107,-0.038532916456,-0.005622298922,0.147513315082,0.253999471664,0.053099032491,0.078242972493,0.057848762721,0.216849505901,0.304007470608,0.162013575435,0.290684372187,0.263206720352,0.047554936260,0.446371823549,0.436213821173,0.480397850275,0.137511715293,0.349911957979,0.496844917536,0.454685926437,0.475051313639,0.364733248949,-0.079210206866,0.347310721874,0.328690469265,0.210169434547,0.193701788783,-0.049835134298,-0.041615713388,-0.374615490437,-0.367667883635,-0.333543092012,-0.610891997814,-0.948884367943,-0.834553241730,-0.647844374180,-0.507632672787,-0.363589048386,-0.363885402679,-0.368231743574,-0.095163375139,0.127473071218,0.456809729338,0.495338499546,0.415115833282,0.613447964191,0.554611384869,0.236198276281,0.072353139520,0.183975949883,-0.102654293180,-0.138820573688,-0.127921700478,-0.357707440853,-0.529212236404,-0.229962721467,-0.215413063765,0.005844556727,0.373504191637,0.550248563290,0.375660926104,0.477282136679,0.111091852188,0.257860183716,0.160182014108,-0.040072254837,0.227629005909,0.127650052309,0.045406438410,0.261305183172,-0.062870144844,-0.191388636827,-0.219129711390,-0.058005165309,0.214701026678,0.073542632163,-0.185601711273,-0.296833515167,-0.362975776196,-0.495350837708,-0.380476504564,-0.166018337011,-0.331090033054,-0.500787973404,-0.565917730331,-0.830556809902,-0.567506432533,-0.323953092098,-0.428401887417,-0.414251476526,-0.077868424356,-0.090825229883,-0.120813570917,0.139162182808,-0.152357712388,0.045435253531,-0.151522189379,0.013747055084,0.070822030306,0.178995728493,-0.030782703310,0.207514688373,-0.053053755313,0.024403080344,0.371125221252,0.498207300901,0.236070707440,0.223792999983,0.319503784180,0.278147399426,0.366630673409,0.300529569387,0.312078744173,0.618671000004,0.605549573898,0.563995599747,0.834894955158,0.467177629471,0.482328206301,0.383151829243,0.250468045473,0.092323414981,0.340638846159,0.192257106304,0.143257498741,0.189964562654,0.323138117790,0.138598307967,-0.043002765626,0.046373676509,-0.125571534038,-0.143150478601,-0.495865374804,-0.581224679947,-0.513028621674,-0.680479228497,-0.777955770493,-0.685887515545,-0.653779506683,-0.401928484440,-0.465732932091,-0.763117969036,-0.922740280628,-0.430966079235,-0.181103050709,0.251361191273,0.024440124631,-0.102646052837,0.032951775938,-0.000600919186,0.086318336427,0.086585871875,0.060993298888,0.077316895127,-0.066920176148,-0.269376426935,0.052831497043,-0.022110532969,-0.467885553837,-0.259539455175,-0.299698174000,-0.251978605986,-0.195702105761,-0.111454054713,0.086478859186,0.212116241455,0.077255159616,0.411613196135,0.565757215023,0.182164952159,0.081737361848,0.133972048759,0.297500282526,0.139199227095,0.286473840475,0.421569496393,0.222504734993,0.275994777679,0.448709666729,0.318577736616,0.260782450438,0.448763161898,0.165236309171,0.088553264737,-0.026707977057,0.137223601341,0.083025626838,0.351587116718,0.161519676447,0.499376207590,0.372129470110,0.427183598280,0.426125794649,0.295648127794,0.175126791000,0.307752966881,-0.121406257153,0.167006134987,0.147612094879,-0.209712564945,-0.045616351068,-0.065323211253,-0.152073711157,-0.315301477909,-0.358962774277,-0.332477062941,-0.455896019936,-0.549783408642,-0.846884489059,-0.841447353363,-0.379591584206,-0.725898027420,-0.502981722355,-0.412547498941,-0.482410550117,-0.350908011198,-0.058997094631,-0.083523653448,-0.122937366366,0.253900706768,0.387662827969,0.236218869686,0.206378698349,0.152983322740,-0.105255529284,-0.190853595734,-0.107580997050,-0.276867359877,-0.453689903021,-0.246265739202,-0.047130998224,0.112960457802,0.029420344159,0.270598858595,0.108914546669,0.296656519175,0.277653485537,0.138380169868,0.100164182484,0.119031399488,0.122793316841,0.204654142261,0.181938588619,0.169944882393,0.720148205757,0.331802070141,0.087977044284,0.351212590933,0.055910177529,0.185367092490,0.129107072949,-0.151460453868,-0.057712938637,-0.073974803090,-0.111754514277,-0.040080487728,0.056589301676,0.191713809967,0.291519910097,0.244434162974,0.310531169176,0.199533984065,-0.147167578340,-0.035898748785,-0.189231917262,-0.319520264864,-0.030255870894,-0.361251205206,-0.484958261251,-0.497762799263,-0.434143513441,-0.555076479912,-0.127580091357,-0.017307296395,0.020155487582,-0.413004338741,-0.372981488705,-0.069278575480,-0.154674962163,-0.076942354441,-0.113042779267,-0.173863202333,0.026209954172,0.342651546001,0.373763501644,0.414403766394,0.496248096228,0.557179689407,0.389642596245,0.331308156252,0.227390289307,-0.007774906699,-0.083276696503,-0.368845045567,-0.704474866390,-0.467827916145,-0.262465864420,-0.460719794035,-0.319861859083,-0.212132692337,-0.199459895492,-0.072427228093,0.310543537140,0.549911022186,0.562694966793,0.444400310516,0.551149904728,0.224381580949,0.359790086746,0.025279765949,0.044879607856,0.055165201426,-0.220212176442,-0.377393692732,-0.296635955572,-0.474890798330,-0.200764626265,-0.082507029176,0.037137631327,0.433892458677,0.639287471771,0.607924461365,0.503837823868,0.386662691832,0.258494019508,0.187848985195,-0.146295011044,-0.273027211428,-0.395577698946,-0.472190767527,-0.346063613892,-0.228357523680,-0.309917896986,-0.202357470989,-0.116825275123,0.073806047440,0.263186156750,0.185605823994,0.020949853584,0.350780397654,0.100851528347,-0.004992568400,0.042245443910,-0.265429317951,-0.184210538864,-0.060404729098,-0.073386229575,0.049090158194,-0.080835975707,-0.305579751730,-0.297553777695,-0.032610155642,-0.133552238345,0.055815517902,0.158922553062,-0.054588980973,0.212050393224,0.065450802445,0.176217496395,-0.180423930287,0.072192624211,0.240248307586,0.022579746321,0.025872452185,0.229785755277,-0.118632152677,-0.150723710656,-0.191446259618,-0.318466573954,-0.462633699179,-0.222447112203,-0.098130926490,-0.131045669317,-0.125057041645,0.201237961650,0.304032176733,0.180498018861,0.452767908573,0.616670668125,0.307625353336,0.305065274239,0.650980710983,0.380739927292,0.258247077465,0.268211632967,-0.103197582066,-0.107173532248,-0.207378864288,-0.395676493645,-0.312218666077,-0.023345297202,-0.207765758038,0.016533510759,0.167644113302,0.439362496138,0.354579359293,0.107181757689,0.251669913530,0.124320305884,-0.203258857131,0.158115833998,0.146480232477,-0.102135688066,-0.166643947363,0.297549664974,0.219335511327,0.253501474857,0.336605280638,0.181535229087,-0.225756287575,0.052366405725,0.119632311165,-0.252159684896,-0.532690167427,-0.558426797390,-0.365605831146,-0.605631887913,-0.689859330654,-0.587670147419,-0.348409652710,-0.261371046305,-0.054576631635,0.126946240664,-0.056017193943,-0.051090482622,0.229847475886,0.028790613636,-0.005293027963,-0.082313582301,0.095830149949,-0.231032863259,-0.219142064452,-0.130358308554,-0.147426888347,-0.250867277384,-0.119899839163,-0.065652482212,-0.106350354850,-0.063985548913,0.020180184394,-0.067846246064,0.331851452589,0.187095776200,-0.041833855212,0.016776347533,-0.092195823789,-0.106514982879,0.416593372822,0.361897408962,0.202933713794,0.397219926119,0.768793761730,0.332226008177,0.567123651505,0.772312879562,0.385971218348,0.488242715597,0.561340808868,0.380365371704,0.409394711256,0.114207573235,-0.080498479307,-0.210836201906,-0.067516975105,-0.203143611550,-0.292754679918,-0.402187824249,-0.508270621300,-0.552820980549,-0.718370139599,-0.394371747971,-0.277505308390,-0.213371589780,-0.294561535120,-0.035606518388,-0.078160658479,-0.079230785370,-0.041858550161,0.342844992876,-0.045686323196,-0.250595659018,0.418980598450,0.325364828110,-0.039121486247,-0.252344906330,-0.517486095428,-0.450401306152,-0.066253401339,-0.126563459635,-0.076061554253,0.025189215317,0.336971610785,0.460612803698,0.420906871557,0.869715273380,1.320565223694,1.237214446068,1.013841152191,0.977547347546,0.705894887447,0.713982582092,0.324105352163,-0.038088396192,-0.109696567059,-0.375920265913,-0.352286815643,-0.506974101067,-0.998772919178,-1.015989661217,-1.030074238777,-0.858083844185,-0.402908086777,-0.525223970413,-0.268084049225,0.043187979609,-0.013294308446,0.052514575422,0.159963876009,0.674453616142,0.425043314695,0.430953741074,0.375759720802,-0.049584068358,-0.121838420630,-0.161429122090,-0.456241726875,-0.276377558708,-0.662575185299,-0.437876641750,-0.676783204079,-0.440440863371,0.081642694771,0.054531361908,0.052559848875,0.357748597860,0.235329836607,0.312049925327,0.215404838324,0.171871125698,0.227657824755,-0.169862568378,-0.142179131508,-0.124130971730,-0.460616916418,-0.353398114443,-0.079699993134,0.116343721747,0.277669936419,0.096542194486,0.402978062630,0.589197158813,0.420849233866,0.715727627277,0.431097775698,0.052827384323,0.045241806656,0.151588037610,-0.197813540697,-0.183613732457,-0.191413342953,0.130580559373,0.267931759357,0.540679097176,0.653977036476,0.518280446529,0.504796802998,0.644271790981,0.669304609299,1.039672493935,1.168627262115,0.648276567459,0.524997591972,0.434287607670,0.308864235878,0.097562931478,-0.583932936192,-0.400870740414,-0.102230355144,-0.372504025698,-0.494437128305,-0.574445843697,-0.226320162416,-0.328838646412,-0.333855897188,-0.146253854036,-0.221842080355,0.089364089072,0.379739791155,0.053844004869,-0.258716285229,0.255337148905,0.116565980017,-0.102991789579,-0.215931683779,-0.220623791218,0.023238284513,-0.143446817994,-0.195274040103,-0.058268584311,-0.177546933293,-0.055724963546,-0.036454390734,0.001592847519,-0.335852086544,-0.426261603832,-0.487477153540,-0.570292890072,-0.572149157524,-0.447886466980,-0.450870484114,-0.367873698473,-0.240458235145,0.042694076896,-0.456719160080,-0.464436441660,-0.482599884272,-0.449973225594,-0.240828663111,-0.056268263608,-0.077790223062,0.135219171643,0.275488525629,0.238186255097,0.604092538357,0.631454944611,0.558134555817,0.840410172939,1.220088243484,0.750605642796,0.367968350649,0.338198155165,0.171142607927,-0.014257425442,0.242409169674,0.407563149929,0.408019989729,0.246578544378,0.065080374479,0.328587561846,0.307514220476,0.077880769968,0.099394507706,-0.006075046491,0.147957831621,0.016821620986,-0.028527198359,-0.093228906393,-0.131383165717,-0.147208735347,-0.414403766394,-0.481418609619,-0.414580732584,-0.287564545870,-0.506653070450,-0.888788342476,-0.505969822407,-0.371302187443,-0.433172196150,-0.478570401669,-0.337741285563,-0.277781069279,-0.260263860226,0.019850911573,0.199196487665,0.194817185402,0.193286061287,0.177402883768,0.184823825955,0.518692076206,0.351080864668,0.399084448814,0.576137483120,0.315527856350,0.398360043764,0.358254849911,0.178090229630,0.236815676093,0.298228800297,0.379035979509,-0.013553609140,-0.116965219378,0.070616237819,-0.217265203595,-0.063405208290,-0.259173154831,-0.598013401031,-0.259358376265,-0.001020739437,0.336584717035,0.406287223101,0.328801572323,0.444754302502,0.561974704266,0.281806409359,0.447758883238,0.465448945761,0.331271111965,0.432291388512,0.364646792412,-0.145430684090,-0.387942731380,-0.377821803093,-0.873901188374,-0.747642219067,-0.851897597313,-1.183045268059,-0.569062232971,-0.376854538918,-0.163100168109,0.305332809687,0.226134940982,0.290058761835,0.621008813381,0.469256162643,0.446338921785,0.346442282200,-0.009149611928,-0.027650514618,-0.082811601460,-0.304929465055,-0.244117245078,-0.331802070141,-0.567769885063,-0.314103752375,-0.145159035921,-0.189993351698,-0.481998920441,-0.241289630532,-0.115458801389,-0.297290384769,-0.046974591911,0.248381316662,0.313893854618,0.420733988285,0.400644332170,0.316951960325,0.555710315704,0.251221269369,0.267985284328,0.495630741119,0.021167995408,-0.096501037478,0.233568221331,-0.120150908828,-0.233395367861,-0.235523283482,-0.407410860062,-0.410234391689,-0.415313392878,-0.640690982342,-0.467877328396,-0.026666820049,0.002728831489,0.224089354277,0.481595546007,0.732693314552,0.926131784916,0.701972365379,0.529376924038,0.672342181206,0.724692046642,0.582932770252,0.609171569347,0.337502568960,0.201192691922,0.183815419674,-0.123558863997,-0.342507481575,-0.201637208462,-0.393252193928,-0.373718202114,-0.418260335922,-0.220348015428,-0.230320796371,0.061697117984,0.049732238054,0.018496787176,-0.195047676563,0.022752610967,0.096311703324,0.037071775645,-0.065467268229,-0.139306247234,-0.220541462302,-0.252764731646,-0.398425877094,-0.488534957170,-0.306822746992,-0.389189869165,-0.362588882446,-0.160247862339,-0.312675535679,-0.158296927810,-0.107161179185,0.092352226377,0.268997758627,0.115405298769,0.235914275050,0.494046121836,0.093154817820,0.131218537688,0.121488571167,0.161717236042,0.085742115974,0.031589418650,0.132189869881,0.246096998453,0.297154545784,0.009182539769,0.227357372642,0.181539341807,0.216804236174,0.056935038418,-0.237280771136,0.024481283501,0.105634182692,-0.117171011865,-0.055214595050,-0.455402106047,-0.219228506088,0.098620720208,-0.272401601076,-0.364922583103,-0.048711501062,-0.364675641060,-0.399825274944,-0.100007764995,0.124110393226,0.346549272537,0.421149671078,0.385716050863,0.409851580858,0.238774836063,0.451463162899,0.397528618574,0.266927480698,-0.158506840467,-0.434048891068,-0.147044092417,-0.227427333593,-0.348438471556,-0.001724555739,-0.144916191697,-0.353011220694,-0.305464535952,-0.029893670231,-0.024152012542,-0.166932061315,-0.292960464954,-0.037092354149,-0.204485386610,-0.064421832561,-0.088582076132,-0.117265678942,-0.412016570568,-0.076588392258,0.159725144506,-0.204110831022,-0.425582528114,0.020180184394,-0.432204961777,-0.383682787418,-0.084671981633,0.246158733964,0.385843634605,0.636278748512,0.661974251270,0.678664147854,0.595601499081,0.587847113609,0.652495384216,0.400265693665,0.214474633336,0.203382343054,0.024403080344,-0.085429310799,-0.214487001300,-0.295895099640,-0.335292339325,-0.429661363363,-0.344886451960,-0.256790041924,-0.223167404532,0.004037683364,0.480636596680,0.716254532337,0.334930151701,0.295203626156,0.432344883680,0.210939094424,0.259407758713,0.267606586218,0.274677693844,0.156333655119,-0.035647679120,-0.042657032609,0.057210803032,-0.056202411652,-0.551693260670,-0.853972077370,-0.886067748070,-0.672288656235,-0.588283419609,-0.693349599838,-0.687188148499,-0.300718903542,-0.122834466398,-0.176266893744,-0.098126813769,0.225377619267,0.252291411161,0.255863994360,0.430002957582,0.311547785997,0.300500750542,0.315906524658,0.063191182911,0.101855799556,0.085750348866,-0.117776043713,-0.400804877281,-0.918871283531,-0.949143588543,-0.601544857025,-0.699552237988,-0.628656148911,-0.205646067858,0.519716918468,0.604582309723,0.839364767075,0.792188465595,0.744267284870,0.715406656265,0.801646828651,0.616481363773,0.380040228367,0.453899800777,0.696572363377,0.399109125137,0.383168309927,0.433406800032,0.576042771339,0.462987661362,-0.030934989452,-0.099703192711,0.024744700640,-0.339177727699,-0.671518981457,-0.692831039429,-0.877852380276,-0.869916975498,-0.915138185024,-0.848662555218,-0.728766858578,-0.522824406624,-0.537855625153,-0.025127476081,-0.134330138564,-0.037166442722,0.302999109030,0.313457548618,0.057198453695,0.165627330542,0.154609099030,-0.022649714723,-0.137705162168,-0.217907294631,-0.260144501925,-0.119941003621,-0.067677490413,-0.333625406027,-0.255127251148,0.162001237273,0.376105427742,0.336243093014,0.197714760900,0.515827417374,0.560764670372,0.335917949677,0.159408226609,0.063277609646,0.031799327582,0.106613762677,0.174353003502,0.318976968527,0.142668917775,0.138730019331,-0.000864335860,-0.038512337953,0.019501062110,-0.083054438233,-0.096044167876,-0.106074586511,-0.277241915464,-0.245413750410,-0.194829523563,-0.184165269136,0.020781103522,-0.453434705734,-0.349841982126,0.080070428550,-0.029547937214,-0.190981179476,0.117327414453,0.304106265306,0.581195831299,0.063549265265,0.115034863353,0.085289366543,0.008149451576,-0.290264546871,-0.247397616506,-0.204843476415,-0.237877577543,-0.287548065186,-0.188775062561,-0.419276952744,-0.034606359899,0.186025649309,0.229139551520,0.097361259162,0.374553769827,0.687649130821,0.643337488174,0.269532829523,0.273953318596,0.376315325499,0.369198977947,-0.050131481141,-0.015327556059,0.170294731855,-0.224723204970,-0.178670555353,-0.201912954450,-0.068974003196,0.268096387386,0.246948987246,0.218355923891,0.526149988174,0.287873238325,0.066426269710,0.197426646948,-0.191442146897,-0.175571307540,0.110355101526,0.179094508290,-0.257069945335,-0.742332756519,-0.908861458302,-0.780598104000,-0.848777830601,-0.840846419334,-0.818814098835,-0.881659567356,-1.084144711494,-0.488345623016,-0.463238716125,-0.540650308132,-0.224562689662,0.255789905787,0.008161799982,-0.071929208934,0.292129039764,0.430603891611,0.082502909005,0.308366209269,0.075472980738,-0.008758602664,0.158811420202,0.590670645237,0.318861722946,0.306917428970,0.358230143785,0.370042771101,0.424582362175,0.266124904156,0.135626628995,0.169512718916,0.223838284612,0.443330198526,0.252834707499,0.170986205339,0.159622251987,0.118051804602,-0.026230536401,0.150608450174,0.163709327579,0.225850954652,-0.112795822322,-0.235510930419,-0.239676207304,-0.087853565812,0.483460068703,0.209691971540,0.020962201059,0.134815812111,-0.140586271882,-0.024925798178,-0.080910064280,0.194191575050,0.442457646132,0.238972395658,0.175118550658,0.145113751292,-0.028881164268,0.272450983524,-0.008606315590,-0.081416316330,-0.207304790616,-0.237181991339,-0.073666110635,-0.152649939060,-0.384843468666,-0.208436638117,-0.162577450275,-0.235403910279,-0.037590377033,-0.295499950647,-0.260407924652,-0.163194835186,-0.314589440823,-0.729919314384,-0.292223721743,-0.601005613804,-0.288350671530,-0.336140215397,-0.422894835472,-0.225752174854,0.012199483812,0.094994619489,0.323051691055,0.298199981451,0.447775334120,0.519297122955,0.572424888611,0.604821026325,0.205954760313,-0.128020480275,-0.124287374318,-0.296158492565,-0.220455020666,-0.086762852967,-0.130337730050,-0.125583872199,-0.114117018878,-0.348010420799,-0.532015144825,-0.026012394577,-0.204226091504,-0.294137597084,-0.212527826428,-0.424944519997,-0.062322732061,0.171307250857,-0.048900827765,0.125662088394,-0.130568206310,0.118179395795,0.329418957233,0.240096017718,0.197500735521,0.029749615118,-0.229917436838,-0.125448063016,-0.233255431056,0.147760272026,0.118455164135,-0.169331625104,-0.186009183526,0.091043375432,-0.052617471665,0.319141596556,0.308390915394,0.271253257990,0.454105585814,0.524408996105,0.363502621651,0.565156280994,0.274027377367,0.278011560440,0.069118052721,-0.074756823480,-0.117537327111,-0.154728457332,-0.252550691366,-0.297529071569,-0.295845687389,-0.466202169657,-0.258572250605,-0.307551264763,-0.385201573372,-0.325459480286,-0.216429695487,-0.079959295690,-0.291503429413,-0.248068496585,-0.098188549280,0.029428577051,0.300134450197,0.312708467245,0.087359659374,-0.005362997763,0.004157043528,0.067862711847,0.186379626393,-0.044994853437,-0.162894368172,-0.153662443161,-0.271936506033,-0.276669770479,-0.439267814159,-0.289301425219,-0.329357236624,-0.169475674629,-0.047554936260,0.194265648723,0.475397050381,0.280094206333,0.272467464209,0.371009975672,0.457974523306,0.304859489202,0.022378064692,0.161478519440,0.017986416817,-0.142232626677,-0.129144117236,-0.307868182659,-0.416375249624,-0.190828889608,0.258880913258,0.428648829460,0.397508054972,0.641407132149,0.442194193602,0.486839205027,0.488279759884,0.163906887174,0.355764716864,0.264684349298,0.040496192873,-0.292915195227,-0.102222114801,-0.231452673674,-0.403340280056,-0.378970086575,-0.566967248917,-0.387518793344,-0.297199815512,-0.189935743809,-0.072908781469,0.002975784708,0.101682938635,0.159362956882,0.160227283835,0.364226996899,0.371726125479,0.259761720896,0.298870861530,0.055799048394,0.222442999482,0.067331761122,0.087376125157,0.082041934133,-0.164330825210,-0.461707621813,-0.496211081743,-0.564703524113,-0.215585947037,-0.279373914003,-0.254835009575,0.195932582021,0.437086403370,0.334884852171,0.334938377142,0.488407373428,0.538110792637,0.550157964230,0.274525403976,0.259650617838,-0.072085604072,-0.204827010632,-0.377245545387,-0.760825455189,-0.992138147354,-0.729129016399,-0.768509805202,-0.687657356262,-0.573227524757,-0.464716315269,-0.598046302795,-0.262856870890,-0.259876966476,-0.486349433661,-0.395820528269,0.000234605439,0.132601469755,-0.292791694403,-0.381184428930,-0.235778465867,0.016183659434,0.223677769303,0.129526898265,0.016072530299,0.420050740242,0.568016827106,0.234243243933,-0.046735871583,0.404607951641,0.262972116470,0.064207807183,-0.224517405033,-0.303933411837,-0.195319309831,-0.118208222091,0.069365009665,0.007346854545,-0.007795486134,0.617119312286,0.672617912292,0.369536489248,0.502969384193,0.444186300039,0.504187643528,0.550701320171,0.320051193237,0.431529939175,0.343248337507,0.387811034918,0.369256615639,0.219467222691,0.081811442971,-0.069175675511,-0.314889907837,-0.312263965607,-0.705265104771,-0.859890639782,-0.555525124073,-0.747168958187,-0.668390870094,-0.717262923717,-0.535381972790,-0.409542918205,-0.136458054185,-0.198393881321,0.116862326860,0.157683670521,0.098102115095,0.413572341204,0.199274674058,0.075345389545,0.064755216241,-0.066533282399,0.111680425704,-0.028584819287,-0.230859979987,-0.708261489868,-0.947200953960,-0.653162121773,-0.927881002426,-0.500969052315,-0.577331066132,-0.618691623211,-0.368947952986,-0.338790833950,-0.251925081015,-0.229460582137,-0.004017103463,0.658302843571,0.826782464981,0.596087157726,0.929169237614,0.938660442829,1.146969556808,0.782787799835,0.408826738596,0.309296399355,0.043377310038,-0.122011289001,0.035013832152,0.041652753949,-0.140022411942,-0.137610495090,0.114166408777,-0.166763305664,-0.037409275770,0.462522566319,0.245603084564,0.035454232246,0.471630990505,0.416490495205,0.326373219490,0.158375129104,0.064162530005,-0.105679459870,-0.124628990889,-0.296191424131,-0.358341276646,-0.232843846083,-0.271862447262,-0.414329677820,-0.398541122675,-0.062100470066,0.100316464901,0.399327248335,0.304139196873,0.240766927600,0.085412845016,0.210914403200,0.246623814106,0.117529086769,-0.083511307836,-0.159091308713,-0.223776549101,-0.423886775970,-0.460110664368,-0.213869601488,0.016475887969,-0.494803458452,-0.684916198254,-0.626791656017,-0.191207557917,-0.371824920177,-0.349706172943,-0.079597100616,-0.386530995369,-0.349018812180,0.028453111649,-0.115318864584,-0.464247107506,-0.467227011919,-0.396030426025,-0.004881439265,-0.376665204763,-0.235321611166,-0.379990816116,-0.514028787613,-0.484727770090,-0.593366563320,-0.421026229858,-0.356744319201,-0.216178625822,-0.272739112377,0.087754786015,0.188429325819,0.568206131458,0.655689299107,0.701914787292,0.803486645222,1.000032424927,1.125986695290,1.064281463623,0.947373867035,0.749922454357,0.139388561249,0.108976282179,-0.012718084268,-0.019525757059,0.006803557277,-0.112462438643,-0.082996822894,0.063816800714,0.198784902692,0.404138743877,0.812335729599,0.851025044918,0.620477855206,0.762241303921,0.797790229321,0.805437505245,0.791233658791,0.389383316040,0.188416987658,0.094492487609,0.206827327609,0.233580589294,-0.242030486465,-0.066944867373,0.004943177570,-0.103135846555,-0.008507533930,0.070068821311,-0.003070450155,0.016121922061,-0.621045887470,-0.552100718021,-0.633994460106,-0.719427824020,-0.554907739162,-0.706483423710,-0.860141754150,-0.676046431065,-0.664196789265,-0.728244125843,-0.646395564079,-0.906515419483,-1.185802936554,-0.993986189365,-0.635113954544,-1.025802016258,-1.045072555542,-0.662603974342,-0.777527689934,-0.681467056274,-0.211375385523,-0.027699904516,0.123171977699,0.071320056915,0.183029294014,0.548581600189,0.639670252800,0.597918689251,0.437633842230,0.403101533651,0.400393277407,0.446680516005,0.615386545658,0.400516748428,0.195582732558,0.581475734711,0.396796017885,0.562196969986,0.727169871330,0.404801398516,0.500672698021,0.642806529999,0.281954586506,0.356517940760,0.509184360504,0.209268048406,0.067591063678,0.127102643251,0.142146199942,0.217672705650,0.322220295668,0.650268673897,0.500236392021,0.658994317055,0.635179817677,0.605463147163,0.293532550335,0.396071612835,0.169405713677,0.185074895620,0.215322509408,0.169430404902,0.069262109697,0.072052679956,-0.023073650897,-0.340338408947,-0.510435581207,-0.759207844734,-0.859458506107,-0.990989863873,-1.086597800255,-1.076884269714,-0.789212703705,-0.686381399632,-0.826980054379,-0.515535175800,-0.257777869701,-0.599355161190,-0.190018057823,0.260202139616,0.184510990977,0.176312163472,0.208905860782,0.188622772694,-0.091825388372,-0.193516567349,-0.141812816262,-0.286366820335,-0.875905573368,-0.991887092590,-0.630162596703,-0.776235282421,-0.189734056592,-0.168294414878,-0.135429069400,0.321973323822,0.861150145531,0.707738757133,0.851486027241,0.995348572731,0.735611557961,0.542926371098,0.649865269661,0.379056543112,0.411522656679,-0.005095465574,-0.362955182791,-0.503928363323,-0.362975776196,-0.332859843969,-0.102267391980,-0.227069258690,-0.663558840752,-0.144492253661,0.042961608618,0.261655032635,0.432110279799,0.370532512665,0.193318992853,0.472203105688,0.407015711069,0.053082566708,0.097571171820,0.239182308316,0.082856878638,0.069644883275,0.097587630153,0.160712957382,0.129539251328,-0.125238150358,0.090685285628,0.199484601617,-0.169788479805,0.001452907454,0.080000452697,-0.104374729097,-0.072917014360,0.035380147398,0.292511820793,-0.023155968636,-0.048760890961,0.150785446167,-0.147081151605,-0.371808439493,-0.332102507353,-0.362090855837,-0.349632084370,-0.452681481838,-0.442638725042,-0.399565994740,-0.284901559353,0.009701140225,-0.006227333564,-0.076695397496,-0.314984560013,-0.186585411429,0.126205369830,-0.153855890036,-0.136248141527,-0.150670200586,-0.090043216944,0.083741791546,-0.254402846098,-0.320026516914,-0.206267580390,-0.499763101339,-0.361979752779,-0.217067644000,-0.362992256880,-0.134811699390,-0.037388697267,-0.103707954288,0.022682640702,0.330764859915,0.367264539003,0.146200358868,0.461353629827,0.531690001488,0.520181953907,0.771399199963,1.079366087914,0.767480850220,0.785854101181,0.567061960697,0.279398620129,0.174484699965,0.246829614043,-0.091981790960,0.202254578471,0.335790365934,0.244500026107,0.395643532276,0.228909060359,0.372512251139,0.593728721142,0.360218137503,0.449672758579,0.525709629059,0.334263354540,0.369281321764,0.131905883551,0.054119773209,-0.176983043551,-0.198011100292,0.009001440369,-0.085952028632,-0.165363907814,-0.098229706287,-0.383402943611,-0.179374366999,0.146093338728,-0.016146615148,-0.270837575197,-0.224348649383,-0.369417130947,-0.481640845537,-0.825864613056,-0.686471939087,-0.705577969551,-0.839652836323,-0.764735579491,-0.597317814827,-0.704001545906,-0.290956020355,-0.137816295028,-0.386251091957,0.108342438936,0.038306538016,0.264466166496,0.253756642342,-0.021801842377,-0.089458756149,0.244944557548,0.311621874571,0.300714761019,0.203127160668,-0.061865866184,0.094862915576,0.243042990565,0.324961453676,0.297430306673,0.311745375395,0.175945863128,0.177456378937,0.196088999510,0.045418787748,0.213898420334,0.161116316915,0.325796991587,0.166187077761,0.244022578001,0.503796637058,0.236210629344,-0.048353414983,0.249093353748,0.235980153084,0.083420753479,-0.039907619357,-0.022295748815,-0.093595221639,-0.008655705489,0.155444622040,-0.318808197975,-0.393009394407,0.180518597364,0.005004916340,-0.376327723265,-0.099357455969,0.255419462919,0.125489220023,0.321491777897,0.156024962664,-0.060836896300,-0.155761539936,-0.217561557889,-0.265453994274,-0.333567768335,-0.278904706240,-0.193211987615,-0.393762558699,-0.337230920792,-0.070414558053,-0.219183221459,-0.387675195932,-0.342643290758,-0.193557724357,-0.320100605488,-0.703692853451,-0.629989683628,-0.521700799465,-0.554487943649,-0.621074676514,-0.582500636578,-0.721325278282,-0.129922032356,-0.026045320556,0.119278341532,0.432624757290,0.481813728809,0.601376056671,0.701075136662,0.591666638851,0.200455933809,0.392976462841,0.309395194054,0.158049985766,0.251196563244,-0.037660349160,-0.177962630987,0.051806643605,0.257662624121,0.128135725856,0.157716602087,0.147640898824,0.181494072080,0.080169208348,-0.289165616035,-0.016982141882,0.251818090677,0.024082044140,-0.163688734174,-0.074386388063,-0.105811163783,-0.106222763658,0.112874031067,-0.059272859246,-0.143195748329,0.067010723054,-0.104251250625,0.167240753770,-0.181917995214,-0.166812703013,0.136807903647,-0.140294060111,-0.319849520922,-0.044714972377,-0.028934668750,-0.088244564831,-0.379299342632,-0.248311325908,0.241779431701,0.070986665785,0.167314842343,0.067677490413,0.016331830993,0.226143166423,0.394071310759,0.228760883212,0.210436955094,0.190721869469,-0.063726246357,-0.070686206222,-0.060248322785,0.012561680749,-0.050468981266,-0.083980515599,0.202180504799,0.464156597853,0.375681519508,0.374372661114,0.341774851084,0.173451617360,0.166001871228,0.302641004324,0.100357614458,0.042772274464,-0.040212195367,-0.548009514809,-0.317046612501,-0.049761049449,-0.082552306354,-0.245327308774,-0.289881765842,0.060330640525,0.276369333267,0.332386523485,0.570696234703,0.623404264450,0.389016985893,0.392140924931,0.359300285578,0.004342258442,-0.374961227179,-0.506834208965,-0.693950533867,-0.807964682579,-0.874242782593,-0.798164725304,-0.978596866131,-1.003395080566,-0.694761395454,-0.661377429962,-0.691172361374,-0.224607959390,-0.126818642020,0.238136872649,0.611192405224,0.635649025440,0.794345200062,0.692901015282,0.901008427143,0.934412896633,0.640353500843,0.846061289310,0.913915753365,0.374072194099,0.676602065563,0.526726245880,0.415222823620,0.373351931572,-0.070653282106,-0.059231702238,0.097801655531,-0.173002988100,-0.035450115800,0.278233796358,-0.024193173274,0.075538836420,0.218989774585,0.433958351612,0.286305069923,0.008157684468,0.123962216079,0.134338364005,0.117212176323,0.005334186833,0.059009443969,0.397384583950,0.346919715405,0.003251549322,0.246809035540,-0.013500102796,-0.132955431938,-0.336276024580,-0.342935532331,-0.397273451090,-0.310490012169,-0.392153263092,-0.384324878454,-0.611990928650,-0.402488261461,-0.344195008278,-0.261165231466,-0.130033150315,-0.394968569279,-0.262157171965,-0.001893306966,0.048221707344,0.266153693199,0.423619210720,0.511629223824,0.551055252552,0.074053004384,-0.172262132168,-0.074250563979,-0.147538006306,-0.458274990320,-0.744818747044,-0.487695336342,-0.800177395344,-0.773263633251,-0.575334846973,-0.567185401917,-0.623478353024,-0.194170981646,-0.004321679007,-0.058914773166,0.478397518396,0.736434698105,0.610114037991,0.658393442631,0.674502968788,0.592263460159,1.323450446129,0.827659130096,0.241301998496,0.229016065598,0.228711485863,0.095171600580,-0.064697593451,-0.489341676235,-0.497705161572,-0.601240217686,-0.608447134495,-0.448639690876,-0.114326938987,-0.280653953552,-0.311996430159,0.083243772388,0.160889938474,0.069714859128,0.270804643631,0.132247492671,0.196319475770,0.222657039762,0.292380124331,0.130049616098,0.224035844207,-0.016237165779,-0.127234354615,-0.178674668074,-0.512719929218,-0.153839424253,-0.099283374846,-0.302710980177,-0.042829897255,-0.123912826180,-0.033853154629,-0.098949991167,-0.005070770159,0.085643336177,-0.015154687688,0.253950089216,0.260819494724,0.179469048977,0.322372585535,0.019855029881,-0.013360162266,0.094406053424,-0.026563921943,0.081737361848,0.118199981749,-0.022472729906,0.219940543175,0.228386327624,0.141829282045,0.269401133060,0.217726200819,0.284732818604,0.270170807838,0.302896201611,0.046809960157,-0.050728280097,0.090446576476,-0.097225435078,-0.368515759706,-0.272529214621,-0.204555362463,0.023880362511,-0.092792630196,-0.002897582948,0.089643977582,0.181140094995,0.064022585750,0.154329225421,-0.018636727706,0.123258404434,0.172797203064,0.295631647110,-0.042142543942,-0.188058882952,-0.000316923135,0.115672834218,0.022085838020,-0.182650625706,0.167940452695,0.213202834129,-0.266264826059,-0.302254110575,-0.408534526825,-0.474615007639,-0.313753902912,-0.140433996916,-0.202587977052,-0.258889138699,0.142627760768,-0.053078450263,0.107428714633,0.217578023672,0.409155994654,0.558784902096,0.246339842677,0.122990868986,0.300554245710,0.443503051996,0.589937984943,0.583138585091,0.237396001816,0.281682938337,0.109182074666,-0.015409872867,-0.201167985797,-0.184441030025,-0.185939222574,-0.289486646652,-0.469692438841,-0.284045457840,-0.264013439417,-0.220339775085,-0.216903015971,-0.350718677044,-0.386209964752,-0.387452930212,-0.064318932593,0.088252805173,-0.169051736593,0.028033291921,0.080539636314,0.197249665856,0.371277511120,0.215458333492,0.303130805492,0.425829440355,0.482599884272,0.563933849335,0.395026177168,-0.086063154042,-0.190725997090,-0.384892880917,-0.628915429115,-0.595564424992,-0.798275828362,-0.653800070286,-0.472906917334,-0.335942625999,0.051707860082,0.061297874898,0.113997668028,0.567987978458,0.578849852085,0.695950865746,1.013668417931,0.710813343525,0.584447443485,0.092282250524,0.178193137050,0.394322335720,-0.009532389231,-0.193928137422,-0.272627979517,-0.329727649689,-0.421450138092,-0.582434773445,-0.596198260784,-0.575865805149,-0.308263331652,-0.396092176437,-0.263400167227,-0.096328176558,0.062014035881,0.298899680376,0.425895303488,0.310551762581,0.215083807707,0.447598338127,0.372726291418,0.503697872162,0.394873887300,-0.025106897578,0.138927578926,-0.085630983114,-0.182255491614,-0.217845559120,-0.430756181479,-0.606405675411,-0.590563595295,-0.477924227715,-0.557957589626,-0.476430147886,0.057420708239,-0.052592776716,0.001880959491,0.675881803036,0.509353101254,0.711537659168,0.894698679447,0.574462294579,0.579199671745,0.429739534855,0.107980236411,-0.050884686410,-0.282045125961,-0.352842450142,-0.384057343006,-0.638419032097,-0.655693411827,-0.481130480766,-0.293907105923,-0.285181432962,-0.124340884387,-0.216322675347,0.054757732898,0.269956767559,0.241890549660,0.277398288250,0.487403094769,0.304995298386,0.232135921717,0.060738116503,0.307419568300,0.027687557042,-0.074160017073,0.270355999470,0.268857836723,0.039833534509,-0.003325635102,-0.162359312177,-0.372536987066,-0.234691873193,-0.403994679451,-0.395968735218,-0.259963423014,-0.413930445910,-0.461798161268,-0.231218054891,-0.144578695297,-0.099806092680,0.063915580511,0.044278688729,0.195512771606,0.063894994557,0.496614426374,0.419610351324,0.218063697219,-0.018455628306,-0.008849152364,-0.021526077762,-0.044994853437,0.003235085402,-0.131123870611,-0.187038153410,-0.271813035011,-0.149818211794,0.131078585982,-0.013430133462,-0.073394455016,-0.007198682521,-0.022217547521,-0.207959204912,-0.173245832324,-0.320170581341,-0.230040937662,-0.211095511913,-0.113598428667,-0.034602243453,-0.006799442228,0.053691718727,-0.076514303684,-0.010758922435,0.063775636256,0.101666472852,0.076736554503,-0.136206984520,-0.056194175035,0.301430940628,0.430961966515,0.536954224110,0.769419372082,0.735961377621,0.458081543446,0.657562017441,0.582109630108,0.203921526670,0.194125711918,0.096056520939,-0.152312442660,-0.076403170824,-0.082819841802,0.145764067769,0.180448636413,-0.028568357229,-0.092928446829,0.010487274267,0.198019325733,0.054597213864,-0.173677995801,-0.123744085431,0.239371642470,-0.099262788892,-0.114878460765,0.110877819359,-0.099423319101,-0.122204743326,-0.110906638205,-0.213556811213,-0.293096303940,-0.391251891851,-0.563007771969,-0.596206486225,-0.637715220451,-0.529718518257,-0.273484081030,-0.445618629456,-0.371026426554,-0.328591674566,-0.202501535416,-0.092327527702,0.175423130393,0.314968079329,0.720991909504,0.624754250050,0.844299674034,0.833742499352,0.391465902328,0.637064933777,0.659212470055,0.361119508743,0.147640898824,-0.125266954303,-0.373376607895,-0.378920733929,-0.320985525846,-0.151427522302,-0.195031195879,-0.276694476604,0.084157496691,0.066175200045,-0.176308050752,-0.202748492360,-0.094702392817,-0.045863304287,0.227052792907,0.264103978872,0.478039473295,0.217285797000,0.037433970720,0.282152146101,0.313461691141,0.607677459717,0.893377482891,0.224163442850,0.150884225965,0.123126700521,-0.199513405561,-0.355604231358,-0.518881380558,-0.906095564365,-1.050139188766,-1.233106851578,-1.160403728485,-1.026987314224,-0.973493218422,-0.474359869957,0.027127798647,-0.110750228167,0.030474012718,0.332316547632,0.482916802168,0.435365974903,0.427875071764,0.443984597921,0.716349184513,0.330859512091,0.295294165611,0.026028856635,-0.001387053286,-0.127864077687,-0.254538655281,-0.369425356388,-0.255135476589,-0.315861225128,-0.510394394398,-0.584138751030,-0.431879818439,-0.327912539244,-0.151452213526,-0.230481311679,-0.007659662049,0.322212070227,0.276217043400,0.662686288357,0.693847656250,0.566185235977,0.714682221413,0.783310472965,0.658862590790,0.572696566582,0.361687511206,0.188025966287,0.292775243521,-0.144064202905,-0.484591931105,-0.409896850586,-0.869217276573,-0.987767100334,-0.645889341831,-0.520247876644,-0.301381558180,-0.157226800919,-0.145570620894,0.184403985739,0.106589064002,0.066364526749,0.310457080603,0.406756460667,0.220438569784,0.271347939968,-0.065878853202,0.088454484940,0.052802689373,-0.043904144317,0.289453715086,0.281189024448,0.369734048843,0.484258562326,0.478903770447,0.348693639040,0.331155866385,0.289955854416,0.334288060665,-0.058519653976,-0.299899846315,-0.592823266983,-0.702211141586,-0.749387383461,-0.837047517300,-0.860273480415,-0.612995207310,-0.727955937386,-0.374561995268,-0.333843529224,-0.410324931145,-0.198920711875,0.002309011528,-0.135536089540,-0.234416097403,0.059865549207,-0.179390847683,-0.046027939767,0.310773998499,-0.059894356877,0.015154687688,0.079667069018,-0.044340427965,-0.223875328898,-0.131008610129,0.039405483752,-0.111326448619,-0.178843438625,-0.332320660353,-0.249393820763,-0.107988476753,-0.096846774220,0.020147256553,0.228295788169,0.208576574922,0.116035021842,0.209498554468,0.491601288319,0.090141996741,0.015566276386,0.310905724764,0.163775175810,0.338914304972,0.617172837257,0.342639178038,0.447935879230,0.422302156687,0.255625277758,0.546177923679,0.413597017527,0.461991637945,0.533147037029,0.407954186201,0.644181251526,0.442828059196,0.153473109007,0.259074360132,0.336601167917,0.318429559469,0.144558116794,0.162853226066,0.299368888140,-0.093850404024,0.139129251242,0.208387240767,0.020962201059,-0.199208825827,-0.167401269078,-0.094393700361,-0.309963166714,-0.372174769640,0.059972558171,-0.139421492815,-0.137301802635,-0.292618840933,-0.084231585264,-0.050308462232,-0.280085980892,-0.435345411301,-0.583319664001,-0.907634973526,-0.943422555923,-1.170166611671,-1.069796681404,-0.818484902382,-0.649054467678,-0.232144147158,-0.200093746185,-0.074699193239,0.261486262083,0.354488849640,0.416095376015,0.757755041122,0.999662041664,0.781470775604,0.585497021675,0.465136140585,0.254168242216,0.158930778503,-0.030704500154,-0.547536194324,-0.723313271999,-0.621613860130,-0.736459434032,-0.691254615784,-0.472334861755,-0.312799036503,-0.135153308511,0.143483862281,0.398261278868,0.529138147831,0.675667762756,0.759393095970,0.797629714012,0.962487280369,0.952292323112,0.968595325947,0.643683254719,0.487909346819,0.489625662565,0.422944217920,0.212667763233,0.124571375549,-0.161157473922,-0.229987427592,-0.210115924478,-0.445462226868,-0.370190918446,-0.310518831015,-0.540139913559,-0.413074314594,-0.212906494737,-0.472697019577,-0.297142207623,0.036672532558,0.132959544659,0.184918463230,0.330592006445,0.512324810028,0.571918666363,0.068253718317,0.096694476902,0.132255733013,-0.228896707296,-0.370520174503,-0.493445187807,-0.391354799271,-0.560414791107,-0.489226430655,-0.353455722332,-0.678717672825,-0.649815917015,-0.233111366630,-0.416227102280,-0.284806877375,-0.319248616695,-0.147933140397,-0.050489559770,-0.090281933546,-0.251612275839,0.030227059498,0.020023779944,0.027148377150,0.354138970375,0.167162552476,0.189297765493,0.319845408201,0.009799921885,-0.062203366309,-0.028967598453,-0.337798893452,-0.264836609364,-0.395927548409,-0.575869917870,-0.443745911121,-0.305777311325,-0.511937916279,-0.237819954753,0.004338142928,0.013878764585,0.286539673805,0.287325799465,0.230946421623,0.288338303566,0.527388930321,0.477459102869,0.398615211248,0.151658013463,0.420021951199,0.015706216916,-0.318178474903,0.263042092323,0.281423628330,0.300883531570,0.365799278021,0.301941305399,0.437963098288,0.428196102381,0.328743964434,0.207827493548,0.199027746916,0.265877932310,0.287379324436,0.119031399488,-0.033672053367,0.258041292429,-0.068484209478,-0.143224567175,0.009594127536,-0.436518400908,-0.479249536991,-0.536550879478,-0.558015227318,-0.410193204880,-0.317906826735,-0.243705660105,-0.099201060832,-0.229584053159,-0.229695200920,-0.044200491160,-0.166656285524,-0.277641147375,0.124933563173,-0.163441792130,-0.076456680894,-0.272109389305,-0.383641630411,-0.342178195715,-0.640053033829,-0.559645116329,-0.660961687565,-0.328690469265,-0.278196781874,-0.527656435966,0.077530920506,0.436324954033,0.272990167141,0.522655606270,0.715674221516,0.713616192341,0.499001652002,0.608780503273,0.447219729424,-0.010590171441,0.126106590033,-0.058667827398,0.095628470182,0.163734018803,0.026580385864,0.046530079097,0.034507580101,0.007462099195,0.205069854856,0.190758928657,0.416136562824,0.379184126854,0.346063613892,0.541028976440,0.436460793018,0.331929653883,0.546326100826,0.545745790005,0.331452220678,0.463284015656,0.503376841545,0.282386749983,0.295685172081,0.182115554810,0.278172075748,-0.101584158838,-0.196870997548,-0.337436705828,-0.462526679039,-0.655146002769,-0.571807503700,-0.639843106270,-0.487316668034,-0.543654918671,-0.527425944805,-0.211157247424,0.073275104165,-0.140820890665,-0.058634895831,0.017587175593,0.111820355058,0.281596511602,0.102851845324,-0.112371884286,-0.060923330486,0.048925526440,-0.018529713154,0.069006927311,0.066261634231,0.101892843843,-0.148208901286,-0.163956269622,-0.343853384256,-0.511443972588,-0.517617821693,-0.523215413094,-0.526368200779,-0.568687677383,-0.366836458445,-0.306588143110,0.114042937756,0.035783503205,0.183136299253,0.577829122543,0.662093579769,0.909351289272,0.732965052128,0.543679594994,0.445565104485,0.178761109710,0.270146101713,0.162997275591,-0.124987080693,-0.052745062858,-0.199097707868,-0.480146795511,-0.294322818518,-0.235181674361,-0.126143634319,0.028802961111,0.259864628315,0.234757721424,0.405118316412,0.498116731644,0.288655221462,0.291408777237,0.453109562397,0.384925782681,0.253571450710,0.130765780807,0.253777235746,0.130251303315,-0.068508900702,0.144060090184,-0.017130313441,-0.166545167565,-0.001798641635,-0.220179259777,-0.736323595047,-0.700437188148,-0.580903649330,-0.589460551739,-0.739040017128,-0.449207693338,-0.477072209120,-0.691604495049,-0.635854840279,-0.218092516065,0.093957424164,0.099460355937,0.188346996903,0.397236377001,0.206000030041,0.600433528423,0.670448839664,0.529434502125,0.174608185887,0.259860515594,0.118944957852,-0.094838224351,-0.189046695828,-0.042751695961,-0.194129824638,-0.267808288336,0.136462166905,0.056074813008,0.096624515951,0.167998075485,-0.081947274506,0.123797588050,0.316964298487,0.254575729370,0.345796078444,0.409431785345,0.492626130581,0.259094953537,0.027609355748,0.103000015020,0.029910136014,-0.222871050239,-0.368355244398,-0.384489476681,-0.595486223698,-0.413794577122,-0.330806016922,-0.339173614979,-0.703869760036,-0.250632703304,-0.229756921530,-0.239058837295,-0.264396220446,-0.137511715293,-0.174661695957,0.121447421610,0.047670178115,0.138347238302,0.224146962166,0.266227781773,0.126180678606,0.177357599139,0.190536662936,0.389934808016,0.292343050241,-0.123439498246,-0.110984839499,0.228744432330,0.529294550419,0.468642920256,0.471108287573,0.317548751831,0.136490970850,0.135392040014,-0.002584775677,-0.159856855869,-0.044299270958,0.032478448004,-0.198381543159,-0.274957567453,-0.020258385688,-0.187215149403,-0.428076744080,-0.081720896065,-0.055914297700,0.063129447401,0.319335043430,0.201493144035,0.192384690046,0.310119569302,0.187865465879,0.280106544495,0.295030742884,-0.116619482636,-0.082379437983,-0.084585547447,0.018953649327,0.135400265455,-0.013010312803,-0.044496830553,-0.345643788576,-0.430838465691,-0.254464596510,0.001712208032,-0.365004897118,-0.449306488037,-0.411312699318,-0.553294301033,-0.516045510769,-0.219372555614,0.009972789325,0.230683013797,0.345569700003,0.583476066589,0.396882444620,0.319071650505,0.363202154636,0.297693729401,0.046011477709,-0.158539772034,-0.014669013210,-0.009548853152,-0.170010745525,0.001263576676,-0.156629994512,-0.076366133988,0.267507821321,0.196714594960,-0.031461823732,-0.075555302203,0.004708572291,-0.048818510026,-0.090747036040,-0.216162160039,0.090104952455,0.041043605655,-0.115862153471,-0.025732513517,0.057297237217,0.004906134680,0.047493197024,0.030107699335,0.165787845850,-0.085441656411,-0.074378155172,0.086923375726,-0.223747730255,-0.478767961264,-0.483764648438,-0.510065138340,-0.409361809492,-0.647992551327,-0.682928204536,-0.563546955585,-0.367309808731,-0.293569594622,-0.220208063722,-0.039191454649,0.011170511134,0.102222114801,0.589382410049,0.336979836226,0.209016978741,0.395083814859,0.810162544250,0.821703493595,0.637307703495,0.523812234402,0.704795956612,0.361218303442,0.584624409676,0.663875758648,-0.033169917762,0.190195038915,0.113182723522,-0.501705765724,-0.278628945351,-0.001391169033,-0.537974953651,-0.222743451595,-0.011079961434,-0.235494464636,0.171056181192,0.148908600211,-0.023435847834,0.367618471384,0.475026637316,0.594551920891,0.608459472656,0.117208048701,0.181238889694,0.083573043346,-0.259271949530,-0.128432080150,-0.278591901064,-0.592461049557,-0.486217737198,-0.438827395439,-0.000176983056,-0.119899839163,0.160354867578,0.196121916175,0.002247272991,0.062602609396,0.280275285244,0.347623527050,0.210029482841,-0.003115724772,0.121118143201,-0.183885395527,-0.391647011042,-0.287198215723,0.121756106615,-0.116512477398,0.078070104122,0.032881803811,0.063886761665,0.297953039408,0.302472263575,0.108869269490,0.099563263357,-0.119850449264,0.188536331058,0.127485424280,-0.420820415020,-0.481986582279,-0.115191273391,-0.149402499199,-0.233276024461,-0.191610917449,-0.132560297847,0.056688085198,0.124744243920,-0.020600004122,0.233280137181,0.271747171879,0.133321747184,0.080095119774,-0.043208558112,0.016632290557,0.051004048437,0.045031893998,0.047851279378,0.193524792790,0.112561218441,-0.083684176207,0.067899748683,0.019089473411,-0.301352739334,-0.192541092634,-0.332230120897,-0.363539636135,-0.363449096680,-0.339778631926,-0.231386825442,-0.077716141939,0.090985745192,0.035022065043,-0.037796173245,0.050008002669,0.169599145651,-0.113610766828,-0.138330772519,-0.047011636198,0.101781725883,0.255765199661,0.280102431774,0.283926099539,0.390642732382,0.230090320110,0.298512786627,0.297092795372,0.534546434879,0.017290832475,-0.297792524099,-0.134486541152,-0.321183085442,-0.466679602861,-0.466547936201,-0.404686152935,-0.390893846750,-0.359506100416,-0.262441188097,-0.234177395701,-0.074242331088,0.050847642124,0.375500410795,0.152793988585,0.050366081297,0.446281284094,0.296244949102,0.241495415568,0.062055196613,0.238140985370,0.236453458667,-0.112524181604,-0.231814861298,0.049209520221,-0.051316853613,-0.029284521937,-0.029877210036,-0.106745481491,-0.176332741976,-0.290527969599,-0.380204856396,-0.338984280825,-0.143562063575,0.037969037890,-0.058943588287,0.123974569142,-0.002012667712,0.199241757393,0.286576718092,0.198653191328,0.203843310475,0.055457431823,0.307724148035,0.271845966578,0.022822583094,0.073287449777,-0.096838541329,-0.276488661766,-0.172183930874,-0.492465615273,-0.209461495280,-0.364029437304,-0.447935879230,-0.394738048315,-0.251945674419,0.210054188967,0.234687760472,0.061483085155,0.284205973148,0.389259815216,0.435547083616,0.359493732452,0.128477349877,0.467136442661,-0.061285529286,-0.135334417224,-0.182378992438,-0.468659371138,-0.313803285360,0.089841529727,-0.331308156252,-0.380521804094,-0.388115614653,-0.376286536455,-0.072423107922,-0.142808869481,-0.251604050398,-0.014664897695,0.109149150550,0.186684191227,0.227744266391,0.228155851364,0.238466143608,0.224636763334,0.256061553955,0.222554117441,0.058614317328,0.371870219707,0.174431204796,0.217738538980,0.318849354982,-0.208938777447,-0.285057961941,-0.216116875410,-0.427837997675,-0.365605831146,-0.309185266495,-0.099711425602,0.052638053894,0.204452455044,0.175221458077,0.218248903751,0.382999569178,0.365539968014,0.486913323402,0.268763154745,0.164919391274,0.099814325571,0.150229796767,-0.125489220023,-0.159432917833,-0.225883871317,-0.157082751393,-0.205061629415,-0.394927382469,-0.590592443943,-0.585221230984,-0.703499436378,-0.874411523342,-0.793200969696,-0.701643168926,-0.693226158619,-0.748444855213,-0.481031715870,-0.327554464340,-0.184416323900,0.012084238231,0.150081619620,0.595412135124,0.702968418598,0.881511390209,0.663052558899,0.591127514839,0.810516536236,0.704376041889,0.412337601185,0.339897990227,0.030292911455,-0.058811880648,-0.107700362802,-0.316095858812,-0.283069968224,-0.237486556172,0.064989820123,0.048489242792,0.051139868796,-0.163482949138,0.092018842697,0.130350083113,0.119883380830,0.046455994248,0.123299568892,-0.142162665725,-0.028304940090,0.133120059967,-0.137857452035,0.073258630931,-0.028819426894,-0.045175954700,0.097690522671,0.232773855329,0.019920883700,-0.002169071464,0.097727574408,-0.172282710671,-0.331382244825,-0.164709478617,-0.141187191010,-0.652573525906,-0.476413667202,-0.289906471968,-0.521836578846,-0.468865156174,-0.495964139700,-0.327850818634,-0.102333247662,-0.375467479229,-0.497795701027,-0.359773635864,-0.086256600916,0.005679921247,-0.032684240490,-0.013668853790,0.076773598790,0.240400597453,0.320623338223,0.574853301048,0.633751630783,0.567189514637,0.193495988846,0.212474316359,0.185667574406,0.208012714982,0.161034002900,0.000205794233,0.011281640269,-0.021344978362,0.329945802689,0.447256743908,0.390959650278,0.387498229742,0.370565474033,0.523466467857,0.562324523926,0.711706519127,0.419169932604,0.341054588556,0.288338303566,-0.002543616807,-0.158733218908,-0.021694829687,-0.159272402525,-0.199710965157,0.206621542573,0.149060890079,0.181119516492,0.446787536144,0.208387240767,0.018632611260,0.004111769143,-0.262877434492,-0.215338990092,-0.378924846649,-0.408950209618,-0.643728554249,-0.602800130844,-0.791003048420,-0.644802749157,-0.517852425575,-0.305888444185,-0.175431355834,-0.094578921795,0.098118588328,0.222541779280,0.467585116625,0.524022102356,0.542358398438,-0.000391009060,0.239783227444,0.242145732045,0.144582808018,-0.146751880646,-0.327385723591,-0.325969845057,-0.476561844349,-0.658121764660,-0.643300473690,-0.852284491062,-0.765480518341,-0.840389668941,-0.621770262718,-0.500137627125,-0.391737580299,-0.097953945398,-0.145216643810,-0.202341020107,0.046678248793,-0.002448951593,0.613773107529,0.323418021202,0.142796516418,0.383843302727,0.154926031828,-0.359296172857,-0.006696545053,-0.284815102816,-0.386251091957,-0.340894043446,-0.561497271061,-0.584253966808,-0.101880490780,0.173826172948,0.232868522406,0.199834451079,0.499919474125,0.722136139870,0.734730720520,0.826337993145,0.810623526573,0.673939108849,0.731503903866,0.812302827835,0.566308736801,0.039327278733,-0.061083845794,-0.042834013700,-0.247912093997,-0.335016548634,0.020126678050,-0.357423454523,-0.490666955709,-0.377216756344,-0.597630620003,-0.536567330360,-0.328875660896,-0.345557361841,-0.542955219746,-0.511740326881,-0.430476307869,-0.076921768486,-0.308856010437,-0.257720261812,0.064207807183,-0.114676788449,0.051143985242,0.477878928185,0.227863624692,0.218639925122,0.370059221983,0.079490080476,-0.076510183513,-0.251130729914,-0.164939969778,-0.284926265478,-0.428731143475,-0.548075318336,-0.325241327286,-0.431056648493,-0.373158484697,-0.665509760380,-0.593922197819,-0.230040937662,-0.647329926491,-0.520787060261,-0.395960509777,-0.411032855511,0.045682210475,0.179526656866,0.143800780177,0.502516627312,0.803725361824,0.939335525036,0.990664720535,0.703725755215,0.855140984058,0.802572846413,0.664797723293,0.312749624252,-0.105103239417,-0.120377287269,-0.216236248612,-0.465955227613,-0.626054883003,-0.386493951082,-0.387033134699,-0.320573925972,-0.271277964115,-0.263700634241,-0.001230649650,0.285724729300,0.085083574057,-0.067965611815,0.038635808975,0.385765403509,0.431093662977,0.120735369623,0.024464819580,-0.032157409936,0.041858550161,0.016002560034,0.201464325190,0.196484118700,-0.010709532537,0.157193884254,-0.148295342922,-0.338642656803,-0.310099005699,-0.325488299131,-0.274381339550,-0.461316615343,-0.553121447563,-0.271845966578,-0.587443768978,-0.617214024067,-0.401426345110,-0.554006338120,-0.399623602629,-0.196838080883,-0.135503157973,0.057066742331,-0.074267022312,0.062437973917,0.224105820060,0.388239085674,0.567115426064,0.512666404247,0.330892443657,0.316128790379,0.069797180593,-0.085272900760,-0.073756657541,-0.222965717316,-0.539654254913,-0.363230943680,-0.410720050335,-0.427693963051,-0.758932173252,-0.666958570480,-0.402739346027,-0.042788740247,-0.240594044328,0.156057894230,0.419128805399,0.397129386663,0.537337005138,0.854552388191,0.543794810772,0.774502515793,0.566814959049,0.310745209455,0.291145354509,0.270537108183,0.293211519718,0.148529931903,0.024485398084,0.107918508351,0.020583540201,-0.135898292065,-0.193158477545,-0.304900616407,-0.398322999477,-0.428019106388,-0.346018314362,-0.451599031687,-0.252986997366,0.190627202392,0.018760202453,0.122706875205,0.271738946438,0.487172573805,0.484777152538,0.605199694633,0.599540352821,0.361354112625,0.297771930695,0.228015914559,-0.051831338555,-0.034589897841,-0.116343721747,-0.356118708849,-0.571951627731,-0.727593779564,-0.962186872959,-0.830569088459,-1.032943129539,-0.996204733849,-0.595362782478,-0.218648150563,0.083087369800,0.166104763746,0.374129831791,0.397413372993,0.242800176144,0.432159692049,0.620778322220,0.408024162054,0.186276718974,0.164791792631,0.064648203552,-0.203308239579,-0.276579231024,0.069875381887,-0.296006202698,-0.428196102381,-0.362309008837,-0.266627043486,-0.596395850182,-0.513798236847,-0.296331346035,-0.193006202579,-0.088207527995,0.288404166698,0.558570861816,0.330900698900,0.575697064400,0.623515427113,0.384205520153,0.495857089758,0.529652655125,0.562678515911,0.601585984230,0.113063357770,-0.162486910820,0.052164725959,-0.084322132170,-0.150736063719,-0.079350143671,-0.561731874943,-0.511942028999,-0.242285668850,-0.109972327948,0.046040285379,-0.010503738187,-0.032618388534,-0.116710029542,0.054259710014,0.383003681898,-0.103679142892,-0.278954088688,0.032684240490,0.008351130411,-0.116565980017,0.121348641813,0.121208697557,-0.136635035276,0.105107352138,-0.018624380231,-0.291791528463,-0.399191439152,-0.282567828894,-0.484925329685,-0.648548245430,-0.368737995625,-0.382238119841,-0.570054173470,-0.526207685471,-0.341441452503,-0.463613271713,-0.415272206068,0.058614317328,-0.000559760316,-0.079136118293,0.190355569124,0.335757434368,0.373150259256,0.345265120268,0.321545273066,0.123521827161,0.079296641052,-0.281839340925,-0.447170317173,-0.479545861483,-0.585295319557,-0.308378547430,0.160597711802,-0.054996453226,-0.174097821116,0.041632175446,0.177308216691,-0.041504584253,0.068545944989,0.188581615686,0.270442456007,0.557920575142,0.547379732132,0.733401298523,1.014117002487,0.717250585556,0.620012819767,0.775222778320,0.522622704506,0.296841740608,0.121682025492,-0.131617769599,-0.231802523136,-0.556068360806,-0.479714632034,-0.558784902096,-0.608459472656,-0.472203105688,-0.320438116789,-0.439514756203,-0.341457933187,-0.092109382153,-0.042525324970,-0.019937345758,0.137828648090,-0.142808869481,0.047353256494,0.135029837489,0.032540187240,0.094488367438,0.068212561309,-0.072431340814,-0.162709161639,-0.291421115398,-0.478043586016,-0.124250337481,-0.268141657114,-0.325780510902,-0.052625704557,0.013096746057,-0.167520627379,0.086824595928,-0.108013175428,0.038619350642,0.112384237349,0.149488940835,-0.095455609262,-0.067241206765,-0.017895868048,0.008631010540,0.077201656997,0.426385104656,-0.025893030688,-0.468120157719,-0.441976070404,-0.251447647810,-0.299994498491,-0.351541846991,-0.363967716694,-0.239659756422,-0.006252028979,-0.005457662977,0.042969837785,0.300414323807,0.405328214169,0.395684719086,0.479858666658,0.384551227093,0.786648511887,0.374492019415,0.003342098556,0.131790623069,0.264293313026,0.113726019859,-0.237173750997,-0.367721378803,-0.137729853392,-0.141623482108,0.296463072300,0.410259068012,0.658932566643,0.996961951256,0.783084154129,0.672823667526,0.521655499935,0.284288287163,-0.084112219512,-0.326418489218,-0.558566749096,-0.809244692326,-0.832980990410,-1.039158105850,-0.959861397743,-0.711500704288,-0.475800395012,-0.431176006794,-0.393408626318,-0.204526558518,0.097744040191,0.197805315256,0.163330659270,0.547569096088,0.840735316277,0.538197219372,0.592839717865,0.547733724117,0.692686975002,0.529681444168,0.457920998335,0.096678026021,-0.312527358532,-0.235222831368,-0.133675709367,-0.435641735792,-0.194981813431,0.132218688726,-0.089199461043,-0.511526286602,-0.071505270898,-0.292771130800,-0.129506319761,0.013430133462,-0.049176592380,-0.057474218309,0.093031339347,0.141273632646,0.330468505621,0.002341938438,0.055408041924,0.182247266173,0.388111501932,0.132358625531,0.001926234108,0.204016193748,0.171019136906,-0.124258562922,0.087763011456,0.085338756442,0.295825093985,0.201888278127,-0.190013945103,0.024263141677,-0.066557973623,-0.411794275045,-0.211231321096,-0.218343570828,-0.322142064571,-0.058725446463,-0.030453432351,0.001308851410,0.215063214302,0.205617263913,0.362251371145,0.453093081713,0.099908985198,0.204040870070,0.373368382454,0.151172339916,0.030255870894,-0.106959499419,-0.289552479982,-0.453150689602,-0.434608638287,-0.542263746262,-0.614818572998,-0.322228521109,0.019249994308,0.187980696559,0.025744860992,0.466132193804,0.509571254253,0.366321980953,0.474409222603,0.362041443586,0.352241545916,0.597161412239,0.466049909592,0.393054634333,0.171196117997,-0.055313374847,-0.089981473982,-0.061026226729,-0.198179870844,-0.546597719193,-0.457538217306,-0.567518770695,-0.915677368641,-1.014409184456,-0.511843204498,-0.439234912395,-0.522630929947,-0.533657431602,-0.329311937094,-0.388996422291,-0.074789740145,-0.035746462643,0.084622591734,0.009816384874,0.309728562832,0.503570318222,0.198682010174,0.431307703257,0.261124074459,0.298899680376,0.272475689650,0.135145083070,0.216540828347,0.022538585588,0.190026298165,0.295294165611,0.111417002976,0.275842487812,0.515876770020,0.434822648764,0.350772172213,0.183354437351,0.371849626303,0.476969331503,0.139030471444,0.182440713048,0.194895386696,-0.033647358418,0.127049133182,0.019377585500,-0.264383882284,-0.309596866369,-0.094780601561,0.003235085402,0.024090275168,0.052506342530,0.167899295688,0.139512032270,0.167397156358,0.402685821056,0.198542058468,0.160992830992,0.523347079754,0.124649576843,0.158650904894,0.093883335590,-0.278102129698,-0.461296051741,-0.385687202215,-0.280625134706,-0.039561886340,-0.180864334106,-0.622638702393,-0.116644181311,-0.268014073372,-0.883585870266,-0.268676728010,-0.276101797819,-0.461102604866,-0.083042092621,-0.028494272381,-0.061178512871,0.356184571981,0.455834239721,0.565477311611,0.642625451088,0.748309075832,0.833627223969,0.527088463306,0.128707841039,0.083589501679,0.282983571291,0.129391074181,-0.344746530056,-0.131457254291,-0.302550464869,-0.522046506405,-0.514658451080,-0.546861171722,-0.558694362640,-0.402969837189,-0.461691170931,-0.383295863867,0.128625512123,0.116578325629,0.198315680027,0.514765501022,0.704186797142,0.770440101624,0.721255362034,0.675511360168,0.505163133144,0.279999524355,0.215149655938,-0.068545944989,-0.047789540142,-0.269594579935,-0.264227449894,-0.306407064199,-0.887302458286,-0.741225600243,-0.490358293056,-0.363687843084,0.212918832898,0.153827086091,0.169150516391,0.214347064495,0.339074820280,0.566526830196,0.102423794568,0.072279058397,0.097974523902,-0.108540005982,-0.315346747637,-0.409526437521,-0.400648474693,0.055243410170,-0.116372533143,-0.250500977039,-0.055630300194,-0.193648278713,-0.142459020019,0.030877368525,-0.185630530119,0.037026502192,0.267425507307,-0.271430253983,-0.254818558693,-0.269001871347,-0.053918089718,-0.364358723164,-0.271479666233,-0.211856946349,-0.083630666137,-0.123139038682,-0.024226099253,-0.031474173069,0.086873985827,0.047859508544,0.454154968262,-0.192981496453,0.005461779423,0.361205935478,0.260300904512,0.279258668423,0.229518204927,0.280863881111,0.790583252907,0.327809661627,0.383390545845,0.317289441824,0.285630077124,0.130070194602,0.053675256670,-0.110713191330,-0.125349268317,-0.096780918539,0.334320992231,0.153131499887,0.138911113143,0.633319437504,0.824350059032,0.638287305832,0.567123651505,0.510312080383,0.341663718224,0.049069579691,-0.241413116455,-0.244125470519,-0.401516914368,-0.179053351283,-0.106803096831,-0.345775485039,-0.507093489170,-0.160128504038,0.042266022414,0.026621542871,-0.156897529960,-0.266738146544,-0.296043246984,-0.376916289330,-0.265622735023,-0.378093391657,-0.371549189091,-0.357077717781,-0.374191552401,-0.416231215000,-0.297158658504,-0.156864598393,-0.097423002124,-0.155465200543,0.099900759757,0.153913512826,0.363300919533,0.306567579508,0.160264328122,-0.034408796579,0.248023211956,0.060573477298,-0.132980123162,0.211745828390,0.044167559594,-0.130387112498,0.250282853842,0.027098987252,0.051868382841,0.225801572204,0.150262728333,0.170113638043,0.077395096421,0.051872495562,0.246249288321,0.224887832999,-0.111585758626,0.109404332936,0.043620146811,0.211103737354,0.131127983332,0.128382682800,0.473763048649,0.431435286999,0.356423288584,0.114870235324,0.190223857760,0.204135537148,0.155856207013,-0.047966524959,0.101505950093,0.011964877136,-0.085359334946,-0.229584053159,-0.175567194819,-0.005449431483,0.093875102699,-0.095208652318,0.008873847313,0.298047691584,0.385633736849,0.234391421080,0.216717794538,0.392202675343,0.496235758066,0.346466958523,0.228633284569,0.209959521890,-0.002893467201,-0.094941116869,0.341396182775,0.098735958338,0.034544624388,0.035898748785,-0.025539066643,-0.239408686757,-0.479570567608,-0.319306224585,-0.245520755649,-0.297278016806,-0.146941199899,-0.248718798161,-0.245055675507,0.056091278791,0.278912931681,0.432134985924,0.364663302898,0.645601212978,0.757615029812,0.435456514359,0.406637102365,0.376743406057,0.041767999530,-0.213742032647,0.203530505300,-0.055856674910,-0.378447383642,-0.565864205360,-0.395437747240,-0.522342860699,-0.109766535461,-0.002020899439,-0.098126813769,0.008207074367,-0.110811971128,-0.092739120126,-0.054745387286,-0.289762407541,-0.176151648164,-0.199772700667,-0.519996821880,-0.325566500425,-0.079222552478,-0.316519767046,-0.179275587201,-0.149085581303,-0.006754167378,-0.177485182881,-0.286580830812,-0.193323105574,-0.214960321784,-0.193742945790,0.133165344596,0.190190926194,0.306559354067,0.324496358633,0.226163759828,0.023011911660,0.026366358623,0.115956820548,0.257856070995,0.318972855806,0.202061131597,0.019319964573,-0.134585320950,-0.432353138924,-0.439481854439,-0.570227026939,-0.583657145500,-0.204991638660,-0.146673679352,0.100600458682,0.467292875051,0.633516967297,0.887841641903,0.908013641834,0.815509080887,1.114524006844,0.902881026268,0.657088696957,0.573256313801,0.230135604739,0.175810024142,0.021637206897,-0.157922387123,-0.480175584555,-0.480657160282,-0.456402242184,-0.894933283329,-0.736208319664,-0.844003379345,-0.678664147854,-0.497577577829,-0.550861775875,-0.441292822361,-0.043266180903,-0.109523698688,0.079247251153,0.051271576434,-0.067973837256,0.016064299271,-0.079020872712,-0.149624764919,0.049835134298,0.295574039221,0.276027709246,-0.000316923135,-0.031856946647,0.043406121433,0.120245575905,-0.276332288980,0.086902789772,0.120060361922,-0.272274017334,0.000358082005,-0.057400133461,-0.169841989875,0.229645803571,0.114964894950,0.024349575862,0.372685134411,0.455167472363,0.291808009148,0.258251219988,0.412329375744,0.297586709261,0.264066934586,0.280225902796,0.281831115484,0.210560441017,0.157675430179,-0.027831612155,0.043937072158,0.092348106205,0.011001760140,0.211330100894,0.051086362451,-0.138692975044,-0.219376668334,-0.371573865414,-0.379513412714,-0.397569805384,-0.673786818981,-0.498651832342,-0.579549551010,-0.216594323516,0.049378272146,0.184399873018,0.255403012037,0.503072261810,0.516251325607,0.551084041595,0.555545687675,0.573239862919,0.315544307232,0.133214741945,0.001177143073,-0.300673633814,-0.422158062458,-0.401669204235,-0.393984854221,-0.053230736405,0.050213795155,0.086713463068,0.115038976073,0.015809113160,-0.153551325202,-0.356662005186,-0.249603718519,-0.072974644601,-0.197130292654,0.234531357884,0.102967090905,0.194833636284,0.460497558117,0.403480201960,0.260123938322,0.365667581558,0.105025038123,0.086059033871,-0.098723620176,-0.370540797710,-0.275290966034,-0.528928220272,-0.439576506615,-0.067504629493,-0.040924243629,0.069113940001,0.023732192814,0.148978576064,0.436333179474,0.389226883650,0.235329836607,0.246418029070,0.480434894562,-0.037471015006,0.047587860376,-0.135326176882,-0.084338597953,-0.379254102707,-0.399977594614,-0.532183945179,-0.382555037737,-0.082243613899,0.072805888951,0.263655364513,0.439247250557,0.330731928349,0.473754823208,0.551051139832,0.449331164360,0.457764595747,0.485427469015,0.463448613882,0.300916463137,0.231827214360,0.081774406135,0.189137250185,0.116467200220,0.058746024966,-0.052399333566,0.037187021226,0.056029543281,0.090495966375,0.140549242496,0.328669875860,0.420783370733,0.047336790711,0.047382067889,0.059968441725,-0.435699343681,-0.457410633564,-0.388276100159,-0.685200214386,-0.514057576656,-0.752202630043,-0.835524618626,-0.861886858940,-0.608805239201,-0.643333375454,-0.513699471951,-0.195364594460,-0.063289962709,0.186383739114,0.101217843592,0.332872182131,0.425191491842,0.545218944550,0.274447202682,0.307028561831,0.054350260645,-0.075872220099,-0.322533100843,-0.408884346485,-0.344536602497,-0.152637585998,-0.076888844371,0.056128323078,0.148278862238,0.384168446064,0.436226159334,0.572322010994,0.768081724644,0.679606676102,0.639118731022,0.562884330750,0.298261702061,0.192652225494,-0.107572771609,-0.441613852978,-0.481574982405,-0.521071016788,-0.575034439564,-0.647305250168,-0.809429883957,-0.493494600058,-0.264169842005,-0.314642935991,0.121513269842,0.238943576813,0.290972471237,0.186322003603,0.223257958889,0.271924167871,-0.027539387345,-0.215594172478,-0.037228178233,-0.404451549053,-0.246446847916,-0.044937230647,0.143767863512,0.146500810981,0.379369348288,0.380369484425,0.511081755161,0.560480654240,0.610904335976,0.309481620789,0.397853791714,0.149777054787,0.124028071761,-0.357435792685,-0.524260818958,-0.555372774601,-0.520638883114,-0.624301552773,-0.756125032902,-0.922571480274,-0.979432463646,-0.919031798840,-0.709134042263,-0.706746816635,-0.397746741772,-0.144903853536,0.161573171616,0.217331081629,0.300426691771,0.585575163364,0.589073657990,0.532797157764,0.760570287704,0.697107434273,0.536810159683,0.229888647795,0.044044084847,-0.045410558581,-0.488851875067,-0.797539114952,-0.813694000244,-0.513798236847,-0.556121885777,-1.016384840012,-0.613649606705,-0.363621950150,-0.367614358664,0.083214960992,0.116751186550,0.314877539873,0.583443164825,0.519437015057,0.462456703186,0.261033535004,0.368684500456,0.410872310400,0.085165888071,0.211453586817,0.125760868192,0.154506206512,0.252204954624,0.273714572191,0.152896896005,0.105992265046,0.130094885826,0.204036757350,0.147068798542,-0.054947063327,-0.287626266479,0.275200426579,0.160503044724,-0.202641472220,0.044015273452,0.014508495107,-0.007054626942,0.071237735450,0.128226280212,0.138240218163,-0.095681980252,-0.045307662338,0.230213791132,-0.300772428513,-0.642283856869,-0.594580769539,-0.634941101074,-0.886207640171,-0.824835658073,-0.476775884628,-0.570091187954,-0.229723989964,0.281213730574,0.199797406793,0.132066398859,0.509019732475,0.555261671543,0.414095044136,0.512485265732,0.309251129627,-0.045608121902,0.042500630021,-0.158716753125,-0.032424941659,0.175925269723,-0.002177303191,0.020686438307,0.322207957506,-0.030013034120,-0.098859436810,0.006383737549,-0.189528271556,-0.337741285563,0.074168242514,0.231679052114,-0.012038962916,0.028383143246,0.499845385551,0.385971218348,0.462716013193,0.337321460247,0.397240489721,0.352175682783,0.315157413483,-0.003086913610,0.020373629406,-0.137030154467,-0.322368472815,-0.410263180733,-0.653215646744,-0.503010511398,-0.314638823271,-0.574705123901,-0.467292875051,0.004358722363,0.286428540945,0.217269316316,0.248043805361,0.335708022118,0.175135016441,0.322553664446,0.552244722843,0.251089572906,-0.150345042348,0.168586641550,-0.119220718741,-0.240602299571,-0.333209693432,-0.187005221844,-0.160848781466,-0.203612834215,-0.192936211824,0.019089473411,-0.173826172948,0.065636016428,-0.008910890669,-0.171562433243,-0.174410626292,-0.219771802425,-0.111240021884,-0.191038787365,-0.316824376583,-0.099987193942,0.109852962196,-0.063228219748,0.312679648399,0.597363114357,0.403858870268,0.574672222137,0.709549725056,0.510303854942,0.521573126316,0.352488487959,-0.056972075254,-0.086721695960,-0.224402174354,-0.236552253366,-0.088730245829,-0.367918938398,-0.431529939175,-0.182271957397,-0.476026803255,-0.158461570740,-0.176666125655,-0.062948346138,0.030276449397,-0.298710346222,-0.281769365072,-0.024003840983,0.138013854623,-0.081959612668,-0.180201679468,-0.064578235149,-0.273582875729,-0.391441226006,-0.339107751846,-0.488592594862,-0.914393246174,-0.481982469559,-0.319532603025,-0.459303945303,-0.258745104074,-0.095044009387,0.065718330443,0.104045450687,-0.019229413942,0.222652897239,0.123534165323,0.136462166905,0.093887455761,0.054827701300,-0.222928673029,-0.031601764262,-0.030222943053,-0.231456786394,-0.171583011746,0.012409392744,-0.300274401903,-0.160972252488,0.030819745734,-0.008145336062,0.162215247750,0.399697691202,0.402698189020,0.407345026731,0.433081656694,0.281555324793,0.683327436447,0.652581751347,0.539761245251,0.844085693359,0.850798666477,0.540530979633,0.575972795486,0.672066390514,0.589859783649,0.598128616810,0.661817848682,0.663340687752,0.379204690456,-0.291281163692,-0.309411644936,-0.264087527990,-0.606726706028,-0.542946994305,-0.735269904137,-0.689953982830,-0.397503942251,-0.347677022219,-0.417000889778,-0.445346981287,-0.283666789532,0.063923805952,0.043644841760,-0.158387482166,-0.222224861383,-0.501915693283,-0.473573714495,-0.142932325602,-0.233234852552,-0.413679361343,-0.512604653835,-0.491263777018,-0.650441527367,-0.613904833794,-0.325504750013,-0.184840276837,0.023962683976,-0.259893447161,-0.097311861813,0.029111653566,-0.056375276297,-0.060330640525,-0.166084185243,-0.148266524076,-0.048081766814,0.104650489986,-0.021476687863,0.170648694038,0.221784457564,0.200846955180,0.310465306044,0.344820588827,0.312955439091,0.209971860051,0.271100997925,0.185786932707,0.113088048995,-0.016056066379,-0.062396816909,-0.272763818502,-0.013615347445,0.041669219732,-0.023802163079,0.144175335765,0.258745104074,0.282427906990,0.435135453939,0.171410143375,0.397499829531,0.489913791418,0.188071250916,0.227604329586,0.232074156404,0.042278371751,-0.418396174908,-0.319388538599,0.022797888145,-0.129753276706,0.202209308743,0.284263581038,0.274821758270,0.318491280079,0.263375461102,0.167952790856,0.178012028337,-0.009828733280,-0.031169595197,-0.101378358901,-0.207732826471,-0.280361741781,-0.556282460690,-0.660229086876,-0.755515933037,-0.609677791595,-0.475467026234,-0.526750922203,-0.553734719753,-0.273389428854,-0.234605431557,0.012471131980,0.267750650644,0.381678342819,0.337288528681,0.295816868544,0.128156304359,0.266544699669,0.552401185036,0.176250427961,-0.085153542459,0.099094048142,-0.045472297817,-0.090755261481,-0.107585109770,-0.164409026504,-0.106905996799,-0.354241877794,-0.126304149628,-0.173698574305,0.021538425237,-0.164441943169,0.127571851015,0.198821932077,0.165014058352,0.217380464077,0.536522030830,0.330950081348,0.379842668772,0.171541854739,0.099382154644,-0.097418874502,-0.050308462232,-0.003593167523,-0.414193838835,-0.318005621433,-0.332999795675,-0.166866213083,-0.115586392581,-0.394174188375,-0.214528143406,0.166450500488,-0.209560289979,-0.351788789034,-0.167928099632,-0.571251928806,-0.552001893520,0.019225299358,-0.206814989448,0.194516718388,0.347351878881,0.075345389545,0.758643984795,0.713253974915,0.606656730175,0.845382153988,0.670934557915,0.179180920124,0.328138947487,-0.137758672237,-0.309740900993,-0.153012141585,-0.068117894232,-0.246673211455,-0.243018314242,-0.279102265835,-0.271944731474,-0.036516129971,-0.216265052557,-0.105465434492,0.293536663055,0.165343329310,0.448553264141,0.321602880955,0.305851399899,0.555397510529,0.578244805336,0.067150659859,0.142701849341,-0.060808081180,-0.035042643547,0.199064761400,-0.013014428318,-0.166207656264,0.105411924422,0.008886195719,-0.204086154699,-0.466708421707,-0.083165571094,-0.285152614117,-0.395474821329,-0.155835628510,-0.091405570507,-0.200583547354,-0.289033889771,-0.157111555338,-0.246302783489,-0.070875540376,0.037215828896,0.083252005279,0.094937004149,0.184251695871,0.231958925724,0.277377724648,0.275467932224,0.250916689634,-0.141495898366,-0.166166514158,-0.486662209034,-0.463909626007,-0.158729091287,-0.358065515757,-0.577034711838,0.002510689897,0.023040724918,0.062186904252,-0.058383829892,0.230831176043,0.407493174076,0.315865337849,0.297574341297,0.434139400721,0.256164461374,0.092479817569,0.226398378611,0.059976678342,-0.054148580879,-0.138721793890,-0.289383739233,-0.407406747341,-0.730734229088,-0.742596149445,-0.495433181524,-0.729857563972,-0.633817434311,-0.395610630512,-0.248480096459,-0.029646718875,0.022806119174,0.145792871714,0.301842540503,0.149958148599,0.349619746208,0.611365318298,0.512217760086,0.527792274952,0.408147633076,0.444408535957,0.334460914135,0.133346438408,0.143726691604,-0.026222301647,-0.203423500061,-0.133169457316,0.021954130381,-0.083173803985,-0.106749594212,0.242400929332,0.305299878120,0.140648022294,0.095533803105,0.107811488211,0.313202381134,0.325611770153,0.069488488138,0.066339835525,-0.137487024069,-0.261749714613,-0.083778835833,-0.179917678237,-0.078703947365,-0.185523524880,0.226929306984,-0.068978115916,-0.223945289850,-0.080745428801,0.081095278263,-0.096834421158,-0.152020201087,-0.168269723654,-0.303707033396,-0.446441799402,-0.198677897453,-0.134243696928,-0.122686296701,0.158543884754,-0.022303979844,-0.194730743766,-0.318935811520,-0.346310555935,-0.298426330090,-0.050316691399,-0.199352890253,-0.234354361892,-0.120661281049,-0.055947221816,0.166853860021,0.320919662714,0.460106551647,0.420894533396,0.451594918966,0.574466407299,0.407106280327,0.295825093985,0.355731815100,0.194664895535,-0.130461201072,0.029309216887,0.210873246193,0.087293803692,0.064376555383,-0.160371333361,-0.294676780701,0.095776647329,-0.043957650661,-0.207329466939,-0.376385331154,-0.037997849286,-0.193002074957,-0.206806764007,-0.086013764143,-0.045250039548,-0.018624380231,0.495437294245,0.369647651911,0.539193272591,0.818756520748,0.381291449070,0.372108906507,0.376500546932,-0.217549204826,-0.122797429562,-0.326282650232,-0.577524542809,-0.660101532936,-0.718954563141,-0.520898163319,-0.699609935284,-0.773765802383,-0.560278952122,-0.527907490730,-0.315803617239,-0.193574175239,-0.402895748615,-0.140825003386,0.354974478483,0.544111728668,0.415251642466,0.454982280731,0.815509080887,0.558990716934,0.383016020060,0.367108106613,0.278505474329,0.326871216297,0.379855006933,0.509554803371,0.318664133549,-0.246652632952,-0.085816197097,0.034947976470,-0.296973437071,-0.237396001816,-0.315412610769,-0.190828889608,-0.298710346222,-0.364021211863,-0.176686704159,-0.108297161758,0.178460657597,0.483871638775,0.211330100894,0.356810182333,0.697848320007,0.237721174955,0.220224544406,0.433089882135,0.038088396192,-0.009166075848,0.459184587002,0.031519446522,-0.090401299298,0.064689368010,0.058280926198,-0.074781514704,-0.023592252284,-0.167895182967,-0.141261279583,-0.101094365120,-0.331028252840,-0.661146938801,-0.560167849064,-0.589197158813,-0.745403230190,-0.514736711979,-0.613460302353,-0.729853391647,-0.245981737971,0.012701621279,0.414856493473,0.395865827799,0.248751729727,0.182033255696,0.141726374626,-0.168372616172,0.187425062060,-0.224821984768,-0.726140916348,-0.326661318541,-0.249352648854,-0.430328100920,-0.425257325172,-0.138655930758,0.087289683521,0.354480564594,0.143994227052,0.350422322750,0.557731211185,0.228164076805,0.207275956869,0.423829138279,0.206777945161,0.104481741786,0.020661743358,-0.411197453737,-0.499911248684,-0.267013907433,-0.082321815193,0.141751080751,0.291984975338,0.292178422213,0.652618825436,0.626297771931,0.516358315945,0.585542261600,0.303122580051,0.276027709246,0.285156726837,-0.045068938285,-0.084408566356,0.112618841231,-0.116253167391,0.077111102641,0.021875929087,0.084264509380,0.048159968108,0.085268788040,-0.150571420789,-0.105132050812,-0.193821132183,-0.130864560604,-0.117677263916,-0.348339706659,-0.222274258733,-0.261239349842,-0.330575525761,-0.077246926725,-0.101049087942,-0.104230672121,0.181337669492,0.404241651297,0.300698310137,-0.035034410655,0.102559626102,0.232798561454,-0.051325082779,0.042064346373,0.106490284204,-0.107548072934,-0.202974870801,0.003860700177,0.232979670167,0.330542594194,0.272253423929,0.370104491711,0.475545227528,0.374837756157,0.342577457428,0.473055124283,0.175735935569,0.127213776112,0.238984733820,0.191508010030,-0.202810212970,-0.335456967354,-0.507323980331,-0.448960721493,-0.564254939556,-0.549540579319,-0.544996678829,-0.387950956821,-0.322323173285,-0.257572084665,0.074057117105,-0.204608857632,-0.377233207226,-0.134062603116,-0.272907882929,-0.485250473022,0.024720003828,-0.006145016290,-0.066204003990,-0.361724525690,-0.125303998590,0.162297561765,0.242981255054,-0.095784872770,-0.111025989056,-0.244965121150,-0.079535357654,-0.002988132415,-0.142216175795,-0.424886941910,-0.132453292608,-0.278583675623,-0.261535674334,0.024592412636,0.047995332628,0.155917942524,0.195628002286,0.231156334281,0.322957038879,0.501491785049,0.450253099203,0.536196887493,0.454809397459,0.256790041924,0.278476655483,0.403385519981,0.169809058309,0.342643290758,0.066290438175,-0.152036681771,-0.038788098842,-0.036030456424,-0.122468151152,-0.167747005820,-0.290758460760,-0.354077219963,-0.311691850424,-0.217742666602,-0.083190262318,0.449063628912,0.605664789677,0.493185907602,0.354608178139,0.221385210752,0.458028018475,0.327986627817,0.145146682858,0.226896390319,-0.085696838796,-0.032997049391,0.017727116123,-0.563596367836,-0.696214258671,-0.592267572880,-0.549795746803,-0.150345042348,0.347845792770,0.295183032751,0.322430193424,0.060602292418,0.149966388941,0.384678810835,0.242343291640,-0.026386938989,0.214618697762,0.231539115310,0.247319400311,-0.019184138626,-0.014710172080,-0.084729604423,-0.048929639161,-0.189495339990,-0.212297350168,-0.119319498539,-0.010343219154,-0.280184745789,-0.499302119017,-0.820048928261,-0.409300059080,-0.332333028316,-0.435481220484,-0.644987940788,-0.559443414211,-0.707895219326,-0.434291720390,-0.240544646978,-0.553360164165,-0.467021226883,-0.309563934803,-0.317696928978,-0.217561557889,-0.191409230232,-0.255617052317,-0.101588271558,-0.253859549761,-0.184453383088,-0.107346393168,-0.000699700438,0.130457088351,0.639991283417,0.404591470957,0.369046717882,0.460880339146,0.491815328598,0.545474112034,0.432600080967,0.348850071430,0.450932234526,0.554290354252,0.663036108017,0.267894715071,0.154617324471,0.369931608438,0.474989563227,0.359757125378,-0.055823747069,-0.019513409585,-0.031461823732,-0.222953364253,-0.319166302681,-0.511476874352,-0.473775386810,0.081115864217,0.036623142660,0.154926031828,0.173023566604,0.138577729464,0.274677693844,0.581306993961,0.252896428108,0.330143362284,0.446968644857,0.395100265741,-0.055803168565,-0.123480662704,-0.302077144384,-0.281452447176,-0.457398295403,-0.373026758432,-0.517119765282,-0.898493528366,-0.412884980440,-0.166273519397,-0.024621222168,0.070097640157,-0.329546570778,-0.448026418686,-0.278196781874,-0.256901174784,-0.315861225128,-0.552882671356,-0.493897974491,-0.124258562922,0.056926805526,-0.404891937971,-0.146369099617,0.028387259692,0.299142509699,0.372392922640,0.472594141960,0.363745421171,0.317552864552,0.317260622978,-0.012528752908,0.023913292214,0.207634046674,0.077942512929,-0.077703788877,-0.184955522418,-0.052765645087,-0.121068753302,-0.045925043523,0.235539749265,0.190750673413,0.078086569905,0.271187424660,0.484419077635,0.405422866344,0.084527932107,0.028802961111,0.095797218382,0.034857429564,0.302727460861,0.017599524930,-0.134910479188,-0.204806417227,0.281979292631,0.286214530468,0.427014827728,0.482250005007,0.716077566147,0.657298624516,0.640485167503,0.680738568306,0.640386402607,0.352426767349,0.240355342627,0.159095421433,-0.238552570343,-0.428607672453,-0.402982175350,-0.725704550743,-0.827766239643,-0.608941078186,-0.653326749802,-0.587270915508,-0.754923224449,-0.677227735519,-0.576009869576,-0.198908373713,-0.347775787115,-0.355991125107,-0.127625361085,0.015866735950,0.043019231409,0.051888961345,-0.125855520368,-0.045949738473,-0.342585682869,-0.560344815254,-0.127152025700,-0.203501686454,-0.396520227194,-0.263029724360,-0.537583947182,-0.680014193058,-0.324693918228,-0.383304148912,-0.372512251139,0.062096357346,0.098740071058,-0.022452151403,-0.026605080813,-0.165446221828,-0.292511820793,0.080358535051,-0.110128730536,-0.093364737928,0.152584090829,0.288976281881,0.309325218201,0.139413252473,0.418992996216,0.469943523407,0.613386213779,0.841941297054,0.329456001520,0.249793052673,0.345400959253,0.200171932578,-0.034725721925,-0.026316966861,0.022489195690,0.097686409950,0.086976878345,0.090759374201,0.311930567026,0.203752756119,-0.165145769715,0.227447926998,0.590827047825,0.162404596806,0.332802206278,0.370022147894,0.071789264679,0.138742357492,0.100439943373,-0.314832270145,-0.229394733906,-0.266425341368,-0.410077959299,-0.333345532417,-0.439646482468,-0.600367665291,-0.394993245602,-0.410184979439,-0.354497075081,-0.300196170807,-0.358538836241,0.162713274360,-0.022518007085,0.106296844780,-0.027839846909,-0.045727480203,0.104741036892,0.004757963121,-0.325228989124,-0.151159986854,-0.095599651337,-0.056062467396,-0.508192420006,-0.438419938087,-0.168598994613,-0.106971852481,-0.466786623001,-0.109745956957,-0.046661786735,-0.081593304873,-0.006025655661,0.068422466516,0.002214346081,0.136095851660,-0.079016759992,0.213079348207,0.169080555439,0.418906539679,0.553170800209,0.177341118455,0.111655727029,0.324023038149,0.179069802165,0.207057833672,0.287947297096,0.061166167259,-0.223768323660,0.023493470624,0.098896488547,0.092154659331,0.120978206396,0.218006074429,0.631825387478,0.426422148943,0.388712406158,0.586106121540,0.521597862244,0.452936679125,0.506393790245,0.175616577268,0.012532870285,0.003000480123,-0.149279028177,-0.511670351028,-0.613847196102,-0.522676229477,-0.466362714767,-0.704376041889,-0.674449503422,-0.760619640350,-0.730701267719,-0.642193257809,-0.342853218317,0.034326482564,0.194080427289,0.048085879534,0.137408822775,0.099480934441,-0.005029611290,0.096673905849,-0.011647954583,0.341507315636,0.303423047066,0.014302700758,-0.478245258331,-0.194232717156,-0.519375264645,-0.441317498684,-0.368622750044,-0.623642981052,-0.105819404125,-0.317054837942,-0.327270478010,-0.128839537501,-0.037384584546,0.126682832837,0.019591612741,0.474318683147,0.622214794159,0.305736154318,0.262284755707,0.453447043896,0.359415531158,0.260749548674,0.213169902563,0.455764263868,0.531706452370,0.242512062192,0.064660549164,0.287725061178,0.134836390615,-0.319137483835,-0.026193492115,-0.042270138860,-0.544766187668,-0.296351939440,-0.305666208267,-0.527253091335,-0.089154183865,-0.334444463253,-0.325373053551,-0.132338047028,0.030297027901,-0.105099126697,0.282777756453,-0.138075590134,-0.356468528509,-0.020328355953,0.125612691045,0.029251592234,0.302464038134,0.664768934250,0.816575109959,0.625095903873,0.417017340660,0.944945394993,1.165322303772,0.571301281452,0.468968063593,0.437613219023,0.311407864094,0.174546435475,0.261864930391,-0.121323943138,-0.271578431129,-0.149534210563,0.049435894936,-0.386214077473,-0.235967800021,-0.035042643547,-0.100806251168,-0.232893228531,-0.101390711963,-0.221237048507,-0.221269980073,-0.215330764651,-0.355135023594,-0.564757049084,-0.550120949745,-0.595054030418,-0.671761810780,-0.839912176132,-0.428150802851,-0.619378924370,-0.419297546148,-0.359267354012,-0.680178761482,-0.595535635948,-0.267376124859,-0.464370608330,-0.475084245205,-0.365815728903,-0.487044990063,-0.579545438290,-0.628524422646,-0.676351010799,-0.316244006157,-0.061433695257,-0.184683874249,0.392264395952,0.321096628904,0.568078577518,1.033387541771,1.020249605179,0.778429090977,0.764002919197,0.915335774422,0.814327836037,0.521890103817,0.325467705727,0.390362858772,0.462995886803,0.501084268093,0.672996580601,0.300434917212,0.218277737498,0.310662865639,0.438695698977,0.306427627802,0.157856523991,0.248331919312,0.235893711448,0.311770051718,0.288832217455,0.364630341530,0.411436200142,0.169290468097,0.364506870508,0.378389745951,0.267586022615,0.071455881000,-0.277657598257,-0.684693932533,-0.283530980349,-0.100386440754,-0.576816618443,-0.537756860256,-0.749268054962,-0.679289758205,-0.564160227776,-0.718925714493,-0.589003741741,-0.264182209969,-0.287358731031,-0.434201151133,-0.424174875021,-0.467288762331,-0.138865843415,-0.103135846555,-0.120821796358,-0.603837370872,-0.123027913272,-0.083733566105,-0.108140766621,0.114619165659,-0.131341993809,-0.118220560253,0.147109955549,-0.114219926298,0.153110921383,0.122715108097,-0.152563512325,-0.381139189005,-0.606158733368,-0.788661181927,-0.292314261198,0.050106786191,-0.319689005613,-0.037413392216,0.258596926928,0.113442018628,0.462522566319,0.904194116592,0.789229154587,0.831713318825,0.432023853064,0.305098205805,0.382723808289,-0.146574899554,-0.302525788546,-0.107222922146,-0.462769538164,-0.542794644833,-0.260794818401,-0.475434124470,-0.344409018755,-0.102958865464,0.218545258045,0.156794637442,0.482258230448,0.520560622215,0.523594081402,0.528199732304,0.491025060415,0.328916817904,0.530599296093,0.304192692041,0.213622659445,0.635311543941,0.417305469513,0.180300459266,0.527993977070,0.334279835224,0.360831379890,0.358608812094,0.161713123322,0.000135824201,-0.063055358827,-0.224175781012,-0.461065560579,-0.262581110001,-0.453525245190,-0.531224906445,-0.168578416109,-0.204814672470,-0.211721122265,0.002510689897,0.113676629961,0.000477442663,0.053057871759,0.197216734290,0.014261540957,-0.047686640173,0.140034750104,0.137519940734,-0.035264901817,-0.335971474648,-0.373471289873,-0.456752091646,-0.450516551733,-0.351866990328,-0.270652353764,-0.229538798332,-0.248488321900,-0.474359869957,-0.574976742268,-0.355143249035,-0.607730984688,-0.291791528463,-0.321310669184,-0.601104378700,-0.327562689781,-0.129428118467,-0.056848604232,0.205325037241,0.341021656990,0.488810718060,0.497869789600,0.410283744335,0.624404430389,0.739171743393,0.500117063522,0.391153097153,0.382892519236,0.107630386949,0.338194012642,0.279349237680,0.047250356525,0.024065578356,-0.144319385290,-0.045764524490,-0.213466256857,-0.076098598540,0.394655734301,0.437917798758,0.530142426491,0.419729709625,0.254551023245,0.413033187389,0.438012450933,0.079658836126,0.241079717875,0.197784736753,0.147542119026,0.211404204369,0.467585116625,0.053420066833,0.019225299358,-0.347685277462,-0.524112701416,-0.365000784397,-0.360428035259,-0.399528920650,-0.257777869701,-0.238346770406,-0.593704044819,-0.015665058047,-0.061075616628,-0.271096855402,-0.203612834215,-0.100600458682,0.041269976646,0.028185579926,-0.339424669743,-0.129366382957,-0.258263558149,-0.472795814276,-0.234012737870,-0.507142901421,-0.687961935997,-0.562727868557,-0.308308601379,0.056609880179,0.005128392484,0.113079823554,0.179921790957,0.202587977052,0.187984809279,0.143125772476,-0.158943131566,-0.172023415565,-0.167722314596,-0.134700566530,-0.155391111970,-0.227007523179,-0.107663311064,0.194673120975,0.150357380509,0.223994687200,0.477454990149,0.392597794533,0.427805066109,0.485085815191,0.687723219395,0.538563549519,0.400183379650,0.113915346563,0.023172432557,-0.159292981029,-0.292960464954,-0.137425288558,-0.029852513224,-0.281036734581,0.130131930113,0.113911226392,-0.295314729214,0.132041707635,0.000296343700,-0.148394122720,0.230102658272,0.286506742239,0.290626734495,0.236424669623,0.212733611465,0.429710716009,0.360502123833,0.272323399782,0.293195068836,0.247117727995,-0.121048167348,-0.069533757865,-0.431756347418,-0.828601658344,-0.668378531933,-0.620996475220,-0.747391223907,-0.635204493999,-0.056848604232,0.193874642253,-0.025674888864,0.584253966808,0.304143309593,0.471849173307,0.586377739906,0.613616704941,0.195895552635,0.439675301313,0.429484367371,0.138985201716,-0.054675415158,0.090545356274,-0.040043443441,-0.014500262216,0.013203758746,-0.215610623360,0.189890459180,0.017060343176,-0.118278183043,-0.222792848945,-0.454735308886,-0.484052747488,-0.603820860386,-0.413358330727,-0.191096410155,-0.177658066154,0.017953488976,0.251184225082,0.142207935452,0.211589425802,0.229629322886,0.352657228708,0.490646392107,0.204938143492,0.272166997194,0.486337065697,-0.083482496440,-0.033272814006,-0.024761164561,-0.570399880409,-0.415667325258,-0.215746462345,-0.281353652477,-0.076551347971,0.091829508543,0.274171441793,0.358242511749,0.223706588149,0.453549921513,0.493367016315,0.395182579756,0.285411924124,0.182716473937,0.024497745559,0.051275692880,0.041323486716,0.078687489033,0.104284174740,0.064306586981,0.448203414679,0.485332816839,0.592535138130,0.667349576950,0.442078948021,0.199999079108,0.171389564872,0.104325339198,0.223533704877,-0.075658194721,-0.483192533255,-0.481735527515,-0.374018669128,-0.217491596937,-0.420647561550,-0.473516076803,-0.075892806053,0.176694944501,-0.004934946075,0.123674109578,0.161083385348,0.034886240959,0.078489921987,0.132700249553,-0.158017054200,-0.697951197624,-0.540423870087,-0.423232316971,-0.321656405926,-0.418326199055,-0.075057275593,-0.104860402644,0.117372691631,-0.017109734938,-0.229114845395,-0.416688054800,-0.322335511446,-0.303616493940,-0.383530497551,-0.399681240320,-0.527977526188,-0.336033195257,-0.492399781942,-0.309613317251,-0.114207573235,-0.009009672329,0.081552147865,0.528133869171,0.493227064610,0.673235297203,0.410201430321,0.177555158734,0.158729091287,0.510406732559,0.376842200756,0.162647426128,0.014586696401,0.159572854638,-0.030412275344,0.208543643355,0.300694197416,0.498038530350,0.338823765516,0.238462030888,0.152184844017,0.050008002669,0.155629843473,0.240091904998,0.100444056094,0.062009923160,0.136585637927,0.445733875036,0.332691103220,0.414107441902,0.829206764698,0.997739911079,0.833581924438,0.951324999332,0.531698226929,0.509480714798,0.462847709656,0.277632892132,0.043793015182,0.046534195542,-0.517049789429,-0.437065839767,-0.445717424154,-0.432431310415,-0.751885712147,-0.657212138176,-0.800679504871,-0.438395231962,-0.158239319921,-0.109729491174,-0.125077620149,0.110606178641,0.106095172465,-0.123991034925,-0.022410994396,-0.471569299698,-0.208317279816,-0.018406238407,-0.092072345316,-0.302842706442,-0.076818875968,-0.210091218352,-0.248006761074,-0.303731739521,-0.792336642742,-0.618946790695,-0.442910343409,-0.600503504276,-0.773901581764,-1.004280090332,-0.901037156582,-0.408176422119,-0.128106921911,0.014039283618,0.396199196577,0.526034772396,0.549248397350,0.569712519646,0.561760663986,0.578825116158,0.872983336449,0.841953635216,0.550647795200,0.592728555202,0.632401585579,0.229555249214,0.167759358883,0.178378328681,0.000687352789,0.067039534450,0.070970207453,0.103259325027,-0.264128684998,-0.269010126591,-0.042245443910,0.169858455658,0.529199898243,0.824782133102,0.762191891670,0.410222023726,0.526512205601,0.554138064384,0.330983012915,0.431106001139,0.442675769329,0.183099254966,0.301784902811,0.025497907773,-0.347726404667,-0.337235033512,-0.324842095375,-0.726363182068,-0.741217374802,-0.452039420605,-0.311872929335,-0.248587101698,0.085873827338,0.159321784973,0.066348068416,-0.030490474775,0.536546766758,0.384312540293,-0.173747971654,-0.202649712563,-0.150028124452,-0.196134254336,-0.394602239132,-0.345705509186,-0.388177305460,-0.240750446916,-0.253884255886,-0.145228996873,0.170636355877,0.169879034162,0.062647886574,0.422857761383,0.383814513683,0.372347652912,0.520103812218,0.429257959127,0.376237154007,0.210362881422,-0.071241848171,0.092228747904,0.132794916630,0.137396469712,-0.048085879534,0.270833462477,0.242466777563,0.137738093734,0.162606269121,0.275850743055,0.153036832809,0.045645166188,-0.046464223415,-0.005050190724,-0.097200743854,0.077148146927,-0.125979006290,-0.266182512045,-0.211350694299,-0.118475742638,-0.248274281621,-0.431768685579,-0.358069628477,-0.238556683064,-0.294084072113,-0.059799689800,0.161651387811,0.206032961607,0.214190661907,0.016356525943,-0.081177599728,-0.132996588945,-0.044747903943,0.231255114079,0.119035512209,-0.133169457316,-0.237346619368,0.005404156633,-0.279378026724,-0.069245643914,-0.066084653139,0.019431093708,-0.115907430649,-0.274311393499,-0.353027671576,-0.009577664547,-0.197426646948,-0.023184780031,0.257308661938,0.424668759108,0.291458159685,0.380916923285,0.275245666504,0.094537764788,0.098871789873,0.078658677638,-0.265989065170,-0.109486661851,-0.073678456247,-0.169936656952,0.095311544836,0.305106431246,-0.031717009842,0.011137585156,-0.052304666489,-0.065212085843,0.129448696971,0.014734867960,-0.016257746145,0.028029175475,0.106379158795,0.052872661501,0.207399427891,0.271343827248,0.266594111919,0.400138080120,0.792801737785,0.002078521764,-0.279534459114,-0.303752303123,-0.364453345537,-0.274718850851,-0.484139204025,-0.506245613098,-0.507278680801,-0.484587818384,-0.165051102638,-0.237441286445,0.126452326775,0.287745624781,0.333185017109,0.712945342064,0.556825697422,0.412917941809,0.370297938585,0.172459691763,0.038096632808,-0.134774655104,-0.284378856421,-0.302566945553,-0.534995079041,-0.559295237064,-0.408036500216,-0.280460506678,0.031128438190,0.227044567466,0.226036161184,0.460880339146,0.631405532360,0.684611618519,0.660685956478,0.471528112888,0.556228935719,0.149772942066,-0.063240572810,-0.321228355169,-0.718069672585,-0.661871373653,-0.696905732155,-0.944875478745,-0.549886345863,-0.477808952332,-0.652227818966,-0.439024955034,-0.226307824254,-0.288198381662,0.054210320115,0.126987397671,-0.068459510803,0.259580612183,0.272216409445,0.391342431307,0.501405298710,0.464741021395,0.519799232483,0.494848698378,0.234416097403,-0.112363658845,-0.115203619003,-0.118212334812,-0.317976802588,-0.424755185843,-0.564859926701,-0.664102137089,-0.273586988449,-0.333308458328,-0.208276122808,-0.106041654944,0.197932913899,0.399265557528,0.672638535500,0.725354731083,0.726276695728,0.872328877449,0.686900019646,0.311370819807,0.466169238091,0.181103050709,0.098056837916,0.350389391184,0.504698038101,0.095706671476,-0.040426220745,0.086861632764,-0.197735354304,-0.227168038487,0.014162760228,-0.161095738411,-0.367429137230,-0.259313106537,-0.042936913669,-0.246051713824,-0.493317604065,-0.490691691637,-0.377912312746,-0.315001010895,-0.308880686760,-0.205946519971,0.038903344423,-0.070126444101,-0.012833328918,0.007507374045,0.436287909746,0.211984530091,-0.009701140225,0.234877094626,0.027201881632,-0.164602473378,-0.448335111141,-0.406406581402,0.024020304903,0.081152901053,0.159029558301,0.614942014217,0.726231396198,0.698848426342,0.550252676010,0.470795482397,0.421096205711,0.452253431082,0.342593908310,0.084754303098,-0.210519284010,-0.326364964247,-0.057087324560,-0.069653123617,0.014002240263,0.154604986310,0.212758317590,-0.049571719021,-0.198776647449,-0.148962095380,-0.322500139475,-0.483110249043,-0.581681549549,-0.695259392262,-0.440724849701,-0.274920523167,-0.332176625729,-0.066282212734,0.051395054907,0.243578061461,0.290956020355,0.213256344199,0.433974802494,0.614345192909,0.260700166225,0.002239041263,0.258461117744,0.084038138390,0.009618823417,0.028329635039,-0.060651682317,-0.494457691908,-0.241343140602,-0.189857542515,-0.545140743256,-0.242730185390,-0.060038413852,-0.384279578924,-0.206880837679,-0.059902589768,-0.181712195277,0.131033316255,0.201093912125,0.165565595031,0.185116022825,0.333798259497,0.172472044826,-0.060861591250,-0.323092848063,-0.121303364635,-0.269071877003,-0.561480820179,-0.538353621960,-0.666069567204,-0.271804809570,-0.190182685852,-0.102370284498,0.112096123397,0.348961174488,0.810158371925,0.793246269226,0.727704882622,1.081197738647,0.734475553036,0.495638966560,0.581483960152,0.150591999292,-0.277830451727,0.119158990681,-0.178242519498,-0.696753442287,-0.517770051956,-0.161515548825,-0.677091836929,-0.681327104568,-0.145492419600,0.224484473467,0.100118905306,0.572235584259,0.522314012051,0.517823576927,0.572025656700,0.436501950026,0.462884783745,0.185696378350,0.058215074241,0.188919126987,-0.099110506475,-0.244273647666,-0.110618524253,-0.029543820769,-0.474466860294,-0.708372592926,-0.538761138916,-0.622128367424,-0.818402528763,-0.644255340099,-0.848366260529,-0.914973556995,-0.676470398903,-0.376171290874,-0.059231702238,-0.056955613196,0.003823657054,0.362823486328,-0.107815608382,0.222998633981,0.606903672218,0.525705516338,0.166820928454,-0.067735120654,0.156296610832,0.025403242558,-0.098139159381,-0.042611755431,-0.201731875539,-0.367840737104,-0.448964834213,-0.584661424160,-0.319462627172,-0.028798848391,0.124394394457,0.115294173360,0.219298467040,0.455871284008,0.554430305958,0.570350527763,0.623235523701,0.325290709734,0.492017000914,0.579236745834,0.339597553015,0.397824972868,0.136034116149,0.173797354102,0.339058369398,-0.029613791034,-0.092434547842,-0.111548706889,-0.384979277849,-0.350537568331,-0.508525848389,-0.723955333233,-0.347726404667,-0.514930129051,-0.759187340736,-0.176382124424,-0.369326561689,-0.544766187668,-0.063261151314,0.073303908110,-0.010129192844,0.133486390114,0.045702785254,0.126950353384,-0.073863670230,-0.084330365062,-0.078876815736,-0.252143234015,-0.310893386602,-0.143236920238,0.020575309172,0.132926613092,0.463547408581,0.468050211668,0.467119991779,0.386436313391,0.670502364635,0.506117999554,0.224159330130,0.247916206717,0.241269066930,-0.333720058203,-0.035186700523,-0.114853769541,-0.307604789734,-0.311090946198,0.098962329328,0.357147663832,0.376171290874,0.289095640182,0.341149240732,0.376529395580,0.129074141383,0.059972558171,-0.097538240254,-0.468288928270,-0.671712398529,-0.364535689354,-0.430521547794,-0.412448704243,-0.247014835477,0.085264675319,0.143401548266,-0.246504470706,-0.008775066584,0.319018125534,0.142796516418,0.026843801141,-0.050481330603,-0.378928959370,-0.591119289398,-0.177036553621,-0.323138117790,-0.517235040665,-0.358213692904,-0.322516620159,-0.578195393085,-0.242042839527,-0.034215349704,-0.034359406680,0.170134216547,0.117434434593,0.133922666311,0.602302134037,0.345931887627,0.336584717035,0.522721529007,0.459662020206,0.413403570652,0.283395141363,0.188104167581,0.142483696342,0.025876568630,-0.147760272026,0.036833055317,-0.371034711599,-0.245644256473,0.022542702034,0.157317355275,0.326105684042,0.437687307596,0.644642233849,0.725144863129,0.400162816048,0.450944572687,0.384921669960,0.452002376318,0.403278529644,0.013825257309,-0.076999977231,0.137161865830,-0.203238278627,-0.132185757160,-0.086445927620,-0.556842148304,-0.421067357063,-0.484908878803,-0.647762060165,-0.599910795689,-0.415749639273,-0.226394265890,-0.197369024158,-0.185268342495,-0.135445535183,0.142409622669,0.473565489054,0.184029459953,0.231296271086,0.742719709873,0.560859262943,0.294899046421,0.549433588982,0.456715047359,0.266890436411,-0.037787940353,-0.103226386011,-0.161737814546,-0.411563783884,-0.300998777151,-0.594560146332,-0.682454884052,-0.580524981022,-0.336992204189,-0.043319687247,-0.327093511820,-0.077390983701,0.199118271470,0.170508772135,0.347911626101,0.428315430880,0.265824407339,0.334135770798,0.233420059085,-0.080494359136,-0.114754989743,-0.130160748959,-0.122920908034,-0.088516220450,-0.173443391919,-0.438971489668,-0.527364253998,-0.498882293701,-0.381666004658,-0.165293946862,-0.086219556630,0.068233139813,0.248607680202,0.200027897954,0.057996936142,0.060948025435,0.303233712912,-0.024921681732,-0.249138638377,-0.112441860139,-0.141125455499,-0.267219692469,-0.014940661378,0.233140185475,0.673667490482,0.613744318485,0.256415516138,0.067846246064,0.108070790768,0.271640181541,0.044505063444,-0.060338873416,0.005741659552,-0.506825983524,-0.452319294214,-0.622803390026,-0.732018351555,-0.517041563988,-0.411357998848,-0.657088696957,-0.439971625805,-0.320582151413,-0.283349871635,0.072888210416,-0.113701321185,-0.277945727110,0.107601575553,-0.015817346051,-0.006305535790,-0.009540621191,0.191178739071,0.266676425934,0.309448689222,0.286255657673,0.495922952890,0.342507481575,0.314461827278,0.054041568190,-0.267762988806,-0.558467924595,-0.398248881102,-0.434802085161,-0.341009289026,-0.148571103811,0.075254835188,0.067903868854,0.264577299356,0.357316434383,0.480595409870,0.701795399189,0.395565360785,0.396466732025,0.163635239005,-0.135581374168,0.129461050034,0.251361191273,-0.031465940177,0.097805775702,0.039837650955,0.099810205400,0.233308926225,0.307641804218,0.427068352699,0.386629760265,0.247817426920,0.200863406062,0.113775409758,0.297471463680,-0.072373718023,-0.195060014725,-0.000403356738,0.077337481081,-0.120488412678,-0.214746296406,-0.449458748102,-0.102271504700,-0.313198268414,-0.364725023508,-0.221537500620,-0.077526807785,-0.182984024286,-0.264688462019,-0.140894979239,0.030161203817,-0.102720141411,-0.054239131510,-0.090858153999,-0.252986997366,-0.162606269121,-0.353319913149,-0.324924409389,-0.402204275131,-0.663233697414,-0.676881968975,-0.477212131023,-0.562620878220,-0.505377173424,-0.406394243240,0.024666499346,0.016372989863,0.021670132875,0.275793105364,0.225266501307,0.184601545334,0.676272809505,0.621971905231,0.492515027523,0.434435755014,0.212795376778,-0.046023823321,0.196706369519,-0.218833371997,0.157325580716,-0.078864470124,-0.238935351372,0.076197378337,-0.316285192966,-0.244907498360,0.092442773283,0.388317286968,0.470844894648,0.527784049511,0.717394590378,0.586682319641,0.497178316116,0.651787400246,0.722815275192,0.811047494411,0.773362457752,0.702112317085,0.399845838547,0.004251709208,0.087479017675,0.130304798484,-0.533179998398,-0.728252351284,-0.482912689447,-0.916689872742,-0.700046181679,-0.678318440914,-0.481476217508,-0.426253378391,-0.013302540407,0.118175283074,-0.005338302813,0.077712021768,0.020583540201,0.119846336544,0.295244783163,0.109346717596,-0.036195091903,0.161173939705,-0.251525849104,-0.230506017804,-0.166602790356,-0.375611513853,-0.224727317691,-0.083400174975,-0.650799632072,-0.440951228142,-0.378237485886,-0.598725438118,-0.612279057503,-0.062051080167,0.188943803310,0.363420277834,0.378118127584,0.168775975704,0.180851981044,0.364231109619,0.353348702192,0.577487468719,0.609504938126,0.546128571033,0.628018200397,0.172064572573,0.082515262067,0.531537711620,0.140195280313,-0.087565451860,-0.138001501560,-0.431575238705,-0.729672253132,-0.953185439110,-1.300401449203,-1.258304238319,-0.863084554672,-0.550981163979,-0.540518581867,-0.382946044207,0.037964921445,0.465848177671,0.598844766617,0.679297983646,0.830532073975,0.495223253965,0.856976628304,0.537267029285,0.111536368728,0.222368925810,0.261996656656,-0.224093466997,-0.685673475266,-0.518679678440,-0.576100409031,-0.845180511475,-0.569436788559,-0.538073778152,-0.535789430141,-0.033449795097,0.170150682330,0.103720299900,0.011421580799,0.105374887586,0.082078978419,0.171904057264,0.273381203413,0.339313566685,0.354488849640,0.538514137268,0.434773266315,0.489201754332,0.644819259644,0.403521329165,0.448820799589,0.152135461569,-0.025720166042,0.048876132816,-0.232506334782,-0.413778126240,-0.237507134676,-0.680232286453,-0.814072668552,-0.548137068748,-0.482369363308,-0.459390401840,-0.025897147134,-0.099299840629,-0.035137310624,0.419980764389,0.479883342981,0.209873080254,0.241614788771,0.099839024246,-0.046390138566,-0.010195046663,-0.178514152765,-0.256185024977,-0.399471342564,-0.418215066195,-0.175703018904,-0.218825146556,-0.011545057409,0.040117528290,-0.279143422842,-0.030511053279,-0.035886399448,0.066693797708,0.204477161169,0.082638740540,0.142771810293,-0.037429857999,0.040133994073,0.188013628125,0.385683089495,0.344956427813,0.342281103134,0.399092674255,0.516288340092,0.403167396784,0.195833787322,0.269668668509,0.425948798656,0.517305016518,0.128222152591,0.154074028134,0.005062538665,0.102493762970,0.118368737400,0.006968193222,0.103712067008,0.321652293205,0.081663273275,-0.153493687510,-0.377381354570,-0.174686387181,-0.577796161175,-0.591794312000,-0.328776866198,-0.377146780491,-0.349385112524,-0.256403148174,-0.412028908730,-0.484344989061,0.103814966977,0.365716934204,0.172311514616,0.328081279993,0.623671770096,0.278414905071,0.376945108175,0.191689103842,0.272500395775,0.163219526410,-0.141714036465,-0.104275949299,-0.085989065468,-0.439786404371,-0.549314260483,-0.373026758432,-0.813574671745,-0.665423333645,-0.744386613369,-0.733265459538,-0.596704542637,-0.577775597572,-0.220175147057,0.306205391884,0.306143641472,0.406949907541,0.454294919968,0.452545672655,0.316486865282,0.574260592461,0.655524671078,0.243726238608,-0.118360504508,0.045394092798,-0.178925737739,-0.233794614673,-0.417017340660,-0.285728842020,-0.021670132875,-0.143158718944,-0.194105133414,0.199295267463,0.037219945341,0.296257287264,0.596630454063,0.346038907766,0.426553845406,0.445803821087,0.456702709198,0.381563097239,0.490329474211,0.444038152695,0.354324191809,0.397862017155,0.359230309725,0.151843219995,0.301842540503,0.157794803381,0.009816384874,0.152752831578,-0.106589064002,-0.568667113781,-0.596227049828,-0.612855255604,-0.868990957737,-0.803182005882,-0.899431943893,-0.750235259533,-0.423899114132,-0.444832503796,-0.231563791633,0.084231585264,0.082926847041,0.163989201188,0.156407743692,0.312692016363,0.647947311401,0.501586437225,0.295096606016,0.313449323177,0.295574039221,-0.002671209397,-0.102654293180,-0.313190042973,-0.136733815074,0.093422353268,0.207806915045,0.016932750121,0.356859564781,0.310308903456,0.282580196857,0.340774685144,-0.002156723756,-0.095957741141,-0.089438177645,-0.213799640536,-0.204230204225,0.190227970481,-0.109585441649,0.143817245960,0.227925360203,0.269047170877,0.311996430159,0.120204418898,0.011631490663,0.050419591367,-0.289947628975,-0.024028535932,0.039035052061,-0.555302858353,-0.323064029217,0.060425307602,-0.379151195288,-0.196780443192,0.226624742150,0.214754521847,0.152501761913,0.265561014414,0.217816740274,0.340885818005,0.156333655119,0.298607438803,0.257296293974,-0.224282801151,-0.086038462818,0.212095677853,-0.032219149172,-0.080514945090,0.153131499887,-0.314424782991,-0.196233034134,0.188659831882,0.105617716908,0.249681934714,0.221673339605,0.382439792156,0.328497022390,0.167549446225,0.087273217738,0.179102733731,0.229164242744,0.258798629045,0.162100017071,0.215528324246,0.035050876439,0.095196299255,0.226048529148,0.193154364824,-0.058408524841,0.343841046095,0.251978605986,-0.297759562731,-0.122715108097,-0.068517133594,-0.407690733671,-0.276686251163,-0.648416519165,-0.423508107662,-0.295499950647,-0.535250246525,-0.237116143107,-0.281448334455,-0.503907799721,-0.375907868147,-0.284992098808,-0.007165755611,-0.083280816674,-0.195829674602,0.045727480203,0.085630983114,-0.191137567163,0.130963340402,0.362016767263,0.143455043435,0.448479145765,0.511695027351,0.240939781070,0.351550072432,0.412798553705,-0.156292498112,-0.079350143671,0.013479522429,0.108515307307,0.381081551313,0.127892896533,-0.188021853566,-0.052403446287,-0.294680893421,-0.187836632133,-0.025185100734,0.400175154209,-0.058173917234,0.006350810640,-0.069949463010,-0.383995622396,-0.154127553105,0.076888844371,-0.062882490456,0.148888021708,0.203197121620,0.019962042570,-0.010693068616,-0.213630884886,-0.031725239009,0.050440166146,-0.258444637060,-0.199089467525,-0.156346008182,-0.151275232434,-0.338873147964,-0.514275670052,-0.475792169571,-0.468507051468,-0.574956178665,-0.398940354586,-0.215030297637,-0.097130768001,-0.179160356522,-0.262367069721,0.231201604009,0.269462853670,0.048336952925,0.354785174131,0.450812876225,0.152374178171,0.295808643103,0.189528271556,-0.134992793202,-0.083235539496,-0.018039923161,-0.179876506329,-0.198142826557,-0.075551182032,0.123612366617,-0.264955967665,-0.261572718620,-0.185840442777,-0.553627669811,-0.527368366718,-0.365684032440,-0.276151180267,-0.082498796284,-0.110108159482,-0.198336273432,0.178588256240,0.305390417576,0.544741511345,0.700132608414,0.895200848579,0.671148538589,0.542605340481,0.330233931541,0.391523540020,-0.115421764553,-0.044056430459,0.113738358021,-0.375986069441,-0.321611136198,-0.229411199689,-0.467441022396,-0.435337126255,-0.124155662954,0.398891001940,0.395639419556,0.352756023407,0.447466641665,0.413243085146,0.280769199133,0.370063334703,0.449841529131,0.422158062458,0.028539545834,0.275418549776,0.406517714262,0.090211965144,0.329258441925,0.324228823185,0.041076529771,-0.436197370291,-0.216195091605,-0.174340650439,-0.393322199583,-0.626680552959,-0.481657326221,-0.203267097473,-0.340272545815,-0.339556396008,0.109614253044,0.099131084979,0.050954658538,0.263210833073,0.398298293352,0.184840276837,-0.067105390131,-0.088577963412,-0.243907347322,-0.319042831659,-0.228188782930,-0.583838284016,-0.649322032928,-0.642715990543,-0.519437015057,-0.438740998507,-0.220208063722,-0.038248918951,-0.091092765331,0.242203369737,0.280452281237,0.141899242997,0.160070881248,-0.046690594405,-0.055383346975,0.095056362450,0.352965921164,0.226443633437,0.152769297361,0.459419190884,0.375558048487,0.401879131794,0.717917323112,0.558661401272,0.442556411028,0.344166189432,-0.192331179976,-0.353883773088,-0.303859323263,-0.306588143110,-0.219055622816,-0.237507134676,-0.043784782290,-0.046493038535,0.098657757044,0.199715077877,0.249793052673,0.287762105465,0.309193491936,0.453817486763,0.241672411561,0.128790155053,0.266425341368,0.071785144508,-0.255662322044,-0.009857544675,-0.141623482108,-0.729417145252,-0.770687162876,-0.547869563103,-0.335148274899,0.022386299446,0.119134292006,0.220924243331,0.118467517197,0.303468316793,0.349627971649,0.228983134031,0.151732102036,0.034100104123,0.028934668750,-0.281538873911,-0.362193763256,-0.364770323038,-0.260942995548,-0.459563225508,-0.179954722524,-0.148270636797,-0.076427869499,0.112190790474,0.185749888420,0.255333036184,0.366194397211,0.501907467842,0.805042386055,0.386580348015,0.199871480465,0.266248375177,0.137713387609,0.296849966049,0.245072126389,0.030251754448,-0.085207052529,0.119764022529,0.144994392991,0.297092795372,-0.062145747244,-0.130391225219,-0.113561376929,-0.336844027042,-0.079218439758,-0.149365469813,-0.342050611973,0.271430253983,0.497256547213,0.381130963564,0.539143919945,0.411781936884,0.184725031257,-0.028852352872,0.097624674439,0.014306816272,-0.056630458683,0.424471199512,0.263124406338,0.004268172663,0.159581080079,0.047991219908,-0.150768980384,-0.183803066611,-0.610163450241,-0.567173063755,-0.663192510605,-0.923913240433,-0.751144945621,-0.644946813583,-0.761097073555,-0.334790199995,-0.327081143856,-0.216960638762,0.107729166746,0.029086958617,-0.177806228399,0.401722699404,0.552664577961,0.495902389288,0.923732161522,0.812673270702,0.262943327427,0.383711606264,0.116043262184,0.071451760828,-0.176600277424,-0.457513540983,-0.856079339981,-0.673708617687,-0.863553822041,-0.519465804100,-0.395429521799,-0.762175440788,-0.392918825150,-0.369766980410,-0.230135604739,-0.106922462583,0.187754318118,0.270006150007,0.338058203459,0.569309175014,0.462781876326,0.385954767466,0.317762762308,0.490234822035,0.388547748327,-0.022234009579,-0.149900525808,-0.335247069597,-0.283448636532,-0.509180247784,-0.719654262066,-0.386436313391,-0.343548804522,-0.231283932924,0.011734387837,-0.056046005338,0.332938045263,0.936063349247,0.878292798996,1.174097299576,1.107391119003,0.543189764023,0.487217873335,0.603298187256,0.066656760871,-0.153522506356,-0.382147580385,-0.644650459290,-0.699437022209,-0.813586950302,-0.840772390366,-0.602252781391,-0.409744590521,0.022987216711,-0.012755127624,-0.070538036525,0.379011273384,0.194829523563,0.346660405397,0.246771991253,0.163705199957,-0.043949421495,-0.122727461159,0.092319302261,-0.019929114729,-0.105774126947,0.226455986500,0.158560350537,0.333394914865,0.371495664120,-0.040203962475,-0.019328195602,-0.184967860579,-0.367050528526,-0.163137212396,-0.399759441614,-0.365840405226,-0.289589554071,-0.390593379736,-0.407945930958,-0.470079332590,-0.250776767731,-0.338095247746,-0.129115313292,-0.249373227358,-0.111565172672,-0.011483319104,0.030161203817,-0.004700340796,0.045554611832,0.077366292477,0.131683617830,0.058774836361,0.264017552137,0.350492268801,0.533311665058,0.661949515343,0.540991902351,0.596029520035,0.494375407696,0.430134654045,0.177682742476,0.008326435462,0.056025426835,-0.234123885632,-0.271706014872,-0.052119448781,-0.339712798595,-0.144558116794,0.227295637131,0.095011085272,0.389288634062,0.419902592897,0.332127213478,0.614197015762,0.188124760985,0.158346325159,0.109387874603,-0.278233796358,-0.402496486902,-0.124624878168,-0.550203263760,-0.845826685429,-0.653940021992,-0.355748265982,-0.307983428240,0.196142509580,0.058490838856,0.102958865464,0.445445775986,0.314091414213,0.513942301273,0.458571344614,0.252567172050,0.097562931478,0.002564196242,-0.294829070568,-0.259527117014,-0.301027595997,-0.240886271000,-0.273315340281,0.069480255246,0.331481039524,0.408917248249,0.480513125658,0.579841732979,0.442404121161,0.462456703186,0.275826036930,0.593440651894,0.239116460085,-0.260358542204,-0.379200577736,-0.538637638092,-0.606883108616,-0.680335223675,-0.714406490326,-0.902712345123,-0.628005862236,-0.588147580624,-0.402146667242,-0.323796659708,-0.234000399709,-0.093286536634,0.346763312817,0.322718322277,0.269816845655,0.283333420753,0.324903845787,0.215087920427,0.358621180058,0.301109910011,0.035310178995,-0.176480904222,-0.221302896738,-0.403550177813,-0.271689563990,-0.352299183607,-0.682228505611,-0.400615543127,-0.439609408379,-0.387144237757,-0.156366571784,0.033931355923,0.341198623180,0.497581690550,0.786640286446,0.918719053268,0.849535048008,0.966496229172,0.655853927135,0.709895491600,0.677301764488,0.454220831394,0.456645071507,0.021641323343,0.045871537179,-0.035104382783,-0.494136661291,-0.454978138208,-0.342560976744,-0.593185484409,-0.667007982731,-0.504261791706,-0.192829206586,-0.408147633076,-0.243627458811,-0.088413320482,-0.189343050122,0.099365696311,0.313581019640,0.065775960684,0.213244006038,0.231596723199,-0.130597025156,-0.132626160979,0.022859625518,-0.287338167429,-0.302484601736,-0.290560901165,-0.812047600746,-0.661200463772,-0.535707116127,-0.980696022511,-0.680471003056,-0.598276793957,-0.375874966383,-0.050810597837,0.099320419133,0.176946014166,0.328809827566,0.355439573526,0.459180474281,0.285893470049,0.562431573868,0.663628816605,0.559999048710,0.612476587296,0.268701434135,0.284856259823,0.443741798401,0.551680862904,0.152547046542,0.298772066832,0.258625745773,0.012981501408,0.089145958424,-0.053568240255,-0.204156115651,-0.414280265570,-0.075221911073,-0.026325199753,-0.074308186769,0.030572792515,0.171229049563,-0.127238467336,0.015158803202,0.109700679779,-0.002597123384,-0.143121659756,0.018842522055,-0.114466868341,-0.114532731473,0.050456635654,-0.201217368245,-0.140409290791,-0.266384184361,-0.366556614637,-0.369598239660,-0.332049012184,-0.369627028704,-0.162252306938,-0.304213285446,-0.095496758819,-0.015397525392,-0.009931630455,0.067121848464,0.076703630388,-0.003403836861,0.262935072184,0.222595274448,0.261634439230,0.197821766138,0.166569858789,0.020348934457,0.082523494959,0.062088124454,-0.182683557272,0.025547297671,-0.218722254038,-0.373718202114,-0.316169917583,-0.482916802168,-0.455863058567,-0.292314261198,-0.209527343512,-0.146430835128,-0.184222906828,0.374360322952,0.413045525551,0.302237659693,0.636200547218,0.489045321941,0.408279329538,0.478549838066,0.560797572136,0.479640543461,0.585575163364,0.486230075359,0.226826414466,-0.031309537590,-0.240857481956,-0.214297667146,-0.137108355761,-0.161466166377,-0.153971135616,-0.194734856486,-0.215911090374,-0.244504153728,-0.393709093332,-0.381353199482,-0.214495226741,-0.313910305500,-0.234786540270,-0.262618154287,0.026563921943,-0.079230785370,0.229699313641,0.461670607328,0.150423243642,0.105877026916,0.511538624763,0.051312733442,0.313362896442,0.276027709246,-0.354715198278,0.120792984962,0.021167995408,-0.252353131771,-0.164355516434,-0.305485099554,-0.594584882259,-0.314663499594,-0.192187130451,-0.107161179185,0.085532203317,-0.129354029894,-0.189347162843,-0.137952119112,-0.295211851597,-0.043155055493,0.014763679355,-0.131712436676,0.139298006892,0.135408505797,0.089602813125,-0.006688312627,0.224517405033,-0.016047835350,0.272175252438,0.317305922508,0.278468430042,0.082638740540,-0.179917678237,-0.236679852009,0.166635707021,-0.047275051475,-0.290338635445,-0.126761019230,0.030017148703,-0.077786110342,-0.129670947790,0.031424779445,-0.127024441957,-0.086038462818,0.006873527542,-0.117726653814,-0.313601613045,-0.087050966918,-0.151715636253,-0.144459336996,-0.115298286080,0.245434328914,0.216944172978,0.364790886641,0.150814265013,0.106803096831,0.392626613379,0.174274802208,-0.044151097536,-0.207156613469,-0.417581200600,-0.809882700443,-0.881355047226,-0.882145226002,-0.665802001953,-0.424977481365,-0.018476206809,-0.356094032526,-0.108675822616,0.253563225269,0.600017786026,0.923633396626,0.979625880718,0.891426622868,1.549638867378,1.301883220673,0.798061847687,0.797111093998,0.778968274593,0.186700657010,0.197146773338,0.062153976411,-0.212733611465,-0.157103329897,0.013582419604,-0.254394620657,-0.158457443118,-0.030412275344,0.007042279467,-0.082795143127,-0.151258781552,-0.079547710717,0.326068639755,0.108642898500,-0.232675075531,-0.055667344481,-0.140697404742,-0.591390907764,-0.463658571243,-0.248764082789,-0.717024147511,-0.651264667511,-0.589732229710,-0.677976787090,-0.554533183575,-0.064158409834,0.069513179362,0.010462579317,-0.214297667146,-0.156432434916,-0.191853746772,-0.421371936798,-0.222480043769,-0.220681399107,-0.451701909304,-0.295713990927,-0.158996626735,-0.231197491288,-0.124489061534,-0.399957031012,-0.380163699389,-0.112421274185,-0.195084705949,0.053745228797,0.143331587315,0.176271006465,0.329682379961,0.493276476860,0.245524883270,0.267055064440,0.132720828056,0.069698393345,-0.049806319177,0.014850112610,-0.239906713367,-0.213466256857,0.173225253820,0.085293479264,0.077308662236,0.260918289423,0.250756174326,0.287321686745,0.661854863167,0.544901967049,0.705824911594,0.782170414925,0.378369182348,0.430295199156,0.472985148430,0.256650120020,-0.035660028458,-0.159428805113,-0.269001871347,-0.370079785585,-0.435917466879,-0.486979126930,-0.245590746403,-0.190721869469,-0.110503271222,-0.498668283224,-0.504307031631,-0.091759532690,-0.032087437809,-0.029140463099,-0.198961868882,-0.236371159554,0.333172649145,0.174245983362,-0.030190015212,0.168035119772,0.012010152452,-0.196257740259,0.094521291554,-0.110182240605,-0.301360964775,-0.508159518242,-0.229435890913,-0.200883999467,-0.225562840700,-0.210157081485,0.000292227836,0.021604279056,-0.076300270855,0.401492238045,0.534460008144,0.329480707645,0.714229524136,0.374393224716,0.065866507590,0.301998943090,0.106770172715,-0.096887931228,-0.189499452710,-0.627598345280,-0.539506077766,-0.699564635754,-0.756474971771,-0.758240640163,-0.468684047461,-0.411004006863,0.013512450270,0.128888934851,0.358678817749,0.598992943764,0.612143218517,0.480319678783,0.675120413303,0.541572272778,0.309345811605,0.214738070965,-0.002568312222,-0.280028343201,-0.278534263372,-0.126361787319,-0.421886444092,-0.528845906258,-0.192705735564,-0.253048717976,-0.165479153395,-0.056519329548,-0.082889802754,0.097818113863,-0.009931630455,-0.068912260234,-0.063755057752,0.019673930481,-0.156856372952,-0.046064984053,-0.003066334408,-0.061767082661,-0.381019830704,-0.127979323268,-0.295775711536,-0.267334967852,-0.019381701946,0.150682538748,-0.048921406269,-0.016809273511,0.055333957076,0.130403578281,-0.019307615235,0.038100745529,0.325089037418,0.342248201370,0.350220650434,0.212655425072,0.078572243452,-0.085799738765,-0.028226738796,-0.102061599493,-0.036330915987,0.089755102992,0.370886504650,0.509258449078,0.231851905584,0.094327844679,0.392560750246,0.241902917624,0.374516695738,0.431731611490,0.440712481737,-0.087783597410,-0.355678290129,-0.206530988216,-0.331336975098,-0.557932913303,-0.593811035156,-0.750379323959,-0.633418202400,-0.282522559166,-0.409839242697,-0.162964344025,0.256818860769,0.037726201117,0.225995004177,0.848786056042,0.487040877342,0.416712790728,0.648836314678,0.335037142038,0.293384373188,0.187392115593,0.164174422622,0.322792381048,0.047612555325,0.094583041966,0.273430585861,0.130498245358,0.100596345961,-0.153839424253,-0.066360414028,-0.073279216886,-0.204238444567,-0.166763305664,-0.154584407806,-0.457492977381,-0.552578091621,-0.547062814236,-0.409658133984,-0.281662344933,-0.130457088351,0.086515903473,-0.004280520603,-0.063454598188,0.032186217606,-0.199476376176,-0.054107423872,0.168109208345,-0.127670630813,-0.039730638266,0.077946625650,-0.263762354851,-0.142504274845,-0.189190760255,-0.184613898396,-0.093027226627,-0.019715089351,0.141742840409,0.011849632487,-0.184976100922,-0.048085879534,-0.171319589019,-0.074880294502,0.039862345904,-0.053049642593,-0.120504878461,0.093311227858,-0.018323918805,0.056819789112,0.184276401997,0.602845430374,0.771765470505,0.412057697773,0.637830436230,0.788599431515,0.389445036650,0.277287155390,0.325727015734,0.065874740481,0.152378290892,0.052810922265,-0.067459352314,0.027498226613,0.078654557467,-0.045974433422,0.245664820075,0.147661477327,0.003490270348,0.072760611773,-0.024864060804,-0.028004480526,0.034886240959,0.286741346121,0.443042099476,0.267396688461,-0.004136464559,-0.233819290996,-0.005132508464,0.132959544659,-0.097698763013,-0.277031987906,-0.410440176725,-0.396812468767,-0.371470957994,-0.347388923168,-0.476755291224,-0.409106582403,-0.419960200787,-0.547190427780,-0.341293275356,-0.165042877197,-0.417963981628,-0.337572544813,-0.061371963471,0.062894836068,0.237836405635,0.393408626318,0.249332085252,0.314918696880,0.086001418531,0.519124209881,0.274554222822,0.226941645145,0.352286815643,0.193376615644,-0.137054860592,-0.166043028235,-0.048443965614,0.147558584809,-0.068212561309,0.040339790285,-0.104164816439,-0.318425446749,0.129321098328,0.284061908722,0.176843121648,0.189902797341,0.350261807442,0.147323980927,0.266742259264,0.002815265208,0.134140804410,0.183951243758,0.192742764950,-0.069204486907,0.075625270605,-0.201744213700,-0.200892224908,0.157947078347,0.070130564272,-0.187894254923,-0.361111283302,-0.280744522810,-0.202555030584,-0.145722895861,0.158807292581,0.395013809204,0.689702987671,0.460003644228,0.644156575203,0.770880520344,0.447334945202,0.127361938357,0.264655500650,0.074172362685,-0.096838541329,-0.161120429635,-0.182127922773,-0.400483846664,-0.698362767696,-0.547931313515,-0.398590534925,-0.486563444138,-0.113882422447,-0.183251544833,-0.204765275121,-0.396199196577,-0.607673346996,-0.175760641694,-0.433509677649,-0.245623663068,0.056428782642,-0.148966223001,0.015035327524,0.124521985650,0.311955273151,0.317540526390,-0.095727257431,-0.135173887014,0.170850381255,0.037088237703,-0.101061441004,-0.342491000891,-0.336374819279,-0.229555249214,-0.264873653650,-0.072768844664,-0.317519962788,-0.286074578762,-0.216059252620,-0.047657832503,0.031630575657,0.006581299938,0.210992619395,0.141228362918,-0.025802483782,0.093237146735,0.543107450008,0.463308691978,0.205090433359,0.394285321236,0.300875306129,0.375969618559,0.454661220312,0.378328025341,0.346635729074,0.326113909483,0.523305952549,0.109466075897,-0.150575533509,-0.023374110460,-0.109210893512,-0.298492223024,-0.112380124629,-0.076353780925,-0.109688334167,0.157683670521,0.137898609042,-0.068467743695,0.104918017983,0.381982922554,0.282687216997,0.256300270557,-0.028490154073,0.033396288753,0.289383739233,-0.119714625180,-0.262276530266,-0.148583441973,-0.736228942871,-0.606685519218,-0.766649425030,-1.330702662468,-1.026863932610,-0.623906433582,-0.760162770748,-0.559241712093,-0.458810031414,-0.266581743956,-0.139849543571,0.192578136921,0.087310269475,0.226221382618,0.483398348093,0.539621293545,0.351517170668,0.326035708189,0.593090772629,0.459024071693,0.392766535282,0.145829916000,0.224406287074,-0.091059833765,-0.166701570153,0.171315476298,0.246142268181,-0.082202456892,0.147529780865,-0.064882807434,0.136062920094,0.115121304989,0.182477772236,0.345215737820,0.077847845852,0.474470973015,0.579129695892,0.162314042449,0.241182625294,0.112503603101,0.198146939278,0.028156770393,-0.036108657718,-0.158724978566,-0.455924808979,-0.217639759183,-0.076073899865,-0.130218356848,0.105782359838,0.603524506092,0.722881078720,0.611768662930,0.457089602947,0.615164279938,0.319573760033,0.090730562806,0.045521687716,-0.268553256989,-0.148459970951,-0.025518486276,-0.075061395764,0.018871331587,0.199439316988,0.009812269360,0.034532275051,0.218454703689,-0.100509904325,-0.278526037931,0.069175675511,-0.222875162959,-0.325253695250,-0.054942950606,-0.059931401163,-0.319186866283,-0.338424533606,-0.133980289102,0.099472709000,0.398343563080,0.071464106441,0.009038482793,0.206292256713,-0.061071496457,0.074040651321,-0.017727116123,-0.423458695412,-0.167981609702,0.130448862910,-0.178662329912,0.071599930525,0.151246428490,0.030790934339,0.024156128988,0.118339926004,0.248183757067,0.054029218853,0.356295704842,0.441819638014,0.089960895479,-0.052428141236,0.179160356522,0.078666903079,0.000222257790,-0.246722593904,-0.111972644925,0.047382067889,-0.105560101569,-0.169973701239,-0.193109095097,-0.355945825577,-0.337074518204,-0.169471561909,-0.225929155946,-0.261181712151,-0.086141355336,-0.132778450847,-0.211087256670,0.062738433480,0.058396175504,0.176941886544,0.397853791714,0.494980454445,0.409040778875,0.241260826588,0.230995818973,0.181008383632,0.378994792700,0.222364798188,0.198109880090,0.276122361422,0.063742712140,-0.323059916496,-0.193006202579,0.039179109037,-0.190400823951,-0.102061599493,0.122912667692,0.250447481871,0.261708557606,0.358114928007,0.297294497490,0.295327097178,0.189042583108,0.174126625061,0.221130028367,-0.155119463801,-0.255913376808,-0.350286483765,-0.655783951283,-0.376508772373,-0.246014669538,-0.238898307085,-0.197089150548,-0.308724284172,-0.189310133457,-0.150530248880,-0.179394960403,0.218499973416,0.132778450847,0.182704135776,0.412959069014,0.143134012818,-0.229172468185,0.100460521877,0.252159684896,0.015842041001,-0.158827885985,-0.509941697121,-0.366046190262,-0.492420345545,-0.723082780838,-0.172015175223,0.024110853672,-0.050547182560,-0.020048474893,-0.072019755840,0.000296343700,-0.095332130790,0.235996603966,0.229736357927,0.286161005497,0.137153640389,0.385777771473,0.722572386265,0.448047012091,0.054140347987,-0.017315527424,0.032931193709,-0.206942573190,-0.185597598553,-0.227818340063,-0.157206222415,-0.119228959084,0.188017740846,0.276842653751,-0.012001920491,0.208136186004,0.316441595554,-0.001987972530,-0.137408822775,-0.268536806107,-0.147961944342,-0.342256426811,-0.443630665541,-0.380694627762,-0.262231260538,-0.164018005133,0.345647901297,0.213120520115,0.252176165581,0.486970901489,0.310905724764,0.270631790161,0.142994076014,-0.160169661045,0.028041522950,-0.323434472084,-0.222512975335,-0.200875774026,-0.546692371368,-0.751729309559,-0.437654405832,-0.242487356067,-0.003407952609,0.132889583707,0.163643464446,0.569860756397,0.448507994413,0.323854297400,0.792093813419,0.526014208794,0.424458861351,0.274969935417,-0.027650514618,-0.307411342859,-0.238573163748,-0.025275647640,-0.181938588619,-0.387979745865,-0.456394016743,-0.787780404091,-0.881033957005,-0.845641493797,-0.933783113956,-0.664666056633,-0.535661876202,-0.479233056307,-0.239355176687,-0.133729219437,0.024168476462,0.289486646652,0.519070684910,0.816735565662,0.820332944393,0.573696732521,0.514839589596,0.758705794811,0.427862673998,0.259341895580,0.013216106221,-0.111729815602,-0.238708987832,-0.423248797655,-0.722374796867,-0.831614553928,-0.576623141766,0.051061667502,0.213914886117,0.261704415083,0.943698346615,1.096023082733,0.861150145531,0.790138781071,0.847802281380,0.763953506947,0.714254200459,0.579125583172,0.439481854439,0.119784601033,0.148678109050,0.131798863411,-0.037730317563,-0.234955281019,-0.082642853260,0.024670613930,-0.172142758965,-0.529632031918,-0.345923662186,-0.206786170602,-0.331937879324,-0.131424322724,-0.039389017969,-0.242721959949,-0.058943588287,0.127106755972,-0.236239448190,-0.075188986957,-0.007322159130,-0.408048838377,-0.506035745144,-0.370042771101,-0.298216432333,-0.455480307341,-0.597256064415,-0.447046846151,-0.238289147615,-0.401376992464,-0.274323731661,-0.261350452900,-0.221829727292,-0.205423817039,0.002239041263,0.210243523121,-0.312720805407,-0.360518574715,0.087923541665,-0.370009809732,-0.357991456985,-0.139742523432,0.233576476574,0.058840688318,-0.171924635768,0.178592368960,0.150880098343,0.023579904810,0.466091036797,0.525586187840,0.258259445429,0.321253031492,0.335638076067,0.353072941303,0.176139280200,-0.046348977834,0.103456884623,0.208930552006,0.286729007959,0.162676244974,0.280604571104,0.291791528463,0.341330319643,0.545416533947,0.684903860092,0.509217262268,0.604236602783,0.286140441895,-0.094998732209,-0.372697472572,-0.437230437994,-0.374356210232,-0.678598284721,-0.542811095715,-0.714682221413,-0.525882542133,0.022452151403,0.388020932674,0.405464053154,0.459061086178,0.543778359890,0.492354482412,0.449417591095,0.362630039454,0.136124655604,-0.202620908618,-0.107206448913,-0.434402823448,-0.254900872707,-0.148571103811,-0.144381135702,-0.216404989362,-0.010013948195,-0.149682387710,-0.074258796871,-0.112223714590,-0.393869638443,-0.333337277174,-0.290198683739,-0.238783061504,-0.328324139118,-0.094636544585,-0.365428835154,-0.259609431028,-0.229386508465,-0.329834669828,-0.307769417763,0.113285616040,-0.083959937096,-0.052526924759,-0.250015318394,-0.214240044355,-0.020583540201,0.072690643370,0.197434887290,-0.015595087782,-0.050193220377,-0.278143286705,-0.335115343332,-0.492901921272,-0.207136020064,-0.191512122750,-0.052049476653,0.024752931669,-0.012952689081,0.089520499110,0.199089467525,0.361872732639,0.237206667662,0.204526558518,0.410230249166,0.478903770447,0.103921972215,-0.051716096699,-0.023658107966,0.004350490402,-0.120315544307,0.194315046072,0.086931601167,0.075868107378,-0.036960646510,-0.152086064219,0.204271376133,-0.176913082600,-0.206959053874,-0.043784782290,0.014792490751,0.085956141353,0.109334371984,0.229353576899,0.482620447874,-0.009178423323,0.204748809338,0.282855957747,0.100518144667,0.103860244155,0.244504153728,-0.118483982980,0.050991699100,0.080292686820,-0.230147942901,0.124785393476,0.098517827690,0.166479304433,0.247150659561,0.260745435953,0.090187266469,0.349924325943,0.138799995184,0.026518646628,0.164211452007,0.161885991693,0.097814001143,0.141043141484,-0.063779756427,-0.400216281414,-0.448433905840,-0.215293705463,-0.421944051981,-0.542057931423,-0.541942715645,-0.419169932604,-0.394663989544,-0.471927344799,-0.227908894420,0.059227582067,-0.013578304090,-0.016088994220,0.106107510626,0.121994823217,-0.123431272805,-0.094895839691,-0.035264901817,0.196891590953,0.040632016957,0.107585109770,-0.036026339978,0.117479696870,0.054938830435,-0.229209512472,-0.291087716818,-0.316281080246,-0.340807616711,-0.340033829212,-0.213392168283,-0.151851460338,-0.077230460942,-0.072657719254,0.272858470678,0.671008586884,0.730392575264,0.476590663195,0.466482043266,0.453953295946,0.612505376339,0.293211519718,0.099192827940,0.248550057411,-0.040467381477,-0.207728713751,-0.060120731592,-0.288111954927,-0.211980417371,0.149303719401,-0.214277073741,-0.110062882304,-0.039677128196,-0.364897906780,-0.069299153984,0.096842654049,-0.201410815120,0.300941169262,0.305040568113,0.031955730170,0.039314933121,0.191824927926,0.030062422156,0.098246179521,0.227974742651,-0.038117211312,-0.207354173064,-0.285601258278,-0.729219555855,-0.759158492088,-0.680812656879,-0.779799640179,-0.683072268963,-0.432365477085,-0.396376192570,0.091232702136,0.169722631574,-0.007326275110,0.283654451370,0.142216175795,0.069875381887,0.306604623795,0.164647743106,0.073456197977,0.100534603000,0.201287358999,0.233403593302,0.422853648663,0.236626341939,0.049654033035,0.326179772615,0.329023838043,0.475392937660,0.167331293225,0.030934989452,0.069986507297,-0.085952028632,-0.346874415874,-0.305234014988,-0.335893243551,-0.155716270208,-0.086791664362,-0.286317437887,-0.085268788040,0.062701389194,0.113499648869,0.253719627857,0.019838564098,0.270611196756,0.472100228071,0.370577812195,0.282185077667,0.055844325572,-0.009075526148,0.183984175324,0.137766897678,0.070731483400,-0.291779190302,-0.000950769463,-0.105173207819,-0.349677324295,-0.376870989799,-0.285518944263,-0.221031248569,-0.233716398478,-0.321808695793,-0.377710610628,-0.314544171095,0.040035214275,0.161494970322,-0.212972342968,-0.152608782053,0.049197174609,0.113511987031,0.104720458388,0.101007923484,-0.002420140198,-0.217236414552,-0.569016933441,-0.645181417465,-0.538341283798,-0.453278273344,-0.710533440113,-0.692316532135,-0.368486940861,-0.272051751614,-0.036721926183,0.137063086033,0.393799632788,0.616411387920,0.650071084499,0.714369475842,0.344717711210,0.350776284933,0.496404528618,0.069784827530,-0.055523287505,-0.118393428624,-0.182625934482,-0.124752469361,-0.223282635212,0.002226693556,0.169977813959,0.141318917274,0.156527101994,0.278851211071,0.411670804024,0.554623723030,0.511365771294,0.424084335566,0.419956088066,0.080613717437,-0.042159009725,0.142236754298,-0.226723521948,-0.311403751373,-0.225521683693,-0.054395537823,-0.282678991556,0.036339148879,0.045780986547,0.095529690385,0.230662420392,0.291515797377,0.046888157725,0.101761139929,0.334497958422,-0.107103556395,-0.368939667940,-0.127575963736,-0.318577736616,-0.499322682619,-0.372685134411,-0.558225095272,-0.420001387596,-0.220101058483,-0.252818226814,-0.370487272739,-0.367034018040,-0.301891922951,-0.089816838503,-0.279308080673,-0.238046318293,0.002510689897,-0.410551279783,-0.245421975851,0.030165320262,-0.133889734745,0.278028011322,0.326175630093,0.164256736636,0.260609596968,0.545050203800,0.556405901909,0.749807178974,0.266680538654,0.408291667700,0.371804326773,0.010635446757,-0.029584981501,0.071916855872,-0.253925412893,0.038063704967,-0.219656541944,-0.248772308230,0.088215760887,0.035474810749,0.100374087691,-0.098118588328,-0.228983134031,-0.169442743063,-0.189943969250,-0.178995728493,-0.353570967913,-0.178460657597,0.029329795390,-0.076448448002,0.139763101935,0.320623338223,-0.060610517859,0.094307273626,0.142323181033,-0.265309929848,-0.237210780382,-0.477356225252,-0.656886994839,-0.856655597687,-0.754631102085,-0.359571963549,-0.545716941357,-0.558525562286,-0.054733037949,0.238153323531,0.186317890882,0.363115698099,0.334374487400,0.223327919841,0.101831100881,0.217112928629,0.099699079990,0.184642717242,0.075230143964,-0.017891751602,-0.186527788639,-0.016183659434,0.001852148212,-0.138972863555,-0.068089082837,0.134004980326,-0.352908343077,-0.423602759838,-0.218792214990,-0.337177425623,-0.117771930993,-0.112347193062,-0.090919896960,0.153049170971,0.461238414049,0.443968147039,0.357526332140,0.350409984589,0.400467395782,0.679190993309,0.461304277182,0.341499090195,0.452825546265,0.375944942236,0.170195952058,0.130210131407,-0.010573708452,-0.140829116106,-0.251081317663,-0.323471516371,-0.323870748281,-0.609307348728,-0.533941388130,-0.422437965870,-0.505648791790,-0.239700898528,-0.224496811628,0.029864860699,0.113524340093,0.087071545422,0.224698498845,0.076403170824,0.377887606621,0.455998897552,0.387856274843,0.396520227194,-0.021192692220,-0.369396537542,0.024271372706,-0.375615626574,-0.633640468121,-0.294446289539,-0.443210810423,-0.780882120132,-0.611147165298,-0.410538941622,-0.205456733704,-0.615028440952,-0.371598541737,0.062759011984,-0.007564996369,0.288354784250,0.469293206930,0.500479280949,0.518823742867,0.640341162682,0.514954805374,0.411423861980,0.373796433210,0.187235727906,0.060067225248,-0.146776571870,-0.044282805175,-0.321335375309,-0.278246164322,-0.274969935417,-0.173649191856,-0.343470603228,-0.264910697937,0.196237176657,0.256464898586,0.239404544234,0.230645969510,0.529911935329,0.512551128864,0.492712587118,0.627470791340,0.994500696659,0.515691578388,0.551376283169,0.378151059151,0.128065764904,0.417350739241,0.457406520844,-0.036919489503,-0.255983352661,-0.080568447709,-0.113795988262,-0.331320494413,-0.330382078886,-0.334893077612,-0.482455790043,-0.403965890408,-0.248690009117,-0.569259822369,-0.899851799011,-0.764817833900,-0.733166635036,-0.668160438538,-0.185552313924,-0.373376607895,-0.530002474785,-0.380707025528,-0.065537236631,0.163980975747,0.267911165953,0.570745646954,0.674412429333,0.548746228218,0.431797474623,0.565456748009,0.147266358137,0.152049019933,-0.042126081884,-0.248529493809,-0.274871140718,-0.376714587212,-0.346759200096,-0.119718745351,-0.067912101746,0.205061629415,0.174015507102,0.090380713344,-0.022147575393,0.379303485155,0.197986423969,0.039767678827,0.246290445328,0.272743225098,0.157284423709,0.414062142372,0.524293780327,0.236823901534,0.154897212982,0.039421945810,0.100127130747,0.631928265095,0.405686318874,0.123892255127,0.319964796305,0.210457548499,-0.156218409538,-0.014364438131,-0.126044854522,-0.362527132034,-0.142882943153,-0.102991789579,-0.283938437700,0.141623482108,0.368914991617,0.202110514045,0.278521925211,0.058898311108,0.392758309841,0.541893303394,0.243466943502,0.144195914268,0.095517337322,-0.147435113788,-0.115730449557,0.011088194326,-0.071101911366,-0.449689209461,-0.399471342564,-0.046937551349,-0.229505866766,-0.439876973629,-0.529730856419,-0.715542495251,-0.268767297268,-0.598453819752,-0.736562311649,-0.387625813484,-0.354320079088,-0.300175607204,-0.050506025553,-0.191656187177,-0.074670389295,0.022933710366,0.214379966259,0.337333798409,0.676536262035,0.648560583591,0.374492019415,0.308386772871,0.447343200445,0.618279993534,0.159173622727,0.172212734818,-0.262819826603,-0.326109796762,-0.637925088406,-0.600565254688,-0.450668811798,-0.224986612797,-0.265754461288,0.095340356231,0.473771274090,0.302673935890,0.370824754238,0.309922009706,0.190470814705,0.387457042933,0.207699894905,0.097505316138,0.343709319830,0.624046325684,0.083511307836,0.148229479790,0.265914976597,-0.066055834293,-0.008618663065,-0.161741927266,-0.130436509848,-0.224237516522,-0.269755095243,-0.362378984690,-0.435538798571,-0.347327172756,-0.226830527186,-0.247434660792,-0.202390402555,-0.269294112921,0.074098274112,0.043875336647,-0.076168566942,0.069998852909,-0.094451323152,-0.139973014593,0.171451300383,-0.216318547726,-0.154242783785,0.101477138698,-0.229905098677,-0.504566311836,-0.505850493908,-0.435180753469,-0.025271534920,-0.207420021296,-0.306509941816,-0.092619761825,-0.142401382327,-0.191396877170,0.173093542457,-0.165804311633,0.340655326843,0.619765818119,0.374208003283,0.401002436876,0.653569579124,0.315531969070,0.401842087507,0.305715590715,0.079218439758,-0.086240135133,0.037738546729,0.014356207103,0.305415123701,0.248126119375,0.193306654692,0.224743768573,0.279530316591,-0.207284197211,0.026012394577,0.306279450655,0.399673014879,0.267631292343,0.027654631063,0.129424005747,0.138853490353,0.008116524667,0.141960993409,-0.021472571418,-0.060598172247,0.335922062397,0.013207874261,0.207193642855,0.217075899243,0.226612389088,0.165388599038,-0.014599043876,0.102539040148,0.309996098280,0.166401103139,-0.085384033620,-0.156806975603,-0.304703056812,-0.476718276739,-0.594798862934,-0.567675173283,-0.600672245026,-0.744440078735,-0.729215502739,-0.485612690449,-0.436349660158,-0.356666117907,-0.056642808020,-0.117969490588,-0.307835251093,0.124275028706,-0.012936226092,-0.398895114660,0.007338623051,0.122554592788,-0.006820021197,0.048847325146,-0.001424096292,-0.259720563889,-0.156979843974,0.099773168564,0.159408226609,0.175312012434,0.148266524076,0.236609861255,0.228427484632,0.388551861048,0.219998165965,0.476216107607,0.474726170301,0.418400287628,0.600688695908,0.408262848854,0.506459653378,0.652334809303,0.565683126450,0.320516318083,0.439362496138,0.430854976177,0.487324893475,0.190285593271,0.446734040976,0.547861337662,0.312988370657,0.323957204819,0.158091142774,0.087874144316,-0.064520612359,-0.268166363239,-0.016401801258,0.083075024188,-0.016385337338,-0.166475191712,-0.176340967417,0.049761049449,-0.031247798353,-0.103485696018,-0.006700660568,-0.135503157973,-0.286617875099,-0.073966570199,-0.087252646685,-0.262930959463,-0.418733656406,-0.217540979385,-0.245487853885,-0.588192880154,-0.508217096329,-0.230794131756,-0.470095783472,-0.454797059298,-0.354612290859,-0.249974161386,-0.244874566793,-0.285984039307,-0.434295833111,-0.066483892500,0.163799881935,0.238836571574,0.228365764022,0.382077574730,0.385028690100,0.165734335780,0.200270712376,0.301023483276,-0.080914184451,-0.047135114670,0.003029291285,-0.147443339229,0.040973637253,0.114170536399,0.199974387884,0.322199702263,0.416972070932,0.614958465099,0.797963082790,0.363251507282,0.359740674496,0.264005213976,-0.055259868503,0.025551414117,-0.334765493870,-0.322607189417,-0.000218141897,-0.091788351536,-0.116026796401,0.016850432381,0.191960766912,0.483698815107,0.263511300087,0.267989397049,0.249982386827,0.471585750580,0.572227358818,0.414794743061,0.050794135779,-0.189071401954,-0.529804944992,-0.621465682983,-0.878185808659,-0.744077920914,-0.605578362942,-0.622449398041,-0.378690212965,-0.011186975986,0.043105661869,0.310255408287,0.466951280832,0.333254963160,0.526055335999,0.352299183607,0.291779190302,0.392029792070,0.213330417871,0.138450145721,-0.111989110708,-0.096780918539,-0.170945048332,-0.608163177967,-0.637064933777,-0.468721061945,-0.840311408043,-0.910022199154,-0.645457208157,-0.587423205376,-0.472198992968,-0.252633005381,-0.155177101493,-0.095002859831,-0.194257423282,0.043492555618,0.132803142071,-0.008820340969,0.294261068106,0.146484345198,0.165870159864,0.174941569567,0.031046118587,-0.050987578928,-0.087199129164,-0.165186926723,-0.078127726912,0.018698465079,0.244570001960,0.572906494141,0.367717266083,0.575059115887,0.934458196163,0.745065748692,0.501392960548,0.413452982903,0.186787083745,0.048192895949,0.060771040618,-0.037738546729,-0.079839929938,0.167244866490,-0.029482083395,-0.347882837057,-0.232349932194,-0.076884731650,-0.042093154043,-0.072336673737,0.180279865861,0.249751895666,0.078177116811,0.234095066786,0.180292233825,0.378216922283,0.443235546350,0.161515548825,-0.450306624174,-0.149949923158,-0.191545039415,-0.663143157959,-0.442383527756,-0.685056090355,-0.948884367943,-0.627771258354,-0.414992302656,-0.558706700802,-0.675433218479,-0.538514137268,-0.088306315243,-0.320182919502,-0.198965981603,0.158996626735,0.202464491129,-0.097455926239,0.476500093937,0.746234595776,0.742201030254,0.346944421530,0.029877210036,0.298298746347,0.180996045470,-0.170895650983,-0.428508907557,-0.171080872416,-0.627586007118,-0.514530897141,-0.424137830734,-0.603232324123,-0.032379664481,0.347689390182,0.359699547291,0.575573563576,0.946900486946,0.750436961651,0.569860756397,0.567280054092,0.573289275169,0.604117214680,0.728503346443,0.524606585503,0.399170875549,0.208329632878,0.230934083462,0.415716737509,0.160712957382,0.196389451623,0.595366895199,0.393951922655,0.103321053088,0.071892164648,-0.005218941718,-0.235811382532,-0.525182843208,-0.477998286486,-0.749556183815,-0.868130683899,-0.544510960579,-0.428290754557,-0.227373823524,-0.223484322429,0.079967528582,0.243421658874,0.205950647593,0.113063357770,0.060495276004,0.075691126287,0.151674479246,-0.047130998224,-0.421660035849,-0.313716858625,-0.107819721103,-0.224233403802,-0.525112807751,-0.212058618665,-0.392980605364,-0.498631209135,-0.180847868323,-0.192084223032,0.056255914271,0.283963114023,0.354237735271,0.127147912979,0.287078857422,0.037734434009,0.143385082483,0.356242179871,0.349994242191,0.176118716598,0.493774503469,0.469894111156,0.215343102813,0.180506244302,0.232230588794,0.035071454942,0.094352543354,-0.276908516884,-0.550495505333,-0.533706784248,-0.609290897846,-0.370561361313,-0.178950443864,-0.186309635639,-0.308427959681,0.154403313994,0.586353063583,0.591246843338,0.306571692228,0.339947402477,0.638851225376,0.260803043842,-0.128036946058,-0.026934349909,0.160680040717,-0.344738304615,-0.447092086077,-0.336444765329,-0.396269172430,-0.476821154356,-0.561287343502,-0.538477122784,-0.428274303675,-0.267586022615,0.058198612183,0.190034523606,0.110186360776,0.186107963324,0.465984016657,0.368795633316,0.138203188777,0.314227223396,0.398298293352,0.589567542076,0.765110075474,0.601985216141,0.290375679731,0.203592240810,0.418762475252,0.511534512043,-0.057540070266,-0.051555573940,0.077246926725,0.024082044140,-0.125633269548,-0.118718586862,-0.189137250185,0.190120965242,-0.025860104710,-0.029568517581,0.169463336468,-0.038154251873,-0.271175086498,-0.376833975315,-0.663406550884,-0.540201663971,-0.480270266533,-0.269569903612,-0.008495186456,-0.221611604095,-0.489255219698,-0.505266010761,-0.387679308653,-0.559468150139,-0.717863857746,-0.757590353489,-0.821571767330,-1.160535573959,-0.746325194836,-0.472886353731,-0.631957113743,-0.349500387907,-0.131815329194,-0.351628273726,0.360716164112,0.647169411182,0.796069741249,0.802128374577,0.746197581291,0.776428759098,0.835446417332,0.471330553293,0.299410045147,0.458254367113,0.115145996213,0.080556102097,0.110811971128,0.068652965128,-0.099962502718,0.086318336427,-0.005762238987,0.061141468585,0.232098862529,0.327665597200,0.177629232407,-0.122838579118,-0.065240889788,0.159317672253,0.507011175156,0.184889674187,0.218051344156,0.018463859335,0.094801172614,0.163906887174,0.035149656236,0.183222725987,0.343808114529,0.086622916162,0.110034070909,0.111700996757,-0.182938739657,0.017315527424,0.014833648689,-0.311634212732,-0.428393661976,-0.479570567608,-0.208634197712,-0.263095587492,-0.308514386415,-0.326780676842,-0.139252737164,-0.088125213981,-0.375796735287,-0.435505896807,-0.237297222018,-0.344437807798,-0.491267889738,-0.316104084253,-0.506603658199,-0.193619459867,0.017253790051,-0.229983314872,-0.065360255539,0.124690733850,0.408332854509,0.745843648911,0.564057350159,0.315951794386,0.432011514902,0.318528324366,0.409905076027,0.339408218861,0.206037074327,0.104642257094,-0.095817796886,-0.296384871006,-0.073575556278,-0.166322916746,-0.162993147969,-0.023209474981,-0.005124276970,-0.355740040541,-0.200480639935,-0.100522257388,-0.022855509073,-0.037672694772,-0.053230736405,-0.000139940079,-0.084791347384,0.052345823497,-0.188330546021,-0.244170755148,-0.200069040060,-0.221644520760,-0.144315272570,-0.013903458603,-0.253229826689,-0.195702105761,0.039002124220,0.010565476492,0.059075295925,0.284675180912,-0.056741587818,0.068023227155,0.142244979739,0.124810092151,0.484826564789,0.592810928822,0.594329655170,0.671346127987,0.532821893692,0.630187273026,0.524767100811,0.478372842073,0.289881765842,0.195224642754,-0.148036032915,-0.095204539597,-0.109103873372,-0.340186119080,-0.543272137642,-0.459682613611,-0.342021793127,-0.342676222324,-0.669942617416,-0.703182458878,-0.536242187023,-0.407945930958,-0.249257981777,-0.269948542118,-0.103193461895,-0.308053404093,-0.224126398563,0.112734086812,0.131531327963,0.046995174140,0.409341216087,0.168648377061,-0.021398484707,-0.044196370989,-0.030115930364,-0.254460483789,-0.435176640749,-0.594169139862,-0.394816249609,-0.860442161560,-0.953539431095,-0.831453979015,-0.453912138939,-0.430739700794,0.032754212618,0.268993645906,0.498767048120,0.578615248203,0.983206689358,1.058185815811,1.117322802544,1.064421415329,1.051287531853,0.766320109367,0.677647531033,0.401537477970,0.137614607811,-0.286980092525,-0.267915278673,-0.305620908737,-0.222459465265,-0.089409366250,-0.214598119259,-0.292820513248,-0.331678599119,-0.230966985226,-0.038294196129,-0.012738664635,0.355880022049,0.416070669889,-0.072567164898,0.185268342495,0.281892836094,0.194985926151,0.192816868424,0.157893583179,0.253032267094,0.015907894820,-0.054276172072,-0.238910660148,-0.251184225082,-0.317622840405,-0.293462604284,-0.494367182255,-0.604726374149,-0.487065583467,-0.467301100492,-0.197546020150,0.010952369310,-0.056437015533,0.121694363654,0.302599847317,0.042743466794,0.092158772051,0.300957620144,0.438732773066,0.178193137050,0.273274183273,0.135112151504,0.167183130980,0.122599869967,-0.078065991402,-0.168030992150,0.009400681593,-0.047217432410,-0.168977648020,-0.230744749308,-0.673231184483,-0.441387504339,-0.516662895679,-0.507426917553,-0.345861911774,-0.297208040953,-0.300941169262,-0.056593418121,-0.187457963824,-0.167372465134,0.100213572383,0.168035119772,0.152324780822,-0.147595643997,-0.541773915291,-0.408069401979,-0.216923609376,-0.508237719536,-0.591275691986,-0.455019325018,-0.412703871727,-0.260984152555,-0.286798983812,-0.419989019632,0.237029701471,0.355933487415,0.208272010088,0.668456792831,0.464144200087,0.326373219490,0.696037292480,0.471433490515,0.643452763557,0.606146395206,0.324451088905,0.232164710760,-0.000959001190,-0.111676298082,-0.003395604901,0.104938596487,0.031614109874,0.095418557525,0.146056294441,-0.053539428860,0.065142109990,0.117315068841,0.512752830982,0.545663416386,0.455081015825,0.617440342903,0.257991880178,0.124143324792,0.051218073815,-0.125184640288,-0.084289208055,-0.437300413847,-0.361201822758,-0.767295658588,-0.731816709042,-0.820855677128,-0.711130261421,-0.542790532112,-0.283296346664,-0.359073936939,0.017348455265,0.053457111120,-0.189647614956,0.167006134987,0.522244036198,0.306872159243,0.365766346455,0.523067235947,0.241878211498,-0.046505384147,-0.007511490025,0.118619799614,0.028988176957,-0.115253008902,-0.435221880674,-0.420400619507,-0.180415689945,-0.403805345297,-0.421310216188,-0.388103276491,-0.354303628206,-0.053506501019,0.114339277148,-0.076415523887,-0.527853965759,-0.522684454918,-0.119158990681,0.143273949623,0.269672781229,0.159432917833,0.216339141130,0.139396786690,0.341791301966,0.383522272110,0.254369914532,0.226427167654,0.070566847920,0.202065244317,0.413004338741,0.327249914408,0.069183908403,-0.209502667189,-0.350702226162,-0.444449722767,0.016759883612,-0.173809707165,-0.299549996853,-0.086721695960,0.300352573395,0.420244187117,0.596502840519,0.550516068935,0.815574944019,0.450405418873,0.435995697975,0.351644754410,0.034742183983,0.391490638256,0.272718548775,0.067204169929,0.154292181134,-0.060915097594,0.056675735861,0.206563919783,-0.332884550095,-0.372709840536,-0.446598201990,-0.463238716125,-0.593502402306,-0.833347380161,-0.514749050140,-0.388387262821,-0.135634869337,-0.022390414029,-0.068533599377,0.177546933293,0.559019505978,0.736846327782,0.335798591375,0.469852983952,0.773518860340,0.407719552517,0.056153018028,-0.083778835833,-0.356645524502,-0.382365703583,-0.982008993626,-1.328858733177,-1.443255543709,-1.193186759949,-0.931659400463,-0.697148561478,-1.028897166252,-0.226196691394,0.029605560005,-0.015335787088,0.309658616781,0.349216371775,0.240071341395,0.206378698349,0.303505331278,0.673227071762,0.561962366104,0.270331323147,0.378694325686,0.188322320580,0.311103284359,0.045925043523,-0.163334771991,-0.190347313881,-0.272673249245,-0.394215345383,0.031988658011,-0.165223971009,-0.091813050210,0.053848125041,-0.039199687541,0.272385150194,0.460814476013,0.581669211388,0.691110610962,0.611336529255,0.611505210400,0.821077883244,0.794711589813,0.741991162300,0.484493166208,0.267590135336,-0.001275924267,-0.157733052969,-0.320528656244,-0.132280424237,-0.267153859138,-0.217660337687,-0.180176973343,-0.295648127794,-0.008367593400,-0.004667413421,0.072670064867,0.014026935212,0.250134676695,0.264034032822,0.106177486479,0.243104740977,-0.020036127418,-0.556393563747,-0.613443851471,-0.415049940348,-0.496663838625,-0.283131718636,-0.317956209183,-0.587098062038,-0.407077491283,-0.330900698900,-0.566193461418,-0.415111690760,-0.639785468578,-0.843665838242,-0.573651492596,-0.616868257523,-0.458439588547,-0.242487356067,-0.451524943113,-0.238692507148,0.274879366159,0.346602797508,0.240297704935,0.351558297873,0.659257709980,0.416906237602,0.371907234192,0.510493218899,0.336230754852,0.562509775162,0.528479635715,0.513835310936,0.674968063831,0.548404633999,0.464489966631,1.037178277969,0.967084765434,0.717695057392,0.877333819866,0.672552049160,0.518831968307,0.469910562038,0.218183070421,0.151550993323,0.348183304071,0.133325859904,0.160124391317,0.156053781509,0.243055358529,0.430587410927,0.461695283651,0.125320464373,-0.244133710861,-0.321952730417,-0.187737852335,-0.599519789219,-0.531484246254,-0.494087308645,-0.484600186348,-0.310514718294,-0.498231977224,-0.400574386120,-0.300278514624,-0.218693435192,-0.729931592941,-0.651363492012,-0.179362028837,-0.187466219068,-0.375191718340,-0.249945342541,-0.145739361644,-0.185395911336,-0.222615867853,-0.483579427004,-0.339309453964,-0.389675498009,-0.645951092243,-0.223702475429,0.104535244405,0.044146981090,-0.054860629141,0.219837650657,0.252612411976,0.555352210999,0.617654383183,0.458735942841,0.231674924493,0.184605658054,0.079132005572,0.241417229176,0.315042167902,0.207136020064,0.072118535638,0.178584128618,0.251562863588,0.071665793657,0.020118445158,0.050374314189,0.162466317415,0.029078727588,0.060487046838,0.019517526031,0.009120801464,-0.134404212236,0.186029776931,-0.110371567309,-0.097138993442,0.048872020096,0.315840661526,0.414910018444,0.170010745525,0.016270093620,0.354550540447,0.546305477619,0.060330640525,-0.353756189346,-0.629438161850,-0.535139083862,-0.753128707409,-0.716777205467,-0.485373944044,-0.076283812523,0.054115653038,-0.065747149289,0.295792192221,0.344577759504,0.576627254486,0.787553966045,0.751037895679,0.552816867828,0.673284709454,0.533776760101,0.012561680749,0.262453526258,0.120583079755,-0.207617580891,-0.312358617783,-0.373985767365,-0.879404127598,-0.756310343742,-0.771205663681,-0.853457570076,-0.628866076469,-0.354723423719,0.011845516972,0.303591787815,0.031749933958,-0.092949025333,0.347524732351,0.477911829948,-0.067907981575,0.367116332054,0.370837122202,0.229365915060,0.294401019812,-0.216174498200,-0.268166363239,-0.197443127632,-0.398146003485,-0.261461585760,-0.329908758402,-0.404505044222,-0.372927963734,-0.267227947712,-0.341268599033,-0.129473403096,0.220199838281,0.192866250873,0.247739240527,0.315844774246,0.317869812250,0.427825659513,0.445062994957,0.433888345957,0.239025905728,0.315470218658,0.441239327192,0.457225412130,0.465276092291,0.410201430321,0.266602337360,0.202884316444,0.085038296878,-0.071567006409,-0.210963800550,-0.340848773718,-0.364889651537,-0.413889259100,-0.462489634752,-0.344791799784,-0.200369507074,0.086367726326,0.335502237082,0.190870046616,0.164227917790,0.450166672468,0.277851045132,0.257921934128,0.185828089714,0.290149301291,0.075333043933,0.067982070148,0.031659387052,-0.355888247490,-0.547211050987,-0.300932943821,-0.443807631731,-0.489312857389,-0.159515231848,-0.369227796793,-0.118586875498,-0.175019770861,-0.235062301159,-0.158004701138,-0.212206795812,-0.509073197842,-0.155090659857,0.038499988616,0.346162378788,0.521552562714,0.322446644306,0.774831831455,0.822860062122,0.786599099636,0.678100228310,0.420614629984,0.392844736576,0.305592089891,-0.023053072393,0.078576356173,-0.283275783062,-0.440387338400,-0.398899227381,-0.276871472597,-0.149423092604,-0.228419259191,-0.000288111944,0.317602247000,0.484818339348,0.532130420208,0.542930483818,0.644218325615,0.553718209267,0.672918379307,0.420342981815,0.198793128133,0.238087475300,0.086305990815,-0.369417130947,-0.497956246138,-0.527932226658,-0.364778548479,-0.531570672989,-0.463786154985,-0.317598134279,-0.297273904085,-0.478953182697,-0.155526950955,-0.232563957572,-0.072460152209,-0.239832609892,-0.220471501350,-0.213676154613,-0.313276469707,-0.319125145674,0.152452379465,0.141718149185,-0.229863941669,0.092315182090,0.157218575478,-0.241310223937,-0.337597221136,-0.234070360661,0.052691560239,-0.149381920695,-0.268602639437,0.014973589219,0.005721080117,0.058215074241,0.546284914017,0.394161820412,0.489522784948,0.337457269430,0.261967837811,0.343083709478,-0.321113109589,-0.473079800606,-0.224159330130,-0.261284589767,-0.497989147902,-0.530113637447,-0.370071560144,-0.041940867901,-0.138931691647,0.016615826637,0.509361326694,0.603191137314,0.828161358833,0.807108581066,0.617806673050,0.534451782703,0.764134645462,0.513016283512,0.287552177906,0.001300619566,0.020139025524,-0.176061093807,-0.179592534900,-0.092088811100,0.011767314747,-0.229674607515,-0.337634265423,-0.285481899977,-0.386884927750,-0.223821818829,-0.045036014169,-0.296442508698,-0.069994740188,-0.194553762674,-0.107408128679,0.118681542575,-0.026312852278,-0.012343538925,0.145286619663,0.236692190170,0.198122233152,0.261926680803,0.120554275811,-0.057058509439,-0.225451722741,-0.319923609495,-0.217792049050,-0.322977602482,-0.446161925793,-0.706084191799,-0.617395102978,-0.342947900295,-0.537616848946,-0.385617256165,-0.215832889080,-0.276513367891,0.126905068755,0.481023490429,0.147743806243,0.693777680397,0.855795323849,0.739064693451,0.890319347382,1.066775560379,0.683006405830,0.756302118301,0.605804741383,0.374738991261,0.300085067749,-0.109042137861,-0.230847641826,-0.284391194582,-0.630849897861,-0.336971610785,-0.689966320992,-0.695284128189,-0.669827342033,-0.660599529743,-0.490024924278,-0.161363273859,-0.101822875440,0.022094070911,0.457776963711,0.454570651054,0.470128715038,0.372644007206,0.468786954880,0.635109841824,0.806997478008,0.700622439384,0.672700226307,0.126102477312,0.187198668718,-0.121044054627,-0.351904064417,-0.911351561546,-0.612571239471,-0.739373385906,-0.889928400517,-1.326080441475,-0.836763501167,-0.756865918636,-0.836672902107,-0.569659054279,-0.196006670594,0.009203119203,0.219952881336,0.104835703969,0.088590301573,0.357616901398,0.577219963074,0.985762715340,0.767089784145,0.812150478363,0.723786592484,0.780544579029,0.253867775202,0.188832685351,-0.031601764262,0.002132028341,-0.004778542556,-0.046196691692,-0.402986288071,-0.545507013798,-0.307086169720,-0.059676211327,-0.069327965379,0.096793264151,0.368005394936,0.425117403269,0.259819358587,0.295516431332,0.454702407122,0.798987865448,0.660813570023,0.550207376480,0.528710126877,0.363160997629,0.055473893881,0.272072345018,0.044216953218,-0.160103797913,0.035338986665,-0.350422322750,-0.618543386459,-0.427586942911,-0.519148886204,-0.743946194649,-0.776198327541,-0.459637314081,-0.109338484704,-0.442428827286,-0.242623180151,-0.077481530607,-0.194002240896,-0.040841925889,0.066212244332,-0.108626432717,-0.103954911232,-0.014656665735,-0.195928454399,-0.278398454189,-0.437242805958,-0.331094145775,-0.258457005024,0.004630370531,0.176567345858,0.125715598464,0.345063447952,0.108992747962,-0.146842420101,-0.059680331498,0.103465117514,-0.056725125760,0.161355033517,0.072690643370,-0.427418172359,-0.525285720825,-0.366717100143,-0.340655326843,-0.195846155286,-0.027905698866,0.063499867916,0.390334069729,0.774556040764,0.711710572243,0.700404226780,0.826967716217,0.658805012703,0.594210326672,0.503788411617,0.626882195473,0.216359719634,-0.020464180037,-0.028794730082,-0.179411426187,-0.174101933837,-0.148048385978,-0.396656036377,-0.130551755428,-0.283201694489,-0.593432366848,-0.442144840956,-0.469276726246,-0.361481726170,-0.407032221556,-0.307514220476,-0.117796622217,-0.350628137589,-0.291235893965,-0.206675052643,-0.413551777601,-0.102547273040,0.109412573278,-0.042315412313,0.042109619826,0.003938901704,0.141590565443,0.175435468554,-0.009618823417,0.028469575569,0.066994257271,-0.055461548269,-0.149209052324,-0.030716847628,-0.048443965614,0.155955001712,0.334139883518,0.262836307287,0.047908898443,0.140462800860,0.270002037287,0.440296769142,0.419264614582,0.594333767891,0.517383158207,0.349442750216,0.299755781889,0.613233923912,0.453047782183,0.348389089108,0.418017506599,0.203555196524,-0.009120801464,-0.009491230361,-0.300002723932,-0.341873645782,-0.403196185827,-0.348323225975,-0.511077642441,-0.469824135303,-0.173492789268,-0.134354829788,-0.367441475391,-0.204822897911,0.117508508265,0.151279345155,0.210778579116,0.387181282043,0.259045541286,0.134503006935,0.203900933266,0.203995600343,-0.058206845075,-0.109264396131,-0.056675735861,-0.015784418210,-0.201019808650,-0.100411131978,0.029095189646,-0.164927631617,-0.344264954329,-0.099402733147,-0.303525924683,-0.162836760283,-0.173299342394,-0.225962087512,-0.032643083483,0.081971958280,0.087042734027,0.123958103359,-0.046036172658,0.229884535074,0.268051117659,0.293507874012,0.172373265028,0.201513722539,0.026456909254,0.203872129321,-0.227419108152,-0.103917859495,-0.213569149375,-0.248838171363,-0.326093316078,-0.450924009085,-0.426529139280,-0.426706135273,-0.462436109781,-0.363617837429,-0.208819419146,-0.206131741405,-0.215997532010,-0.014878924936,0.026600964367,0.012211831287,0.087923541665,-0.036619029939,-0.311630100012,-0.145126104355,-0.126970931888,0.029305100441,0.306460559368,0.127501875162,0.143241032958,0.385312706232,0.396244466305,0.400360375643,0.557784736156,0.723053932190,0.662204742432,0.481048166752,0.223447263241,0.324426382780,0.209300979972,-0.210210591555,-0.354694634676,-0.027839846909,-0.118512794375,-0.015027095564,0.125526249409,-0.031511213630,-0.098851211369,-0.021715408191,-0.089681014419,0.074205286801,0.223760083318,0.175242021680,0.036779545248,0.153506040573,-0.029811354354,-0.077288091183,0.061804126948,-0.113750711083,-0.297681391239,-0.185807496309,-0.399907618761,-0.639843106270,-0.589139521122,-0.622186005116,-0.599725604057,-0.443873494864,-0.380324244499,-0.579998135567,-0.385872423649,-0.260650753975,-0.357444018126,-0.433764904737,-0.000296343700,0.124744243920,0.295269459486,0.195224642754,0.391515314579,0.287704467773,0.176505610347,0.081428669393,0.119545876980,0.015179383568,-0.341396182775,-0.045443482697,0.053806964308,0.011787894182,0.148027807474,0.174303606153,0.129296407104,0.074913218617,0.346392869949,0.556796908379,0.252863496542,0.261366933584,0.468515276909,0.460929721594,0.321232467890,0.228509813547,0.005659341812,-0.096204698086,0.034392334521,-0.218059569597,-0.192310616374,0.007071090396,-0.285844087601,-0.403558403254,-0.175879985094,-0.157547846437,-0.423380523920,-0.139038711786,-0.335864424706,-0.279550909996,-0.196146622300,-0.120348468423,-0.289774775505,-0.019785057753,-0.218129560351,0.019669814035,0.051185142249,-0.253155738115,-0.208193793893,0.121311590075,0.307040899992,0.254287600517,-0.040306858718,0.066508583724,-0.112561218441,-0.044270455837,0.104144230485,-0.142286151648,-0.394515812397,-0.263564795256,-0.241437807679,-0.391400098801,-0.381674230099,-0.332073688507,0.096542194486,0.023946218193,-0.006210870575,0.282872408628,0.641349554062,0.304875940084,0.044492714107,-0.020311892033,0.233094915748,0.401582777500,0.664842963219,0.440066307783,0.160445421934,0.212659537792,0.464214175940,0.408089995384,0.401372879744,0.239058837295,0.010746574961,-0.017097385600,-0.032984700054,-0.085421070457,-0.193191394210,-0.402772277594,-0.328336477280,-0.202703207731,-0.239207014441,0.016624059528,0.103329293430,0.117479696870,-0.081173479557,-0.128250971437,0.175896465778,0.234897673130,-0.006873527542,-0.173171743751,-0.166804462671,-0.250328123569,-0.253789573908,-0.022131113335,-0.338622093201,-0.316960185766,-0.530150651932,-0.467321664095,-0.266857504845,-0.101073786616,-0.199258223176,-0.284201860428,-0.113248579204,-0.012376465835,-0.131247341633,0.089981473982,0.106696084142,-0.074102394283,0.072118535638,0.042097270489,-0.030877368525,-0.043266180903,0.139586120844,-0.201007470489,-0.017270252109,0.126921534538,0.266417115927,0.055416274816,0.003745455295,0.118866756558,0.226468339562,-0.379134744406,-0.032680127770,0.135651335120,-0.260778337717,-0.275546133518,-0.190511971712,-0.551697373390,-0.346895009279,-0.115183040500,-0.244520604610,-0.266063153744,-0.077609121799,0.155917942524,0.404468029737,0.664032161236,0.710455179214,0.603545129299,0.608286619186,0.485567390919,0.712373256683,0.431739836931,0.256892949343,-0.099110506475,-0.168043345213,-0.105856440961,-0.260930627584,-0.209543809295,-0.383435845375,-0.473380267620,0.028321404010,0.066887244582,0.339935034513,0.709792613983,0.368486940861,0.125382199883,0.462312668562,0.700268447399,0.592024743557,0.485629141331,0.090281933546,-0.049279488623,-0.169224604964,0.129831478000,0.287667423487,0.158527418971,0.148011341691,0.315095692873,-0.002284316113,-0.253657847643,-0.123073190451,-0.391762256622,-0.402331858873,-0.169290468097,-0.190833002329,-0.408032387495,-0.300393730402,-0.440790683031,-0.485122889280,-0.279624968767,-0.182136148214,-0.029428577051,0.013845836744,-0.405143022537,-0.225558727980,-0.115771614015,-0.315704822540,-0.317310035229,0.059799689800,-0.290857255459,-0.397639751434,-0.220487952232,-0.212420821190,-0.546326100826,-0.317042499781,-0.363527297974,-0.479430645704,-0.629623353481,-0.400817215443,-0.138907000422,-0.217919647694,-0.432381957769,-0.414226770401,-0.397647976875,-0.358847528696,0.091940641403,0.239404544234,0.085495159030,0.349866658449,0.751758158207,0.832330703735,1.024970531464,0.969290912151,0.732672810555,0.615563511848,0.641065537930,0.650968372822,0.598334431648,0.412279963493,-0.001786294160,-0.016858665273,-0.083186149597,0.026790294796,0.108420640230,0.055292800069,-0.168183296919,-0.219854101539,-0.372911512852,-0.324763894081,-0.181004270911,-0.282905340195,-0.012919763103,-0.001769830473,-0.096496917307,-0.132041707635,-0.065384946764,0.022620903328,0.176855459809,0.252785295248,0.325253695250,0.527685284615,0.240993291140,0.447721868753,0.398796319962,0.319660186768,0.303632944822,0.168854176998,-0.024699425325,-0.201114475727,-0.469190299511,-0.499890685081,-0.198780789971,-0.468363016844,-0.294652074575,-0.340223163366,-0.323306888342,-0.165890738368,-0.147842586040,-0.279690861702,0.042998649180,-0.062092237175,-0.100275300443,0.007309811190,-0.253871917725,-0.381036281586,-0.444227486849,-0.288523525000,-0.337185651064,-0.526384651661,-0.772852003574,-0.362428367138,-0.531274318695,-0.430542111397,-0.132268086076,0.033943701535,-0.206325203180,-0.113034546375,0.086009643972,0.060174234211,-0.016998603940,-0.093517020345,-0.225982651114,-0.213021740317,0.292474776506,0.361728668213,0.122274711728,0.122468151152,0.237894028425,0.371627330780,0.092879056931,0.193055585027,0.597239553928,0.380472391844,0.081082932651,0.514765501022,0.637612283230,0.535262584686,0.300751835108,0.369775235653,0.315429091454,0.389716684818,0.427825659513,0.267939984798,-0.018151052296,-0.069817751646,0.098011568189,0.350134223700,0.325241327286,0.267499595881,0.263865262270,-0.064244844019,0.017459584400,0.277192503214,0.276377558708,-0.052852079272,-0.090899318457,0.194627851248,-0.085005372763,0.041932635009,-0.146566659212,-0.527273654938,-0.290359228849,-0.053082566708,-0.319935977459,-0.087203256786,-0.040829576552,-0.044982504100,-0.300624251366,-0.324879139662,-0.512777507305,-0.459587961435,-0.689690589905,-0.555817306042,-0.606751441956,-0.860977292061,-0.470779031515,-0.283777922392,-0.088746711612,0.050724163651,0.188157662749,0.592222332954,0.448014080524,0.462905347347,0.812442719936,0.348100960255,0.419585645199,0.658558011055,0.540448606014,0.268376290798,0.192532852292,0.026880845428,0.017825897783,0.316610336304,0.461267232895,0.177876189351,0.171661213040,-0.025218026713,-0.351969897747,-0.221331715584,-0.053189579397,0.069702513516,0.395112603903,0.260222703218,-0.102378517389,0.093673422933,0.379735678434,0.039821188897,0.238149210811,0.579273760319,0.771604955196,0.742229878902,0.597227215767,0.034182425588,0.024995768443,-0.097085490823,-0.229616984725,-0.560579419136,-0.874572098255,-1.048237681389,-0.683413863182,-0.935236036777,-0.864747464657,-0.324344068766,-0.268923699856,0.071620516479,0.536740243435,0.525903105736,0.528598964214,0.716065168381,0.369046717882,0.516753435135,-0.079959295690,-0.206115290523,-0.143442705274,-0.324097126722,-0.116467200220,-0.204267263412,-0.567588746548,-0.563966810703,-0.602709591389,-0.772148191929,-0.763047993183,-0.732339441776,-0.550367891788,-0.409654021263,-0.245310857892,-0.200719356537,-0.116845861077,-0.087709508836,0.172369152308,0.449327051640,0.542576551437,0.803140878677,0.524310231209,0.514917790890,0.563448190689,0.376965671778,0.285222589970,0.083042092621,0.098501361907,0.097431227565,-0.023073650897,-0.051683165133,-0.051456794143,-0.204411312938,-0.004255825188,0.172031641006,0.228048846126,0.143191635609,0.154399201274,0.443741798401,0.429611951113,0.130979806185,0.152596428990,0.211618214846,0.224566802382,0.333543092012,0.307851731777,0.366881757975,0.377336114645,0.359777748585,0.348100960255,0.357456356287,-0.064372435212,0.098312020302,0.257621467113,-0.298368722200,-0.262206554413,-0.283115237951,-0.481447398663,-0.480443120003,-0.651400566101,-0.606068193913,-0.322516620159,-0.439650595188,-0.506965875626,-0.351986348629,-0.471853286028,-0.364655077457,-0.124324418604,-0.047954175621,0.101316623390,0.426121681929,0.002811149461,0.094080902636,-0.156778171659,-0.273043692112,-0.082367084920,-0.158136412501,-0.186260253191,-0.027304781601,-0.426936626434,-0.439737051725,-0.473096281290,-0.406435430050,-0.411547333002,-0.402475923300,-0.336905747652,-0.409711629152,-0.194990053773,-0.081733241677,0.211103737354,0.349792569876,0.371417433023,0.506397902966,0.833223819733,0.743653953075,0.645827651024,0.364473968744,0.470626711845,0.518333971500,0.304332643747,0.271113336086,0.234910011292,0.133683934808,0.125485107303,-0.170224756002,-0.023695150390,0.055494476110,0.094583041966,-0.013849952258,-0.142891183496,0.061260834336,0.143245145679,0.114635623991,0.202345132828,0.150892451406,0.168207988143,0.329772919416,0.290972471237,0.114409253001,0.278665989637,0.610468029976,0.549828708172,0.383937984705,0.464905649424,0.574314117432,0.351039707661,-0.080675460398,-0.377611845732,-0.063890881836,-0.373602986336,-0.313140660524,-0.320343434811,-0.668111026287,-0.371244609356,-0.204053223133,0.020365398377,0.001181258936,-0.266396522522,-0.272261679173,0.015492190607,-0.302352905273,-0.279876053333,-0.235580906272,-0.103658564389,-0.122941479087,-0.093517020345,-0.053634099662,0.158552110195,0.200949847698,0.181819215417,-0.042298950255,0.139413252473,0.001107173041,-0.371454507113,-0.378225147724,-0.348788291216,-0.449837416410,-0.272331655025,-0.187272772193,-0.411115169525,-0.389218658209,-0.302406400442,0.060631100088,0.231477349997,0.430282860994,0.762014985085,1.033021330833,1.052069544792,0.737348377705,0.810936331749,0.866118013859,0.396520227194,0.277134865522,0.333522498608,0.169553875923,-0.241359606385,-0.168578416109,-0.162215247750,-0.238527879119,-0.382180482149,-0.107696250081,-0.465399563313,-0.496243983507,-0.366210848093,-0.358892828226,-0.367227464914,-0.460950285196,-0.211647033691,-0.037281684577,-0.162700936198,-0.020731711760,0.041784465313,0.240511745214,0.622239470482,0.491276144981,0.384851694107,0.504512786865,0.498281389475,0.313214719296,0.001786294160,-0.179403200746,-0.141833394766,-0.620654881001,-0.872481167316,-0.966253399849,-1.078621149063,-1.027728199959,-0.777951598167,-0.451689541340,0.003362677991,0.190314412117,0.343421190977,0.445161759853,0.648420631886,1.013141512871,1.384670138359,1.111441135406,0.845308125019,0.795435905457,0.540637969971,0.539876520634,0.518054068089,0.209029331803,0.231695517898,-0.059832617640,-0.416404098272,-0.231559678912,-0.603742718697,-0.420075416565,-0.109112113714,-0.245866492391,0.108186028898,0.180777892470,0.030087117106,0.355649501085,0.040755491704,0.474392771721,0.728511691093,0.398804545403,0.125793784857,-0.133037745953,-0.326389670372,-0.198393881321,-0.315013349056,-0.534258365631,-0.577499806881,-0.562036395073,-0.637464165688,-0.492547929287,-0.325829923153,-0.523268878460,-0.246195778251,0.106564372778,0.116862326860,-0.051934234798,0.382760822773,0.446734040976,0.106947153807,0.101650007069,0.242894843221,-0.093554057181,0.155135929585,0.131543681026,0.148369416595,0.103609174490,0.321557611227,-0.005651110318,0.496482729912,0.390107691288,0.037339307368,0.132889583707,0.262576997280,-0.100859761238,0.023880362511,-0.248138472438,-0.605693638325,-0.682722389698,-0.808861911297,-0.773444712162,-0.845793724060,-0.769703388214,-0.605973482132,-0.536291599274,-0.286696076393,-0.172443225980,0.131267920136,0.384645909071,0.486765116453,0.282633721828,0.556405901909,0.425076276064,0.411485582590,0.521955907345,0.284082502127,0.217471018434,0.111976772547,-0.035087920725,-0.159354716539,-0.464885085821,-0.381069183350,-0.449026584625,-0.470548570156,-0.366025626659,-0.270829349756,-0.299924552441,-0.078885048628,0.231378570199,0.271990031004,0.767999470234,0.925728380680,0.618679225445,0.897172331810,0.712850630283,0.370985299349,0.596325874329,0.044562686235,-0.307757079601,-0.490337699652,-0.199019491673,-0.313638657331,-0.343021959066,-0.336094915867,-0.173776775599,-0.143603220582,-0.130720511079,-0.236531674862,-0.003877163632,0.092446893454,0.087318494916,0.241997584701,0.255263060331,-0.055049959570,0.108050212264,0.229530543089,0.050234377384,0.052810922265,-0.025679005310,-0.020348934457,0.151781499386,0.060552898794,-0.029922483489,0.176830753684,0.008733907714,0.143858417869,0.270092606544,0.155897378922,-0.270631790161,-0.259650617838,-0.190195038915,-0.281250774860,-0.282259166241,-0.275978296995,-0.221179425716,-0.456702709198,-0.490819275379,-0.420980930328,-0.354324191809,-0.419639170170,-0.427936762571,-0.022102301940,0.173110008240,0.432875841856,0.604837536812,0.532064557076,0.772831499577,0.924736440182,0.791073083878,0.876090824604,0.907758355141,0.642699539661,0.222928673029,0.239639163017,-0.151345208287,-0.574589848518,-0.759368419647,-0.999777197838,-1.446099758148,-1.050711274147,-0.746662735939,-0.736595213413,-0.735977828503,-0.109906472266,0.166298210621,0.388062089682,1.061811923981,1.178744196892,1.079135656357,1.115902900696,0.932889997959,0.809026539326,0.610628604889,0.172550246119,0.168409660459,-0.250286966562,-0.765702784061,-0.470947802067,-0.369211316109,-0.503730773926,-0.434719741344,-0.873897016048,-0.542378962040,-0.241540700197,-0.257115215063,-0.130160748959,0.120735369623,0.204666495323,0.438868582249,0.276328146458,0.486530512571,0.335251182318,0.080383233726,0.175674200058,0.421392530203,0.187223374844,0.353468060493,0.088425673544,-0.232983782887,-0.274595379829,-0.280439943075,-0.291404664516,-0.346133559942,-0.652758777142,-0.929490268230,-0.510258615017,-0.558834254742,-0.234819471836,-0.373076170683,-0.164614811540,0.157543733716,0.156802862883,-0.037722084671,0.326278537512,0.375924378633,0.258378773928,0.348907709122,0.452619761229,0.562456250191,0.167347759008,-0.155514597893,0.413761675358,0.309238761663,-0.228509813547,0.216355606914,-0.327764391899,-0.661982476711,-0.325167268515,-0.297339767218,-0.496054649353,-0.470873713493,-0.510826587677,-0.308613181114,-0.021003359929,-0.202291622758,-0.071217156947,0.102275617421,0.328748077154,0.485822588205,0.492300987244,0.627022147179,0.576882421970,0.490296572447,0.435761094093,0.566588580608,0.351047933102,0.107823841274,-0.125567421317,-0.151011824608,-0.145463600755,-0.238173916936,-0.275731354952,-0.102386757731,-0.101345434785,-0.275142788887,-0.280777424574,-0.373998105526,-0.411687254906,-0.200155481696,-0.006161479745,-0.027292432263,0.162824407220,0.172912433743,0.253484994173,0.340622395277,0.120825923979,0.243434011936,0.211218982935,-0.056856833398,0.000810829340,-0.385600805283,-0.767353236675,-0.616250872612,-0.267195016146,-0.378632605076,-0.241096183658,-0.452874928713,-0.525721967220,-0.377842366695,-0.194463208318,-0.355431348085,0.225925043225,0.238638997078,0.062112819403,-0.051497951150,0.150744289160,0.147315755486,0.313811540604,0.263758242130,0.047896552831,-0.048279330134,0.017714768648,0.258621633053,0.057511262596,0.022024098784,0.106177486479,0.139919504523,0.213881969452,0.114944323897,0.205814838409,0.245002165437,0.040236890316,0.125217571855,0.409320652485,0.086227789521,-0.037833213806,-0.040294513106,-0.128604948521,-0.084124572575,-0.071068987250,-0.133313521743,0.095060482621,-0.147809654474,-0.218960955739,-0.060128964484,-0.028885280713,-0.324274122715,-0.175386086106,-0.010125077330,0.021443760023,0.087594255805,-0.198554396629,-0.137157753110,0.090220198035,0.139384433627,0.130045488477,0.288148969412,0.223702475429,-0.033672053367,-0.186186164618,-0.264231592417,-0.435654073954,-0.166030675173,-0.173776775599,-0.349936664104,-0.177007749677,-0.146710723639,0.002383097308,0.199900299311,0.427673399448,0.286642581224,0.520005047321,0.472260743380,0.302394062281,0.374022781849,0.194380894303,-0.054539591074,-0.100139483809,-0.518403947353,-0.529948949814,-0.278464317322,-0.411148101091,-0.305567413568,-0.248163163662,-0.167602941394,-0.191561520100,-0.070389859378,0.067747466266,0.171154960990,0.396512001753,0.391609996557,0.376998573542,0.506476104259,0.359913557768,0.240289464593,0.224422737956,-0.178864002228,-0.105630069971,-0.354538202286,-0.517210364342,-0.694876611233,-0.573770821095,-0.885256886482,-1.158444643021,-0.847555339336,-0.801445066929,-0.795703470707,-0.367025792599,-0.231683164835,-0.283543318510,0.118562184274,0.670592904091,0.597527682781,0.669913768768,0.740595877171,1.021591424942,1.220668554306,0.851251482964,0.676013469696,0.602907180786,0.154181048274,0.205930069089,0.326253861189,-0.048443965614,-0.190071567893,-0.038853950799,-0.059865549207,-0.213758483529,-0.073744311929,-0.255567640066,-0.207090750337,-0.392791241407,-0.369981020689,-0.324039489031,0.134424805641,0.263548344374,0.159486427903,-0.037326958030,-0.139544963837,0.198513239622,0.436975270510,0.084511466324,0.012512289919,0.220146328211,0.195541590452,0.172447353601,0.103942558169,0.081350468099,-0.265388160944,-0.209482073784,-0.242417395115,-0.075975120068,-0.382678508759,-0.497145384550,-0.426706135273,-0.187186330557,-0.573569118977,-0.445268779993,-0.362967550755,-0.507887840271,-0.284082502127,-0.160708844662,-0.433373868465,-0.193693548441,0.104975648224,-0.017068574205,-0.063005968928,-0.183366775513,-0.016208354384,0.404365122318,0.318013846874,-0.068224906921,-0.271907716990,-0.149015620351,-0.318585962057,-0.505879282951,-0.263655364513,-0.228122919798,-0.129205867648,-0.088524453342,-0.184074729681,0.020044358447,0.394668102264,0.616843581200,0.711056113243,0.632866680622,0.770666539669,0.836759388447,0.996859073639,0.833232045174,0.486546993256,0.468494713306,0.342573344707,0.122340559959,0.280835062265,-0.097476504743,-0.283107012510,-0.101366013288,-0.310391217470,0.172628447413,0.252863496542,0.216433808208,0.158626198769,0.339021325111,-0.062462668866,0.179032757878,0.325780510902,-0.118681542575,-0.358987480402,-0.187766671181,-0.717987298965,-0.498178482056,-0.306160092354,-0.228736177087,-0.293565481901,-0.419132918119,-0.517000436783,-0.411477357149,-0.190075680614,-0.031832251698,-0.117166899145,-0.019163560122,-0.002963437233,0.131218537688,0.082280650735,-0.151102364063,0.077633820474,-0.084108106792,-0.377681821585,-0.150596112013,-0.338416308165,-0.657924175262,-0.520811736584,-0.618222355843,-1.072525501251,-0.912755131721,-0.485571503639,-0.747485876083,-0.402875155210,-0.439576506615,-0.415720850229,-0.056609880179,0.596243560314,0.585612237453,0.518296957016,0.579779982567,0.382081687450,0.366412520409,0.395256638527,0.268433898687,0.135659575462,0.168397307396,0.079609446228,0.174962162971,0.056074813008,0.195187598467,0.425965249538,0.287683904171,0.141709908843,0.878276348114,0.795378327370,0.676630914211,0.638464331627,0.459081709385,0.420762777328,0.432015627623,0.341778963804,-0.066862553358,-0.155868560076,-0.034931514412,-0.122459925711,-0.307279616594,-0.406723499298,-0.509406566620,-0.493008941412,-0.521099865437,-0.723152756691,-0.800140380859,-0.453838050365,-0.524211466312,-0.271154493093,-0.120801225305,-0.369552969933,0.067759811878,0.073608480394,-0.061190862209,0.350517004728,0.103559784591,-0.020184298977,0.107107669115,0.002465415047,0.346466958523,0.270244896412,0.301801383495,0.190145641565,0.189598232508,0.352447330952,-0.074942030013,0.007577343844,0.121439181268,-0.129802659154,-0.382596164942,-0.655713975430,-0.723037481308,-0.773844003677,-0.892714917660,-0.731215775013,-0.878338098526,-0.588674426079,-0.607582807541,-0.626190721989,-0.180008232594,-0.192368224263,0.000386893196,0.302410513163,0.473429679871,0.891447126865,1.045158982277,1.043442726135,0.741604268551,0.860396921635,1.007996678352,0.570268213749,0.157938852906,-0.044924885035,-0.228686779737,-0.186009183526,-0.207522913814,-0.355554819107,-0.387868642807,-0.174739882350,-0.042385384440,0.015652710572,0.468688160181,0.523009598255,0.468354791403,0.305670320988,0.479776352644,0.366124421358,0.247162997723,-0.039129719138,-0.157210335135,-0.219710037112,-0.144813299179,-0.117084570229,-0.249933004379,-0.372767478228,-0.414638370275,-0.369305998087,-0.642703652382,-0.319536715746,-0.188672170043,-0.529767930508,-0.401307016611,-0.280715703964,-0.152686983347,-0.106486171484,-0.170249462128,-0.268116950989,-0.063326999545,0.012746894732,-0.036182746291,-0.301467984915,-0.304744243622,-0.406834661961,-0.265301704407,-0.042537670583,-0.043941188604,-0.059980791062,-0.149830549955,-0.144479915500,-0.020846957341,0.181724548340,-0.048625066876,0.189083755016,0.206345766783,-0.032997049391,0.192783921957,0.203563451767,0.018612032756,0.288363009691,0.191652074456,-0.233839884400,0.072320215404,0.488748967648,0.136211097240,0.519646942616,0.545350611210,0.663978695869,0.801860809326,0.610743820667,0.391931027174,0.240009605885,0.452027052641,0.245286151767,0.273673415184,0.202308088541,-0.087573677301,-0.115742802620,-0.230954647064,-0.308596700430,-0.314667612314,-0.134194314480,-0.186515450478,-0.022756727412,-0.120422556996,-0.369746416807,0.067348226905,-0.329493045807,-0.676552712917,-0.087548986077,-0.008898543194,-0.344837069511,-0.386514514685,-0.383666306734,-0.273973882198,-0.315326154232,-0.165273353457,-0.012907415628,-0.149233758450,-0.313087135553,-0.113627240062,0.167796388268,0.043257951736,-0.025028696284,0.034569319338,-0.359662473202,-0.403994679451,0.098941758275,0.118788555264,-0.021608395502,0.070011205971,-0.073587909341,-0.054864745587,0.068237252533,-0.237445399165,-0.282341480255,-0.025609036908,-0.065191499889,0.130061969161,0.071270667017,0.010244437493,0.198756083846,0.371149927378,0.489926129580,0.754248261452,1.016825199127,0.961318492889,0.929757773876,0.741431415081,0.126884505153,0.363136291504,0.309707999229,0.136239901185,0.167870476842,0.149863496423,-0.170261815190,-0.222541779280,-0.370223820210,0.038849838078,-0.049707543105,-0.164005666971,0.284646362066,0.380686402321,0.807244420052,0.693016231060,0.470371574163,0.577191114426,0.532945334911,0.361358225346,0.292478889227,0.019175907597,-0.068488329649,-0.256991744041,-0.668041050434,-1.196693539619,-1.241663694382,-1.161650896072,-0.887434244156,-1.128283381462,-1.303220868111,-0.656084418297,-0.671757698059,-0.722506582737,-0.356612622738,-0.258292347193,-0.210926756263,0.168356165290,0.086585871875,0.245730668306,0.203806266189,-0.117339767516,0.133712753654,-0.141170740128,-0.363617837429,-0.214812144637,-0.374043405056,-0.471721559763,-0.645704150200,-0.582294821739,-0.524005651474,-0.458768844604,-0.250920832157,0.274978160858,0.526639819145,0.460246473551,0.595375120640,0.611344754696,0.857672214508,0.776190042496,0.881857156754,0.939207911491,0.568827629089,0.453582853079,0.199994966388,0.024275489151,0.089425832033,-0.000411588466,-0.035635333508,-0.135297372937,-0.299755781889,-0.202567398548,-0.060050763190,-0.197262018919,-0.201015695930,0.090689405799,0.070566847920,0.351047933102,0.205090433359,-0.053057871759,0.436567813158,0.322537213564,0.352332085371,0.589489400387,0.208370789886,-0.193257257342,0.123237825930,-0.091405570507,-0.252225548029,-0.446865737438,-0.355554819107,-0.415329843760,-0.485275149345,-0.546898186207,-0.380373626947,-0.308818966150,-0.275155156851,-0.110260441899,-0.030354650691,-0.071859233081,0.050526600331,0.141508236527,-0.125373974442,-0.044834338129,0.146830081940,0.348545491695,0.199945569038,-0.031153131276,0.287844419479,0.165075793862,0.093566410244,-0.244290113449,0.010359682143,-0.139491453767,-0.510258615017,-0.349195778370,-0.222908109426,-0.480385482311,-0.287412256002,-0.181843921542,-0.274418383837,-0.043607801199,-0.549445927143,-0.392408460379,-0.214799806476,0.077963091433,-0.088787868619,0.431669920683,0.494325995445,0.274360775948,0.318207293749,0.574845075607,0.240594044328,0.181917995214,0.185260087252,-0.080539636314,-0.021102141589,-0.421713560820,-0.525277495384,-0.366704761982,-0.218858063221,-0.393499195576,-0.183728992939,-0.327398061752,-0.354962140322,0.060585822910,0.280044823885,0.194969460368,0.422055184841,0.320285826921,0.233699947596,0.586830496788,0.546363115311,0.476302534342,0.633492290974,0.891887605190,0.583159148693,0.584476232529,0.457838684320,0.214812144637,0.373956948519,-0.111610449851,-0.465601235628,-0.421190857887,-0.757228136063,-0.737043857574,-0.831157684326,-0.994928717613,-0.803363144398,-0.495873600245,-0.398841589689,-0.181477591395,0.093233026564,0.224546208978,0.071093678474,0.356801956892,0.429760128260,0.217372238636,0.323105216026,0.315807729959,0.274685919285,0.519190073013,0.418025732040,0.202279284596,0.146924749017,0.253398567438,0.335806816816,0.288103699684,0.334028750658,0.315676033497,0.344339042902,0.286214530468,0.288712859154,0.479813426733,0.346228241920,0.039150297642,0.301472127438,0.486151844263,0.136816129088,-0.116228476167,-0.201863572001,-0.362415999174,-0.640040695667,-0.212869450450,-0.073094002903,-0.448063462973,0.039952896535,0.054543707520,-0.034836851060,-0.025296229869,-0.082309469581,-0.163203075528,0.244738742709,0.384147882462,0.389119893312,-0.080206252635,-0.209173381329,-0.109997026622,-0.400150477886,-0.722197890282,-0.599614441395,-0.429912418127,-0.636085331440,-0.403097420931,-0.280460506678,-0.289618372917,-0.002251388971,0.529961347580,0.314400106668,0.631977677345,0.651301741600,0.343268930912,0.362638264894,0.471923232079,0.335304677486,0.137948006392,0.171360746026,-0.271430253983,-0.231234535575,-0.374549657106,-0.439918100834,-0.144232958555,-0.171961665154,-0.401549875736,-0.153913512826,-0.084453843534,-0.096344627440,0.009211350232,0.130864560604,0.266190737486,0.403801232576,0.376311212778,0.289408445358,0.392001003027,0.568568348885,0.374051630497,0.387971520424,0.301081091166,0.138655930758,-0.013755287044,-0.149159669876,-0.547717273235,-0.629137694836,-0.526195287704,-0.498610645533,-0.534604072571,-0.589007854462,-0.246059954166,-0.068220794201,-0.288605839014,-0.253929525614,0.154802545905,0.110914863646,-0.103399254382,0.156099051237,0.464778095484,0.272101134062,0.192635759711,0.037792056799,-0.084770768881,0.015401640907,0.082198336720,0.215816423297,-0.020632930100,0.191664412618,0.247751578689,0.167993962765,0.084610246122,-0.025991812348,0.250249922276,0.265437543392,-0.198710799217,-0.011549172923,0.082375317812,0.260770112276,0.000448631472,0.041730955243,-0.274410158396,-0.125629156828,-0.234860613942,-0.016640523449,0.010269132443,0.101868152618,0.125991359353,0.369528234005,0.059939634055,0.307580083609,0.204238444567,0.071974478662,-0.307473063469,-0.411786049604,-0.350916236639,-0.573536217213,-0.306246519089,-0.410312533379,-0.422540843487,-0.118027113378,0.020859304816,0.025115130469,0.042879287153,0.051650237292,0.507846713066,0.448363929987,0.349710285664,0.371857851744,0.179329097271,0.318384289742,0.315807729959,-0.115952707827,-0.068274296820,-0.101547114551,-0.291495203972,-0.517300903797,-0.682368457317,-0.648774564266,-0.620815396309,-0.344240278006,-0.249344423413,-0.181395277381,0.096266426146,0.242466777563,0.131712436676,0.463876694441,0.770909368992,0.915508627892,0.713710904121,0.599206984043,0.371919572353,0.245767712593,-0.040549695492,-0.329649448395,-0.391704648733,-0.661966025829,-0.622679889202,-0.597474217415,-0.837002217770,-0.418132752180,-0.200398325920,-0.209375068545,0.295993864536,0.429924756289,0.220154553652,0.362988144159,0.436464905739,0.535340845585,0.384197294712,0.672152817249,0.650367438793,0.643456876278,0.654746711254,0.266635268927,0.158519193530,0.242302149534,0.156152561307,-0.143920153379,-0.004807353485,-0.197080910206,-0.249204486609,-0.410744756460,-0.441790848970,-0.281818747520,-0.347067862749,-0.580166876316,-0.406525939703,-0.490136027336,-0.372285902500,-0.153773576021,0.303953975439,-0.045459948480,0.151896730065,0.410567760468,0.390227049589,0.428895801306,0.483513593674,0.052703905851,0.277912795544,-0.042805202305,-0.357633352280,-0.395968735218,-0.435510009527,-0.711286664009,-0.534982740879,-0.742789685726,-0.550458431244,-0.561505496502,-0.546095609665,-0.352924793959,-0.185918644071,-0.140697404742,0.185255974531,0.439119637012,0.236700415611,0.198558524251,0.131325542927,0.339679867029,0.412802666426,0.411555558443,0.276155292988,0.225752174854,-0.156308963895,0.016014907509,0.164166182280,0.153518393636,0.008585735224,0.219389006495,-0.008499301970,0.222204267979,0.405904442072,0.052201770246,0.001469370909,0.277715206146,0.542790532112,0.710080683231,0.914858341217,0.644049584866,0.270656466484,0.246253401041,0.437559723854,0.188454017043,0.112318381667,0.180041164160,0.037022382021,-0.167689383030,0.211046129465,-0.167372465134,0.282510221004,0.291318207979,0.032367318869,0.236013069749,0.223525479436,-0.224509179592,-0.157840073109,-0.239030018449,-0.487658262253,-0.386057645082,-0.209070488811,-0.579298436642,-0.512789845467,-0.422791957855,-0.338506847620,-0.447902977467,-0.492519140244,-0.307481288910,-0.340943425894,-0.631586670876,-0.448462694883,-0.290577352047,-0.353529810905,-0.211441248655,-0.241841152310,-0.202703207731,-0.214762762189,-0.155308797956,-0.104028992355,-0.039924085140,0.081889644265,0.262379437685,0.178542986512,-0.090043216944,-0.309214085340,-0.065195612609,-0.115047216415,-0.084639057517,-0.007655545603,0.063281729817,-0.111993223429,-0.003115724772,0.438345879316,0.649614214897,0.633377075195,0.795987427235,0.737471938133,0.769975006580,0.626952171326,0.525940120220,0.303958088160,0.443062663078,0.384798228741,0.301657319069,0.213643237948,0.325661152601,-0.106893651187,-0.103473342955,0.086906909943,0.227464377880,0.004111769143,-0.142961144447,-0.201163873076,-0.190598383546,-0.422343283892,-0.377237319946,0.000596803322,-0.150188639760,-0.374891251326,-0.355904698372,-0.577738523483,-0.137429401278,0.074736237526,-0.013072051108,0.276422828436,0.160350754857,-0.104728691280,-0.101452447474,-0.169665008783,-0.384135544300,-0.371750861406,-0.229929789901,-0.397796154022,-0.268841356039,-0.389251559973,-0.464897423983,-0.144414052367,-0.116644181311,0.212239727378,0.266133129597,0.151402816176,0.322858244181,0.415206372738,0.376722842455,0.511316418648,0.639814317226,0.588464498520,0.683405637741,0.764813780785,0.441441029310,0.484353214502,0.334098726511,0.094183795154,-0.022015867755,-0.090170808136,-0.277443587780,-0.453887462616,-0.726128518581,-0.742699086666,-0.760483860970,-0.477553784847,-0.451101005077,-0.532504975796,-0.453265935183,-0.422709614038,-0.339420557022,-0.161210983992,-0.071776911616,-0.096743874252,0.187766671181,0.381612509489,0.402270138264,0.365943312645,0.178670555353,0.272236973047,-0.016150733456,-0.236848592758,-0.168175056577,-0.390309363604,-0.159202426672,-0.115903317928,-0.491136193275,-0.219788253307,0.254114747047,0.142331406474,0.012421741150,0.336481839418,0.319417387247,0.105090886354,0.390218824148,0.474524497986,0.342783242464,0.595667362213,0.275764286518,0.439432471991,0.541317045689,0.533072948456,0.626305997372,0.575779378414,0.293985307217,0.372899174690,0.408394545317,0.439946949482,0.336815208197,0.368528097868,0.261543899775,0.069932997227,-0.224517405033,0.104317098856,-0.341803669930,-0.317721635103,-0.221763893962,-0.648367106915,-0.509283125401,-0.265713304281,-0.576067507267,-0.447791785002,-0.053642325103,-0.349092870951,-0.172525554895,-0.498376041651,-0.214223563671,-0.164409026504,-0.148118361831,0.147583290935,0.220278054476,-0.193084388971,-0.234329685569,-0.092146433890,0.086886331439,-0.224912539124,-0.360518574715,-0.152345359325,-0.414514899254,-0.643020629883,-0.329299598932,-0.181144207716,-0.284362375736,0.091245055199,0.111235909164,0.074349343777,0.106045782566,0.143393307924,0.433834820986,0.424458861351,0.181946814060,0.292565345764,0.066483892500,0.005132508464,-0.233090803027,-0.392865300179,-0.382666170597,0.001926234108,0.089969135821,0.243503987789,0.146027490497,0.128646090627,0.220055773854,0.586875796318,0.287132352591,0.096311703324,0.355110317469,0.105444848537,-0.030976150185,0.081692084670,-0.096957899630,-0.037578031421,0.284074276686,-0.136581525207,-0.240935668349,0.153736531734,0.050152055919,-0.012401160784,-0.066241048276,0.017315527424,0.067117735744,0.223344370723,0.339609891176,0.066986024380,-0.015697984025,-0.062396816909,0.220553800464,0.189581766725,0.031033771113,-0.134824037552,-0.274537742138,-0.168372616172,-0.300109744072,-0.694288074970,-0.153703615069,-0.123488888144,-0.387284159660,-0.125871986151,0.010096265934,-0.025316808373,-0.098217368126,0.100225910544,0.013327236287,0.175797685981,0.114487454295,0.272874951363,0.250488638878,0.115788072348,0.055029384792,0.112664118409,-0.357777416706,-0.186857044697,-0.057198453695,-0.182280197740,-0.133375242352,0.179370254278,0.087767124176,0.190334975719,0.389992445707,0.002679441124,0.166619256139,0.232749179006,0.382727921009,0.257736712694,0.138055011630,0.118060044944,0.186441347003,0.155333489180,0.362794667482,0.207181289792,0.156029075384,0.033919006586,0.189495339990,0.088059358299,-0.322133839130,-0.051131639630,-0.244602933526,-0.433744281530,-0.219257295132,-0.548984944820,-0.374640196562,-0.288116067648,-0.428554147482,0.109252043068,0.014146296307,0.066430382431,0.424816936255,-0.010022179224,0.062322732061,0.294693261385,-0.039623625576,-0.039878807962,0.117352105677,-0.231329202652,0.175929382443,0.263618320227,-0.178234264255,-0.008174147457,0.148147165775,-0.188404619694,0.062059313059,-0.093698114157,-0.097999222577,0.023777468130,-0.050123248249,-0.186009183526,-0.379715085030,-0.296961098909,-0.229456469417,-0.193434238434,-0.095821909606,0.070636816323,0.215092033148,0.401521027088,0.270586490631,0.220368608832,0.252270817757,0.155987918377,-0.017381383106,-0.039508379996,-0.176221609116,-0.392165601254,-0.299134284258,-0.097690522671,0.001238881378,-0.037755012512,0.243825018406,0.353850841522,0.418005168438,0.501775741577,0.622153043747,0.482603996992,0.295001953840,0.339515239000,0.204851701856,0.288885742426,0.155489891768,-0.163026094437,-0.378237485886,-0.705215752125,-0.529660880566,-0.483200788498,-0.694382727146,-0.418301522732,0.012504057959,0.251015454531,0.236926808953,0.430007070303,0.478130012751,0.284823358059,0.155024811625,-0.053366564214,-0.121817842126,-0.006466055289,0.109700679779,-0.013158483431,0.011318683624,0.083404287696,0.126374125481,0.157745406032,0.352340340614,0.373450726271,0.335806816816,0.253345072269,-0.043422587216,0.103835545480,-0.120439022779,-0.401356428862,-0.310843974352,-0.474092304707,-0.497491121292,-0.557426631451,-0.526059448719,-0.464329421520,-0.268874317408,-0.278620719910,-0.547779023647,-0.367848992348,-0.378229260445,-0.465827614069,-0.479023158550,-0.447816520929,-0.436123251915,-0.357814460993,-0.271804809570,0.028119726107,0.075337156653,0.235951334238,0.374232739210,0.350714564323,0.080663107336,0.282646059990,0.342844992876,-0.013652390800,-0.165964826941,-0.249916523695,-0.474870234728,-0.526182949543,-0.384954601526,-0.178658217192,-0.302048325539,-0.154526785016,-0.018130471930,0.249052196741,0.496260493994,0.513855874538,0.656635940075,0.613629043102,0.686784803867,0.494696438313,0.306612849236,0.103675022721,0.240116611123,-0.182321339846,-0.280958533287,0.074090041220,-0.038693435490,-0.015887316316,0.384016185999,0.279629081488,0.134247824550,0.191022336483,0.043410237879,0.086750507355,0.245063900948,0.219742983580,0.166685104370,0.067623987794,0.181415855885,0.041179429740,-0.025888916105,-0.098908826709,-0.111013650894,-0.176806077361,-0.312992483377,-0.038557611406,0.035804081708,-0.039212036878,0.097768731415,0.039804723114,-0.159556388855,0.185893937945,-0.109017446637,-0.088882535696,0.086194857955,-0.395269036293,-0.349994242191,-0.246516808867,-0.412366390228,-0.506282627583,-0.466856598854,-0.375195831060,-0.375088810921,-0.413609415293,-0.471606314182,-0.361292392015,-0.182942852378,-0.121007017791,0.073900714517,0.093801014125,0.177616894245,0.405365288258,0.438802719116,0.209531471133,0.307580083609,0.254752695560,0.150517910719,0.211922794580,-0.134177848697,-0.041484002024,-0.010701300576,-0.122562818229,-0.132646739483,-0.087083891034,0.075728163123,0.381838887930,0.433081656694,0.426389217377,0.549120783806,0.256633639336,0.199175909162,0.321417689323,0.357254683971,0.100135356188,-0.030157089233,-0.105251409113,-0.142866477370,-0.052102986723,-0.105807051063,-0.109750069678,-0.064644090831,0.046748220921,0.016903940588,-0.104695759714,-0.032103903592,0.031116090715,0.091347947717,0.231839567423,0.031626459211,0.018957765773,-0.149204939604,-0.079111427069,-0.097270712256,-0.425722450018,-0.179362028837,0.111770965159,0.077526807785,0.071497038007,-0.225073054433,-0.147521555424,-0.145006746054,-0.085437543690,0.111787430942,0.140174686909,-0.180477425456,-0.028004480526,0.477508485317,0.390601605177,0.109651289880,0.409703403711,0.871587991714,0.616711854935,0.670374751091,0.691847324371,0.688180088997,0.717003643513,0.643769681454,0.414226770401,0.216981232166,-0.168722465634,-0.171192005277,-0.254242330790,-0.769365847111,-0.614616870880,-0.397894948721,-0.742217481136,-0.789533793926,-0.801017045975,-0.848098695278,-0.655590534210,-0.359073936939,-0.304896503687,-0.205403223634,0.049888640642,0.396890670061,0.336041420698,0.236959710717,0.271195650101,0.116565980017,0.163758710027,0.201262652874,-0.152831047773,-0.220450907946,-0.416585147381,-0.461497724056,-0.427455216646,-0.404340445995,-0.413115501404,-0.226871684194,-0.092027068138,-0.055893715471,0.016879243776,0.036129236221,0.048904944211,0.098493129015,0.086182512343,-0.065438456833,0.052806802094,-0.201591923833,-0.034519925714,0.033816110343,-0.159939169884,-0.047637250274,0.153744757175,0.115709871054,0.349323391914,0.129967287183,0.249212712049,0.195475712419,-0.222216635942,-0.147990748286,0.066953100264,0.131934687495,0.111256487668,0.360197573900,0.293643712997,0.336280137300,0.682664752007,0.673165321350,0.538633525372,0.475627571344,0.507109940052,0.625474572182,0.497108340263,0.587937712669,0.095764294267,-0.173542171717,0.030663343146,-0.072974644601,-0.258909732103,-0.449668645859,-0.530813336372,-0.353929072618,-0.515144169331,-0.349224627018,-0.194932416081,-0.083223193884,-0.068739391863,-0.005268332548,-0.219771802425,-0.167063772678,0.014492030255,0.172871291637,-0.111832708120,-0.144150629640,-0.062627300620,-0.217166423798,-0.357999682426,-0.338543862104,0.109112113714,0.357583969831,0.144796833396,-0.064364209771,-0.073550865054,-0.084914825857,-0.258621633053,-0.209868967533,-0.355760604143,-0.613834857941,-0.609175682068,-0.611599922180,-1.008667588234,-0.559616267681,-0.312576770782,-0.259411871433,-0.101979278028,0.249986499548,0.205971226096,0.027123682201,-0.264112204313,-0.177036553621,-0.229246556759,0.011063498445,0.054230902344,0.167812868953,-0.123608253896,-0.358209580183,-0.318454235792,0.012969153933,-0.058301508427,0.339103639126,0.565304458141,0.190618976951,0.383612841368,0.361008375883,0.121933087707,0.299150735140,0.525310397148,0.287844419479,0.618181228638,0.601734101772,0.574663996696,0.478986084461,0.064224265516,0.203600466251,0.111202970147,-0.168343812227,-0.131642460823,-0.215240210295,-0.290758460760,-0.538300096989,-0.297957152128,-0.126040741801,-0.324348181486,-0.374895364046,-0.212984710932,-0.248673528433,-0.060915097594,-0.124838910997,-0.318174362183,-0.256740659475,0.047863628715,-0.087516061962,-0.126995623112,-0.312066406012,-0.304287374020,-0.223109781742,-0.227250367403,-0.346310555935,-0.081976078451,0.044184021652,-0.046447761357,-0.051707860082,0.334168672562,0.404451549053,0.654981374741,0.633912146091,0.712015151978,0.605393171310,0.620658993721,0.590485453606,0.310469418764,0.317083656788,0.126666352153,-0.002724715741,0.035758808255,0.012372350320,-0.133379369974,-0.065512537956,-0.161400303245,-0.265894412994,-0.358839303255,-0.081346347928,0.153790041804,0.252834707499,0.474343389273,0.482048332691,0.366951733828,0.127687096596,0.093126006424,0.154654383659,0.161120429635,0.095673739910,-0.108511194587,-0.232601001859,-0.421466588974,-0.625384032726,-0.814471900463,-0.849555671215,-0.717180609703,-0.975431799889,-0.717612802982,-0.309469282627,-0.225365281105,0.046377789229,0.684414029121,0.739245831966,0.841513276100,1.062737941742,1.071163177490,0.781915247440,0.640369951725,0.416873276234,0.286177486181,0.143640264869,-0.174579367042,-0.429772496223,-0.459024071693,-0.386905550957,-0.338687926531,-0.097188390791,-0.462040990591,-0.445001214743,-0.165479153395,-0.284267693758,-0.069060429931,0.277056694031,-0.044657349586,0.181860372424,0.162071198225,0.052164725959,0.147612094879,0.267569541931,0.095788985491,0.135688379407,0.030832093209,0.221854418516,0.283930212259,0.144640430808,0.156654700637,0.055539753288,0.011446275748,-0.221595123410,-0.420429408550,-0.539415538311,-0.441733241081,-0.318664133549,-0.218248903751,-0.110511511564,0.034676332027,0.150583758950,0.059919051826,0.061388425529,0.194520831108,0.252526015043,0.275735467672,0.246018782258,0.174624651670,0.058490838856,0.226789370179,0.139014005661,0.362078517675,-0.008404636756,0.170179501176,0.162857338786,-0.292017906904,-0.258658677340,0.010380261578,-0.079053796828,-0.067064225674,-0.120743595064,0.115849815309,-0.058239769191,-0.014117484912,0.250439256430,-0.035203162581,-0.016105458140,0.184194087982,0.193516567349,-0.059651516378,0.054395537823,-0.169335737824,-0.042006719857,-0.097859278321,-0.432102054358,-0.412522822618,-0.222916334867,-0.267742425203,-0.353340476751,-0.100538723171,-0.335992038250,-0.154921919107,0.081412203610,0.179139778018,0.209321558475,0.324455201626,-0.015916125849,0.251204788685,0.418799549341,0.363086909056,0.555804967880,0.565559625626,0.283374577761,0.373360157013,0.269944429398,0.219812944531,0.162453979254,-0.131918236613,0.069611966610,-0.231399163604,-0.372446447611,-0.405542284250,-0.612180233002,-0.519733369350,-0.114133484662,-0.138112634420,-0.126921534538,-0.426002323627,-0.293561369181,-0.283395141363,-0.358629405499,-0.231283932924,-0.030860906467,0.148529931903,-0.017389612272,-0.086252480745,-0.038302425295,0.146352633834,0.128641977906,-0.056185942143,0.130008459091,-0.097237780690,-0.395824640989,-0.435481220484,-0.477669030428,-0.340848773718,-0.135083347559,-0.113199189305,0.149336650968,-0.214676320553,0.056140672415,0.179419651628,-0.184774428606,-0.110725529492,0.040278051049,-0.048048838973,-0.070834383368,0.015562160872,0.211807549000,0.109544277191,0.190503746271,0.536526143551,0.160605952144,0.012158323079,0.210329949856,-0.119224831462,-0.570255875587,-0.319968909025,-0.263301402330,-0.198056384921,0.016270093620,0.272656798363,0.438539326191,0.558089315891,0.751535892487,0.721271812916,0.709829628468,0.741098046303,0.789019227028,0.378216922283,0.489592760801,0.308012247086,0.054358493537,-0.238478481770,-0.514510333538,-0.481253951788,-0.498330742121,-0.359839469194,-0.096715062857,0.304554909468,0.219125598669,0.445190548897,0.500824987888,0.204966962337,0.273241251707,0.144245296717,-0.028259664774,0.146912395954,0.234111532569,-0.016838084906,-0.403068602085,-0.739287078381,-0.513728320599,-0.781623005867,-0.967014789581,-0.958070993423,-0.826148629189,-0.867056429386,-0.966006457806,-0.967372834682,-0.427372932434,0.100456401706,0.064088441432,0.298142373562,0.660443127155,0.490679353476,0.414395511150,0.377611845732,0.345470905304,0.498351365328,0.673399925232,0.367733716965,0.144916191697,0.048287563026,-0.262412369251,-0.356962442398,-0.617123425007,-0.805651485920,-0.421795904636,-0.546231448650,-0.599478662014,-0.285062074661,0.192561686039,0.454336076975,0.625676274300,0.826551973820,0.703503489494,0.822436153889,1.083465576172,0.822143912315,0.421071469784,0.386884927750,0.528100967407,0.523499429226,0.478319346905,0.503171026707,0.617712020874,0.653606653214,0.724284648895,0.488399147987,0.183543771505,-0.061886444688,-0.175719469786,-0.635253906250,-0.756516098976,-0.955543816090,-1.146315097809,-1.184115409851,-0.881980657578,-0.995595455170,-0.731853723526,-0.703264772892,-0.310238927603,0.138092055917,0.124468475580,0.326718956232,0.341445565224,0.577590346336,0.269347608089,-0.007844876498,0.200274854898,0.120389632881,-0.046830538660,0.058972399682,-0.034836851060,-0.232366397977,-0.117109268904,-0.059412796050,-0.086808130145,0.013701781631,0.109404332936,0.217388689518,0.411481469870,0.337111562490,0.447289675474,0.575026154518,0.406587690115,0.396549016237,0.310811042786,0.159223005176,0.630055546761,0.603726208210,0.293610781431,0.251134842634,0.021633090451,0.070410445333,0.191915482283,-0.067109502852,-0.292437732220,-0.263359010220,-0.303686439991,-0.194133937359,-0.311930567026,-0.351039707661,-0.451339721680,-0.453191876411,-0.022094070911,0.244043171406,0.095290966332,-0.096879698336,0.207029014826,-0.040409758687,-0.180856093764,-0.212647199631,-0.155127704144,-0.234321460128,-0.596704542637,-0.682759463787,-0.568617701530,-0.667419552803,-0.632940769196,-0.385460853577,-0.300558388233,-0.022431572899,0.367647320032,0.440877139568,0.615098416805,0.709195792675,0.733541250229,0.781306087971,0.696955144405,0.656874656677,0.745345592499,0.490827500820,0.431447625160,0.435320675373,0.028387259692,0.103465117514,-0.315898269415,-0.257954865694,-0.123295448720,-0.111392311752,0.115257121623,0.298261702061,0.048472773284,0.388481944799,0.211527660489,-0.054535474628,-0.281530648470,-0.085285246372,0.104140117764,0.021003359929,-0.301583230495,-0.474936097860,-0.504035413265,-0.544618010521,-0.654116988182,-0.553121447563,-0.580512642860,-0.912199437618,-0.657508492470,-0.488691389561,-0.752626597881,-0.353875547647,-0.118912033737,-0.256962925196,-0.308567881584,-0.133276462555,0.095830149949,0.237877577543,-0.061598334461,-0.122447580099,-0.014487914741,0.143010541797,0.250147014856,0.515020668507,0.350307106972,0.169018819928,0.477006345987,0.385004013777,0.394589900970,0.136647373438,-0.046427179128,0.143545597792,0.141742840409,0.087009809911,0.345853686333,0.399858236313,0.462806552649,0.591621398926,0.207724601030,0.236539900303,0.568691790104,0.566786170006,0.265556901693,0.174361243844,0.048991378397,0.532290935516,0.400125741959,0.365700483322,-0.101884618402,-0.014796606265,0.101073786616,-0.260132163763,-0.143467396498,-0.066096998751,0.029407996684,0.234897673130,0.151213496923,0.319067537785,0.045566961169,0.182123780251,0.101975157857,0.150892451406,-0.024180825800,0.044348660856,0.421569496393,0.044328082353,-0.519293010235,-0.462040990591,-0.202542692423,-0.141220122576,-0.387909799814,-0.493025392294,-0.653495550156,-0.586842894554,-0.499158084393,-0.544778525829,-0.439671188593,-0.574165940285,-0.245578378439,-0.376759886742,-0.243771508336,-0.178271323442,-0.266894549131,0.206139981747,0.381752431393,0.199896186590,0.256362020969,0.261074692011,0.422248631716,0.532089233398,0.246455073357,0.070929042995,0.125143483281,-0.188976734877,-0.295635789633,-0.306481122971,-0.456727385521,-0.434727966785,-0.364692091942,-0.267437845469,-0.253666102886,-0.321014344692,-0.050781790167,0.050440166146,-0.151859685779,0.034203004092,0.089565768838,0.245421975851,0.012738664635,-0.035561244935,0.097776964307,0.300751835108,0.273315340281,0.264235705137,0.378183960915,0.481747865677,0.613526165485,0.266627043486,-0.011553288437,0.344264954329,0.156280145049,-0.023094229400,0.270734667778,0.449018359184,0.291692763567,0.122361138463,0.162289336324,0.362366646528,0.161997109652,0.075831063092,0.276064753532,0.191499784589,-0.080280333757,0.025897147134,-0.134140804410,-0.457982748747,-0.287782669067,-0.273640483618,-0.543617844582,-0.602631390095,-0.534254252911,-0.346808582544,-0.161869525909,-0.252567172050,-0.245812997222,-0.210082992911,-0.006165595725,0.101366013288,0.113977089524,0.043109778315,0.168199747801,0.448936045170,0.166174739599,0.111120656133,0.198994800448,-0.105111464858,-0.129646256566,0.069723092020,-0.337663084269,-0.544012963772,-0.522984921932,-0.470931291580,-0.449458748102,-0.347849905491,-0.433139234781,-0.504739224911,-0.212235599756,-0.118002414703,-0.307324886322,0.114693254232,0.611496984959,0.605261445045,1.014824986458,1.078407168388,0.736335933208,0.851753592491,0.525417387486,0.329809963703,0.397195249796,0.060128964484,-0.251978605986,-0.466440856457,-0.722543656826,-0.680104732513,-0.574540495872,-0.164725944400,0.257061719894,0.564765274525,0.394898593426,0.598095715046,0.521610200405,0.692958593369,0.555471599102,0.559501051903,0.328348845243,0.152818694711,0.085293479264,-0.095883652568,-0.008182378486,-0.096929088235,-0.411427974701,-0.450685262680,-0.468877494335,-0.436403155327,-0.481933087111,-0.518799066544,-0.232399329543,0.115113064647,0.020818145946,0.237708806992,0.148377656937,0.478018879890,0.607969701290,0.601297855377,0.332337141037,0.173352837563,0.016290672123,0.180283993483,-0.171430721879,-0.230802357197,-0.244623497128,-0.442474097013,-0.799378931522,-0.297471463680,-0.416786849499,-0.144319385290,-0.070303432643,-0.154954835773,0.181852146983,0.222126081586,0.081486292183,0.227460265160,0.070673860610,0.151048853993,0.079498313367,0.215026170015,0.212676003575,-0.089446417987,0.182099103928,-0.152938053012,-0.172513201833,-0.213013499975,-0.324463456869,-0.434740334749,-0.635801315308,-0.582447111607,-0.606096982956,-0.537246465683,-0.674968063831,-0.297401487827,-0.285490125418,-0.395318388939,-0.321253031492,-0.114804379642,-0.193207874894,0.024464819580,0.050370201468,0.012084238231,0.264071047306,0.420071303844,0.372899174690,0.239700898528,0.455476164818,0.391206622124,0.426059931517,0.164256736636,0.042117848992,0.060935679823,-0.145825803280,-0.379229426384,-0.242314487696,-0.336823433638,-0.218294188380,-0.136737927794,-0.189968675375,-0.346322894096,-0.114660322666,-0.038714013994,0.061289642006,0.310156613588,0.241034448147,0.365202456713,0.675038039684,0.599478662014,0.819221615791,0.736899852753,0.346322894096,0.459345102310,0.328612238169,-0.008890311234,-0.083272583783,-0.379813879728,-0.588196992874,-0.590452492237,-0.780569374561,-0.526269435883,-0.134741723537,-0.168343812227,-0.190339088440,-0.387765735388,-0.243281722069,0.145768180490,0.145290732384,0.343824565411,0.329579472542,0.196945101023,0.085062995553,0.134679988027,0.243977308273,0.385156273842,-0.112676471472,-0.360971361399,-0.405229419470,-0.351731181145,-0.749432682991,-0.728511691093,-0.364210546017,-0.296298444271,-0.427344083786,-0.028675369918,-0.054609563202,-0.033244002610,0.217627421021,0.529249250889,0.528631925583,0.519893884659,0.588781476021,0.545428872108,0.402360677719,0.326229155064,0.112577684224,0.362271964550,-0.104864515364,-0.090310744941,0.029095189646,-0.013878764585,-0.166837394238,-0.098628953099,-0.382365703583,-0.434538632631,0.296994030476,-0.024049114436,-0.418647229671,-0.125686779618,-0.030243523419,0.130695819855,0.470910727978,-0.070044130087,-0.037285801023,0.202781423926,-0.155880913138,-0.200204864144,-0.126168340445,-0.417935192585,-0.067146547139,-0.033511534333,-0.322389036417,0.089870348573,0.378558516502,0.355386108160,0.440963566303,0.582109630108,0.585225343704,0.802284717560,0.545877456665,0.020620582625,-0.101757027209,0.138466596603,-0.309691518545,-0.459094047546,-0.428974002600,-0.531665325165,-0.444898337126,-0.505212485790,-0.575902819633,-0.420524090528,-0.395705282688,-0.429002791643,-0.288988620043,-0.151007696986,-0.114672675729,0.039389017969,-0.026810875162,-0.246380969882,-0.013372509740,-0.091771885753,-0.164083868265,0.008532229811,-0.059536274523,0.096105918288,0.066027022898,-0.131527215242,-0.375459253788,-0.214408785105,-0.428768217564,-0.518601536751,-0.524602472782,-0.490284234285,-0.420021951199,0.031758170575,-0.135046303272,-0.011775547639,0.059314016253,0.304254442453,0.578462898731,0.627001583576,0.694670855999,0.976287901402,0.579677104950,0.479023158550,0.025740744546,0.166792124510,0.306225955486,0.264688462019,0.211186051369,0.428694128990,0.298121780157,0.353011220694,0.363407939672,0.649922907352,0.506488442421,0.571387708187,0.587653696537,0.495852977037,0.539106845856,0.615094304085,0.624741911888,0.431176006794,0.087977044284,0.230654194951,0.083136759698,-0.290663808584,0.089429944754,0.084313899279,-0.022110532969,0.115405298769,0.005947453901,0.090454801917,-0.190668374300,-0.372648119926,-0.368157684803,-0.763336181641,-1.021990656853,-0.769295990467,-0.775103449821,-0.865792870522,-0.773942708969,-0.417902261019,-0.595350384712,-0.775667369366,-1.046986460686,-1.122496485710,-1.095677375793,-0.802482247353,-1.033214688301,-0.974950253963,-0.434678614140,-0.422343283892,-0.747012555599,0.098999381065,0.440811246634,0.330637276173,0.368445813656,0.611007213593,0.751725196838,0.671819388866,0.746473371983,0.439905762672,0.314066708088,0.286469727755,0.394314110279,0.197735354304,0.082000777125,0.234453141689,0.575532436371,0.673338234425,0.702157616615,0.866097450256,0.761772096157,0.582636415958,0.603438138962,0.469708889723,0.364033550024,0.509143233299,0.387362390757,0.165561467409,0.106868952513,0.066734962165,0.291927367449,0.068438939750,0.082420594990,0.268989533186,0.324191778898,0.175447836518,-0.047386180609,0.165804311633,0.028988176957,-0.113758943975,0.286815434694,0.014792490751,0.051860149950,-0.009943977930,-0.122756265104,-0.245730668306,-0.393602073193,-0.471717447042,-0.497742176056,-0.786632001400,-0.867723166943,-0.988503813744,-0.684232950211,-0.866941154003,-0.839084923267,-0.697757720947,-1.041656374931,-0.728137075901,-0.570749759674,-0.756577849388,-0.450463026762,-0.531636476517,-0.484209179878,0.105638302863,-0.009532389231,0.234765946865,0.125077620149,0.255485326052,0.242219820619,0.166635707021,0.002617702819,0.157313227654,0.002716484014,-0.076106831431,0.014026935212,0.206938460469,0.272002369165,0.466889530420,0.589921534061,0.530772209167,0.479027271271,0.075403012335,-0.191470965743,0.095134563744,0.096628628671,0.224624425173,0.304538428783,-0.133033633232,-0.131012722850,-0.043253831565,0.113606654108,0.116125576198,0.382752597332,0.236803323030,0.119150750339,0.397392809391,0.568374872208,0.244788125157,0.419515699148,0.270417749882,-0.005815745331,0.107630386949,0.109165616333,-0.084976561368,0.178678795695,0.191228121519,-0.091105110943,-0.071167767048,0.094064436853,-0.018142821267,0.122834466398,-0.290392130613,-0.315297365189,-0.254818558693,-0.365428835154,-0.159004867077,-0.246385112405,-0.469770640135,-0.233786389232,-0.072324328125,-0.026432212442,0.065771840513,-0.186075046659,-0.137635186315,-0.240976825356,-0.395351320505,-0.010285596363,-0.057037934661,-0.260864794254,-0.340124368668,-0.488407373428,-0.290116369724,-0.255481213331,-0.304731875658,-0.075131364167,-0.251233607531,-0.430653244257,-0.221113577485,-0.133103594184,-0.410082072020,-0.276459872723,-0.039146181196,-0.094578921795,-0.260016918182,-0.130988031626,-0.043862987310,-0.025534950197,0.046595934778,0.235263973475,0.185190126300,0.369231909513,0.208362564445,-0.038849838078,0.188297614455,0.308473229408,0.163425326347,0.526623368263,0.075592346489,0.142582476139,0.394157707691,0.438362330198,0.601651847363,0.762179553509,0.824296534061,0.796641886234,0.763797104359,0.469898223877,0.379369348288,0.382283389568,0.423499882221,0.589925646782,0.337193876505,0.223369076848,0.447874128819,0.281530648470,0.190771266818,0.273414134979,0.180028796196,0.112524181604,0.133576929569,-0.014771910384,-0.132856652141,-0.189096093178,-0.368338763714,-0.515810966492,-0.716254532337,-0.360432147980,-0.497919172049,-0.308469116688,-0.299978047609,-0.403772443533,-0.170377060771,-0.160420730710,-0.282152146101,-0.146760106087,-0.360572129488,-0.276838511229,-0.195364594460,-0.342211127281,-0.505224823952,-0.374751329422,-0.410971105099,-0.606940746307,-0.469733566046,-0.435851633549,-0.587229788303,-0.151769146323,-0.073814280331,-0.194166868925,-0.078098915517,-0.012788053602,-0.025390895084,-0.073402695358,-0.002498342190,0.066813156009,0.186618342996,0.263202607632,0.233424186707,0.124155662954,0.558533787727,0.670193672180,0.551191031933,0.665991365910,0.547058701515,0.422672539949,0.112392470241,0.236453458667,-0.222624108195,-0.443120300770,-0.361782193184,-0.359662473202,-0.300920575857,-0.147949606180,-0.070262268186,0.210292920470,0.043216791004,0.350838035345,0.654129385948,0.680660367012,0.416268229485,0.733998119831,0.745213866234,0.466416180134,0.121039941907,-0.127608895302,-0.234840050340,-0.113865949214,-0.459925442934,-0.367869585752,-0.207210123539,-0.209115773439,-0.117660805583,0.194529056549,-0.056511096656,-0.074769169092,-0.158243432641,-0.208259671926,-0.374269753695,-0.144842103124,-0.156897529960,-0.145340129733,0.272274017334,-0.052592776716,-0.069299153984,0.179571941495,-0.109272629023,-0.074917331338,-0.006165595725,-0.340733528137,-0.275006979704,-0.430142879486,-0.442930966616,-0.204827010632,-0.328324139118,-0.294088184834,-0.222574710846,-0.162795588374,0.031033771113,-0.015331671573,0.023382341489,0.063656277955,0.367552667856,0.351146727800,0.122636906803,0.010330871679,0.332555264235,0.004453387111,-0.260712504387,0.003597283270,-0.461012035608,-0.269499897957,0.198747858405,0.176843121648,0.072307862341,0.209770187736,0.278394341469,0.229304179549,0.120685979724,0.160630643368,0.153061524034,0.317347079515,0.050987578928,-0.201254427433,-0.151880264282,-0.262148946524,-0.459851354361,-0.244779899716,-0.203995600343,-0.314787000418,0.127975210547,0.232576325536,-0.007256305311,-0.035614755005,0.261585056782,0.436925858259,0.052954975516,0.065401412547,0.080354422331,0.017727116123,-0.076843574643,-0.209292739630,-0.224875479937,0.023563439026,0.002403676743,-0.101695284247,0.063466943800,0.109210893512,0.351904064417,0.207485869527,0.216347381473,0.053485926241,0.169125825167,0.321936279535,0.302118301392,0.303307771683,0.289873540401,0.066611483693,0.031745821238,0.352583140135,0.572177946568,0.395474821329,0.522071182728,0.453187763691,0.248513013124,0.422400921583,0.794707417488,0.435826927423,0.143171057105,0.040101066232,-0.128222152591,-0.227390289307,-0.171109676361,-0.283856123686,-0.344182640314,-0.416494607925,-0.192705735564,0.002049710602,-0.366437226534,-0.192923873663,-0.292343050241,-0.566267549992,-0.162215247750,-0.022814350203,-0.435238331556,-0.667180836201,-0.642617225647,-0.345952481031,-0.351957529783,-0.452673226595,-0.369059056044,-0.435489445925,-0.603750944138,-0.000893147080,-0.281049072742,-0.214244157076,-0.227414995432,-0.065689526498,0.062730208039,0.123937524855,0.132066398859,0.231189265847,0.452187567949,0.383921533823,0.293129205704,0.365305364132,0.763496637344,0.609113931656,0.683977723122,0.804536104202,0.667378365993,0.495774805546,0.480430781841,0.184461608529,0.245125636458,0.121328055859,0.339893877506,0.298784434795,-0.025337386876,0.034186538309,0.029753731564,0.103522732854,0.218812778592,0.183893620968,-0.068904027343,0.208621859550,0.346195310354,0.143072277308,-0.130963340402,-0.047003407031,0.181543454528,0.104238897562,0.111507557333,0.007470330689,-0.150810137391,-0.248175501823,-0.315083354712,-0.177024200559,-0.425989985466,-0.476895213127,-0.465761780739,-0.464041322470,-0.442251831293,-0.472034394741,-0.571128427982,-0.198373302817,-0.154995992780,-0.296179056168,0.055741429329,-0.064504146576,0.024291951209,0.241602450609,0.058873616159,0.126291811466,0.144665122032,0.114442177117,-0.071793384850,-0.079638257623,-0.219269663095,-0.131214410067,-0.057610042393,-0.097480617464,0.020583540201,0.038323003799,0.169520944357,-0.164647743106,-0.118459284306,-0.048999611288,0.105494238436,0.115668714046,0.090969294310,0.424458861351,0.438732773066,0.476302534342,0.594630122185,0.423499882221,0.700988709927,0.643407464027,0.182440713048,0.270183146000,0.295751035213,0.321183085442,-0.261325746775,-0.326113909483,-0.361654549837,-0.467136442661,-0.429085135460,-0.258333504200,-0.542827606201,-0.316556811333,-0.279233962297,0.056469939649,0.373956948519,0.338420420885,0.265700936317,0.339807480574,0.473944157362,0.239622712135,0.072114422917,0.263844698668,-0.075958654284,-0.105020917952,0.042611755431,-0.201974704862,0.009976904839,-0.181773930788,-0.294252842665,-0.388811200857,-0.025761323050,-0.085787393153,0.000699700438,0.258094787598,0.118669189513,0.142372578382,0.242845445871,-0.020118445158,0.126061320305,0.022983100265,0.020505338907,-0.064870461822,0.026712093502,0.101604729891,-0.015331671573,-0.045604001731,-0.139470875263,0.147768497467,0.335156500340,0.072073258460,0.312362730503,0.236239448190,0.175933495164,0.268684983253,0.396454364061,0.197117954493,0.133218854666,0.118286415935,0.338226974010,0.009330711327,-0.119455330074,0.034281205386,-0.259712338448,-0.201834768057,-0.159663408995,0.010507853702,-0.074024192989,-0.174447655678,-0.053362447768,-0.151909083128,-0.014845997095,-0.016381222755,0.066520936787,0.161215096712,-0.066660873592,-0.355406671762,-0.179238557816,-0.032470215112,-0.136099964380,0.133902087808,0.386555671692,0.244376540184,0.238684281707,0.114812605083,0.005280680489,0.056745704263,0.053193695843,-0.212108016014,-0.365243613720,-0.141442388296,-0.306880384684,-0.066545628011,-0.191158160567,-0.051950700581,0.205152153969,0.194121599197,-0.040171038359,0.310683459044,0.385987669230,0.376928627491,0.680285811424,0.552956759930,0.524725914001,0.347775787115,0.133852690458,-0.015372830443,-0.142508387566,0.000535065075,0.231452673674,-0.278842985630,-0.362494230270,-0.173299342394,-0.156662926078,-0.104778081179,-0.373343706131,-0.338453322649,-0.517864763737,-0.283959001303,-0.268528580666,-0.338226974010,-0.225818023086,0.004017103463,-0.064014360309,0.039969358593,-0.024625340477,-0.025534950197,0.122706875205,0.399121463299,0.500067651272,0.565209746361,0.510616719723,0.340708851814,0.278159737587,-0.115467041731,-0.107519261539,-0.181848034263,-0.571050226688,-0.831552803516,-0.931963920593,-0.675375580788,-0.631887137890,-0.590711832047,-0.586377739906,-0.041780348867,0.416334122419,0.459559112787,0.577487468719,0.614983141422,0.540082275867,0.822822988033,0.621922552586,0.351665318012,0.454895853996,0.066911943257,-0.120636589825,-0.077012322843,-0.284502297640,-0.532015144825,-0.334637910128,-0.529422163963,-0.590345501900,-0.583430826664,-0.346409350634,-0.160807624459,0.018167516217,0.266326576471,0.334732562304,0.326780676842,0.455113977194,0.280559301376,0.266096085310,0.498441874981,0.343310087919,0.218520566821,0.031754050404,0.059458073229,-0.037931993604,-0.283633857965,-0.125604450703,-0.366754174232,-0.406546533108,-0.061598334461,-0.172430887818,0.031589418650,0.303377777338,0.627668321133,0.721419930458,0.914101004601,0.890475809574,0.831902682781,0.765315890312,0.704203248024,0.493832081556,0.317828625441,0.155502244830,-0.277118414640,-0.420561105013,-0.317606359720,-0.657319188118,-0.765369415283,-0.835446417332,-0.635533750057,-0.285313129425,-0.306818634272,-0.360522717237,0.034268859774,-0.098670110106,0.012145975605,0.053580589592,0.098814159632,0.203892707825,-0.259704113007,-0.411131650209,-0.182720586658,-0.172756031156,-0.385843634605,-0.123171977699,0.087964691222,-0.193364277482,-0.094615958631,0.020369514823,0.033239886165,-0.298780322075,-0.183938905597,-0.119558230042,-0.484871804714,-0.434439867735,-0.093101315200,-0.168561950326,-0.138429552317,-0.127423673868,-0.065566048026,-0.058581393212,0.392881810665,0.133980289102,0.267487257719,0.486979126930,0.378900110722,0.426282227039,0.228637412190,0.118599221110,0.174167782068,0.253806024790,0.253793686628,-0.104506433010,0.044974274933,0.246319249272,-0.018085198477,0.031647041440,0.014841881581,-0.174110159278,0.142286151648,0.228970795870,-0.032943543047,-0.298018872738,-0.220566168427,-0.348627805710,-0.191261067986,0.033618547022,0.102905355394,0.292026162148,0.277970403433,-0.170183613896,0.081663273275,0.213400408626,-0.005284796469,-0.107762090862,-0.516753435135,-0.468288928270,-0.203300014138,-0.077069945633,-0.236601635814,0.249570786953,0.341095715761,0.410592436790,0.507212817669,0.650309801102,0.216442048550,0.084671981633,0.239606246352,0.072826467454,0.168990001082,0.344071507454,0.113561376929,0.154530897737,0.044871378690,0.282456725836,0.387485891581,0.292627066374,-0.277484714985,-0.221549838781,-0.209823697805,-0.400623768568,-0.255637615919,-0.241746485233,-0.691324591637,-0.143640264869,-0.157309114933,-0.318162024021,0.094706512988,-0.078107148409,-0.316272825003,-0.126744553447,-0.228448078036,-0.137326508760,0.224772587419,-0.295232415199,-0.416416436434,-0.550367891788,-0.668419718742,-0.453311234713,0.020632930100,-0.251138955355,-0.316816121340,0.086445927620,0.251850992441,0.549075484276,0.598499059677,0.389667272568,0.519519329071,0.746687412262,0.456986725330,0.250286966562,0.177822694182,0.044204603881,-0.127831161022,-0.077576197684,0.090516544878,-0.113112747669,-0.036182746291,0.213289275765,0.153040945530,0.084634937346,0.187227487564,0.280411124229,0.506426751614,0.234753608704,0.070999011397,0.100991472602,-0.178608819842,-0.074666269124,0.033902544528,-0.225838601589,0.086791664362,0.224002927542,0.314017325640,0.348413765430,0.005963916890,0.185400038958,0.112194903195,-0.082618154585,-0.351731181145,-0.751210749149,-0.849884986877,-0.984235644341,-1.163770556450,-0.987664163113,-0.455134540796,-0.202571511269,-0.061758853495,0.007639082614,-0.049806319177,0.214569300413,0.196689918637,0.235498577356,0.173233479261,0.487053245306,0.545214831829,0.570062398911,0.462563753128,0.137569338083,-0.050123248249,-0.034355290234,0.021995289251,-0.034026023000,-0.131942927837,-0.403513103724,-0.428130239248,-0.730466663837,-0.778992950916,-0.535871744156,-0.505274236202,-0.650276899338,-0.232798561454,0.128357991576,-0.003375025699,0.047838933766,0.284004300833,0.313017159700,0.584550321102,0.804935395718,0.526685118675,0.411835461855,0.150777205825,0.020661743358,-0.001205954235,-0.535760641098,-0.545721054077,-0.273957431316,-0.611175954342,-0.735689759254,-0.132494449615,-0.417560636997,-0.483320146799,0.173130586743,0.205806598067,0.212865337729,0.297928333282,0.390074729919,0.501681089401,0.350245356560,0.251818090677,0.328657537699,0.159062489867,0.154485628009,0.161276832223,0.107000663877,0.194347977638,0.382126986980,0.217063531280,0.242018148303,0.521157443523,0.379435211420,0.565950632095,0.679495513439,0.333164423704,0.167051419616,0.219236731529,-0.172167465091,-0.465852349997,-0.502681255341,-0.918723106384,-0.745567858219,-0.543675482273,-0.725437104702,-0.694357991219,-0.360967248678,-0.414798855782,-0.692950367928,-0.410501867533,-0.277567058802,-0.226966351271,-0.492675542831,-0.305641502142,-0.197122067213,-0.324661016464,-0.200916916132,0.051744904369,-0.036108657718,-0.106654927135,0.021073330194,-0.068838179111,-0.130584672093,-0.088483296335,-0.234432578087,-0.105621844530,-0.168282076716,-0.516308963299,-0.102534927428,0.145681753755,0.197015061975,0.187634959817,0.290330410004,0.398240655661,0.215767025948,0.358600586653,0.201703056693,0.215585947037,0.366984665394,0.503792524338,0.452389270067,0.507998943329,0.315597832203,0.444754302502,0.735582709312,0.299377143383,0.484147429466,0.544490396976,0.183391481638,0.644243001938,0.752667725086,0.166882663965,0.302612185478,0.193520680070,0.029515011236,0.275369167328,0.128209814429,-0.071320056915,0.066916055977,0.080642536283,0.316322207451,0.168747156858,-0.196558192372,-0.138067349792,0.055617954582,0.010524317622,-0.052078291774,-0.321775764227,-0.035972833633,-0.357254683971,-0.528607189655,-0.195047676563,-0.048114694655,-0.050835292786,-0.184280514717,-0.423187077045,-0.734277963638,-0.826786637306,-0.916014909744,-1.144248843193,-1.049509406090,-1.156353831291,-0.743139505386,-0.710784494877,-0.608957529068,-0.181666925550,-0.230744749308,0.237408354878,0.837767779827,0.928115606308,0.931618213654,0.893303453922,0.774518966675,0.652919292450,0.356316268444,0.033153455704,-0.326204478741,-0.309020638466,-0.406814038754,-0.356024056673,-0.705623149872,-0.839990377426,-0.472931653261,-0.345787853003,-0.120377287269,0.318812310696,0.886973202229,0.706944346428,0.468111932278,0.876066148281,0.899596631527,0.831524014473,1.076637268066,0.926399230957,0.621461570263,0.635702550411,0.558879554272,0.636817932129,0.226826414466,-0.117940686643,0.026658585295,-0.382291615009,-0.740241885185,-0.798148274422,-0.799354255199,-0.792986929417,-0.509015560150,-0.419725596905,-0.457497090101,-0.316095858812,0.212708935142,0.190532535315,0.345717877150,0.637929201126,0.788834035397,0.773193717003,0.668082237244,0.073497354984,0.195479825139,-0.193100869656,-0.622766315937,-0.789245605469,-1.028506040573,-0.781219661236,-0.838323414326,-1.220158219337,-0.960614621639,-0.753676176071,-0.812772035599,-0.320224076509,-0.186675965786,-0.215701177716,0.034235928208,0.157856523991,0.330830723047,0.454488366842,0.578965067863,0.509678244591,0.361531078815,0.321998029947,0.326978236437,0.263404279947,0.153394907713,-0.048810280859,-0.289634823799,-0.494157224894,-0.493445187807,-0.583653032780,-0.545659303665,-0.807367801666,-0.572412550449,-0.346096545458,-0.152563512325,-0.262227147818,-0.177855625749,0.514032900333,0.513897001743,0.437794327736,0.602141618729,0.593634068966,0.599038243294,0.813792765141,0.496935456991,0.181856259704,0.379402250051,0.282860070467,0.071678131819,-0.044797293842,-0.216433808208,-0.163392394781,0.168319106102,0.070225231349,0.255353599787,0.364939033985,0.183601394296,0.001325314981,-0.138104408979,-0.241215556860,-0.137425288558,-0.011973109096,-0.272508621216,-0.186412528157,-0.143175169826,-0.365959793329,-0.218277737498,-0.105276107788,-0.336765825748,-0.239737942815,-0.339515239000,-0.216285645962,-0.558624386787,-0.671786487103,-0.177518114448,-0.414914131165,-0.388560116291,-0.158226966858,-0.689999282360,-0.464983880520,-0.337609589100,-0.348706007004,-0.283069968224,-0.142557784915,-0.294203460217,-0.412292301655,-0.290672034025,-0.192014262080,-0.050711818039,0.063104748726,-0.026423981413,0.230460748076,0.244812831283,0.149036183953,0.269133597612,0.687389850616,0.729812264442,0.533463954926,0.902774095535,0.804083406925,0.273582875729,0.102785997093,0.063997894526,0.000214026004,0.150859534740,0.256078004837,0.320652127266,0.327472150326,0.391013175249,0.308020472527,0.419202893972,0.357546925545,0.309864401817,0.170459374785,0.206407517195,0.113907113671,0.177732139826,0.126123055816,0.076975278556,-0.012796285562,0.110565014184,0.122698649764,0.206078246236,0.078695721924,-0.042019069195,0.016990372911,-0.036849517375,-0.190116837621,-0.304056882858,-0.424648195505,-0.453500568867,-0.716238081455,-0.611089527607,-0.459332764149,-0.471042454243,-0.441272258759,-0.530562281609,-0.530488193035,-0.171554207802,-0.043467860669,-0.258786261082,-0.171027362347,-0.074234105647,-0.079794660211,-0.018780782819,-0.172961831093,0.015804998577,0.119825750589,0.057996936142,0.235988378525,0.307193189859,0.145245462656,0.063932038844,0.506467878819,0.311049789190,-0.087886489928,-0.164853543043,-0.319170415401,-0.436683028936,-0.418367356062,-0.468116044998,-0.281382471323,-0.278583675623,-0.303402453661,0.076345548034,0.362778216600,0.393853127956,0.392346709967,0.787928521633,0.715616524220,0.806721687317,0.694205701351,0.508826315403,0.268664389849,0.123904600739,-0.203966796398,-0.297607302666,-0.361078351736,-0.620165050030,-0.303064972162,-0.460954397917,-0.319808363914,0.215524181724,0.086948066950,0.426706135273,0.669024705887,0.450141996145,0.523651659489,0.792052626610,0.327801436186,0.517247378826,0.313939124346,0.323957204819,0.288667589426,-0.184922605753,-0.365120142698,-0.102497875690,-0.386069983244,-0.464930355549,-0.457851022482,-0.751865208149,-0.418108075857,-0.398471176624,-0.523832798004,-0.825955212116,-0.849901437759,-0.661566793919,-0.783141791821,-0.744917571545,-0.459340989590,-0.304019838572,0.078959137201,0.051786061376,0.402410060167,0.714402377605,0.704474866390,0.688682258129,0.657459080219,0.676597952843,0.430097639561,0.392227351665,0.132198110223,-0.186017423868,-0.231761366129,-0.363362699747,-0.699317693710,-0.606961309910,-0.329875826836,-0.273364722729,-0.380851060152,-0.526487529278,-0.080305032432,0.042196054012,-0.033264581114,0.198015213013,0.158926665783,0.408629179001,0.539489626884,0.466140419245,0.535937607288,0.561805963516,0.334358006716,0.317005455494,0.224179908633,-0.235165193677,-0.169800832868,-0.576421439648,-0.782026350498,-0.428797006607,-0.421886444092,-0.278933525085,-0.222739338875,-0.365074872971,-0.283555656672,0.000584455673,-0.011413348839,0.357147663832,0.175633043051,0.359876543283,0.515362262726,0.220640242100,0.409003704786,0.296331346035,0.030120046809,0.143936619163,-0.212140947580,-0.312379181385,-0.013714129105,0.072316102684,0.035746462643,0.357040673494,0.229485288262,0.193973422050,0.404974251986,0.199694499373,0.039220266044,-0.119389474392,-0.067833900452,0.205271527171,0.116915829480,0.010833009146,-0.256946444511,0.045706905425,-0.066804923117,-0.131144449115,-0.024460703135,0.289688318968,0.071159534156,0.250558614731,0.161659613252,0.187840759754,0.342178195715,0.202991321683,0.103032946587,0.013067933731,-0.205765441060,-0.349319279194,-0.421688884497,-0.442428827286,-0.584286868572,-0.815694332123,-0.651705086231,-0.383291751146,-0.427986174822,-0.427912086248,-0.252135008574,-0.188388168812,-0.049629338086,0.370857715607,0.313700407743,0.266054928303,0.502265572548,0.507957816124,0.542333722115,0.442301213741,0.225649282336,0.405957967043,-0.110565014184,-0.268458575010,0.008733907714,-0.209572628140,-0.298088848591,0.054749500006,0.022135227919,-0.057988703251,0.132469758391,0.460686892271,0.358135491610,0.352360904217,0.164923503995,0.149250224233,0.036322683096,0.059095874429,0.021731872112,-0.021929433569,0.228192895651,0.244347751141,0.196842208505,0.172928899527,-0.039475452155,0.251529961824,0.526763260365,0.340795248747,0.470552682877,0.084260396659,0.220911905169,0.086544707417,-0.417943418026,-0.206856146455,-0.188124760985,-0.588443934917,-0.685759902000,-0.744365990162,-0.785319030285,-0.733298420906,-0.627454280853,-0.712290942669,-0.347158432007,-0.103205814958,0.026493951678,0.179814770818,0.134412452579,0.352085113525,0.407995313406,0.450928121805,0.667715907097,0.933890163898,0.365305364132,0.321491777897,0.330484986305,0.500487506390,0.604323029518,0.185136616230,-0.108153104782,-0.148064836860,-0.537699222565,-0.701293349266,-0.566823184490,-0.648819863796,-0.543165087700,0.002580659697,-0.149365469813,-0.131745368242,0.158189922571,0.226196691394,0.360362172127,0.640320539474,0.889084637165,0.677371740341,0.645605325699,0.645650625229,0.138771176338,0.080049842596,-0.322594821453,-0.325056135654,-0.122035987675,-0.622272372246,-0.824448764324,-0.369301885366,-0.030218828470,-0.058980632573,0.081980191171,0.070698559284,0.168738931417,0.358567655087,0.569321513176,0.077477417886,0.391157209873,0.240705192089,0.014368554577,-0.169204026461,-0.163470596075,-0.156938686967,0.213569149375,-0.118500441313,0.076370246708,0.129107072949,-0.044155213982,-0.008882080205,0.151378124952,-0.120669513941,-0.094982281327,0.006058582570,-0.001897422946,-0.261601537466,-0.541584610939,-0.266264826059,-0.307086169720,-0.209482073784,-0.328990906477,-0.276266425848,-0.195142343640,-0.130164861679,0.166108876467,0.396211534739,0.361251205206,0.142339646816,0.030313493684,-0.052975554019,-0.181889191270,-0.229090169072,-0.140038862824,-0.157712474465,0.053164884448,0.039339628071,0.171780571342,0.408386319876,-0.096505157650,-0.146171525121,-0.310304790735,-0.281703501940,-0.208313167095,-0.358106702566,-0.134132564068,0.194631963968,0.037508059293,0.157996475697,0.412987887859,0.550940036774,0.618588685989,0.594971776009,0.193454831839,0.175192639232,0.137948006392,-0.291573405266,-0.264248043299,-0.494153112173,-0.591905415058,0.082898035645,0.018151052296,0.017224978656,0.347977489233,0.268833130598,0.024077925831,0.267841219902,0.166368186474,0.014438523911,0.146723076701,0.031062584370,-0.006663618144,-0.068438939750,-0.246483892202,-0.061585988849,-0.087688930333,-0.228802040219,0.031832251698,0.175353169441,-0.148875668645,0.088314540684,0.228863775730,0.171813502908,0.027489995584,-0.041212357581,-0.028819426894,-0.084573201835,0.053518850356,0.088199302554,-0.093381188810,0.038446482271,-0.164219692349,0.118307001889,0.122521668673,-0.313885629177,-0.338831990957,-0.376821637154,-0.255925714970,-0.307551264763,-0.070640929043,0.152423560619,-0.013298423961,0.113190948963,0.267145633698,0.412831485271,0.383016020060,0.247768029571,0.149674162269,-0.020929275081,0.149213165045,0.468935102224,0.344446063042,0.141693457961,-0.167137861252,-0.224303394556,0.016171311960,-0.134144917130,-0.195183485746,-0.378451496363,-0.898744583130,-0.510126888752,-0.199595719576,-0.001926234108,0.165236309171,0.275151044130,0.391482412815,0.609558463097,0.656965196133,0.686262071133,0.482130646706,0.490666955709,0.451232701540,0.152304202318,0.136186406016,-0.184642717242,-0.332361817360,0.012076006271,-0.111890330911,-0.476891100407,-0.366326093674,-0.346561610699,-0.396898895502,-0.189396560192,-0.454599499702,-0.374121576548,-0.137227728963,-0.213289275765,0.031103743240,0.241672411561,-0.190384373069,0.109791234136,0.169286355376,0.396824806929,0.541284143925,0.461559414864,0.362169086933,0.165660247207,-0.097735799849,-0.176707297564,-0.135157436132,-0.098394349217,-0.364338129759,-0.352233320475,0.003733107587,-0.132667317986,0.047093957663,0.200645267963,0.245726555586,0.462176859379,0.482624560595,0.448952496052,0.572029829025,0.055412158370,-0.148015454412,0.109544277191,-0.237498894334,-0.145405977964,-0.129987880588,-0.302900314331,-0.310658752918,-0.306048959494,-0.468486487865,-0.490753412247,-0.662315845490,-0.732417643070,-0.763875305653,-0.785817086697,-0.738052248955,-0.536217451096,-0.578965067863,-0.390436947346,-0.093191869557,-0.204287827015,-0.383300036192,0.071155421436,0.303884029388,0.193648278713,0.445017725229,0.719222068787,0.659755766392,0.544284582138,0.509678244591,0.051226302981,0.043632496148,-0.040883086622,-0.362103223801,-0.505196034908,-0.387848049402,-0.410843521357,-0.383497595787,-0.041800927371,0.165269240737,0.249360889196,0.431287109852,0.519910335541,0.578055441380,0.454364866018,0.467729151249,0.417704701424,0.477821320295,0.359506100416,0.274023264647,0.134383648634,0.476397216320,0.227970629930,0.113651931286,0.307810574770,0.231156334281,0.225352942944,0.231555566192,0.053078450263,0.044908419251,-0.229131311178,-0.201764792204,-0.296212017536,-0.455784887075,-0.313070654869,-0.272195816040,-0.215923428535,-0.345866024494,-0.249340310693,-0.100830942392,-0.218343570828,-0.147937253118,0.072986990213,-0.003008711850,-0.083112061024,0.211840495467,0.021085679531,0.316713213921,0.300340235233,-0.172550246119,-0.194059863687,0.399742960930,0.060421187431,-0.030778586864,-0.258494019508,-0.165195167065,-0.114977248013,-0.169253423810,-0.227653712034,-0.175250276923,-0.042537670583,0.288741677999,0.128901287913,0.438876807690,0.474240511656,0.488995939493,0.797580242157,0.931659400463,0.800020992756,0.484917104244,0.358707606792,0.323862522840,-0.095282740891,-0.373640060425,-0.483151376247,-0.509060859680,-0.504064202309,-0.539740681648,-0.373623549938,-0.210947334766,-0.011314568110,0.196146622300,0.110223397613,0.001889191219,-0.003749571275,0.060779273510,-0.011117004789,-0.138174369931,-0.256946444511,-0.139293894172,-0.274187892675,-0.564468920231,-0.691225826740,-0.549338936806,-0.484172105789,-0.314548283815,0.004737383686,-0.211741700768,0.151859685779,0.673054218292,0.256374359131,0.403554290533,0.539444327354,0.454969912767,0.443943470716,0.473495513201,0.250274628401,0.070138797164,0.045447602868,-0.039504263550,-0.142294377089,-0.767505526543,-0.764587342739,-0.679038703442,-0.864541649818,-0.930601596832,-0.942624092102,-0.808396875858,-0.526734471321,-0.238326206803,-0.080560214818,0.159828037024,0.406690567732,0.620502591133,0.710488200188,0.437987774611,0.443819999695,0.274595379829,0.109124451876,0.150884225965,-0.156304851174,-0.629355847836,-0.607648670673,-0.752009212971,-0.526446342468,-0.462843596935,-0.269368201494,0.006696545053,0.291067153215,0.864125907421,0.795662283897,0.833956480026,0.892406105995,0.868875682354,0.795942127705,0.690147459507,0.303077310324,0.223920598626,0.008367593400,-0.137458205223,-0.496560961008,-0.537625074387,-0.282551378012,-0.278917044401,-0.483719378710,-0.687089383602,-0.387033134699,-0.507591485977,-0.379710972309,-0.032951775938,0.040142226964,0.082980357111,0.206942573190,0.188939690590,0.207654640079,-0.052415795624,-0.246689692140,0.067549899220,-0.210519284010,0.009322479367,0.096727415919,-0.213083460927,-0.129008293152,-0.193220213056,-0.430175840855,-0.274583011866,-0.152621120214,-0.449215918779,-0.275212764740,-0.288074910641,-0.356731981039,-0.031408317387,-0.173521593213,-0.357674539089,-0.130864560604,-0.095768406987,-0.408460408449,-0.512481153011,-0.454422503710,-0.227666050196,-0.175760641694,-0.014582579955,-0.114475108683,-0.052555732429,0.450146108866,0.520988702774,0.370125055313,0.681006073952,1.083770155907,1.015537023544,1.057551980019,0.751540064812,0.216005757451,0.216746613383,0.222434759140,-0.086779318750,-0.466210395098,-0.564929902554,-0.587744235992,-0.590308427811,-0.553561806679,-0.494861066341,-0.014623739757,0.237548291683,0.425454884768,0.511839091778,0.414872944355,0.541168868542,0.666258871555,0.538555324078,0.137384116650,0.126180678606,-0.160424843431,-0.523594081402,-0.338408052921,-0.210321709514,-0.194640204310,-0.211046129465,-0.299833983183,-0.330752521753,-0.233020812273,-0.330542594194,-0.197146773338,-0.167759358883,-0.028527198359,-0.136528030038,-0.217672705650,-0.274842321873,-0.254378139973,-0.138939917088,-0.057494793087,-0.024003840983,-0.409822791815,-0.393165767193,-0.240429416299,-0.544655025005,-0.646140456200,-0.479171305895,-0.179691314697,0.193026766181,0.271150380373,-0.003403836861,-0.037578031421,-0.082597583532,0.078448764980,0.423796206713,0.103884935379,0.070760294795,0.156407743692,-0.199204713106,-0.204724118114,-0.273348242044,-0.340996950865,-0.274669468403,-0.421944051981,-0.169129952788,-0.072711221874,-0.082264192402,0.218524679542,0.453064262867,0.487361907959,0.555870831013,0.728717446327,0.778025746346,0.498478949070,0.490214258432,0.663040220737,0.522696793079,0.515300571918,0.224258109927,0.257868409157,0.171599477530,0.135268554091,0.090623557568,0.076744787395,-0.247595176101,-0.369664102793,-0.377805292606,-0.270627677441,-0.172743692994,-0.041401684284,-0.008404636756,0.162104129791,0.192022487521,0.325558274984,0.273430585861,0.170130103827,0.299179553986,0.400883078575,0.080461435020,0.029461504892,-0.037540987134,-0.066426269710,-0.342207014561,-0.614999592304,-0.548252344131,-0.618374645710,-0.563814461231,-0.651750385761,-0.508464097977,-0.563188910484,-0.212704822421,0.297459125519,0.119912192225,0.131794750690,0.296150267124,0.013553609140,-0.043237373233,-0.025287996978,-0.071809843183,-0.271874785423,-0.276488661766,-0.352504968643,-0.228427484632,-0.323924273252,-0.042578827590,0.311197936535,-0.109120339155,-0.107992589474,0.018266297877,-0.013195526786,-0.180543303490,0.120369054377,-0.138083830476,0.181745126843,0.263243764639,0.031441245228,0.338383346796,0.146850660443,-0.173620373011,0.085062995553,0.240594044328,0.676363348961,0.720703780651,0.630660593510,0.572593688965,0.483657628298,0.545667529106,0.249949455261,0.041570436209,0.115034863353,-0.107029467821,-0.501438260078,-0.569082856178,-0.245508417487,-0.327505081892,-0.144039511681,-0.247319400311,-0.173929065466,0.105839975178,0.139042824507,-0.035639446229,-0.030885601416,0.072665952146,-0.079547710717,0.051555573940,0.107597462833,0.048612717539,-0.108749911189,-0.174361243844,-0.197056218982,-0.240985050797,-0.400446802378,-0.305229902267,-0.333139717579,-0.485904932022,-0.468622297049,-0.420351207256,-0.673655092716,-0.838607430458,-0.694864273071,-0.829997003078,-0.371771425009,-0.195998445153,-0.066776119173,0.105790585279,0.096710950136,0.532113969326,0.867591559887,0.382958382368,0.239754423499,0.151497483253,-0.188474610448,-0.214495226741,-0.620539605618,-0.613493204117,-0.789756000042,-0.740608215332,-0.336967498064,0.144998505712,-0.104514665902,0.317009568214,0.553393065929,0.299990385771,0.465741157532,0.792192637920,0.576001644135,0.741735935211,0.989158272743,0.866850674152,0.959569156170,0.823094666004,0.528368532658,0.506957650185,0.568370759487,0.206547439098,-0.022439803928,-0.324261754751,-0.508394122124,-0.632891416550,-0.700379550457,-0.544539809227,-0.474335163832,-0.522186458111,-0.403504878283,-0.104304760695,-0.057396013290,-0.032564882189,0.229909211397,0.310527056456,0.164536610246,0.299512952566,-0.015809113160,0.169603273273,0.117109268904,-0.095653168857,0.116919942200,0.120459601283,-0.322998166084,-0.471775084734,-0.158218726516,-0.264478534460,-0.424409478903,-0.092986077070,-0.286914229393,-0.278509587049,0.093813367188,-0.079317212105,0.047200966626,0.402393609285,0.089820958674,-0.068620033562,0.265371680260,0.304859489202,-0.206498056650,0.158482149243,0.395557105541,-0.004473967012,0.054230902344,-0.148970335722,-0.483064949512,-0.053967479616,-0.163750484586,-0.371055275202,-0.171969905496,-0.273385316133,0.051654357463,-0.173422813416,-0.350121885538,-0.028901742771,0.083424873650,-0.090170808136,-0.035939909518,-0.001996204257,-0.029136350378,0.169986054301,0.309691518545,0.405937403440,0.160466000438,0.360432147980,0.299677580595,0.160050302744,-0.043093316257,-0.100974999368,0.029539706185,0.401023000479,0.301105797291,0.529829621315,0.429089248180,0.290713191032,0.103905513883,-0.217512160540,-0.496647357941,-0.430875539780,-0.833269119263,-0.670325338840,-0.619819343090,-0.794127106667,-0.352784812450,-0.164125025272,0.015006517060,0.217277571559,0.150855407119,0.361732780933,0.352488487959,0.291581630707,0.512394726276,0.875028848648,0.797971308231,0.414325565100,0.652466535568,0.235058173537,0.218121334910,0.404323935509,0.148422926664,-0.057449523360,-0.048616833985,-0.036886561662,0.233695834875,0.237354844809,-0.205518484116,-0.103971362114,-0.086569406092,-0.352941244841,-0.414156794548,-0.202571511269,-0.232979670167,-0.386041194201,-0.172500848770,-0.311712414026,-0.195870846510,-0.004745615181,0.264206886292,0.106609649956,-0.131634235382,0.105243176222,0.301068753004,0.031568836421,0.123554751277,0.351710617542,0.364408105612,0.241672411561,0.277986854315,0.148130699992,-0.148575216532,-0.024938145652,-0.291882097721,-0.554063975811,-0.397005915642,-0.368425190449,-0.383612841368,-0.363951206207,-0.593366563320,-0.545432984829,-0.057449523360,0.149875834584,0.103432193398,0.185416489840,0.227427333593,0.513399004936,0.558039903641,0.458036243916,0.507365107536,0.304312080145,0.033174034208,-0.054259710014,-0.143623799086,-0.308502048254,-0.583249688148,-0.736578762531,-0.848275661469,-0.627882361412,-0.089611046016,-0.160741776228,0.067451119423,0.474170535803,0.581463396549,0.985655665398,0.718781709671,0.791233658791,0.852782547474,0.647856771946,0.561468482018,0.472581773996,-0.114211685956,-0.172163352370,-0.168874755502,-0.542988121510,-0.578693389893,-0.540119349957,-0.617901325226,-0.483764648438,-0.513534843922,-0.678511857986,-0.188993200660,-0.088001735508,-0.350591063499,-0.268853724003,-0.394758611917,-0.467856764793,0.175176173449,0.089606933296,-0.200702890754,-0.192150101066,-0.213178128004,-0.101324856281,-0.002111449139,-0.094747669995,-0.212976455688,0.152402982116,0.139701366425,-0.015710331500,0.267446070910,0.623527765274,0.531867027283,0.487608909607,0.323632031679,0.520009160042,0.937508046627,0.385823071003,0.397989600897,0.379608035088,0.030515169725,0.363992393017,0.125641509891,-0.214326471090,-0.025687236339,-0.052588663995,-0.086005531251,-0.144397586584,-0.216577872634,-0.104016639292,-0.197373136878,-0.192751020193,-0.199925005436,-0.324043601751,-0.193952843547,-0.173883780837,-0.016175428405,0.027477648109,0.291095942259,0.293051004410,0.514872491360,0.302336454391,0.367667883635,0.252579510212,0.373533040285,0.101328969002,-0.118813253939,0.094492487609,0.005132508464,-0.101571805775,-0.156457126141,-0.536513805389,-0.779947817326,-0.685973942280,-0.738002836704,-0.894134819508,-0.617909610271,-0.407028108835,-0.154209867120,0.052337594330,0.199233531952,0.193080276251,0.299846321344,0.757507979870,0.510851264000,0.318750590086,0.413374781609,0.148282989860,0.403928816319,0.316935479641,0.152407109737,0.091631941497,0.011820821092,-0.131300851703,-0.230888798833,-0.293162137270,-0.048229940236,0.007791369688,-0.273195981979,-0.348623692989,0.048509817570,0.198122233152,0.017657145858,0.500849723816,0.549277186394,0.811409711838,0.825477719307,0.566728532314,0.591810762882,0.566028833389,0.358304262161,0.591427981853,0.178370103240,-0.070418670774,-0.186881750822,-0.297438532114,-0.405669838190,-0.927000164986,-0.818649530411,-0.721864521503,-0.719983518124,-0.282670736313,-0.055663224310,0.083906434476,0.350982069969,0.594712436199,0.573388040066,0.465523034334,0.673399925232,0.487460702658,0.216170385480,0.149879947305,-0.053531195968,-0.008289392106,0.125332802534,-0.255201309919,-0.198212787509,-0.271985918283,-0.320479273796,-0.326307356358,-0.363840103149,-0.227015748620,-0.302180051804,-0.522264599800,-0.326402038336,-0.465848177671,-0.515432298183,-0.508603990078,-0.454183757305,-0.297475576401,-0.435946315527,-0.399500131607,-0.250089406967,-0.060367684811,-0.128921851516,0.040129877627,-0.045036014169,0.041537512094,-0.004959641024,-0.074571602046,0.090845815837,0.095315665007,0.060910984874,0.293487280607,0.533167600632,0.784174859524,0.786932468414,0.826300919056,0.972324311733,0.655660450459,0.469305545092,0.528442561626,0.543053984642,0.291417002678,0.387214243412,0.127699434757,0.145150795579,0.213165789843,0.314873427153,0.483534157276,0.387786358595,0.552907407284,0.552322924137,0.375874966383,0.181695744395,0.130292445421,-0.171615928411,-0.086659960449,-0.210819736123,-0.264066934586,-0.095764294267,-0.525001704693,-0.383884459734,-0.115512304008,-0.571959853172,-0.557233214378,-0.447125047445,-0.421845257282,-0.282197415829,-0.365330040455,-0.198006987572,-0.375348120928,-0.126781612635,-0.223471969366,-0.235358640552,-0.069776594639,-0.314535945654,-0.048509817570,0.379599809647,-0.022131113335,-0.233481809497,-0.193911686540,-0.260103344917,-0.341301530600,-0.396355569363,-0.440922379494,-0.502652466297,-0.323578536510,0.014998285100,0.010701300576,-0.124530211091,0.071583472192,0.498141407967,0.304443776608,0.439016729593,0.563020110130,0.273393541574,0.181189492345,0.187350958586,0.070929042995,0.051390942186,-0.002979900688,0.212927073240,0.219018593431,0.088269263506,0.098517827690,0.118339926004,0.359646022320,0.543803036213,0.304386138916,0.748074412346,0.422125160694,0.374648422003,0.458377897739,0.284716337919,0.285593032837,0.101979278028,-0.109544277191,-0.220623791218,-0.352402091026,-0.292956352234,-0.485740274191,-0.338766157627,-0.058215074241,0.024765279144,-0.007038163021,0.026469256729,-0.102584317327,0.202089950442,0.270179033279,0.341519653797,0.376772224903,0.293195068836,0.071278892457,0.420112490654,0.157379090786,-0.005400041118,0.401488125324,0.162495136261,-0.265877932310,-0.238079249859,-0.396162182093,-0.444795429707,-0.221290543675,-0.193969309330,-0.208041504025,-0.062236297876,0.070727363229,0.052428141236,0.146356746554,0.120389632881,0.177995562553,0.433369755745,0.289293199778,0.229254797101,0.276999056339,-0.198743730783,-0.524285554886,-0.198517352343,-0.014730752446,-0.457962155342,-0.561752438545,-0.333489567041,-0.345824867487,-0.309522777796,-0.100065395236,0.103646211326,0.340791136026,0.154979526997,0.290453881025,0.449117153883,-0.004490430467,0.050452515483,0.274200260639,0.025843640789,-0.246220469475,-0.071352981031,-0.503619670868,-0.296887010336,-0.393429189920,-0.180205792189,-0.208794713020,-0.218623459339,-0.461440086365,-0.164606586099,-0.271471410990,-0.201954126358,0.007136944216,-0.150151595473,-0.144743323326,0.131099164486,0.176291570067,0.210420504212,0.132490336895,0.397289901972,0.628499746323,0.446363598108,0.539176821709,0.594868838787,0.421100318432,0.062475018203,-0.065524891019,-0.211581170559,-0.352871268988,-0.228793814778,-0.260247409344,-0.206880837679,-0.028827657923,0.086511783302,0.387070149183,0.574223577976,0.519268274307,0.682586550713,0.760936558247,0.759516656399,0.755960464478,0.551545023918,0.287371098995,0.198858976364,-0.109157375991,-0.290927201509,-0.343997448683,-0.373281955719,-0.509966373444,-0.523503541946,-0.565576076508,-0.838710308075,-0.885413289070,-0.406785249710,-0.679483175278,-0.595914304256,-0.263906419277,-0.352636665106,-0.173319920897,-0.136643260717,-0.286572605371,0.011355726980,0.099336877465,0.194800719619,0.379381686449,0.500047087669,0.382406890392,0.498441874981,0.314490646124,0.078987948596,0.388498395681,0.149851143360,-0.089788027108,-0.346207648516,-0.509826421738,-0.278497248888,-0.172299176455,-0.356945991516,-0.175723582506,0.113051012158,0.011697344482,0.119410052896,0.247998535633,0.120253816247,0.095443256199,0.316770851612,0.398997992277,0.298521012068,0.406213134527,0.350644588470,0.114236384630,0.311342000961,0.326332032681,0.306271225214,0.407069265842,0.137569338083,-0.040788419545,0.074242331088,-0.110235750675,-0.545087218285,-0.436073899269,-0.458949953318,-0.456225275993,-0.293112754822,-0.550812423229,-0.425347894430,0.044776711613,0.027350055054,0.344153851271,0.533772647381,0.511871993542,0.561521947384,0.695489883423,0.451533168554,0.360448598862,0.464008390903,-0.010162119754,-0.207510575652,-0.571206629276,-0.580821335316,-0.143792554736,-0.038960967213,-0.230419576168,-0.218948617578,-0.210605725646,0.103460997343,-0.170755714178,-0.232736825943,-0.011734387837,-0.057428941131,0.047694873065,0.240524083376,0.302134752274,-0.185218945146,-0.001049550716,0.177205309272,0.083729445934,-0.167619407177,-0.095895998180,0.096114143729,-0.004934946075,-0.073723733425,-0.119591154158,-0.240544646978,-0.139598473907,0.012133628130,-0.173990800977,-0.398726344109,-0.285617738962,-0.055671457201,-0.285234928131,-0.446602314711,-0.349479764700,-0.201558992267,-0.279118716717,0.015150573105,0.114829070866,0.029864860699,-0.117722541094,-0.090417765081,0.119517065585,0.034347061068,0.150369733572,0.201900616288,0.610002934933,0.517317354679,0.577886700630,0.896908938885,0.696292459965,0.598210930824,0.835405290127,0.525857806206,0.462452590466,0.489835560322,0.309032976627,0.214487001300,0.401080638170,0.146517261863,0.072106190026,0.257102876902,-0.011952529661,0.102020435035,0.115071915090,-0.033643241972,-0.042019069195,-0.221269980073,-0.043698348105,-0.056408200413,-0.219697698951,-0.126036629081,-0.244174867868,-0.435950428247,-0.375595062971,-0.319079875946,-0.309366375208,-0.238540217280,-0.485826700926,-0.691180586815,-0.501788079739,-0.405748069286,-0.467852652073,-0.388284355402,-0.303340703249,-0.211404204369,-0.122221209109,0.011298103258,-0.090224318206,0.087100356817,0.217368111014,0.254612773657,0.301509141922,0.223698332906,0.212515488267,0.064644090831,-0.019817985594,-0.103419840336,-0.062265105546,-0.000358082005,-0.141989797354,-0.279106378555,-0.354262441397,-0.023213589564,0.061429582536,-0.184679761529,-0.092249326408,-0.131733015180,0.016681680456,-0.078551664948,-0.300216764212,-0.085820317268,0.084227465093,0.020410673693,-0.041685681790,-0.033186379820,0.209399774671,0.320499837399,0.355460166931,0.338235199451,0.442144840956,0.557434856892,0.576071619987,0.499199211597,0.201509609818,-0.132124021649,-0.187795475125,-0.634373128414,-0.665769100189,-0.559196472168,-0.590740621090,-0.658574521542,-0.410645961761,-0.350356459618,0.130337730050,0.347664684057,0.187091663480,0.462040990591,0.331588029861,-0.071986824274,0.154502093792,0.222566485405,-0.209144562483,0.070393979549,0.295878618956,-0.138828799129,-0.106375046074,-0.149213165045,-0.621922552586,-0.350842148066,-0.288260132074,-0.535320222378,-0.482130646706,-0.714916884899,-0.861285984516,-0.650696754456,-0.732804536819,-0.413951009512,-0.204057335854,-0.219989925623,0.048818510026,0.258317053318,0.483167827129,0.515753328800,0.506253838539,0.116084411740,-0.006120320875,0.038734592497,-0.196994483471,-0.317194789648,-0.586686491966,-0.775395691395,-0.631047427654,-0.672091066837,-0.458756506443,-0.318734139204,-0.076147988439,0.056404087692,0.364239335060,0.653952360153,0.521667838097,0.432875841856,0.854338347912,0.809396982193,0.377130329609,0.705215752125,0.759035050869,0.159881547093,0.247743353248,0.381180316210,0.121657326818,0.283255189657,0.511637449265,0.374302685261,0.343989193439,0.026148216799,0.007466215175,0.112038500607,0.013965196908,0.153691262007,0.000337502570,-0.118903793395,0.180864334106,-0.301443308592,-0.541930377483,-0.032597806305,-0.178950443864,-0.244117245078,-0.337794780731,-0.369828701019,-0.570712685585,-0.506953537464,-0.778145074844,-0.811142146587,-0.736389458179,-0.715632975101,-0.955794930458,-0.329517751932,-0.450578242540,-0.155037149787,0.249842450023,0.219491913915,0.312033444643,0.452809095383,0.239692673087,0.251336514950,0.227489069104,0.198509126902,0.000535065075,-0.016245396808,0.022357486188,-0.257954865694,0.265276998281,0.365527600050,0.404554456472,0.329748243093,0.443865269423,0.435271292925,0.290433287621,0.216841280460,0.123324260116,-0.119541764259,-0.218746930361,-0.232946738601,-0.068253718317,0.111120656133,-0.052621588111,-0.110811971128,0.077810809016,0.439008504152,0.521606087685,0.603870272636,0.516111373901,0.644543468952,0.622297108173,-0.006000960246,0.089849770069,0.416008979082,-0.224369242787,-0.288416534662,-0.324821531773,-0.292882233858,-0.275262147188,-0.289079189301,-0.364025324583,-0.167500048876,0.081605650485,0.139376208186,0.415276318789,0.185342416167,-0.439366608858,-0.269454628229,-0.283942550421,-0.556027233601,-0.662801504135,-0.810903429985,-0.625281155109,-0.559229373932,-0.564032614231,-0.657224476337,-0.095286853611,-0.122908554971,-0.231609076262,0.161935374141,-0.134128451347,-0.032815948129,0.277711093426,0.144385248423,0.298809111118,0.097258359194,-0.010120960884,0.341881871223,0.122192390263,0.768155813217,0.958622574806,0.198406234384,0.311436653137,0.523433566093,0.067002490163,0.189096093178,-0.100127130747,-0.307168483734,-0.179695427418,-0.229164242744,-0.277591764927,-0.124805971980,-0.042039647698,-0.151234075427,-0.126044854522,0.254353433847,0.510723710060,0.665896654129,0.155317023396,0.051456794143,0.097258359194,-0.080745428801,0.103506274521,-0.002527153352,-0.141483545303,-0.243668615818,-0.196504697204,-0.467399895191,-0.434637427330,-0.587509632111,-0.678429543972,-0.743793964386,-0.475734561682,-0.321668744087,-0.168360278010,0.224826097488,0.058486726135,-0.189281314611,0.026790294796,0.125271067023,-0.016661101952,0.015027095564,-0.391124308109,-0.329851120710,-0.200427144766,-0.348701894283,-0.115738674998,0.194738969207,-0.147784963250,-0.080700151622,-0.371158152819,-0.266964524984,-0.265231758356,-0.250027656555,-0.335786253214,-0.273949176073,-0.018039923161,0.207695782185,0.191894888878,0.367482662201,0.094183795154,0.412761509418,0.642868280411,0.448363929987,0.649548351765,0.523869812489,0.638682425022,0.719242632389,0.629709780216,0.583171486855,0.735842049122,0.760866582394,0.447104454041,0.184317544103,-0.157601341605,-0.187083438039,-0.035149656236,-0.191117003560,-0.714616417885,-0.877576649189,-0.800486087799,-0.499512016773,-0.579578340054,-0.510686635971,-0.299879252911,-0.237021476030,0.055128164589,0.182127922773,-0.099382154644,0.002609470859,0.008515765890,0.008960281499,-0.222249552608,-0.437427997589,-0.447668343782,-0.694197475910,-0.868217110634,-0.670909821987,-0.451537281275,-0.134428918362,-0.000963117054,0.336905747652,0.240137189627,0.277567058802,0.330884218216,0.476611226797,0.392688363791,0.338930785656,0.144475787878,0.113096281886,-0.159408226609,-0.275661408901,-0.382032334805,-0.142940565944,0.087849453092,0.064775794744,-0.258605182171,-0.191219896078,0.077193424106,0.381785362959,-0.001082477742,-0.255740493536,-0.115693412721,-0.308222144842,-0.176678478718,0.179855942726,0.127403095365,0.136540368199,0.340317845345,0.423561573029,0.242125153542,0.158523306251,0.404673814774,0.563069522381,0.081992544234,0.284918040037,0.311556041241,-0.228814393282,-0.016146615148,-0.070286966860,-0.031651154160,0.343186587095,0.303192555904,0.265886157751,0.415634423494,0.176719635725,0.136927261949,0.172953605652,0.031881641597,-0.120628356934,-0.083013281226,-0.223315566778,-0.357867956161,-0.453183591366,-0.347277790308,-0.440646648407,-0.389333903790,-0.237675890326,-0.217816740274,-0.119591154158,-0.363683730364,-0.630714058876,-0.488497942686,-0.338432759047,-0.470964252949,-0.195599198341,0.089446417987,0.068360731006,0.189022019506,0.089796267450,0.019945578650,0.226217269897,0.303665876389,0.303472429514,0.105424277484,0.277439445257,0.118558071554,0.239412799478,0.310370653868,0.101382471621,-0.092125847936,0.040339790285,-0.424619376659,-0.532068669796,-0.235045835376,-0.245047450066,-0.286449134350,-0.013405437581,0.115685172379,0.230353727937,0.315684258938,0.606710255146,0.411749005318,0.288523525000,0.461892843246,0.206131741405,-0.044624425471,0.293656051159,0.152398869395,0.250838488340,-0.020793450996,0.143920153379,0.415893673897,0.009207234718,0.143656730652,0.032630737871,-0.304056882858,-0.409308284521,-0.277999222279,-0.270458906889,-0.403821796179,-0.618275880814,-0.093763977289,-0.163240104914,0.003041638993,0.340301364660,0.486855655909,0.206526875496,0.080247409642,0.225126549602,0.120043896139,-0.327480375767,-0.210239395499,-0.266305983067,-0.543230950832,-0.740966320038,-0.584336280823,-0.670568227768,-0.847337186337,-0.606088757515,-0.404373347759,-0.186260253191,0.139664322138,0.532262146473,0.371808439493,0.467753887177,0.581784427166,0.832334876060,0.691221714020,0.639752566814,0.378673762083,0.410242617130,0.159984454513,-0.130514711142,-0.116117350757,-0.118113555014,-0.389790773392,-0.405855059624,-0.481266289949,-0.433205127716,-0.524421334267,-0.682829439640,-0.440477877855,-0.179448470473,-0.053811080754,-0.126526415348,-0.273788660765,-0.169920191169,0.094554230571,0.396026313305,0.227040439844,0.470861345530,0.577302217484,0.626882195473,0.660183846951,0.486378222704,0.113470822573,0.155053615570,0.023349415511,-0.503339827061,-0.539407312870,-0.520132601261,-0.542597115040,-0.458056807518,-0.122073031962,-0.080428510904,0.210189998150,0.364128202200,0.250525683165,0.303517699242,0.343338876963,0.369013756514,0.052399333566,0.198109880090,-0.043130360544,-0.269536942244,0.137441739440,0.005502937827,-0.118125893176,0.296323120594,-0.491831779480,-0.715637147427,-0.346322894096,-0.713933110237,-0.490432381630,-0.218960955739,-0.566485702991,-0.546428978443,-0.394404679537,-0.228052958846,-0.085379913449,-0.161659613252,-0.197792977095,0.077831380069,0.209029331803,0.137063086033,0.360251039267,0.334942489862,0.505908071995,0.574026048183,0.466716647148,0.391758143902,0.224344536662,0.132712587714,-0.195516884327,-0.052938513458,-0.417931079865,-0.189524158835,0.084490887821,-0.136705011129,-0.211079031229,-0.165112838149,-0.220545575023,0.045665740967,0.155971467495,-0.056679852307,-0.124653689563,0.168780103326,0.189729943871,-0.090397179127,0.007161639631,0.323504447937,-0.023123042658,-0.028963482007,0.014434408396,-0.092323414981,0.167113170028,0.118483982980,0.291388183832,0.105934642255,0.153757110238,0.469568967819,0.205506116152,-0.069974161685,0.243565723300,0.190277352929,0.332139581442,0.166969105601,-0.074011839926,-0.133152991533,-0.442996799946,-0.777791082859,-0.586501240730,-0.693604826927,-0.715410768986,-0.746856153011,-0.683763742447,-0.436242669821,-0.195669159293,-0.055292800069,-0.034552853554,0.577717959881,0.936796009541,0.750358760357,0.689888179302,0.878609716892,0.508377611637,0.229872167110,0.138503640890,0.139602586627,0.106395632029,-0.087590143085,-0.235280454159,-0.171031489968,-0.193368390203,0.084239810705,0.277196615934,0.055408041924,-0.017035648227,0.177304089069,-0.009384217672,-0.351360738277,-0.353509247303,-0.080218598247,-0.155255302787,-0.213968381286,-0.362234890461,-0.276324033737,-0.293396741152,-0.337782442570,0.045694556087,-0.130201905966,-0.282423794270,-0.195381045341,-0.176373898983,-0.180255174637,-0.074061237276,-0.132531493902,-0.199180021882,-0.545095443726,-0.532455563545,-0.500314593315,-0.920678198338,-0.469149172306,-0.213943704963,-0.617576181889,-0.205061629415,0.398355931044,0.515646278858,0.488761305809,0.457871586084,0.861639976501,0.842575132847,0.856453955173,0.941850304604,0.978580415249,0.499446153641,0.457427114248,0.645185530186,0.291511654854,-0.134042024612,-0.216429695487,-0.195936709642,-0.550240278244,-0.646346211433,-0.226509496570,-0.493823856115,-0.541218280792,-0.120908237994,-0.095303319395,0.342692673206,0.461361855268,0.623573005199,0.885277450085,0.923262953758,1.089841008186,1.024233818054,0.729170203209,0.602643787861,0.302233546972,0.156638234854,0.252600073814,0.153576016426,-0.293754816055,-0.277488827705,-0.462897121906,-0.544790863991,-0.408674448729,-0.653092145920,-0.616394877434,-0.428764104843,-0.790694415569,-0.726478338242,-0.833730101585,-0.723029255867,-0.264050483704,-0.354867458344,-0.482130646706,-0.214919149876,-0.042385384440,-0.169006466866,0.026967277750,0.114602699876,-0.053020827472,0.256333202124,-0.092936687171,-0.297101050615,-0.553969264030,-0.663579463959,-0.694839537144,-0.183959469199,-0.321108996868,-0.332633465528,-0.250830262899,-0.208025053144,-0.057457752526,0.214314118028,0.293581962585,0.636332273483,0.590765297413,0.656866431236,0.794666290283,0.654594480991,0.545576989651,0.644259452820,0.375693857670,0.009264856577,0.209613785148,0.207210123539,0.141549393535,-0.099056996405,-0.154535010457,-0.105436623096,0.486213624477,0.298105299473,0.076773598790,0.073188669980,-0.036676649004,-0.012117165141,0.120673626661,-0.107873231173,0.019785057753,0.017768274993,0.107885569334,0.219932317734,0.585995018482,0.239577427506,0.325961619616,0.557702422142,0.167751118541,0.202690869570,0.325632333755,0.026971392334,-0.079469509423,-0.134544163942,-0.403875321150,-0.355785340071,-0.431690484285,-0.897588074207,-0.492906033993,-0.145364820957,-0.044159326702,-0.100456401706,-0.082165412605,-0.033153455704,0.070747949183,0.051234535873,0.121780805290,0.219899371266,0.138371944427,0.077189303935,0.073876015842,0.076892964542,0.371491521597,0.263074994087,-0.114701479673,0.365902155638,0.546861171722,0.277624666691,0.511847317219,0.743686914444,0.351496577263,0.326854765415,0.377101480961,0.345446228981,0.010853588581,-0.399343729019,-0.229777500033,-0.112787596881,-0.394824475050,-0.403150945902,-0.281641781330,-0.669959068298,-0.439922213554,-0.340996950865,-0.414103269577,-0.783030629158,-0.707104921341,-0.178580000997,-0.273693978786,-0.539728343487,-0.029613791034,0.001312967273,-0.413164883852,-0.296619474888,0.149908751249,0.101481251419,-0.394223570824,-0.250291079283,-0.239025905728,-0.337173283100,0.016027254984,0.005597603507,-0.272072345018,-0.216236248612,0.188178256154,-0.009795806371,-0.145294845104,0.152452379465,0.495803624392,0.506377339363,0.532369136810,0.417066723108,0.423701554537,0.393313974142,0.275064587593,0.168273836374,0.068838179111,-0.089088328183,-0.109322018921,-0.127028554678,-0.191886663437,-0.216882452369,-0.104354150593,-0.007009351626,0.167714074254,0.067426428199,0.096764452755,-0.021847117692,0.198031693697,0.084490887821,0.182708248496,-0.237342506647,0.004790890031,0.178901061416,0.026168797165,-0.070282854140,0.041932635009,-0.017282601446,-0.016294788569,0.062199253589,0.145743474364,0.340996950865,0.208551898599,-0.032885920256,0.229975059628,0.079465389252,-0.295187145472,-0.278328478336,-0.027378866449,0.029778428376,0.173978447914,0.403496652842,0.275319784880,0.026209954172,0.178966909647,0.387308895588,0.032552532852,0.140034750104,0.323874861002,0.101674705744,0.106350354850,0.177147701383,-0.124439671636,-0.233806952834,-0.012117165141,0.094801172614,0.133218854666,-0.025666657835,0.048081766814,-0.109655402601,-0.272870838642,-0.399105012417,-0.187667891383,-0.307699441910,-0.042233094573,-0.398537009954,-0.515168845654,-0.494194298983,-0.377784729004,-0.228242293000,-0.166985571384,-0.357744485140,-0.111725687981,-0.084515586495,-0.251406490803,-0.259354263544,-0.175505459309,0.076901197433,-0.185659334064,-0.437448620796,-0.404879599810,-0.284646362066,-0.170282393694,0.126279458404,0.100419364870,0.069632537663,0.189832836390,0.020385976881,0.402360677719,0.523783385754,0.378710776567,0.782783687115,0.631928265095,0.640357613564,0.715653598309,0.437131643295,0.371602654457,0.487464815378,0.269063621759,-0.036894790828,-0.111836828291,-0.237581223249,-0.154428005219,-0.201949998736,-0.403208553791,-0.423899114132,-0.151394590735,-0.058503184468,-0.010750691406,-0.300117969513,-0.185375347733,0.069961816072,0.156708195806,0.064273655415,0.333929985762,0.257535040379,0.342956125736,0.262128353119,0.219549521804,0.094718858600,0.168166831136,0.203275322914,-0.245792418718,-0.501915693283,-0.301957786083,-0.219314917922,-0.252888202667,-0.241548940539,-0.275990664959,-0.009075526148,0.081301078200,-0.057972241193,-0.029119884595,-0.115421764553,-0.272804975510,-0.013932270929,0.224756136537,0.197566583753,-0.150719583035,-0.105691805482,-0.015434568748,0.118685662746,0.298521012068,0.406176090240,0.398203641176,0.027280084789,0.097303636372,-0.154386848211,-0.203592240810,-0.125793784857,-0.147398069501,-0.149340778589,0.117636114359,0.203633412719,0.259222537279,0.283189356327,0.441284596920,0.514901340008,0.373689413071,0.426607370377,0.541489899158,0.592037081718,0.536559104919,-0.012458783574,-0.022719684988,-0.032725401223,-0.124851249158,-0.053535316139,-0.058437332511,0.019846796989,-0.153234392405,-0.028671253473,-0.060112494975,-0.053547665477,0.120476074517,0.200048476458,-0.017887635157,-0.145665287971,0.257971316576,0.207061946392,-0.027868656442,-0.095319777727,-0.126077786088,-0.428052008152,-0.246302783489,-0.164252623916,-0.097052566707,0.070431023836,-0.095690205693,-0.055379234254,0.004198202863,-0.285728842020,-0.129720345140,-0.165174573660,-0.426981925964,-0.367676109076,-0.154127553105,-0.435995697975,-0.487641811371,-0.080160975456,-0.287239372730,-0.313309401274,-0.087252646685,-0.176662012935,-0.069101594388,-0.158473908901,-0.097554706037,-0.003848352470,-0.197838246822,-0.602487325668,-0.416325896978,-0.255168408155,-0.391972213984,-0.433991253376,0.024814669043,0.119866915047,-0.081687971950,0.029181623831,0.154674962163,0.238346770406,0.370919406414,0.488230377436,0.329554796219,0.321133702993,0.356196910143,0.525968968868,0.594732999802,0.850531101227,0.975654065609,0.680927872658,0.291013658047,0.373755276203,0.245664820075,0.061281409115,-0.014858344570,-0.003650789848,0.122385837138,-0.368651598692,-0.202974870801,0.339173614979,-0.042261905968,-0.333127379417,0.175563067198,-0.236939147115,0.012405277230,0.349586784840,-0.057980470359,-0.064792260528,0.219899371266,0.034882124513,-0.398862183094,0.053012598306,0.101094365120,-0.273624032736,-0.213478595018,-0.201665997505,-0.819131016731,-0.824987947941,-0.597778797150,-0.432563066483,-0.530965626240,-0.420005500317,-0.244565874338,0.066335715353,-0.139857769012,-0.065327323973,-0.129218205810,0.288103699684,-0.025559645146,-0.104201860726,0.234165027738,0.234568387270,0.094488367438,-0.089199461043,-0.000880799373,0.041846204549,-0.259605318308,-0.231510296464,-0.238713100553,-0.142100930214,-0.430307537317,-0.452401608229,-0.270607084036,-0.238198608160,-0.317532300949,-0.260568439960,-0.116557739675,0.344112664461,0.355546593666,0.506286740303,0.626170158386,0.483715265989,0.419075280428,0.308888912201,0.145982205868,0.168162718415,-0.105732969940,-0.233605280519,0.052683323622,0.017229095101,-0.351624161005,0.032177988440,0.314284861088,0.346812695265,0.565049231052,0.683496236801,0.794299900532,0.834944307804,0.577499806881,0.615049004555,0.493301153183,0.086450047791,0.152020201087,0.262161284685,-0.093714587390,-0.254205286503,-0.441848486662,-0.553434252739,-0.161293298006,-0.321006089449,-0.601569533348,-0.643823206425,-0.562028169632,-0.546996951103,-0.389095187187,-0.187149286270,-0.282633721828,-0.086960420012,0.018093429506,-0.328365296125,0.034540504217,0.179855942726,0.043212674558,0.156099051237,0.219738870859,-0.161478519440,-0.118558071554,-0.062697276473,-0.064220152795,-0.076806530356,-0.134947523475,-0.171743527055,-0.005428852048,-0.224291026592,-0.166528701782,0.243919685483,0.121533848345,-0.181773930788,0.564193189144,0.629965007305,0.248537719250,0.176633194089,0.107239373028,0.127061486244,-0.070682093501,-0.120183840394,-0.241948187351,-0.129675075412,-0.227061018348,-0.317939758301,-0.091813050210,-0.127271384001,0.055041730404,0.108420640230,-0.158766150475,-0.433365643024,-0.277838677168,0.140705645084,0.047398529947,-0.054823584855,0.191516250372,-0.094829991460,0.001535225078,-0.014792490751,0.066187545657,0.202476844192,0.216993570328,-0.020583540201,0.210004806519,-0.047357372940,0.187486782670,0.179588422179,0.285634189844,0.383378207684,0.346108883619,0.325558274984,0.629162430763,0.578615248203,0.317791581154,0.521573126316,0.677602231503,0.573536217213,0.546075046062,0.537979066372,0.259708225727,0.318828791380,0.274550110102,0.441498607397,-0.011038803495,-0.095863074064,0.181798636913,0.153855890036,0.220072254539,0.312576770782,-0.050184983760,0.040397409350,-0.216289758682,-0.176830753684,-0.377364903688,-0.561756551266,-0.503010511398,-1.089729905128,-1.066874384880,-0.613131046295,-0.732643961906,-0.571795165539,-0.499055176973,-0.937154054642,-0.981646776199,-0.541646361351,-0.231123387814,-0.462777763605,-0.477533221245,-0.587978839874,-0.665740251541,-0.453290641308,-0.354488849640,-0.506714820862,-0.402689933777,-0.353295236826,-0.151098251343,0.136968418956,0.230477198958,0.470062881708,0.547157526016,0.338597387075,0.626466512680,0.831980884075,0.753486812115,0.922040522099,0.799918115139,0.528298556805,0.380324244499,0.892467856407,0.720045268536,0.632475674152,0.431068986654,0.103374563158,0.198179870844,0.072287283838,-0.088594421744,0.047476734966,0.127246692777,0.010137423873,0.473433792591,0.412086516619,0.118224672973,0.470737904310,0.302501082420,0.238289147615,0.621564447880,0.246352180839,-0.056519329548,-0.017764160410,0.056083045900,-0.180613264441,-0.210128262639,-0.210745662451,-0.076028630137,-0.204670608044,-0.468227177858,-0.751268327236,-1.000160098076,-0.914101004601,-0.617497980595,-0.453977972269,-0.429167449474,-0.251060754061,0.055654995143,0.172858938575,0.052201770246,0.127291977406,0.277052581310,0.344133257866,0.046945784241,-0.082437060773,0.140870273113,-0.059733837843,-0.019175907597,0.005441199988,-0.024250794202,0.112795822322,-0.104387074709,-0.329390168190,-0.604923963547,-0.711817622185,-0.691217601299,-0.517453134060,-0.025045158342,-0.092652685940,-0.001613426954,-0.065874740481,0.001864495804,0.369997471571,0.537740409374,0.617477357388,0.375574499369,0.413214296103,0.310588777065,0.271656632423,-0.057058509439,-0.131449013948,-0.400796651840,-0.474063515663,-0.431789249182,-0.550503730774,-0.349533289671,-0.386353999376,0.053650561720,0.136429235339,-0.109247930348,0.481875449419,0.513604819775,0.427125960588,0.303241938353,0.297426193953,0.240799829364,0.249649003148,0.285877019167,0.402681708336,0.358308374882,0.354867458344,0.165158107877,0.399121463299,0.651816248894,0.787796854973,0.289272636175,0.302846819162,0.389148682356,0.293005734682,0.352863043547,0.313906192780,-0.304707169533,-0.289634823799,-0.088413320482,-0.195747375488,-0.267079770565,-0.398108959198,-0.383188873529,-0.385831296444,-0.357160001993,-0.425845891237,-0.295425862074,-0.290898382664,-0.194454982877,-0.382575601339,-0.322627753019,-0.030198246241,0.094117939472,-0.204637676477,-0.490490019321,-0.486374109983,-0.397335171700,-0.042183704674,-0.198105767369,-0.467597454786,-0.286465585232,-0.412600994110,-0.430735588074,-0.505113720894,-0.331197023392,-0.079424232244,-0.122513428330,-0.305979013443,-0.125859647989,0.050658311695,0.221068307757,0.240754574537,0.417959868908,0.477586686611,0.781907021999,0.582134306431,0.692596435547,0.729297757149,0.545400023460,0.350282371044,0.220092833042,0.280394673347,0.248652949929,0.096571005881,0.012380582280,-0.153913512826,-0.039384905249,0.196113675833,0.320936113596,0.555599212646,0.641596496105,0.686043918133,0.625968515873,0.544860839844,0.612122654915,0.441799074411,0.013240802102,-0.250035911798,-0.286852478981,-0.285996377468,-0.246986031532,-0.214647516608,-0.051218073815,-0.114219926298,-0.412111222744,-0.169969573617,0.222064346075,-0.095274500549,0.072735913098,0.382497400045,0.370310276747,0.024234330282,0.092339880764,-0.043463744223,-0.216734275222,-0.312515020370,-0.259234875441,-0.328101873398,-0.492152810097,-0.543387353420,-0.417478293180,-0.487296104431,-0.562509775162,-0.396524339914,-0.105523064733,-0.329307824373,0.082708708942,0.021155647933,0.104387074709,0.296236723661,0.379850894213,0.261206418276,0.009240161628,0.007132828701,-0.115495845675,-0.274640649557,-0.169615611434,-0.308880686760,-0.418108075857,-0.399796485901,-0.315379679203,-0.119492366910,-0.056441131979,0.028473690152,0.420009613037,0.469112098217,0.376488208771,0.461291939020,0.754927396774,0.461250752211,0.347862243652,0.424380689859,0.070756182075,-0.053806964308,-0.125785559416,-0.389556139708,0.046608280391,-0.167063772678,-0.561386108398,-0.195352256298,-0.077193424106,-0.395248413086,-0.518173456192,-0.552627503872,-0.299126058817,-0.061548944563,-0.046797610819,0.441646814346,0.625890254974,0.251937419176,0.240507632494,0.482879728079,0.544597387314,0.653437912464,0.599046468735,0.186680078506,-0.153530746698,-0.081403970718,-0.077897243202,-0.121249854565,-0.392457842827,-0.550647795200,-0.321104854345,-0.153098568320,-0.311387270689,-0.150361508131,-0.383283525705,-0.234942942858,-0.157395556569,-0.032704822719,-0.141845747828,-0.133486390114,0.074760936201,0.331242293119,-0.072085604072,0.356941878796,0.299352437258,0.385489642620,0.721901476383,0.424323052168,0.345302164555,0.549466490746,0.163128986955,0.038755171001,0.089018352330,-0.271360307932,-0.266198962927,-0.304460257292,-0.245397299528,-0.333440184593,-0.713513314724,-0.625293493271,-0.405912667513,-0.555990219116,-0.074999652803,0.086236022413,-0.127633601427,0.083470150828,0.059355176985,0.264239817858,0.228127032518,0.155477553606,0.159832164645,0.016401801258,-0.267528414726,-0.106058120728,-0.224805518985,-0.224361002445,0.077251046896,0.126633435488,0.136947840452,0.129971414804,0.003329750849,-0.231399163604,-0.263021498919,-0.029671415687,-0.106531448662,-0.105963453650,-0.211968064308,0.114944323897,-0.007540300954,0.195055902004,0.185330078006,0.480558365583,0.713200569153,0.792460143566,0.706989645958,0.767579555511,0.723272144794,0.653462588787,0.622070729733,0.496252238750,0.287194103003,0.132037580013,-0.069509059191,-0.213655591011,-0.416412323713,-0.561505496502,-0.312848418951,-0.162458091974,-0.421022117138,-0.180205792189,-0.197085037827,-0.091631941497,0.034318245947,-0.197212621570,-0.140075907111,-0.094233185053,-0.349965453148,-0.203468784690,-0.274373114109,-0.412045359612,-0.347372442484,-0.330987125635,0.154674962163,0.160342529416,-0.075551182032,0.138927578926,-0.105893485248,-0.222953364253,0.112976931036,-0.244347751141,-0.517300903797,-0.286691963673,-0.633265972137,-0.726766526699,-0.899938225746,-1.124858975410,-0.626985132694,-0.440901815891,-0.265281140804,0.014347974211,0.274369001389,0.145480066538,0.166063606739,0.226348981261,0.278019785881,0.232786223292,0.327723205090,0.025522602722,0.090952821076,0.348487854004,0.431723386049,0.310317128897,0.463362216949,0.271039247513,0.399351984262,0.350973844528,0.252521902323,0.214272961020,0.306641638279,0.005807513837,0.191137567163,0.260263860226,0.284757494926,0.265211164951,0.407892405987,0.501450598240,0.728659808636,0.686871230602,1.113400340080,0.935318410397,0.564246654510,0.695477545261,0.582529425621,0.408147633076,0.173916727304,-0.103012368083,-0.291046559811,-0.584933102131,-0.762727022171,-0.725173652172,-1.012491226196,-0.731779634953,-0.579368412495,-0.520449519157,-0.537262916565,-0.521103978157,-0.377904057503,-0.302822113037,-0.234354361892,-0.143669083714,-0.118092969060,-0.364906132221,-0.160931110382,-0.157181531191,-0.080346189439,-0.045719251037,0.107972010970,-0.033733792603,-0.089080095291,-0.113952390850,-0.579747080803,-0.567160725594,-0.466255694628,-0.954955279827,-0.832478880882,-0.988693177700,-0.804696679115,-0.488020479679,-0.149871721864,-0.058350898325,0.128390908241,0.315964132547,0.824650526047,0.892542004585,0.743649840355,0.823518574238,1.084366917610,1.090569496155,0.795995652676,0.753881990910,0.833915352821,0.546453714371,0.426685571671,0.402615845203,0.315301477909,0.040080487728,-0.073859557509,0.125513911247,-0.049032535404,-0.116821162403,0.133498728275,0.131370812654,0.151020050049,0.379048317671,0.495766580105,0.274669468403,0.402829855680,0.321960985661,0.340338408947,0.288770496845,0.335749179125,0.169360429049,-0.123867563903,-0.172216847539,-0.238009288907,-0.600795745850,-0.526038885117,-0.708475470543,-0.803087353706,-0.470499157906,-0.513777673244,-0.451022803783,-0.372952699661,-0.623959898949,-0.255226016045,0.035038527101,-0.354221284389,-0.298389315605,-0.256460785866,-0.074810326099,0.027749296278,0.090187266469,-0.241956412792,0.010236205533,0.143405660987,-0.051399167627,0.136713236570,0.337177425623,0.260568439960,0.287519276142,0.261704415083,0.248356610537,0.310485899448,0.430772632360,0.419923156500,0.081601537764,0.026773832738,0.136984884739,-0.092413969338,0.010009832680,0.125139370561,0.028720645234,0.183589056134,0.201196804643,0.386823207140,0.357946157455,0.314004987478,0.337539613247,0.209543809295,0.261292845011,0.133856803179,-0.068755857646,-0.177332893014,-0.232041254640,-0.315581381321,-0.142821207643,-0.058108065277,-0.221438720822,-0.083367243409,-0.097748152912,-0.103654451668,-0.119405940175,-0.031540028751,-0.162198781967,-0.082568764687,0.038430016488,-0.018171630800,-0.121805496514,-0.343157798052,-0.032017469406,-0.047464385629,-0.019348774105,-0.032256189734,-0.267384350300,-0.249953567982,-0.198517352343,-0.261424541473,-0.101909317076,-0.032997049391,-0.034231815487,-0.135215058923,0.064759328961,-0.114907272160,-0.154399201274,-0.052963208407,0.116545401514,0.239540383220,0.119784601033,0.000572108023,0.106527335942,0.008770950139,-0.001979740569,0.001057782443,-0.097287170589,-0.069402053952,-0.111441701651,0.010129192844,0.003000480123,-0.192923873663,0.022229893133,-0.068862870336,0.201073333621,0.436078011990,0.084593780339,-0.067463465035,0.113627240062,0.035458348691,-0.055967804044,-0.319211572409,-0.160926982760,-0.180991932750,-0.150085732341,0.060297712684,0.345269232988,0.029963642359,-0.422318607569,-0.102514348924,-0.126884505153,-0.454685926437,-0.279036432505,-0.208971709013,-0.004074725788,-0.231707856059,-0.276599824429,-0.071974478662,0.045974433422,-0.020270733163,0.244306579232,0.318886429071,0.322738885880,0.392922937870,0.560402452946,0.060371797532,-0.014187456109,0.316569149494,-0.094126164913,-0.294763207436,-0.098871789873,-0.360086441040,-0.600610494614,-0.348854184151,-0.216775432229,-0.245640128851,0.076938241720,0.298076480627,0.061960533261,0.347886949778,0.454109698534,0.385057479143,0.557599544525,0.416408210993,0.296203762293,0.241742372513,-0.048015914857,0.022143462673,-0.201752439141,-0.449779778719,-0.197459578514,-0.419034123421,-0.722667038441,-0.420762777328,-0.600437641144,-0.580352127552,-0.579685330391,-0.377167344093,-0.085840895772,-0.182889357209,0.162412822247,0.390815615654,0.284045457840,0.643687367439,0.648902177811,0.403529584408,0.659208357334,0.420137196779,0.298092961311,0.400224506855,0.008626895025,-0.315424948931,-0.486386448145,-0.563069522381,-0.875773906708,-0.671823501587,-0.989586293697,-0.647264063358,-0.201357319951,0.116689458489,0.413778126240,0.671535432339,0.605450809002,0.807762980461,0.959338665009,0.669535100460,0.683360338211,0.376624077559,0.156164899468,0.483414798975,0.466827780008,-0.078259438276,-0.100612811744,-0.059499230236,-0.309230536222,-0.338099360466,-0.278205007315,-0.295084238052,-0.325414210558,-0.503636181355,-0.030539866537,-0.182148486376,-0.293594300747,-0.239050582051,-0.497729837894,-0.369902789593,-0.318935811520,-0.363630175591,0.090755261481,-0.156370699406,-0.215849354863,0.193384841084,0.094694159925,0.238161578774,0.393350988626,0.469507217407,0.459217518568,0.321981549263,0.043764207512,0.032980587333,0.086038462818,0.242717847228,0.257971316576,0.370302051306,0.477648437023,0.472478896379,0.625453948975,0.600211262703,0.462818890810,0.108852803707,-0.352052211761,-0.192183002830,-0.003152767895,-0.113203302026,-0.260128051043,-0.272166997194,-0.065249122679,0.192010149360,0.264457941055,0.127534806728,0.222179576755,0.051823105663,-0.215676501393,-0.340663552284,-0.411283910275,-0.742061078548,-0.737093269825,-0.553076148033,-0.386905550957,-0.291392296553,-0.173233479261,0.048242285848,0.126843348145,-0.047888323665,0.236688077450,0.624206900597,0.581673324108,0.286576718092,0.257798433304,0.334358006716,-0.079481855035,-0.046748220921,0.016957446933,-0.076362013817,-0.212927073240,-0.024612991139,-0.173356950283,-0.146488457918,0.088664390147,0.029918367043,0.008342899382,-0.259424209595,-0.274175554514,-0.129300534725,-0.099056996405,0.089417591691,0.030404040590,-0.032190337777,-0.121019363403,-0.067056000233,-0.122151233256,0.000921958243,-0.234251469374,-0.480574816465,-0.688739836216,-0.485616803169,-0.204259008169,0.181893303990,0.120887652040,0.199579268694,0.556862771511,0.588052928448,0.619247198105,0.913039088249,0.915245175362,0.625964343548,0.459336876869,0.286963611841,0.215598285198,-0.162873804569,-0.036561403424,-0.459884285927,-0.771172761917,-0.764455616474,-0.939409554005,-1.045533537865,-1.017508506775,-0.930630445480,-0.133420526981,-0.042591176927,0.270557671785,0.687467992306,0.546124458313,0.772917926311,0.991294384003,0.618773877621,0.518897831440,0.848609030247,0.270751148462,-0.188211187720,0.016801042482,0.166652172804,-0.180567979813,-0.111268833280,-0.386864364147,-0.346874415874,-0.878572702408,-1.029358148575,-0.994319558144,-0.897773265839,-0.638032138348,-0.322561919689,-0.294829070568,-0.226612389088,0.276402264833,0.317441731691,0.107511028647,0.272697955370,0.350500553846,0.366330206394,0.284741044044,0.175690650940,-0.158510968089,-0.291334688663,0.113483175635,0.059124685824,-0.333810597658,-0.256958812475,-0.077954858541,-0.110556788743,-0.438259422779,-0.312893688679,-0.009853428230,0.091981790960,0.362527132034,0.636529803276,0.480743587017,0.662114143372,0.637641131878,0.407089829445,0.488497942686,0.334218084812,0.572663664818,0.409880399704,0.368141204119,0.392758309841,0.408184647560,0.085186466575,0.184885546565,-0.063425786793,-0.122081264853,-0.000288111944,-0.318697094917,-0.623836457729,-0.663686454296,-0.401105314493,-0.946805834770,-0.937816739082,-0.466938883066,-0.447178542614,-0.592629790306,-0.329451888800,-0.369421243668,-0.254732131958,0.126761019230,0.071048408747,0.062536753714,0.115981519222,-0.004893787205,-0.003288591979,0.060771040618,-0.350183576345,-0.343412965536,-0.291293501854,-0.176954239607,-0.231111049652,0.163071349263,0.211317762733,0.442177742720,0.626507639885,0.501598775387,0.450714111328,0.464214175940,0.330447942019,-0.088606767356,-0.234012737870,-0.347693502903,-0.217104688287,-0.432513654232,-0.331464558840,0.231148093939,0.469663649797,0.279699087143,0.386559784412,0.306855678558,0.249043971300,0.368684500456,0.297249197960,0.131004497409,0.216964751482,0.203172430396,-0.283901393414,-0.450726449490,-0.239470422268,-0.023271214217,-0.170735135674,-0.178789928555,-0.331155866385,0.049736354500,-0.139791905880,-0.236066594720,-0.131613641977,-0.210008919239,-0.379945576191,-0.427434653044,-0.422051072121,-0.504718601704,-0.280085980892,-0.498104393482,-0.486419409513,-0.283469229937,-0.213396295905,0.140257000923,0.107679776847,-0.292141377926,0.226587682962,0.354863345623,0.267347306013,0.394532263279,0.378525614738,0.136083498597,0.338527411222,0.379941463470,0.002247272991,-0.027078408748,0.054016873240,0.174468249083,0.209082826972,-0.115528769791,0.153621286154,0.215729996562,0.109058596194,0.333399027586,0.285543620586,0.414177358150,0.522330462933,0.353068828583,0.368104159832,0.335876792669,0.171142607927,0.317429393530,0.067722767591,0.019953809679,0.150538489223,0.060503508896,-0.137145400047,-0.228752657771,-0.371927797794,-0.520906388760,-0.716019868851,-0.633652865887,-0.616057395935,-0.710562229156,-0.410082072020,-0.177242368460,-0.304003357887,-0.092249326408,0.068315461278,0.108144879341,0.144117712975,-0.078041292727,0.267404913902,0.451384961605,0.260514944792,0.746526837349,0.432237863541,0.203670457006,0.371475070715,0.266935706139,0.133667483926,-0.303707033396,-0.081881411374,-0.049460589886,-0.490835726261,-0.508464097977,-0.551042914391,-0.604125440121,-0.377360790968,-0.186334341764,-0.246508583426,-0.128246858716,-0.252126753330,0.065335556865,0.242841318250,-0.022760843858,0.168047457933,0.271557837725,0.341453820467,0.342268764973,0.191071733832,0.207485869527,0.083988748491,0.004543936811,-0.043871216476,-0.058033980429,-0.200180187821,-0.089067742229,0.155403465033,-0.094513066113,-0.241120889783,0.036944184452,0.139907151461,-0.035701185465,0.000172867163,0.059054717422,-0.048406921327,-0.061470739543,0.014261540957,0.157074511051,0.244096681476,0.293791860342,0.673737466335,0.496569186449,0.524511933327,0.367326259613,0.018138704821,-0.046414833516,-0.243454590440,-0.176283344626,-0.128382682800,-0.412633925676,-0.424483567476,-0.393157541752,-0.474705576897,-0.627709507942,-0.493976175785,-0.299768120050,-0.329130858183,-0.471729785204,-0.417568862438,-0.249784827232,-0.098814159632,-0.372290015221,-0.191495656967,-0.091508463025,-0.165063440800,-0.047645483166,-0.015150573105,-0.167277798057,-0.287741512060,0.100308224559,0.090179041028,0.093739278615,0.207288309932,0.033988978714,-0.088936038315,-0.174101933837,-0.357744485140,-0.203036606312,-0.269092440605,-0.145443022251,-0.060746341944,-0.237671777606,-0.121723182499,-0.023929754272,-0.153238505125,0.475442349911,0.404171675444,0.088684968650,0.418486684561,0.179250910878,0.228723838925,0.071237735450,-0.208819419146,0.008972628973,0.144912078977,0.050176750869,0.272212296724,0.314931064844,0.368976742029,0.681676983833,0.528088629246,0.327052325010,0.605426073074,0.833507835865,0.410596549511,0.563110649586,0.381875902414,0.207333579659,-0.047781307250,-0.202530354261,-0.460567533970,-0.476100862026,-0.711545944214,-0.521881878376,-0.409468799829,-0.637225389481,-0.185432970524,0.068187862635,-0.100481092930,0.046369560063,0.082054279745,-0.005836324301,0.098464310169,-0.094834104180,-0.328167736530,-0.314976304770,-0.419750273228,-0.358493596315,-0.287580996752,-0.547951877117,-0.689809978008,-0.462995886803,-0.926926076412,-0.640781521797,-0.120447248220,-0.267314374447,-0.134856969118,0.192985609174,0.136968418956,0.150431469083,0.436851799488,0.378035813570,0.279201060534,-0.084770768881,-0.186284959316,-0.358518272638,-0.200978666544,-0.665596187115,-0.404842585325,-0.326076865196,-0.396911233664,-0.289651274681,-0.203135386109,-0.348969399929,-0.042154893279,-0.038965083659,0.155872687697,0.679779529572,0.613661944866,0.771386802197,0.974682688713,0.846213579178,0.903506755829,0.990294277668,0.886619210243,0.873065650463,0.886438190937,0.282596647739,0.586900532246,0.436777710915,0.048312257975,-0.190170347691,-0.331320494413,-0.582397699356,-0.392964094877,-0.535900533199,-0.571840465069,-0.513172626495,-0.460559278727,-0.269738644361,-0.240507632494,-0.133556351066,-0.109906472266,-0.219105005264,-0.212149173021,-0.077642053366,0.291593968868,0.305649727583,0.037117052823,0.135449647903,-0.096747994423,-0.215248435736,-0.108984507620,-0.410971105099,-0.343412965536,-0.342104136944,-0.653149783611,-0.638270854950,-0.619769930840,-0.699922680855,-0.124077469110,-0.039162646979,0.079160816967,0.026580385864,0.146451413631,0.120546035469,0.251846879721,0.011026456021,0.278044492006,0.392075091600,0.599725604057,0.333946436644,0.102185077965,0.257798433304,0.151110604405,0.142236754298,0.312004655600,-0.086676418781,-0.275640815496,-0.141998022795,-0.647548079491,-0.746168792248,-0.728565096855,-0.697276175022,-0.322331398726,-0.253349184990,-0.216520234942,-0.036808360368,-0.066031143069,0.053469460458,0.343384146690,0.576359689236,0.515810966492,0.623149096966,0.480830043554,-0.064755216241,0.086968645453,0.241190850735,-0.004486314487,-0.236111849546,-0.061738274992,-0.450973391533,-0.231304496527,0.000522717368,-0.143076390028,-0.095447368920,0.045414675027,0.047740150243,0.166874438524,0.234872981906,0.094854690135,0.004832048900,0.006009191740,0.018978344277,0.104053691030,0.368363469839,0.505796968937,0.355307877064,0.184276401997,0.382509768009,0.462518453598,0.296434283257,0.310086637735,0.017661262304,-0.194010466337,-0.217092350125,-0.168874755502,-0.240655794740,-0.398578196764,-0.452282220125,-0.309201747179,-0.274961709976,-0.082918614149,0.108284808695,-0.146188005805,0.000312807271,0.195772066712,-0.037759128958,0.069278575480,0.219417840242,0.364601552486,-0.012858024798,-0.127147912979,-0.059375755489,-0.489642113447,-0.570329904556,-0.394046574831,-0.532155096531,-0.593411803246,-0.400981873274,-0.340478360653,-0.644263565540,-0.521931231022,-0.473018050194,-0.323166936636,-0.053802847862,-0.143072277308,-0.093019001186,0.006474286783,0.238009288907,0.330736041069,0.362687677145,0.605936467648,0.750498712063,0.744139611721,0.485970735550,0.300525456667,0.332415312529,0.603158235550,0.353673845530,0.120035670698,0.277274817228,0.127403095365,0.224838435650,0.460419356823,0.267157971859,0.142969384789,0.175381973386,0.056646920741,0.116203777492,-0.156794637442,-0.165396839380,-0.507196366787,-0.757738590240,-0.918101668358,-1.037347078323,-0.948180556297,-0.747699916363,-1.038026213646,-0.924678862095,-0.516078472137,-0.147517427802,0.193257257342,0.524022102356,0.929243326187,1.038655877113,1.063602328300,1.050275087357,1.038894653320,0.590040922165,0.269211798906,0.082482330501,-0.068154938519,-0.669391036034,-0.733170807362,-0.709047555923,-1.070348143578,-1.176180005074,-1.126752257347,-1.265597581863,-1.067438244820,-0.666970908642,-0.273681640625,-0.068196095526,0.298088848591,0.440342068672,0.534542322159,0.390646845102,0.343219518661,0.477282136679,0.375426352024,0.218804553151,0.193487748504,-0.047032218426,-0.198410347104,-0.255929827690,-0.290330410004,-0.295253008604,-0.239503338933,-0.261585056782,-0.275529682636,-0.152172490954,0.214783340693,0.391140758991,0.513888776302,0.760166943073,0.809302330017,0.766501247883,0.802157104015,0.803820014000,0.866270244122,0.720333337784,0.564361929893,0.198636725545,0.022221662104,-0.162548646331,-0.284823358059,-0.262963891029,-0.151904955506,-0.153254970908,-0.201748326421,-0.408555090427,-0.498248428106,-0.486534625292,-0.773494184017,-0.748852372169,-0.698527455330,-0.900193452835,-0.742538571358,-0.547136962414,-0.514481484890,-0.416416436434,-0.269380569458,-0.093833945692,0.018200444058,0.318404853344,0.445359319448,0.490144252777,0.397590368986,0.466416180134,0.706742703915,0.363593161106,-0.059737950563,0.189050823450,-0.198558524251,-0.301607936621,-0.165400952101,0.045357048512,-0.212112128735,-0.058317970484,0.075563527644,-0.114993713796,-0.150554955006,-0.070319898427,-0.023267097771,0.029947178438,-0.120891772211,0.105872914195,0.319153934717,0.368219405413,0.656158447266,0.515691578388,0.778075098991,0.670741081238,0.370380252600,0.178510040045,-0.154160469770,-0.145632356405,0.117796622217,-0.315766572952,-0.451985895634,-0.356390386820,-0.176596164703,-0.181049540639,-0.009931630455,0.157868877053,0.229831010103,0.246039375663,0.194615498185,0.159704566002,0.324377000332,0.446561157703,0.147085264325,-0.157605469227,-0.303077310324,-0.153781816363,-0.021674251184,-0.267339080572,-0.235181674361,-0.152501761913,-0.058733679354,-0.114355742931,0.022855509073,0.230250835419,0.087656006217,-0.245142117143,0.135206818581,0.325932800770,-0.052263509482,0.080926530063,0.106255687773,-0.150480866432,-0.197554245591,0.030288796872,0.222442999482,0.233843997121,-0.048925526440,0.038220107555,0.334497958422,0.212169751525,0.122295290232,0.106840133667,-0.176110491157,-0.043319687247,0.268092274666,0.130341842771,-0.217014133930,-0.233778148890,-0.237433061004,-0.262132465839,-0.343808114529,-0.272767931223,-0.529697954655,-0.535698890686,-0.741958200932,-0.433657884598,-0.194039270282,-0.249426752329,-0.352517306805,-0.287399888039,-0.345059335232,-0.006062698551,0.006955845281,0.086828708649,0.269672781229,0.635883629322,0.351031482220,0.411506146193,0.771271526814,0.473026275635,0.551816701889,0.439885199070,0.262428820133,0.355460166931,0.269174754620,0.008445796557,-0.283876717091,-0.221862673759,-0.013874648139,-0.300825923681,-0.390465766191,-0.246150493622,0.008132988587,-0.234543696046,0.013405437581,0.119344197214,0.090833462775,0.085227631032,0.068727046251,0.020431252196,0.255431830883,0.025646079332,-0.125859647989,0.105675347149,-0.043924726546,0.043513134122,0.207033127546,-0.107819721103,-0.027699904516,0.049160130322,-0.159733384848,-0.080873019993,-0.386728554964,-0.518202245235,-0.594292640686,-0.667938113213,-0.694456756115,-0.500931978226,-0.397199362516,0.102234467864,0.115360021591,0.177114754915,0.222722887993,0.209436789155,0.469391971827,0.542132019997,0.243602767587,0.286317437887,0.439551830292,0.191302224994,-0.324418157339,-0.143611460924,-0.180856093764,-0.323718458414,-0.340326070786,-0.370236188173,-0.402562379837,-0.675585448742,-0.378105759621,-0.297813087702,-0.864780366421,-0.614168226719,0.064870461822,0.120694205165,0.432731777430,0.573923110962,0.595897793770,0.839718759060,1.058490276337,0.780561149120,0.703960359097,0.760479688644,0.517728924751,0.161980658770,-0.129794433713,-0.394528150558,-0.237688243389,-0.694493830204,-0.843986928463,-0.631664872169,-0.717452287674,-0.509600043297,-0.077728487551,0.227015748620,0.188326433301,0.357608675957,0.497038364410,0.483011454344,0.551882505417,0.690624892712,0.565995931625,0.389239221811,0.761648595333,0.461123168468,0.338033497334,0.474713802338,0.436641901731,0.064059630036,0.042438890785,-0.033190496266,-0.301101684570,-0.530088961124,-0.363654881716,-0.682491898537,-0.796806573868,-0.281230181456,-0.421067357063,-0.432723551989,-0.205263301730,-0.313778579235,-0.367355078459,0.351274311543,0.157930612564,0.190182685852,0.126374125481,0.057400133461,0.185124278069,-0.023295909166,-0.161746039987,-0.259720563889,-0.564633548260,-0.542667090893,-0.242594361305,-0.519692242146,-0.589423537254,-0.200122550130,-0.189590007067,-0.363370925188,-0.077090524137,-0.072970524430,-0.052189420909,-0.363198041916,-0.404505044222,0.139915391803,0.073608480394,-0.194627851248,0.476709991693,0.481525629759,0.446684628725,0.717760980129,1.011824369431,0.894958019257,0.896489143372,0.699519336224,0.522161722183,0.160939335823,0.065652482212,0.012895067222,-0.048588022590,-0.275381505489,-0.233975723386,-0.414765954018,-0.567201852798,-0.118068277836,-0.192899182439,-0.294248729944,0.352196276188,0.389893680811,0.148459970951,0.470005244017,0.414387285709,0.183041632175,0.001893306966,0.178892835975,-0.023818625137,-0.094871141016,-0.511505723000,-0.091327369213,0.128913626075,-0.305497437716,0.236095383763,0.441132336855,0.133416414261,0.242162212729,0.516119658947,0.108367137611,0.061252597719,0.308148056269,0.015533350408,-0.328900367022,-0.414749503136,-0.500582158566,-0.625429272652,-0.456225275993,-0.382419228554,-0.410481303930,-0.034268859774,-0.237461879849,0.127131462097,0.296232581139,0.232691556215,0.621502757072,0.655442297459,0.500331044197,0.588011801243,0.638641297817,0.317063063383,0.300035655499,0.419083505869,-0.079127885401,-0.263149112463,0.196953326464,0.050790019333,-0.298068255186,-0.391906321049,-0.650272786617,-0.555755555630,-0.141388878226,0.219627737999,-0.213840812445,0.041615713388,0.475355893373,0.627318501472,0.522421061993,0.786496162415,0.481192201376,0.415696114302,0.040068138391,0.172113955021,-0.033956050873,-0.028938787058,-0.082358859479,-0.382489174604,-0.630837559700,-0.154032871127,0.105975806713,-0.148591682315,-0.168022766709,-0.234572514892,-0.300830036402,-0.271689563990,-0.184527471662,-0.101538881660,-0.001736903447,-0.052296433598,0.141129583120,0.140878513455,0.204152002931,0.326628386974,0.405126541853,0.338115841150,0.110956028104,0.449516385794,0.561406731606,0.430904328823,0.439654707909,0.207321241498,-0.178456544876,0.042924564332,-0.123674109578,-0.576269149780,-0.562806129456,-0.746000051498,-0.727906584740,-0.443828225136,-0.179851830006,-0.396376192570,-0.434674501419,-0.366005063057,-0.107255846262,-0.020966317505,0.170846268535,0.239157617092,0.188980862498,0.382760822773,0.371228098869,0.242129281163,0.263564795256,0.409999758005,0.524203240871,0.102148026228,-0.304032176733,-0.231950700283,-0.377249658108,-0.555895566940,-0.896814286709,-0.942377150059,-0.561871826649,-0.475178897381,-0.184000626206,-0.127580091357,-0.204020306468,0.247780397534,0.776749789715,0.819867849350,1.027571797371,1.013956427574,0.777795255184,0.473330885172,0.467082977295,0.465111464262,0.414350241423,-0.234284400940,-0.501454710960,-0.705129325390,-0.625890254974,-0.328793346882,-0.499730139971,-0.363700181246,-0.059598013759,-0.183375030756,0.121064640582,0.369528234005,0.197397843003,0.360773801804,0.576841294765,0.444136917591,0.616357862949,0.581109464169,0.514428019524,0.247899755836,0.260037481785,0.145117864013,0.062256876379,-0.107091210783,0.026786180213,-0.169702053070,-0.329328417778,-0.525026381016,-0.581537485123,-0.590135574341,-0.500034749508,-0.656113207340,-0.762130141258,-0.863088726997,-0.825695931911,-0.734957098961,-0.465584784746,-0.468317717314,-0.403249710798,-0.166055381298,0.059429265559,0.233881056309,0.269421726465,0.262943327427,0.127464845777,0.094068549573,-0.058276813477,0.091862440109,-0.062878370285,-0.001802757615,0.297479689121,0.562024056911,0.439951062202,0.735796749592,0.647436916828,0.652116715908,0.447244405746,0.303921073675,0.410053282976,0.129526898265,-0.383069515228,-0.292598277330,-0.497277110815,-0.579257309437,0.045665740967,0.155419930816,0.192174777389,0.360662639141,0.430044114590,0.415305167437,0.549433588982,0.512979209423,0.643049418926,0.304052770138,0.191948413849,0.115841582417,-0.082679897547,-0.034692794085,-0.106189824641,-0.192339405417,-0.031502984464,0.109219126403,-0.112734086812,0.034820385277,0.228785574436,0.155691578984,0.110371567309,0.130531176925,0.147204622626,-0.094665355980,-0.187075212598,-0.099085807800,-0.239490985870,-0.369248390198,-0.219878807664,-0.136351034045,-0.038302425295,0.190907090902,0.266100198030,0.299080789089,0.209272161126,0.449643969536,0.444375634193,0.070480413735,0.236692190170,0.136178165674,-0.302295267582,-0.359135657549,-0.497318238020,-0.463267564774,-0.589542865753,-0.781647682190,-0.612435460091,-0.641621232033,-0.545638740063,-0.294746756554,-0.455681979656,-0.262268304825,0.086647607386,0.338177561760,0.212939426303,0.335798591375,0.641324877739,0.357234120369,0.501405298710,0.615822851658,0.434118837118,0.211293071508,0.029638485983,-0.201205030084,0.061199095100,-0.187993034720,-0.513283789158,-0.755429565907,-0.924699366093,-0.822197377682,-0.618662774563,-0.568630039692,-0.104753389955,0.179851830006,0.189384207129,0.600454092026,1.056140184402,1.148418307304,1.318762421608,1.311135768890,1.175282716751,1.366165161133,1.204530239105,0.895176172256,0.562555015087,0.254588067532,0.132144600153,-0.162532180548,-0.127917587757,-0.500561594963,-0.589917421341,-0.677392303944,-0.723753690720,-0.748901724815,-0.702009439468,-0.672589123249,-0.144632205367,-0.315824180841,-0.177760958672,0.133688062429,0.097023755312,0.040278051049,0.011602679268,0.094373121858,-0.183280363679,-0.190804198384,-0.069644883275,-0.479706376791,-0.619107306004,-0.601651847363,-0.600910961628,-0.621687948704,-0.574840962887,-0.826815485954,-0.803729414940,-0.374413788319,-0.213832572103,-0.166425809264,0.192569911480,0.335024803877,0.090356022120,0.133906200528,0.195520997047,0.095957741141,0.458217352629,0.419898480177,0.078415840864,0.081325769424,0.260811269283,0.232831507921,0.243018314242,0.272734999657,0.242153987288,0.143442705274,0.296323120594,0.142833560705,0.189198985696,0.175645381212,-0.119426511228,-0.053905744106,-0.112240180373,-0.182580664754,0.241939932108,0.103773802519,-0.129926145077,-0.176077559590,0.175032123923,0.280460506678,-0.020933391526,0.126703396440,0.137845098972,0.180205792189,0.222084909678,0.052922043949,0.035672374070,-0.190441995859,-0.176221609116,-0.020925158635,0.010236205533,-0.059396333992,-0.058799531311,0.021999403834,0.033910777420,-0.302270591259,-0.305122911930,-0.008589851670,-0.217717960477,-0.367877811193,-0.228328704834,-0.199229419231,-0.133037745953,0.089853882790,-0.213009387255,-0.180209904909,0.010841241106,0.243944391608,0.151513963938,-0.115676946938,-0.210066527128,-0.058161571622,-0.419853180647,-0.706001818180,-0.254835009575,-0.503343939781,-0.414280265570,0.035911094397,-0.080115705729,-0.298558056355,0.165767267346,0.366774737835,0.314416557550,0.299702286720,0.521404445171,0.613797783852,0.548602223396,0.577532768250,0.543753683567,0.391770482063,0.214585781097,0.049954492599,-0.151933774352,-0.141845747828,0.059433378279,-0.124978840351,-0.389058113098,-0.228234037757,-0.252011507750,-0.348331451416,-0.276007145643,-0.148406460881,-0.079695880413,-0.240536421537,-0.078160658479,0.005247753114,-0.223410233855,-0.006536025554,0.328390002251,0.100493445992,0.348417878151,0.430842578411,0.323360383511,0.616913557053,0.415782570839,0.196319475770,0.211976304650,0.433991253376,0.401315242052,0.104510553181,0.060791619122,-0.049324765801,-0.205934181809,-0.184795007110,0.035927560180,-0.058165684342,-0.143241032958,-0.189631164074,-0.266153693199,-0.142841786146,-0.360975474119,-0.325196057558,-0.333456635475,-0.747720420361,-0.384934037924,-0.330653727055,-0.607154786587,-0.271590769291,-0.152028441429,-0.156004384160,0.287013024092,0.464901536703,0.593333601952,0.595284581184,0.532850682735,0.531681776047,0.533249974251,0.263354897499,0.059071179479,0.105621844530,0.035133194178,0.005362997763,-0.174278914928,-0.154629677534,-0.313613951206,-0.417902261019,-0.326035708189,-0.398569971323,-0.690188646317,-0.536530256271,-0.562266945839,-0.352739572525,-0.117689616978,0.043718930334,0.357246458530,0.453825712204,0.025716049597,0.273986220360,0.352101624012,0.063154138625,0.374594897032,0.132864877582,-0.284950941801,-0.061627145857,-0.313515186310,-0.699564635754,-0.731759011745,-0.814237236977,-0.521330356598,-0.200324237347,-0.051609080285,-0.074707426131,0.455237448215,0.876432418823,0.884516000748,0.869595944881,1.204344987869,1.144862174988,0.899827063084,0.621021211147,0.676062881947,0.432814091444,0.547523856163,0.086980991066,-0.039854113013,-0.214260622859,-0.257012337446,-0.252991110086,-0.215347215533,-0.389338016510,-0.293693095446,-0.355645388365,-0.419153481722,-0.560060799122,-0.326282650232,-0.015179383568,-0.078621633351,-0.322273790836,-0.411695480347,-0.335461080074,-0.270553559065,-0.272578597069,-0.069035738707,-0.305378079414,-0.356085807085,-0.112392470241,-0.180082306266,-0.094648882747,0.327916651964,-0.029296869412,-0.198381543159,-0.303032040596,-0.246068179607,-0.368425190449,-0.410991668701,-0.517477869987,-0.609031617641,-0.539773583412,-0.329538345337,0.134260177612,0.057680010796,-0.283353984356,-0.303328365088,-0.185893937945,-0.097237780690,0.115932129323,0.086960420012,0.032585460693,0.232675075531,0.424784034491,0.561698913574,0.603722095490,0.460723906755,0.134433031082,0.092981949449,0.251657545567,-0.001765714609,0.011499782093,0.031729355454,0.087166212499,-0.038351815194,0.234733030200,0.377788841724,0.255275428295,0.570087075233,0.787389338017,0.850753426552,0.880190193653,0.920176029205,0.834421634674,0.823563873768,0.280382335186,0.023773351684,0.109931163490,-0.567712247372,-0.704236149788,-0.765324115753,-0.782355666161,-0.641584157944,-0.525417387486,-0.692238330841,-0.535258471966,-0.462641924620,-0.394672214985,-0.050946421921,-0.237247839570,-0.345709651709,-0.068356618285,-0.190664261580,0.051378592849,-0.001745135174,-0.120875313878,-0.056828022003,-0.093237146735,-0.106477946043,0.019525757059,-0.122295290232,-0.181646347046,-0.007577343844,-0.019727436826,-0.260667234659,-0.208243191242,-0.116763539612,0.018455628306,0.155041262507,0.031260147691,0.209457382560,0.209749624133,0.033178146929,0.036775432527,-0.024259025231,-0.208494260907,0.029823701829,0.106856599450,-0.273064285517,-0.442095428705,-0.304966509342,-0.241972878575,-0.622161269188,-0.327830225229,-0.159469962120,-0.009153728373,0.328673988581,0.293623119593,0.272743225098,0.645309031010,0.687126398087,0.579109132290,0.750469863415,0.698642611504,0.545832216740,0.555130004883,0.409744590521,0.137046620250,0.035664141178,0.136054694653,0.143619686365,-0.160651221871,-0.341120421886,-0.411255121231,-0.450047314167,-0.414037436247,-0.486493498087,-0.489498078823,-0.279147565365,-0.204143777490,-0.187564998865,-0.058906547725,-0.198064610362,-0.211770504713,-0.177703335881,-0.298228800297,0.142421960831,0.273014873266,-0.015438684262,0.407624900341,0.194479674101,-0.042648799717,0.238017514348,0.009598243050,-0.195706218481,-0.120467834175,-0.051534995437,-0.053634099662,-0.073295675218,0.075929842889,-0.075946308672,-0.322224408388,0.052880886942,0.210655108094,0.165166348219,0.159029558301,0.235864892602,0.062734320760,0.080317378044,0.265845000744,0.172990635037,-0.007737863343,-0.371903121471,-0.313708633184,0.002868771786,-0.109112113714,-0.169072315097,-0.241157934070,-0.533233463764,-0.398800432682,-0.201291471720,-0.151929661632,-0.331090033054,-0.359312653542,-0.296553611755,-0.251624643803,-0.284646362066,0.046727638692,0.167286023498,0.186601862311,0.327805548906,0.187017589808,0.308288007975,0.550404965878,0.346932053566,0.295467019081,0.320051193237,-0.086557060480,0.020270733163,0.102716021240,-0.332645833492,-0.300031542778,-0.254406958818,-0.114685013890,-0.191569745541,-0.104749277234,-0.201777145267,0.048452198505,-0.153580129147,-0.172455579042,-0.060001373291,-0.358485370874,-0.345343321562,-0.404002904892,-0.521877706051,-0.219603031874,-0.038853950799,0.070924930274,0.156938686967,0.164067402482,0.472725838423,0.339412331581,0.177275270224,0.314395993948,-0.016953328624,-0.152695208788,-0.220599085093,-0.241162046790,-0.498762935400,-0.401442855597,-0.408666223288,-0.331501603127,-0.293511986732,0.021007476375,0.248064383864,0.076419636607,0.466169238091,0.182197883725,-0.123435385525,0.236832141876,0.345018178225,-0.076740674675,-0.153082117438,-0.314922809601,-0.370367914438,-0.126086026430,-0.026074130088,0.044698510319,0.293166249990,0.486472874880,0.689789414406,0.629421710968,0.399459004402,0.528228521347,0.770526587963,0.295956820250,0.073110461235,0.365490585566,0.417124360800,0.037561565638,-0.029893670231,0.011026456021,-0.097221322358,-0.148385882378,0.103308714926,-0.199147090316,-0.324228823185,-0.121916621923,-0.051897190511,0.013574188575,0.099188707769,0.029029337689,-0.063952624798,0.052642166615,0.031288955361,0.224883720279,-0.119307160378,-0.268689095974,-0.311255574226,-0.674235463142,-0.387728720903,-0.451228588820,-0.719580173492,-0.607047736645,-0.158173456788,-0.403093308210,-0.489802658558,-0.255802243948,-0.292026162148,-0.180275753140,0.003152767895,0.157123908401,0.037392813712,0.268573850393,0.690517902374,0.471561044455,0.448351562023,0.432447761297,0.302571058273,0.196829840541,0.080667227507,-0.036092195660,-0.247130066156,-0.357176512480,-0.243010073900,-0.277822226286,-0.307913482189,-0.150484994054,-0.121739640832,-0.327019393444,0.033474490047,0.482698649168,0.526631593704,0.530537545681,0.601898789406,0.489897340536,0.154325112700,0.057000890374,-0.056745704263,-0.086417116225,-0.050003882498,-0.116833508015,0.034956209362,-0.191351607442,-0.160803496838,0.383905053139,-0.041920285672,-0.208136186004,0.108507066965,-0.153901174664,0.196945101023,0.263926982880,0.177073597908,0.280476957560,0.351982235909,0.401796787977,0.219804704189,0.269022464752,0.392696589231,0.274183779955,0.130667001009,-0.003037523245,-0.259420096874,-0.188676282763,-0.268038779497,-0.264408558607,-0.323594987392,-0.174719318748,0.029128119349,0.013747055084,0.201958239079,0.045698672533,-0.111705116928,-0.469861209393,-0.209593191743,-0.240124836564,-0.330279171467,-0.316486865282,-0.245722442865,-0.353941410780,-0.032890036702,-0.007688472513,0.126991510391,0.015014748089,-0.196492359042,-0.110227510333,0.105724737048,0.028407838196,-0.071525849402,-0.049234218895,-0.264746069908,-0.150192752481,0.025189215317,-0.293186813593,-0.483320146799,-0.499384433031,-0.440185666084,-0.369845211506,-0.280353516340,-0.063573956490,0.325813442469,0.121179886162,0.048279330134,0.432102054358,0.523540556431,0.379937350750,0.242075771093,0.168994113803,0.088277503848,0.243853837252,0.211984530091,0.416795074940,0.403130322695,0.146418482065,0.130605265498,0.078757457435,-0.106926575303,-0.265178233385,-0.073641411960,-0.281221956015,-0.456912606955,-0.180889025331,0.176686704159,-0.021908855066,0.285745292902,0.207790449262,0.151406943798,0.508472323418,0.356324493885,0.262350618839,0.253427386284,0.079876974225,-0.065343789756,-0.027535270900,-0.352941244841,-0.350747466087,-0.760685443878,-0.896645545959,-0.977020561695,-0.890068352222,-0.795933902264,-0.675375580788,-0.470445662737,-0.235885486007,-0.282971203327,0.174558803439,0.236651033163,0.315552532673,0.351056158543,0.347166657448,0.380097836256,0.586534202099,0.235156968236,0.385510265827,0.672959566116,0.464481741190,0.358135491610,0.284321218729,0.015730911866,-0.009540621191,0.027535270900,0.154535010457,0.228209361434,0.187042266130,0.022818466648,-0.111400537193,0.202373951674,0.019957926124,0.152822807431,0.161914795637,0.181230649352,0.430077046156,0.476265519857,0.121579125524,0.379743903875,0.363980054855,0.146109804511,0.160416617990,-0.053889282048,-0.276529848576,-0.405019521713,-0.293725997210,-0.497853338718,-0.260996490717,0.165964826941,0.137116581202,0.281946361065,0.405612200499,0.229332983494,0.392470240593,0.350340008736,0.071167767048,-0.160358995199,0.055243410170,-0.065059788525,-0.073435619473,0.024901103228,-0.049172479659,0.152028441429,0.142673030496,0.258485794067,0.047402650118,0.060812201351,0.159951522946,-0.130424171686,-0.188754469156,0.057688243687,-0.265301704407,-0.083363130689,0.038034893572,-0.362695902586,-0.410674750805,-0.146373212337,-0.242437958717,-0.202843159437,-0.011248713359,-0.220714330673,-0.096237622201,0.357538670301,0.239174067974,0.280892699957,0.509093821049,0.409958600998,0.251929193735,-0.065035097301,-0.128464996815,-0.075263068080,-0.179497867823,-0.219623625278,-0.142627760768,-0.149180248380,-0.048748541623,0.137211248279,0.131111517549,-0.286214530468,-0.106280378997,0.233366549015,-0.239717379212,-0.202246353030,0.153876483440,-0.141705796123,-0.080008685589,0.052337594330,-0.212128579617,-0.192586362362,-0.091496124864,-0.329093813896,-0.053350102156,0.039607159793,-0.047489080578,0.258242964745,0.023987378925,-0.187495023012,0.184786766768,0.372936218977,0.164586007595,0.181547567248,0.246969550848,0.323590874672,0.301529735327,0.239754423499,0.163742244244,0.190647780895,0.084754303098,-0.112898729742,0.120628356934,-0.062886603177,-0.070410445333,-0.288646996021,-0.363008707762,0.234852388501,0.150583758950,0.218755155802,0.777260184288,0.717509865761,0.729676425457,0.643218159676,0.295553475618,0.127645939589,0.029975991696,-0.005202478264,-0.434509843588,-0.322594821453,-0.348401427269,-0.347467124462,-0.086659960449,-0.352072775364,-0.339926809072,-0.119965694845,-0.150217458606,-0.252974629402,-0.058832459152,-0.117063999176,-0.113158024848,0.133453443646,0.007560880855,-0.001341778552,-0.091891251504,-0.425533115864,-0.034639287740,-0.160140857100,-0.327550351620,-0.389000535011,-0.429665476084,-0.346207648516,-0.333008021116,-0.286531448364,-0.140133529902,0.278752416372,0.279003500938,0.103037066758,0.068862870336,0.076851807535,0.211988657713,0.145270153880,0.389490306377,0.183325633407,0.322948783636,0.623132646084,0.547803699970,0.425862371922,0.275081038475,-0.159819811583,-0.083877615631,-0.054490197450,-0.263605952263,-0.209543809295,-0.125917270780,-0.104148343205,0.041718609631,-0.038471177220,-0.058667827398,-0.164495453238,-0.244821056724,-0.120986439288,-0.473816543818,-0.326978236437,-0.112754672766,-0.174904540181,-0.138725906610,0.080691926181,0.225468173623,0.478220582008,0.557438969612,0.496260493994,0.567082524300,0.411987721920,0.322047412395,0.165870159864,0.033960167319,-0.143874868751,-0.139417365193,-0.489498078823,-0.979234874249,-0.848810732365,-0.897711575031,-1.057025074959,-0.715867638588,-0.147007063031,0.143660843372,0.410090297461,0.285794705153,0.483361274004,0.482813894749,0.554673075676,0.712463855743,0.863562047482,0.672449171543,0.417149037123,0.310428261757,0.119788713753,-0.200612336397,-0.353752076626,-0.137861564755,-0.431966245174,-0.806359469891,-0.879930913448,-0.869044363499,-0.822814762592,-0.725457608700,-0.522548615932,-0.421454250813,-0.255818724632,0.120389632881,0.073715500534,0.295360028744,0.634311378002,0.565600812435,0.610826134682,0.629602789879,0.949238240719,0.865175485611,0.667259037495,0.453928589821,0.413753449917,0.478442817926,-0.156210184097,-0.258107155561,-0.650523841381,-0.900131702423,-0.784755170345,-0.502664804459,-0.276501029730,-0.117146313190,0.043080966920,0.304237991571,0.339502871037,0.369548857212,0.732800364494,0.709739089012,0.597815811634,0.529273986816,0.501257181168,0.330460280180,0.353776752949,0.339729249477,0.289046227932,0.233712285757,0.255032569170,0.164063289762,-0.062384467572,-0.467099428177,-0.327628552914,-0.453023105860,-0.469766527414,-0.441840261221,-0.241573631763,-0.011779663153,-0.003696064698,-0.245870605111,-0.252571284771,-0.164478987455,0.098838858306,0.161416769028,-0.010042759590,-0.208160877228,-0.244677007198,-0.242343291640,-0.270026743412,-0.508776903152,-0.513806521893,-0.505410075188,-0.459382146597,-0.398030757904,-0.194706052542,-0.164614811540,0.028827657923,0.378879547119,0.416128307581,0.454661220312,0.371125221252,0.462036877871,0.133091256022,-0.043476093560,0.047340910882,0.127324894071,-0.097320102155,-0.252262562513,0.094920538366,0.107202336192,0.182835847139,0.437921911478,0.628153979778,0.183140411973,-0.001135984203,0.268363922834,0.289112120867,0.044282805175,0.135737776756,0.181609302759,-0.127135574818,-0.085149422288,-0.099810205400,-0.394589900970,-0.314556509256,-0.125513911247,-0.086980991066,0.439370721579,0.407093942165,0.238667830825,0.286445021629,0.200599998236,0.345520287752,0.388675332069,0.136099964380,0.013228454627,-0.384798228741,-0.321808695793,0.078868582845,0.147155240178,0.090788185596,0.085025951266,0.197138547897,0.010404956527,-0.024715887383,-0.059754420072,-0.125925496221,-0.374570220709,-0.118228793144,-0.144582808018,-0.343519985676,-0.034840963781,0.242145732045,-0.082795143127,0.316388070583,0.632549762726,0.643123507500,0.257897228003,0.052131798118,0.187935426831,0.002494226210,-0.169541537762,-0.415914297104,-0.470618486404,-0.303204894066,-0.609751880169,-0.743481099606,-0.826519072056,-0.815579056740,-0.332213640213,-0.376434743404,-0.307411342859,-0.098645418882,-0.316367477179,0.007042279467,0.003140420187,-0.200192525983,-0.127028554678,-0.344557195902,-0.317540526390,-0.399339586496,-0.553578257561,-0.300624251366,-0.254596292973,-0.122398190200,0.253641396761,0.431674033403,0.550388455391,0.564448297024,0.705466747284,0.454867005348,0.346158266068,0.389860719442,0.213021740317,-0.263037979603,-0.305044680834,-0.147398069501,-0.432217299938,-0.598815977573,-0.518375098705,-0.244096681476,-0.214042484760,0.033881962299,-0.040257472545,0.146089211106,0.246747300029,0.382830798626,0.462938249111,0.490140140057,0.627334952354,0.558447360992,0.563032448292,0.525228083134,0.509455978870,0.589789867401,0.432665944099,0.266482979059,0.106547914445,-0.166014224291,-0.308637857437,-0.417511254549,-0.335185319185,-0.299356549978,-0.129757389426,0.181909754872,0.071439415216,0.043887682259,0.249850675464,0.494548261166,0.642650187016,0.611521720886,0.375479817390,0.219356074929,0.210404038429,0.284317076206,0.093393541873,0.058873616159,-0.375648587942,-0.540852010250,-0.670086622238,-0.610521554947,-0.623581290245,-0.779453873634,-0.613834857941,-0.555076479912,-0.603643953800,-0.621457457542,-0.343301862478,-0.103654451668,-0.124830670655,-0.072065033019,0.113129213452,-0.075748741627,-0.094109714031,0.057671781629,0.114656202495,-0.046859350055,-0.029082842171,0.175826489925,0.206609204412,-0.043953534216,-0.301628530025,-0.485637366772,-0.451002210379,-0.449244737625,-0.351949304342,-0.366424888372,-0.387934505939,-0.434032380581,-0.268368065357,-0.088697321713,0.287708580494,0.337053924799,0.485164046288,0.507957816124,0.524454295635,0.656059682369,0.883178353310,0.641411244869,0.544671535492,0.324714511633,0.411259233952,0.440584897995,0.417013227940,0.158692061901,0.033635012805,0.082280650735,0.015656825155,-0.130597025156,-0.068759970367,-0.311062127352,-0.136005312204,-0.016216587275,-0.035639446229,0.270141988993,0.237445399165,0.171480119228,0.139647856355,0.111972644925,0.066817276180,0.175406679511,0.079160816967,-0.087651886046,-0.057593576610,-0.144171208143,-0.477804839611,-0.434727966785,-0.422594368458,-0.497931510210,-0.429134488106,-0.353636831045,-0.323455065489,-0.215450108051,0.009791690856,0.021386137232,-0.233889281750,-0.296310782433,-0.212210908532,-0.139429718256,-0.046246085316,0.046892277896,-0.139520272613,-0.107959657907,0.055276330560,0.010549013503,0.024979306385,0.151711523533,0.159634605050,0.403278529644,0.394803911448,0.122250013053,0.146900057793,0.154724344611,0.142644226551,-0.125485107303,-0.069142751396,0.019785057753,-0.077020555735,0.184749722481,-0.113335005939,-0.317404687405,0.419783204794,0.318602412939,0.225624576211,0.291915029287,0.275315672159,0.241034448147,0.394519925117,0.303069084883,0.253834843636,0.113738358021,0.069360896945,-0.055852558464,-0.122793316841,-0.334518522024,-0.311881184578,-0.231160447001,-0.465852349997,-0.175591871142,-0.101427748799,-0.115368254483,-0.098591908813,-0.081144668162,-0.302542239428,-0.231246873736,0.034396450967,-0.031223103404,-0.087318494916,0.126221835613,-0.051843687892,0.069529645145,0.029733153060,0.035248439759,-0.094829991460,-0.158403947949,-0.218084275723,-0.276221156120,-0.444194525480,-0.482147097588,-0.513592422009,-0.658385217190,-0.613970637321,-0.824181258678,-0.694633781910,-0.319454401731,-0.432740002871,-0.056111857295,0.231082245708,0.232934400439,0.282946497202,0.118368737400,0.053226623684,0.074526324868,0.049831017852,-0.100044816732,0.150291547179,0.161844819784,0.255547046661,0.286552011967,0.414671272039,0.700083196163,0.756195068359,0.715740025043,0.767151534557,0.644177138805,0.601194977760,0.521696686745,0.263124406338,0.395882278681,0.277686387300,0.025296229869,-0.322524845600,-0.281411290169,-0.332921564579,0.021633090451,0.106045782566,-0.110947787762,0.092224635184,0.120216764510,0.042142543942,-0.059968441725,-0.178999841213,-0.089030705392,-0.335461080074,-0.436366140842,-0.186033889651,-0.083881735802,-0.281909286976,-0.278641313314,-0.072353139520,0.084906592965,-0.026699746028,0.190495491028,-0.157473757863,-0.223406121135,-0.305369853973,-0.363675475121,-0.448829025030,-0.630771696568,-0.585204780102,-0.600462317467,-0.513575971127,-0.705001711845,-0.498359590769,-0.040936592966,0.005963916890,0.040747258812,0.468992739916,0.469597756863,0.654647946358,0.468539983034,0.234218537807,0.327237546444,0.590575993061,0.210659220815,-0.005696385168,-0.232971429825,-0.313152998686,-0.154942482710,0.006457823329,-0.045661628246,-0.142253205180,-0.027650514618,0.090380713344,0.055156975985,0.043146822602,0.058943588287,0.540004074574,0.364568650723,0.283790260553,0.275805443525,0.021275008097,0.111445814371,0.117479696870,0.223373189569,0.256810635328,-0.066924288869,-0.068261951208,-0.190265014768,-0.512666404247,-0.237132593989,-0.397158205509,-0.637246012688,-0.309691518545,-0.216149806976,-0.438164770603,-0.216330915689,0.216293871403,0.145368933678,0.193961083889,0.495005130768,0.347458899021,0.067043654621,0.292787581682,0.115331210196,0.026971392334,-0.238322094083,-0.147669717669,0.011516246013,-0.246405676007,-0.348026871681,-0.037067659199,-0.033367481083,-0.113437905908,0.095134563744,0.115656360984,-0.060174234211,0.105770014226,-0.135820090771,-0.098694808781,0.052144143730,0.295401185751,0.362020879984,0.113141559064,0.437164604664,0.488411486149,0.204966962337,0.267528414726,0.415605604649,0.512188911438,0.363342076540,0.226480677724,0.196813389659,0.221319362521,-0.198529720306,-0.515745103359,-0.596967935562,-0.546350777149,-0.606459200382,-0.502351999283,-0.480784744024,-0.635068714619,-0.377624213696,0.022933710366,0.133169457316,0.178283661604,0.240799829364,0.347232520580,0.637357115746,0.388115614653,0.422512054443,0.488905400038,0.328834503889,0.309053570032,0.321096628904,0.141689345241,-0.292705267668,-0.332242459059,-0.628750801086,-0.727021694183,-0.454908192158,-0.632331609726,-0.728898465633,-0.649009227753,-0.654899060726,-0.540744960308,-0.524495482445,-0.335827410221,-0.233658775687,-0.202221661806,-0.267260849476,0.141965106130,0.185922756791,0.116376645863,0.859581947327,0.731775522232,0.384020298719,0.710043609142,0.344976991415,0.391548246145,0.341585516930,-0.159675747156,0.089915618300,-0.093447051942,-0.415173411369,0.099303953350,0.047447919846,-0.287576884031,0.083770602942,-0.155473440886,-0.282514333725,-0.116458959877,0.176011711359,0.063450478017,0.240449979901,0.798086524010,0.817007303238,0.807940006256,0.558537900448,0.666670441628,0.720946669579,0.489000052214,0.258024811745,0.461596488953,0.463588595390,0.022876087576,0.160050302744,0.031391855329,-0.287959665060,-0.128090456128,-0.437819004059,-0.617452681065,-0.307304322720,-0.574050724506,-0.609426736832,-0.820258796215,-1.065940141678,-0.553516566753,-0.495161563158,-0.621943116188,-0.667695283890,-0.738883674145,-0.479982137680,-0.117269791663,-0.127847611904,0.188536331058,0.149731770158,0.358168393373,0.380373626947,0.373170822859,0.179213866591,0.094834104180,0.168948844075,0.528043329716,0.009795806371,0.124077469110,0.013557725586,-0.159124225378,-0.041298791766,-0.070126444101,-0.145274266601,-0.005968032870,0.101032622159,-0.183029294014,-0.034042485058,-0.057058509439,-0.079461276531,0.217985495925,-0.017155008391,-0.212400242686,-0.211297184229,0.167071998119,0.163001388311,0.322294354439,0.266939848661,0.355949938297,0.498602420092,0.579150259495,0.587139189243,0.779499173164,0.543037533760,0.542753517628,0.260189771652,-0.346364051104,-0.142586603761,-0.209930703044,-0.498528301716,-0.170714557171,-0.220405623317,-0.335209995508,0.418922990561,0.575182557106,0.356324493885,0.552759230137,0.794160008430,0.492490321398,0.726877629757,0.250793218613,-0.113355584443,0.015455148183,-0.157235026360,-0.466091036797,-0.243388727307,-0.517004549503,-0.460518121719,-0.198159277439,-0.319190979004,-0.555092930794,-0.036392655224,-0.015619782731,-0.196694031358,-0.191331028938,-0.402368903160,-0.311214417219,0.036577869207,0.092047646642,-0.063051238656,0.097838699818,-0.041586901993,-0.238708987832,-0.073830738664,-0.141660526395,-0.092656798661,-0.062606729567,-0.162939652801,-0.102716021240,0.336691737175,0.270747005939,0.054379068315,-0.193158477545,-0.330567300320,-0.148855090141,-0.380147248507,-0.367293328047,-0.241989329457,-0.095957741141,-0.314675867558,0.088635578752,0.217569783330,0.087227955461,0.444066941738,0.727964222431,0.277748137712,0.143990114331,0.489428102970,0.766883969307,0.674963951111,0.083112061024,0.108395949006,0.441478043795,0.509283125401,0.233510613441,-0.006070930045,-0.115051329136,-0.170356482267,-0.211338326335,-0.159313559532,-0.123200781643,-0.180695578456,-0.395775288343,-0.437880754471,-0.373549491167,-0.235259860754,0.113795988262,-0.026086477563,-0.015739144757,0.097604095936,0.210231170058,0.039249077439,0.107128255069,0.006692428607,-0.176793724298,-0.185646981001,-0.358032584190,-0.654750823975,-0.844698965549,-0.487777620554,-0.587258577347,-0.557455420494,-0.337453156710,0.027815150097,0.037816751748,-0.207004323602,-0.098904713988,0.215717643499,0.417651176453,0.501672863960,0.602454423904,0.521021664143,0.436501950026,0.227073371410,0.122464038432,0.024518327788,-0.106535561383,-0.259395420551,-0.175250276923,-0.367848992348,-0.467482209206,-0.226912856102,0.126279458404,0.014994169585,0.190096259117,0.274179667234,0.364494532347,0.761809170246,0.879461705685,0.536814272404,0.391679972410,0.566061794758,0.549919307232,0.186099737883,0.245920002460,0.281032621861,0.222064346075,0.305460393429,0.235247522593,0.088512100279,-0.089298240840,0.042504742742,-0.078876815736,0.086540594697,-0.064216040075,0.163717553020,0.176423296332,-0.006021539215,-0.085989065468,0.025757208467,-0.164544850588,-0.207531139255,-0.298286408186,-0.672498524189,-0.818764746189,-1.000464558601,-0.904239296913,-0.683134019375,-0.734092831612,-0.327591508627,-0.199546337128,-0.273607581854,-0.051411516964,0.037174671888,0.176830753684,0.118224672973,0.397697389126,0.497091889381,0.354068994522,0.159465849400,0.158831998706,0.171624168754,0.060145426542,-0.002152607776,0.123340718448,0.043554294854,-0.019439324737,0.092874944210,-0.255016118288,-0.115771614015,0.032857108861,0.056795094162,-0.063985548913,-0.042776390910,0.079769968987,0.027275968343,0.149612411857,0.506850659847,0.314626455307,0.436049222946,0.740027844906,0.812804937363,0.672362744808,0.963182866573,1.015108942986,0.859919488430,0.604306578636,0.394256472588,0.341190397739,0.230061501265,-0.075909264386,-0.011845516972,-0.054905906320,-0.022769074887,0.001280040247,-0.074020072818,0.088664390147,-0.015442800708,-0.070801451802,0.085338756442,-0.236103609204,-0.263326078653,0.024934029207,-0.320166468620,-0.399936407804,-0.387218356133,-0.422985404730,-0.404381573200,-0.547795474529,-0.491992324591,-0.482665687799,-0.400669068098,-0.468585252762,-0.427977949381,-0.143055811524,-0.162556871772,-0.301723182201,-0.211745828390,-0.080399692059,0.104736924171,-0.090137876570,-0.119298920035,0.022448034957,0.167792275548,0.259926348925,0.104963295162,0.021250315011,0.052465185523,0.242713734508,0.067150659859,0.105399586260,0.486114829779,0.467576891184,0.317729860544,0.363045722246,0.685315430164,0.316429227591,0.383814513683,0.617646157742,0.291137099266,0.059820272028,0.018867217004,-0.307942271233,-0.106552027166,-0.324101239443,-0.152905121446,0.198290988803,-0.151188805699,-0.128847777843,0.181461125612,0.372808605433,0.393042296171,0.482414662838,0.640810310841,0.626318335533,0.656236708164,0.649005115032,0.360288113356,-0.100415244699,-0.143051698804,-0.278044492006,-0.804927170277,-0.825642406940,-0.759553611279,-0.816747963428,-0.548268795013,-0.447688907385,-0.172389715910,0.055321607739,0.155563980341,0.349780231714,0.671741247177,0.402031391859,0.189614713192,0.208214387298,0.062104586512,-0.003543776926,-0.353369295597,-0.299619942904,-0.299825757742,-0.167854011059,-0.471828550100,-0.480208545923,-0.355254352093,-0.286136329174,-0.137651652098,0.011141700670,-0.285136163235,-0.512975096703,0.059774994850,-0.269969135523,-0.469297319651,-0.425109177828,-0.231271564960,-0.110108159482,-0.018369194120,-0.021344978362,0.091726608574,-0.153839424253,0.108050212264,0.085458114743,-0.162552759051,0.054490197450,0.320606857538,0.106922462583,0.011005875655,0.126707524061,0.007651430089,0.317421168089,0.517062127590,0.435139566660,0.293470829725,0.308349758387,0.275603771210,0.229913324118,0.234687760472,0.144998505712,-0.000934305892,0.447314381599,0.486090153456,-0.225110098720,0.021711293608,0.044480368495,-0.179954722524,-0.003844236257,0.141092538834,0.024127317593,0.441461592913,-0.040681406856,-0.319149821997,0.131350234151,0.172686070204,0.154559716582,-0.035092037171,-0.223883554339,-0.131148561835,-0.080934762955,-0.231197491288,-0.351636499166,-0.582743465900,-0.044081125408,-0.228917285800,-0.393297493458,-0.340149074793,-0.371985435486,-0.279242217541,-0.474042952061,-0.770588338375,-0.305411010981,-0.225949749351,-0.443284898996,-0.019188255072,0.313169449568,0.551199316978,0.548935592175,0.752182126045,0.767575502396,0.556405901909,0.384575933218,0.206506296992,0.061590101570,-0.151390478015,-0.753392159939,-0.548124730587,-0.507398068905,-0.887821018696,-0.325373053551,-0.138022080064,-0.002177303191,0.316779077053,0.731277465820,0.955811381340,0.697379052639,0.748329579830,0.817826271057,0.808890759945,0.889348089695,1.128596186638,0.539551377296,0.539938271046,0.528146207333,0.365679919720,0.356238067150,0.264075160027,0.354826331139,0.239400431514,-0.224747881293,-0.341346800327,-0.476907581091,-0.693604826927,-0.557784736156,-0.772580385208,-0.947163879871,-0.850177228451,-0.576503753662,-0.487773507833,-0.158963710070,0.045723367482,0.294055283070,0.354315966368,0.430077046156,0.285893470049,0.483999282122,0.466984182596,0.244891047478,-0.077930167317,-0.036503784359,-0.227748379111,-0.504669249058,-0.573585629463,-0.493115931749,-0.251171886921,-0.435398876667,-0.167561799288,-0.257773756981,-0.209622010589,-0.087182678282,0.098797701299,0.088722020388,-0.161202758551,-0.121772572398,-0.170731022954,-0.227867737412,-0.108441226184,-0.300484299660,0.051876615733,0.036322683096,0.240388259292,0.633072495461,0.614229977131,0.582146644592,0.756483197212,0.481064617634,0.067899748683,-0.002885235241,-0.022546816617,-0.037940226495,-0.266528248787,-0.554138064384,-0.059449840337,-0.281732320786,0.025032810867,0.410596549511,0.282473176718,0.112054966390,0.198369175196,0.360386908054,0.212227374315,0.154362142086,0.215553000569,0.402196049690,0.132893696427,-0.043793015182,0.034898590297,-0.375142335892,-0.343343019485,-0.244372427464,-0.670049607754,-0.388226717710,-0.036684881896,-0.336580604315,-0.034487001598,0.047966524959,-0.018414469436,0.502594828606,0.320084124804,0.123682342470,0.669868528843,0.848197400570,0.656063795090,0.978024840355,0.784936308861,0.205938294530,0.417630612850,0.446413010359,0.092245213687,-0.135050415993,-0.258724510670,-0.246018782258,-0.213918998837,-0.644074261189,-0.691246390343,-0.424310684204,-0.169611498713,-0.175731822848,-0.040734913200,0.031120205298,-0.267466664314,-0.304612547159,-0.385510265827,-0.299039632082,-0.210227042437,-0.101822875440,-0.089874461293,-0.332353591919,-0.489255219698,-0.741163849831,-0.387275934219,-0.314766407013,-0.820065379143,-0.420096039772,-0.484402626753,-0.723247468472,-0.586600065231,-0.436987608671,-0.384164333344,-0.123167857528,0.029428577051,-0.191067606211,0.038442365825,0.333571910858,0.577088236809,0.377076804638,0.293186813593,0.476174950600,0.614336967468,0.358691155910,0.240091904998,0.133095368743,0.138536572456,0.171817615628,0.229143664241,0.176908969879,-0.053835775703,-0.057231377810,0.043002765626,-0.037899069488,0.353451609612,0.339733362198,0.224233403802,0.340675920248,0.306300044060,0.524565398693,0.720518529415,0.251546412706,0.342812061310,-0.077370405197,-0.127658292651,-0.178320705891,-0.161392077804,0.032515492290,0.176538527012,-0.022094070911,0.040644362569,0.212885931134,0.108885742724,0.179843604565,0.352883607149,0.291145354509,0.130687579513,0.154674962163,-0.016117805615,-0.272636204958,-0.468815743923,-0.598276793957,-0.616366088390,-0.455356806517,-0.183638438582,-0.493893861771,-0.590818822384,-0.798004209995,-0.549857497215,-0.739970266819,-0.642378509045,-0.693641841412,-0.452640324831,-0.168664842844,-0.197813540697,-0.312519133091,-0.037722084671,0.392626613379,0.676083505154,0.739797353745,0.647556304932,0.720325112343,0.734990060329,0.655368208885,0.473199158907,0.368108272552,0.366321980953,0.137248292565,-0.098274983466,-0.249891832471,-0.055938992649,-0.294746756554,-0.574898540974,-0.605767726898,-0.872073650360,-0.733557701111,-0.363733083010,-0.689381957054,-0.558455586433,-0.272747337818,-0.346767425537,-0.176139280200,-0.069636657834,-0.200455933809,-0.127822920680,0.101621195674,0.358365952969,0.247512847185,0.060589943081,0.096628628671,0.276538074017,0.383287638426,0.261490404606,0.219273775816,0.263050317764,-0.002473647008,0.024036766961,0.010808313265,0.073666110635,0.024530675262,0.465979903936,0.721749246120,0.576931834221,0.505418300629,0.417828172445,0.443536013365,0.218178942800,0.276184111834,0.249690160155,0.312107563019,0.204419553280,-0.195541590452,-0.239548608661,-0.362123787403,-0.168763637543,-0.068253718317,-0.166598677635,-0.544383406639,-0.579944670200,-0.508978545666,-0.540613234043,-0.281156092882,-0.154086381197,-0.288486480713,-0.185453534126,-0.111100077629,0.033420983702,-0.079732924700,0.083289049566,0.135890051723,0.111618682742,0.174694612622,0.347668796778,-0.074320539832,-0.094039738178,-0.226451873779,-0.695378780365,-0.651791572571,-0.630055546761,-0.673708617687,-0.851938843727,-0.610813796520,-0.496902555227,-0.133527532220,0.253402680159,0.253781348467,0.575277209282,0.807248473167,0.996879696846,0.907964169979,0.776029467583,0.703882157803,0.748337805271,0.653116881847,0.403476089239,-0.054819472134,-0.293351471424,-0.445375770330,-0.267223834991,-0.208790600300,-0.045394092798,-0.005980380811,-0.191277518868,-0.296545386314,-0.180144056678,0.054486084729,0.103452771902,0.214519917965,0.312222778797,0.265775024891,0.061285529286,0.420318275690,0.439214289188,0.171636521816,0.442453503609,0.017138544470,-0.169595032930,-0.070476293564,0.017990533262,-0.357942044735,-0.446672290564,-0.314424782991,-0.073937758803,-0.399401366711,-0.640818536282,-0.648264229298,-0.320586264133,-0.237601801753,-0.253320366144,-0.031540028751,-0.195673272014,-0.108823999763,0.110816083848,0.347454786301,0.200620561838,0.048217590898,0.281263113022,0.381102114916,0.227567270398,0.409571707249,0.575948119164,0.187972471118,0.254974961281,0.154514431953,-0.231374457479,-0.249389708042,-0.514987707138,-0.539110958576,-0.918978333473,-0.719016253948,-0.545708715916,-0.489572137594,-0.465576559305,-0.125464528799,-0.142339646816,-0.244973346591,-0.326673656702,-0.141351833940,-0.105839975178,-0.330036342144,-0.490506470203,-0.395462483168,-0.482348769903,-0.072818234563,-0.219845876098,-0.780713438988,-0.371384531260,-0.353772640228,-0.319141596556,0.131053894758,0.266021966934,0.556628167629,0.798131823540,0.923435866833,0.943331956863,0.902844071388,0.798675119877,0.811031043530,0.654446244240,0.602573812008,0.425870627165,0.164404913783,-0.097229547799,-0.155065953732,-0.292923420668,0.009227814153,0.009771110490,-0.384827017784,-0.282415539026,-0.446993321180,-0.187626734376,0.084190420806,-0.081852599978,0.260988265276,0.369915157557,0.307938158512,0.488571971655,0.168957084417,-0.010767155327,0.090269587934,-0.123509474099,-0.129345789552,-0.194347977638,-0.182621806860,-0.193265497684,-0.362164974213,-0.607936799526,-0.657743096352,-0.597721159458,-0.408361643553,-0.628540873528,-0.513567745686,-0.214384108782,-0.218154236674,-0.358580023050,-0.037540987134,-0.004716804251,0.402883410454,0.466169238091,-0.042101386935,0.016599364579,0.276513367891,0.158523306251,0.094019159675,-0.373586535454,-0.170908004045,-0.088384509087,-0.437024652958,-0.566399276257,-0.423796206713,-0.528055667877,-0.333259075880,-0.326352626085,-0.354229509830,-0.351854652166,-0.385967105627,-0.123937524855,-0.019369354472,0.306456446648,0.181576371193,0.769291818142,0.750115871429,0.625816166401,0.558291018009,0.926448702812,0.646062195301,0.574495196342,0.389786660671,0.571729302406,0.050563644618,-0.099061116576,-0.231535002589,-0.468873381615,-0.421421349049,-0.393552660942,-0.239606246352,-0.282477319241,-0.484867691994,0.160313725471,0.167841672897,0.230209678411,0.271994143724,0.137659892440,0.544354617596,0.318079710007,0.445799708366,0.511365771294,0.199620410800,0.308041036129,0.413395345211,0.064586460590,0.539090394974,0.349179327488,0.207382977009,0.164664208889,-0.108321860433,-0.008882080205,-0.047575511038,-0.174443542957,-0.422088116407,-0.456295251846,-0.479677557945,-0.213927224278,-0.214462295175,-0.412967294455,-0.477866590023,-0.313601613045,-0.066537395120,-0.044978391379,-0.093447051942,0.148077189922,-0.166145920753,-0.214754521847,-0.391893982887,-0.457097828388,-0.672889530659,-0.850131928921,-1.018916130066,-1.055843830109,-1.085050106049,-0.853050053120,-0.656092643738,-0.593971610069,-0.499903023243,-0.055852558464,0.297224491835,0.204781740904,0.246455073357,0.635472059250,0.438461124897,0.415428608656,0.632611513138,0.136305764318,0.464024841785,0.467465758324,0.337687790394,0.327566802502,0.208313167095,0.032260306180,0.071534082294,-0.133268237114,-0.092916101217,-0.184823825955,-0.146150961518,-0.192491695285,0.085787393153,0.256172686815,0.685714662075,0.385884761810,0.763566613197,1.083621859550,0.981901943684,0.933445692062,1.222668886185,1.043475627899,0.600935637951,0.426076412201,0.369795799255,0.172023415565,-0.366429001093,-0.721959173679,-0.387259483337,-0.153164431453,-0.429879486561,-0.302970290184,0.200423032045,-0.086161933839,0.437839627266,0.507879614830,0.391354799271,0.549240171909,0.555496275425,0.275542020798,-0.021472571418,-0.064627625048,-0.504718601704,-0.723284423351,-0.842599809170,-0.759956955910,-0.999238073826,-1.055551648140,-0.960795700550,-0.898098409176,-1.114890336990,-1.116075754166,-0.902057886124,-0.624392092228,-0.719526648521,-0.594564318657,-0.546091496944,-0.342042386532,-0.155609264970,0.056992657483,-0.063100628555,0.439510643482,0.628726124763,0.462308526039,0.768378078938,0.663320124149,0.437757283449,0.604923963547,0.271792441607,-0.016253629699,0.144833877683,0.244648203254,-0.011413348839,0.286296844482,0.114499807358,0.116319023073,0.765266478062,1.027929902077,1.020179629326,0.986421227455,1.200731158257,0.969648957253,0.814179658890,0.650700867176,0.630886971951,0.506776571274,0.236190050840,0.015907894820,-0.071369446814,-0.385086297989,-0.071122489870,-0.020052591339,-0.453093081713,-0.549515902996,-0.614765048027,-0.333102673292,-0.320145875216,-0.214618697762,-0.066241048276,0.055350419134,-0.016261860728,0.025493789464,-0.099159896374,0.184033572674,-0.264519691467,-0.251093685627,-0.272977828979,-0.499400883913,-0.607175350189,-0.728581547737,-0.793616712093,-1.028703689575,-1.101262688637,-0.701692521572,-0.799296677113,-1.055666804314,-0.803058505058,-0.855885922909,-0.530603408813,0.286778390408,0.264260381460,0.521762490273,0.743983268738,0.955000519753,0.763570725918,0.737414300442,0.707989871502,0.655133605003,0.558414459229,0.305065274239,0.172476157546,0.551137566566,0.170846268535,-0.081856720150,0.141911596060,0.111025989056,-0.043356731534,0.194405600429,0.060985065997,-0.048534512520,-0.084178082645,-0.280361741781,-0.170257702470,-0.115051329136,0.050851754844,0.014631970786,-0.030589256436,-0.038331236690,-0.074015960097,0.377401947975,0.589987397194,0.352002829313,0.140034750104,0.437370389700,0.349747329950,0.001790409908,-0.111577525735,-0.548499286175,-0.877016901970,-0.822115063667,-0.851469576359,-0.748560130596,-0.615250706673,-0.563625156879,-0.411917775869,-0.300591319799,0.040899548680,0.481970101595,0.818398475647,0.557739436626,0.306048959494,0.377772390842,0.687957823277,0.562641441822,0.488551408052,-0.031535908580,0.120891772211,0.042080808431,-0.364869087934,-0.522495150566,-0.967027187347,-1.108317255974,-0.828342437744,-0.905321776867,-0.933223426342,-0.644592821598,-0.773140192032,-0.710780441761,-0.362658828497,0.058713097125,0.025600802153,0.271191537380,0.563773334026,0.273739278316,0.430719107389,0.404570907354,0.369174301624,0.425598978996,0.205032810569,0.238470256329,0.248838171363,-0.084943629801,-0.478833824396,-0.297306835651,-0.395503610373,-0.597894012928,-0.343952149153,-0.130177214742,-0.144479915500,0.153394907713,0.015516885556,0.561937630177,0.371742635965,0.548635125160,1.023637056351,0.890665113926,0.644049584866,0.622025430202,0.660550117493,0.473145663738,0.578866302967,0.562402725220,0.124690733850,0.093105427921,0.006252028979,-0.371586203575,0.070023551583,-0.299710512161,-0.260770112276,-0.099896647036,-0.173381656408,-0.130234822631,0.117442660034,0.049147784710,0.161659613252,0.384859919548,0.183733105659,0.299385368824,0.407851278782,0.140244662762,-0.118097081780,-0.190524309874,-0.351640641689,-0.559723317623,-0.458209127188,-0.665620923042,-0.832017958164,-0.618728637695,-0.543045759201,-0.321516484022,-0.214585781097,-0.210428729653,-0.227295637131,0.006268492900,0.037458665669,0.051670819521,-0.310354202986,-0.455587327480,0.023793930188,-0.197311401367,-0.293874174356,0.183477923274,0.265025943518,0.226246088743,0.442260056734,0.642835378647,0.404233396053,0.340161442757,0.473590165377,0.377229094505,0.338527411222,0.002099101432,0.105819404125,0.372006028891,0.054988220334,0.185400038958,0.283946663141,0.020645277575,0.349228739738,0.533813774586,0.452697962523,0.321108996868,0.088853724301,0.043739508837,0.140853807330,-0.093718700111,0.076790064573,-0.090524770319,-0.217894941568,0.005103697069,-0.039841767401,0.034997370094,-0.147961944342,0.023048955947,0.035281363875,0.152670517564,0.301015228033,0.293487280607,0.071402370930,0.272607415915,0.286753684282,-0.064479455352,-0.369314223528,-0.200538262725,-0.258724510670,-0.193812906742,-0.104802779853,-0.316227555275,-0.115574046969,0.162585690618,0.029700225219,0.072328448296,-0.161593750119,-0.095262154937,-0.070682093501,-0.324047714472,-0.322973489761,-0.285671234131,-0.250249922276,-0.073266863823,0.097509428859,0.361041307449,0.327805548906,0.530652761459,0.339774519205,0.174933329225,0.163499414921,0.005190130789,0.046196691692,-0.011133467779,-0.545688152313,-0.425545454025,-0.538925707340,-0.478636264801,-0.590695321560,-0.413321286440,-0.118825592101,0.193775862455,0.225970312953,0.455060452223,0.452064096928,0.500351667404,0.776329934597,0.705610871315,0.504463434219,0.566308736801,0.344289660454,0.268162250519,0.211074918509,0.012635767460,0.051975395530,-0.093788668513,-0.105761773884,-0.652779340744,-0.795090138912,-0.569749593735,-0.951234519482,-0.981613874435,-0.626412987709,-0.976411402225,-0.424298346043,-0.129308760166,-0.297701954842,-0.222768157721,0.212787136436,0.432867616415,0.682648301125,0.582809329033,0.475973278284,0.565419673920,0.362979888916,0.480270266533,0.468861043453,0.228678554296,-0.263371348381,-0.258251219988,-0.670687556267,-0.964405357838,-1.045788764954,-1.119594812393,-0.962561428547,-0.620947062969,-0.482439339161,0.024682961404,0.280872106552,0.607833921909,0.941784441471,0.697971761227,0.892369151115,1.445453405380,1.253307580948,0.746160566807,0.963870227337,0.762574672699,0.499339133501,0.427990287542,0.196434736252,-0.106568492949,-0.318631231785,-0.337477862835,-0.456007122993,-0.815990626812,-0.791258335114,-0.695123553276,-0.653664231300,-0.739501059055,-0.223760083318,-0.063372276723,-0.028782382607,0.338922560215,0.428282529116,0.271549612284,0.532747805119,0.521717250347,0.413029074669,0.488028705120,0.320997864008,0.146628394723,-0.121451534331,-0.256086230278,-0.558912456036,-0.854947507381,-0.827029466629,-0.839603483677,-0.935939848423,-0.994319558144,-0.780289471149,-0.998682439327,-0.678668260574,-0.609665453434,-0.563193023205,-0.315778940916,-0.044850800186,0.076633661985,0.289544254541,0.231917753816,0.493436962366,0.891883432865,1.149949431419,1.051703214645,0.691415131092,0.659121930599,0.682664752007,0.506266176701,0.364132314920,0.309102952480,-0.200118437409,-0.132148712873,-0.110717304051,-0.200019642711,-0.353624492884,-0.074254676700,-0.211568832397,-0.020797565579,0.089718066156,0.184391647577,0.216474980116,0.185050189495,0.267721861601,0.475532889366,0.320796191692,0.334477394819,0.412950843573,0.345672577620,0.412386953831,0.189487099648,0.424277782440,0.113795988262,0.193994015455,0.562431573868,0.143940731883,-0.290651440620,0.004663297441,-0.076864153147,-0.536036372185,-0.221088871360,-0.166405230761,-0.501829266548,-0.505340158939,-0.481525629759,-0.122743926942,0.019118284807,-0.063660390675,0.053197816014,0.162713274360,0.036038689315,0.146109804511,0.087178565562,-0.272632092237,-0.507377505302,-0.477767795324,-0.200879886746,-0.085873827338,-0.256979376078,-0.208399608731,-0.231864258647,0.088853724301,0.253369778395,0.316733807325,0.302410513163,0.227340891957,0.299512952566,0.020916927606,-0.111799776554,-0.066850200295,-0.171401917934,-0.266705214977,-0.087985269725,-0.020707016811,0.172467917204,0.280489325523,0.439518868923,0.402121931314,0.539576053619,0.764274537563,0.624951839447,0.619897544384,0.412078261375,0.187737852335,0.347866356373,0.322895288467,0.053794618696,0.032042164356,-0.210383445024,-0.274492472410,-0.030988497660,-0.101761139929,-0.374516695738,-0.434629201889,-0.382867842913,-0.591325044632,-0.497198909521,-0.330110430717,-0.465564221144,-0.101571805775,-0.213956043124,-0.129197627306,-0.070385746658,-0.327896088362,0.138865843415,0.331139415503,0.168899446726,0.179267361760,0.172533780336,0.299632310867,0.226542413235,0.012713968754,-0.117570251226,-0.095031671226,-0.350920349360,-0.424261271954,-0.592950820923,-0.354217171669,-0.273047804832,-0.267709493637,0.126526415348,0.054469622672,0.123921066523,0.645247280598,0.700507164001,0.690731942654,0.747584640980,0.530286490917,0.606866657734,0.713789105415,0.369314223528,0.366095602512,0.271113336086,-0.011590331793,-0.217289909720,-0.028395490721,-0.291474610567,-0.400549709797,-0.278431385756,-0.624622583389,-0.382744371891,-0.354159533978,-0.150826603174,-0.389506787062,-0.054185625166,0.130584672093,0.062392696738,0.060396492481,0.043587218970,0.050407245755,0.121632628143,-0.162486910820,0.140730336308,0.175768867135,-0.255077838898,-0.128823071718,-0.207716360688,-0.176279231906,-0.150106325746,-0.122900322080,-0.243100628257,-0.265248209238,-0.390947312117,-0.308094561100,-0.028774151579,-0.111137129366,-0.318408966064,0.108679935336,0.154695525765,0.046171996742,0.054469622672,0.334053456783,0.659340083599,0.758915603161,0.686801254749,0.598433196545,0.111178286374,0.185400038958,0.342392235994,0.161029890180,0.003745455295,0.057206682861,0.035627096891,-0.110857248306,-0.322055637836,-0.239318132401,-0.315009236336,-0.588834941387,-0.499030441046,-0.444099843502,-0.735590934753,-0.462250888348,-0.337980002165,-0.101147867739,0.256222069263,0.093200094998,0.047950062901,0.134247824550,0.055317495018,-0.004885555245,0.066171087325,0.149484813213,-0.185391798615,-0.267322629690,0.047443807125,0.119377121329,0.049892753363,0.358036696911,0.291775077581,0.129749163985,0.571157217026,0.332193076611,-0.074723891914,-0.048822630197,-0.000559760316,0.040492076427,-0.018990691751,-0.137174203992,-0.089664548635,-0.247298836708,-0.323846042156,0.115989759564,0.000061738276,0.004618023057,0.226200804114,0.156753480434,0.020307775587,0.059437491000,0.029247479513,-0.059828504920,0.012792170979,-0.016331830993,0.000395124953,0.068393662572,-0.085816197097,-0.093307115138,0.074719779193,0.023839205503,-0.072225548327,-0.174373582006,-0.200785219669,-0.415494441986,-0.195512771606,-0.041479889303,-0.095863074064,-0.179045110941,-0.256008058786,-0.374368548393,-0.470610260963,-0.299237191677,0.166236475110,0.286712527275,0.236247673631,0.326558440924,0.376117765903,0.393486827612,0.249805405736,0.024411315098,0.242302149534,-0.016525277868,0.260506719351,0.194673120975,-0.059297554195,0.186046227813,0.212898269296,0.346532821655,0.468980401754,0.594564318657,0.376928627491,0.336506515741,0.187667891383,0.312622040510,-0.024654151872,-0.121990710497,-0.010120960884,-0.073575556278,-0.438317030668,-0.453965634108,-0.173698574305,-0.101090252399,-0.118541598320,-0.124764822423,-0.234000399709,-0.161787196994,-0.360432147980,-0.233160763979,-0.477792501450,-0.528537213802,-0.401216447353,-0.504949092865,-0.521029889584,-0.443581253290,-0.699906229973,-0.438555777073,-0.367988914251,-0.033108178526,0.051390942186,0.037940226495,0.453920364380,0.376278311014,0.493605732918,0.627536594868,0.846184790134,0.558809578419,0.377369016409,0.339017212391,0.117376804352,-0.194446757436,-0.118578642607,-0.200575307012,-0.611068964005,-0.511238217354,-0.092578597367,-0.124657802284,-0.155164748430,0.202711433172,0.064615279436,0.214211225510,0.396524339914,0.631479620934,0.505784630775,0.516728758812,0.443828225136,0.441346347332,0.407781302929,0.396190971136,0.573095798492,0.269462853670,0.219858214259,0.194183319807,0.029552055523,-0.165388599038,-0.051086362451,-0.525779604912,-0.528421998024,-0.506920576096,-0.430550366640,-0.267713606358,-0.108745798469,-0.407102167606,-0.320932000875,-0.036701347679,0.178275436163,-0.159737497568,-0.142030954361,0.135317951441,0.192063659430,-0.180835530162,-0.159984454513,-0.149097934365,-0.207609355450,-0.138948157430,-0.174126625061,-0.245747148991,-0.134634718299,-0.107967898250,-0.283864349127,-0.320314645767,-0.405217081308,0.019908536226,0.030951453373,0.062631420791,-0.078498154879,-0.198488548398,0.051288038492,0.201793611050,0.122459925711,0.186807662249,0.144726857543,-0.030478127301,0.171385452151,0.044184021652,0.096735641360,-0.079144351184,0.039631854743,-0.190717756748,-0.277015507221,-0.098941758275,-0.126427635550,-0.251270681620,-0.005280680489,0.048563327640,-0.251373559237,-0.353793263435,0.073929525912,-0.332584083080,-0.344318479300,-0.008565156721,-0.272800832987,-0.333822965622,0.155057728291,0.187478557229,0.381863564253,0.646531462669,0.804676055908,0.919538140297,1.262288451195,1.328023195267,0.984585523605,0.634027361870,0.423075914383,0.473902970552,0.037940226495,-0.144899725914,-0.446326583624,-0.702569186687,-0.907564997673,-0.751766383648,-0.590785920620,-0.741768956184,-0.460114777088,0.018085198477,-0.174830436707,0.019710972905,0.162227600813,0.280217677355,0.620576620102,0.653972923756,0.243429899216,0.423145890236,0.289997011423,0.488818973303,0.531327784061,0.297603160143,0.225089505315,0.462979435921,0.381604284048,0.120381407440,-0.052518691868,-0.319153934717,-0.685706436634,-0.646354436874,-0.775770246983,-1.036178112030,-0.723597288132,-0.984453797340,-0.935503602028,-0.539925873280,-0.092195823789,0.097171932459,-0.015521002002,-0.292676448822,0.038331236690,0.296216130257,-0.119661122561,-0.066055834293,-0.201237961650,-0.108737565577,-0.127958744764,-0.272360473871,-0.232181191444,-0.199686273932,-0.123986914754,-0.154238671064,0.206362247467,0.013874648139,0.130099013448,0.255431830883,0.184264048934,0.037676807493,0.198854863644,0.184856727719,-0.274821758270,-0.370808303356,-0.516226649284,-0.215532436967,0.099110506475,0.240882158279,0.659146606922,0.901061832905,0.561275005341,0.729351282120,0.654894948006,0.508838653564,1.012277245522,0.571144878864,0.301315695047,0.265219390392,0.214034259319,0.077411562204,-0.178748771548,-0.265104144812,-0.187042266130,-0.350414097309,-0.487477153540,-0.604730486870,-0.716126918793,-0.204740568995,-0.142384931445,-0.317437618971,0.049345348030,0.064121372998,0.048205245286,0.100925609469,-0.103164657950,0.165767267346,0.421503663063,0.469301432371,0.297669023275,0.450895220041,0.480192035437,0.254406958818,0.282464951277,0.096258200705,-0.085795618594,0.014442640357,-0.225995004177,-0.876169025898,-0.926111161709,-0.797547340393,-0.715048551559,-0.619448900223,-0.622568726540,-0.208053871989,-0.161280959845,-0.150694891810,0.039652433246,0.209202200174,0.224422737956,0.374776005745,0.417803496122,0.193508327007,0.131058007479,-0.081412203610,-0.087684810162,-0.290058761835,-0.352056324482,-0.095710791647,-0.535707116127,-0.567177176476,-0.377607733011,-0.362321346998,0.045562844723,-0.227172151208,-0.486304163933,-0.264651387930,-0.352834224701,-0.220002278686,-0.242726072669,-0.268248677254,0.085474587977,0.349232852459,0.458019793034,0.536612570286,0.216433808208,0.315787166357,0.638805925846,0.424372404814,0.150225684047,0.390222936869,0.328328251839,0.109754182398,0.046698831022,0.240643441677,0.424775809050,0.111626923084,0.419009447098,0.609212696552,0.375274032354,0.673058331013,0.539720058441,0.264210999012,0.110754340887,0.051386822015,0.073641411960,0.219936430454,0.240655794740,0.235749647021,-0.092220515013,0.061911143363,0.104996219277,0.172381490469,0.290124624968,0.041862666607,-0.218763396144,-0.141253054142,-0.187194555998,-0.550162076950,-0.208749458194,-0.282995909452,-0.491469562054,-0.086252480745,0.239067062736,-0.198151051998,-0.140825003386,-0.047892436385,-0.187157511711,-0.357946157455,-0.442223042250,-0.325368940830,-0.249554336071,-0.467119991779,-0.554385006428,-0.597498893738,-0.451080381870,-0.289643049240,-0.137746319175,0.145027324557,0.156070247293,0.388004481792,0.732306540012,0.832585871220,0.365651130676,0.300167351961,0.475113034248,0.782944202423,0.522836744785,-0.061223790050,0.068097315729,0.212379649282,0.002774106571,0.388370782137,0.272953122854,0.060404729098,0.254559248686,0.151468679309,-0.208391368389,-0.233514726162,-0.071797497571,0.129238784313,0.208926424384,0.327122300863,0.355579495430,0.364790886641,0.025818943977,-0.099517986178,0.227089822292,0.705014050007,0.531122028828,0.536814272404,0.122056566179,-0.090817004442,0.037075892091,-0.191820815206,-0.379212945700,-0.507805526257,-0.502413690090,-0.514740824699,-0.698235213757,-0.893970191479,-0.908054769039,-0.540596783161,-0.309740900993,0.111680425704,0.239268735051,0.238643124700,0.152246579528,0.424981594086,0.386098831892,0.186083272099,0.119294807315,0.158515080810,0.109560742974,-0.093899793923,-0.315544307232,-0.439539492130,-0.382690846920,-0.675408482552,-0.816562771797,-0.623671770096,-0.723502576351,-0.529496252537,-0.376512914896,-0.472170203924,-0.378200411797,-0.225443467498,0.234844163060,0.569856643677,0.250813782215,0.362115561962,0.657356202602,0.249142751098,0.436543107033,0.885388612747,0.274002701044,0.428171396255,0.366482526064,0.230497792363,0.228830844164,-0.011623259634,-0.386144101620,-0.387115448713,-0.413901597261,-0.441959619522,-0.154131665826,0.050637729466,0.266906887293,0.376792788506,0.386168777943,0.696514725685,0.618444621563,0.563160061836,0.666999697685,0.416445225477,0.392243832350,0.350125998259,0.308740764856,0.100711591542,-0.071328282356,-0.045756295323,-0.065245002508,-0.159054249525,-0.192257106304,-0.374084532261,-0.394878000021,-0.459884285927,-0.615691065788,-0.682347834110,-0.585953831673,-0.425652444363,-0.575297772884,-0.696345984936,-0.759405434132,-0.368441641331,-0.389663159847,-0.202061131597,-0.473656028509,-0.203160077333,0.080218598247,-0.253707259893,-0.024818785489,0.021781263873,-0.097657598555,-0.068953417242,-0.196426481009,-0.616403162479,-0.366848856211,-0.234597206116,-0.324825644493,-0.275900125504,-0.305320471525,-0.224871367216,0.055214595050,-0.022345138714,-0.206889063120,-0.374496132135,-0.100155942142,0.281822860241,0.161750152707,0.222517088056,0.518848419189,0.591991841793,0.596556365490,0.775375127792,0.932684183121,0.847962856293,0.698531508446,0.540193438530,0.269137710333,0.126374125481,0.161943599582,-0.015533350408,-0.001123636495,0.035676490515,0.021690713242,-0.067438773811,-0.151069447398,0.078255318105,0.430521547794,0.243532791734,0.173410460353,0.274093240499,0.227880075574,0.453278273344,0.371993660927,-0.095529690385,0.033408638090,0.039516612887,-0.205320924520,-0.032828297466,-0.165059328079,-0.185807496309,0.092364579439,0.315626651049,0.128600835800,0.219915851951,-0.142175003886,-0.277933359146,-0.272726774216,-0.440708369017,-0.129605099559,-0.213626772165,-0.340770572424,-0.414473712444,-0.248356610537,-0.135367333889,-0.038936272264,0.006494866218,0.006708892528,-0.247504621744,-0.203711599112,-0.358703494072,-0.446548819542,-0.420878022909,-0.285004436970,-0.578911602497,0.029576750472,-0.193866416812,0.055823747069,0.204608857632,-0.105572454631,0.131202071905,0.100192986429,-0.206456914544,-0.253007560968,-0.109256163239,-0.074444010854,0.083346672356,0.115923896432,0.040697868913,-0.064705826342,-0.087269105017,0.077407449484,0.238643124700,0.474952548742,0.697523176670,0.853103578091,0.795604646206,0.758886873722,0.861495852470,0.738225102425,0.537921428680,0.484316200018,0.431571125984,0.243936136365,-0.096702717245,-0.048271097243,-0.019657466561,-0.362164974213,-0.159548163414,0.033503305167,-0.132095217705,-0.116281978786,-0.181522861123,-0.283078223467,-0.157354399562,0.006807673723,-0.129193514585,-0.106494411826,-0.375306963921,-0.273451149464,-0.541745126247,-0.607759773731,-0.079790540040,-0.045887999237,-0.019686277956,0.153765335679,0.204357787967,0.241923481226,-0.217063531280,-0.275241553783,-0.151732102036,-0.578755140305,-0.711117863655,-0.679602563381,-1.179962515831,-1.302788734436,-1.027868151665,-0.735253393650,-0.078905627131,0.364959657192,0.292557090521,0.718715786934,0.954494237900,0.911084055901,1.196117401123,0.803284883499,0.502426028252,0.626137197018,0.634850561619,0.412209957838,0.362815260887,-0.091775998473,-0.083317853510,0.194850116968,-0.174711093307,-0.159667521715,-0.170718669891,-0.037047080696,-0.174336537719,-0.252645373344,-0.192010149360,-0.171150848269,-0.119949229062,0.616324961185,0.152040794492,0.046044405550,0.455060452223,0.434612751007,0.297722518444,0.377410173416,-0.096546307206,0.040224540979,0.268026441336,-0.294047057629,-0.215104371309,-0.469079166651,-0.590596556664,-0.290178120136,-0.448598504066,-0.641053199768,-0.538127243519,-0.390288800001,-0.078230619431,0.139861881733,0.058569043875,0.270228415728,0.328422904015,0.071336515248,0.331641554832,0.124917112291,0.174365356565,0.150085732341,0.201200917363,0.094788827002,0.158185794950,0.198039919138,0.485472738743,0.286288619041,0.140117079020,-0.014183338732,0.105239056051,-0.184457495809,-0.294084072113,-0.261741489172,-0.212803602219,-0.510591983795,-0.371022313833,-0.218257144094,-0.459085822105,-0.501775741577,-0.573729693890,-0.498417198658,-0.274941116571,-0.198118120432,-0.070768527687,0.109581314027,-0.019381701946,0.070418670774,0.240775153041,0.198727279902,0.098497241735,0.161429122090,0.113001622260,0.067496396601,-0.129654496908,-0.015150573105,-0.133259996772,-0.159762188792,0.000555644452,-0.549536466599,-0.322105020285,-0.194483786821,-0.311638355255,-0.030967919156,0.258156538010,0.076559573412,0.212980568409,0.364877313375,0.523301839828,0.517267942429,0.828371226788,0.852144598961,0.665201067924,0.616411387920,0.615398883820,0.005177782848,-0.177184715867,0.048089999706,-0.236926808953,-0.357402861118,-0.222809314728,-0.278447866440,-0.351430714130,-0.098633065820,0.072925254703,0.106881298125,0.131449013948,-0.005515285302,0.084688447416,0.208070337772,-0.089006014168,-0.245450794697,-0.074612759054,-0.064236611128,-0.015372830443,-0.190096259117,-0.346302330494,-0.024419546127,0.092599175870,0.227266818285,0.383715718985,0.307855844498,0.321837514639,0.121163420379,0.204600632191,-0.153057411313,-0.521898329258,-0.510855376720,-0.448775500059,-0.669646263123,-0.810516536236,-0.711850523949,-0.597383677959,-0.696407735348,-0.286000490189,-0.262280642986,-0.414757728577,-0.187774911523,-0.033025860786,0.021147416905,0.211395978928,0.248405992985,0.371849626303,0.785220324993,0.900238692760,0.642041027546,0.261967837811,0.458764731884,0.509192585945,0.352719008923,0.340787023306,0.468334168196,-0.207218348980,-0.430295199156,-0.637027859688,-0.936540782452,-0.563958585262,-0.590510129929,-0.625565111637,-0.318236112595,-0.419030010700,-0.060668144375,0.339897990227,0.519424676895,0.848592579365,0.821831107140,0.652022004128,1.095924377441,0.784364223480,0.468700498343,0.863681435585,0.439115524292,0.189536496997,0.282041013241,-0.118492208421,-0.179135650396,-0.004992568400,-0.186091497540,-0.392503142357,-0.473771274090,-0.619700014591,-0.371462732553,-0.746275842190,-0.660488426685,-0.206559807062,-0.086124889553,-0.156436547637,0.042566481978,-0.022489195690,-0.072941713035,0.281304270029,0.588670313358,0.551989555359,0.623618304729,0.530739247799,0.407402634621,0.209115773439,0.021307935938,-0.313877373934,-0.419252276421,-0.702511608601,-0.906161427498,-0.945776879787,-0.894208908081,-1.118952751160,-0.504973828793,-0.501281857491,-0.231679052114,0.280522257090,0.254563361406,0.245216190815,0.618189454079,0.347211927176,0.282271504402,0.466671377420,0.588369846344,0.248418346047,0.200645267963,0.127637714148,-0.090977519751,-0.011750851758,0.180946648121,-0.158782601357,-0.212194457650,-0.257802575827,-0.043908260763,-0.227139219642,-0.152896896005,-0.163240104914,0.040220428258,-0.076073899865,-0.004403996747,-0.032383780926,0.072069145739,0.109519578516,0.580878913403,0.371149927378,0.357287645340,0.749786674976,0.361613422632,0.461757004261,0.739575147629,0.433559089899,0.157263845205,0.139248624444,0.032951775938,-0.209654957056,-0.232127681375,-0.254732131958,-0.324796825647,-0.483069062233,-0.385263293982,-0.460077732801,-0.216520234942,-0.381270885468,-0.295265346766,-0.023686917499,0.087079778314,0.124217413366,0.227698996663,0.177501663566,0.204448342323,0.234984099865,0.202258691192,0.199768587947,0.031363043934,-0.118730939925,-0.178221926093,-0.214705139399,-0.634229063988,-0.582039654255,-0.647165298462,-0.550302088261,-0.562941908836,-0.724725067616,-0.462477296591,-0.223546043038,-0.346401095390,-0.130074307323,-0.028267895803,-0.079090841115,0.194767788053,0.244965121150,0.097031988204,0.000053506501,-0.094418399036,0.024835251272,0.271541386843,0.068611800671,0.042475935072,0.233144298196,-0.081712663174,0.200303658843,0.495005130768,0.478442817926,0.784800469875,0.609801232815,0.226455986500,0.479257762432,0.202962502837,0.057058509439,-0.105811163783,-0.069932997227,-0.272055864334,-0.240672260523,-0.134865209460,-0.144545763731,0.291128873825,-0.026971392334,-0.073764890432,0.109021559358,0.302830338478,0.252670079470,0.106947153807,0.005140740424,-0.062277454883,0.079181395471,-0.085515744984,0.120155028999,-0.072106190026,-0.332654058933,-0.038718130440,-0.039471335709,-0.034170076251,-0.069941230118,-0.167146086693,-0.150028124452,-0.579471290112,-0.272389262915,-0.252513647079,-0.357003629208,-0.118730939925,-0.038969200104,-0.198587343097,0.020246038213,0.190902978182,0.455986559391,0.472762882710,0.170969739556,0.176847234368,0.335724502802,0.397833198309,0.419079393148,0.292701154947,0.350994467735,0.197941139340,-0.007824297063,-0.071624629200,-0.225188285112,-0.361868619919,-0.251850992441,-0.132049933076,-0.120072707534,-0.075160175562,-0.112750552595,-0.013981661759,0.159198313951,0.207596987486,0.123011447489,0.062598496675,-0.085301719606,0.165907204151,0.282267391682,-0.264762520790,-0.198760196567,-0.049151897430,-0.559180021286,-0.318408966064,-0.493712753057,-0.677067160606,-0.845485091209,-0.719880640507,-0.577940225601,-0.477866590023,-0.518247544765,-0.224155217409,-0.385176837444,-0.126415297389,0.116133801639,0.208074450493,0.341910690069,0.560748159885,0.616514325142,0.677149534225,0.824745178223,0.459221631289,0.270565927029,0.016027254984,-0.173147052526,-0.157222688198,-0.156568259001,-0.365449398756,0.157967671752,-0.021052751690,0.016480002552,0.178444191813,0.103234626353,0.081836141646,0.289820045233,0.055095236748,0.041730955243,0.244076088071,0.505932807922,0.303571224213,-0.024962842464,0.124147437513,0.247673362494,0.115594632924,0.104020752013,0.161470279098,0.179353803396,0.159124225378,0.073818393052,-0.030115930364,-0.099913112819,0.040920127183,-0.008803877980,-0.238663703203,-0.389181643724,-0.423302322626,-0.484546661377,-0.483546495438,-0.290704965591,-0.289437264204,-0.098764769733,0.147118180990,-0.042459469289,-0.214964434505,-0.042278371751,0.026366358623,-0.077695555985,-0.057758215815,0.128847777843,0.133581042290,0.134190201759,-0.166981443763,0.122015401721,0.113651931286,0.066109344363,-0.016582898796,-0.222121968865,-0.264943629503,-0.149081468582,-0.377587169409,-0.641901075840,-0.329344898462,-0.094369009137,-0.085297599435,-0.020447716117,-0.075036697090,0.154135778546,0.538205444813,0.726190268993,0.456315815449,0.529545605183,0.837985992432,0.712463855743,0.444844841957,0.489004194736,0.349809080362,0.121500924230,-0.181634008884,-0.253114581108,-0.306168347597,-0.357122987509,0.003815425094,0.197587177157,0.398788094521,0.292170196772,0.346759200096,0.240594044328,0.165524423122,0.077308662236,0.181201830506,-0.185630530119,-0.346886783838,-0.260864794254,-0.502043306828,-0.524367809296,-0.223599553108,-0.479726970196,-0.451845943928,-0.270763486624,-0.247640445828,-0.412164717913,0.024777626619,0.226970478892,0.017085038126,-0.059544507414,0.012487594970,-0.000654425705,0.081461593509,0.180197566748,0.178254857659,-0.100719816983,-0.335053592920,-0.157576650381,0.015134108253,-0.456653296947,-0.580829560757,-0.142500162125,-0.437757283449,-0.507011175156,-0.252089709044,-0.597745835781,-0.542288422585,-0.234502539039,-0.394277095795,0.051481489092,0.461938112974,0.678359568119,0.611459970474,0.581043601036,0.734076261520,0.409629344940,0.227950066328,0.126674592495,0.018801363185,0.332509994507,0.340474218130,0.112705275416,0.108671709895,-0.028370793909,0.147723227739,0.491646558046,0.323014646769,0.406229615211,0.565172731876,0.366725325584,0.143911913037,0.087450213730,-0.099151670933,0.409242451191,0.111063040793,-0.329657673836,-0.205806598067,-0.281810522079,-0.453142464161,-0.483871638775,-0.382797867060,-0.242038726807,-0.139656096697,-0.176287457347,-0.093908034265,-0.134655281901,-0.201534301043,-0.396433800459,-0.558216869831,-0.504899680614,-0.561435520649,-0.589835107327,-0.737019181252,-0.710928559303,-0.313206493855,-0.287803232670,-0.171928748488,0.122455805540,0.310963332653,0.381875902414,0.693020343781,0.564230203629,0.466938883066,0.776041865349,0.804054558277,0.347224265337,0.098098002374,-0.006350810640,-0.288177788258,-0.359995871782,-0.480496615171,-0.790702641010,-0.825905799866,-0.440827757120,-0.620193898678,-0.595959603786,-0.481426835060,-0.335053592920,-0.046933434904,0.093290649354,0.223529592156,0.466519087553,0.540633857250,0.579808831215,0.785496056080,0.650667905807,0.395869940519,0.388848215342,0.592782080173,0.055951341987,-0.113001622260,0.228205248713,-0.354624658823,-0.810598850250,-0.225060701370,-0.076847687364,-0.175233796239,-0.004305215552,0.054342027754,0.079844050109,0.354328304529,0.314457714558,0.235770240426,0.248043805361,0.160610064864,0.411963045597,0.354418843985,-0.063100628555,-0.056218869984,-0.238997086883,-0.452220529318,-0.349747329950,0.148056611419,0.017562480643,-0.099937804043,0.216256827116,-0.457492977381,-0.481570869684,-0.035647679120,-0.257300406694,-0.240054875612,-0.408283442259,-0.351743519306,-0.266540586948,-0.744794070721,-0.546219110489,-0.504698038101,-0.229814544320,-0.122422881424,-0.308008134365,-0.171899929643,-0.150328576565,-0.473479062319,-0.227941825986,-0.286144554615,-0.176489129663,0.093887455761,-0.054642491043,-0.276003003120,0.184082955122,0.252633005381,-0.133292928338,0.060561127961,0.136812016368,0.370907068253,0.268804311752,-0.123608253896,0.113878302276,0.231135755777,-0.311016827822,0.030572792515,0.160638868809,0.372182995081,0.348413765430,0.588867843151,0.560978651047,0.378459721804,0.595362782478,0.599643230438,0.192927986383,0.267096221447,0.314025551081,0.098172090948,0.141257166862,-0.140816777945,0.379797369242,0.443112045527,0.086059033871,0.282781869173,0.462790101767,0.229077801108,0.379311740398,0.427928537130,0.013368394226,-0.203707486391,0.002922278363,-0.399911731482,-0.579212009907,-0.474532723427,-0.467095315456,-0.368910878897,-0.680956721306,-0.607418179512,-0.281876355410,-0.243862062693,-0.304575473070,-0.105942875147,0.178337171674,-0.165993645787,0.034738067538,0.049184825271,-0.284580528736,-0.084795460105,-0.228345185518,-0.350924462080,-0.043270297348,-0.191232234240,-0.117800742388,-0.292384237051,-0.063310541213,0.118652723730,-0.008515765890,0.051979511976,-0.113721907139,-0.299829870462,-0.049258913845,0.033585622907,-0.318738251925,-0.415790796280,-0.072204969823,0.072418995202,0.146974131465,0.386481583118,0.393104046583,0.626680552959,0.795135438442,0.424730509520,0.567263603210,0.512427687645,0.466980069876,0.440658986568,0.462168604136,0.063594534993,0.161754280329,0.335284113884,-0.008598083630,-0.240157783031,-0.113363817334,-0.136429235339,0.082338280976,0.271265625954,0.374413788319,0.653783619404,0.778552532196,0.706956744194,0.925765395164,0.722206115723,0.457719326019,0.438843905926,0.185153082013,-0.180111125112,-0.434081792831,-0.823152303696,-0.756491422653,-0.791727483273,-0.924160182476,-0.857997357845,-1.077283501625,-0.827189981937,-0.634998738766,-0.550524294376,-0.446594089270,-0.322623640299,-0.179242685437,-0.225830376148,-0.147175818682,-0.197414293885,-0.235255748034,-0.072369605303,-0.211696431041,0.014722519554,-0.039191454649,-0.129020646214,-0.297158658504,-0.391453564167,-0.320063561201,-0.492951303720,-0.639950156212,-0.386111170053,-0.662356972694,-0.478615701199,0.213095828891,0.223677769303,0.184860840440,0.788945138454,0.979304850101,0.834940135479,0.899823009968,0.679240405560,0.431414693594,0.392046272755,0.484843015671,0.277167797089,-0.139022246003,-0.047657832503,-0.147159352899,-0.021538425237,-0.106391504407,0.088125213981,-0.006536025554,-0.281608849764,0.178234264255,0.100106552243,-0.064421832561,0.361321181059,0.400833666325,0.416605770588,0.669226408005,0.747074306011,0.589197158813,0.484991192818,0.602470874786,0.546885848045,0.395561248064,0.072929367423,-0.023283561692,-0.330822467804,-0.699190020561,-0.539543151855,-0.807878255844,-0.857725739479,-0.938989758492,-1.061988830566,-0.842772722244,-0.506212651730,-0.344499558210,-0.096426956356,-0.235646754503,-0.115541122854,-0.094858802855,0.071826308966,0.262165397406,0.203324720263,0.150731936097,0.140433996916,0.180349841714,0.230057388544,0.373722344637,-0.087310269475,-0.197163239121,-0.287914395332,-0.467099428177,-0.449705719948,-0.450104951859,-0.594502508640,-0.412308752537,-0.457101941109,-0.369602352381,-0.299726992846,-0.191981330514,-0.170302972198,-0.029934830964,0.173587441444,0.013244917616,0.172912433743,0.494330108166,0.219047397375,0.316680312157,0.585151255131,0.499487340450,0.131547793746,0.038569957018,-0.208687707782,-0.316688537598,-0.217203468084,-0.433435589075,-0.324006587267,-0.132988363504,-0.199480488896,-0.195846155286,0.124661915004,0.097180157900,0.113495521247,0.146373212337,0.461242526770,0.213021740317,0.230361953378,0.711550056934,0.645103216171,0.582006752491,0.857277095318,0.695354044437,0.594436645508,0.509892284870,0.320755004883,0.263811767101,0.004774426576,-0.177283510566,-0.263750016689,-0.752182126045,-1.037487030029,-1.082494258881,-1.048760414124,-0.998550713062,-1.177427053452,-0.854762315750,-0.876230716705,-0.628997743130,-0.170278280973,-0.049938030541,-0.074020072818,0.057354856282,0.325899899006,0.386502176523,0.266240119934,0.484044522047,0.469820022583,0.178654104471,0.447133272886,0.495791256428,0.076176792383,-0.019122401252,0.043780669570,-0.014450871386,0.333765327930,0.198299214244,0.051580268890,0.302225321531,0.446445912123,0.453319460154,0.262297123671,0.197159111500,0.236482292414,0.187445625663,0.072513662279,0.243960842490,0.104419998825,-0.021530194208,-0.277797549963,-0.319297999144,-0.066018790007,-0.149056762457,-0.180506244302,-0.048308141530,-0.058692522347,0.177798002958,0.323821365833,-0.017797086388,-0.038331236690,0.335275888443,0.380855172873,0.390774428844,0.534990966320,0.283226400614,0.055008802563,-0.062507942319,-0.444737851620,-0.541004240513,-0.539139807224,-0.610455691814,-0.557126164436,-0.577800273895,-0.481513261795,-0.406447768211,-0.170689865947,0.206728547812,0.275492638350,0.531027317047,0.674095511436,0.933445692062,0.730380237103,0.530516982079,0.495206803083,0.258580476046,-0.003453227226,-0.040854271501,-0.488197475672,-0.666032493114,-0.561513721943,-0.629783928394,-0.758919775486,-0.391733467579,-0.279983073473,-0.177859738469,0.009997484274,0.173369303346,0.421116769314,0.408703237772,0.622926831245,0.522388100624,0.458612471819,0.286510854959,0.273780435324,0.113388508558,0.059083528817,0.080835975707,0.012532870285,-0.104955069721,-0.123517706990,-0.135853007436,-0.323681414127,-0.135943561792,-0.219812944531,-0.428529471159,-0.473853617907,-0.180592685938,-0.278217345476,-0.542576551437,-0.307501882315,-0.203460529447,-0.170541688800,0.021443760023,0.247051879764,0.433715492487,0.051329202950,-0.215890511870,0.470803707838,0.541646361351,0.116788238287,0.433415025473,0.527253091335,0.178584128618,0.341766625643,0.627610683441,0.716464459896,0.312605589628,0.363469690084,0.266194850206,-0.010018063709,-0.040632016957,-0.296672970057,-0.231065779924,-0.436765372753,-0.482484579086,-0.068414241076,-0.577487468719,-0.407867729664,-0.130304798484,-0.151262894273,0.022234009579,0.027362402529,-0.145298957825,-0.007643198129,0.087302036583,-0.297689616680,-0.336629986763,-0.478022992611,-0.629911482334,-0.583694219589,-0.739192366600,-0.617950737476,-0.339581072330,-0.282662510872,-0.294722050428,0.111968532205,0.336909860373,0.183605507016,0.401409894228,0.461234271526,0.393597960472,0.409390598536,0.276484549046,0.148867443204,0.352982401848,0.031733471900,-0.153979375958,-0.028193812817,-0.121348641813,0.068475976586,0.088701441884,0.080436736345,0.123752310872,0.208992272615,0.348730713129,0.270327210426,0.166372299194,0.335189431906,-0.031437128782,0.075925730169,0.009396565147,0.043924726546,0.081436902285,0.099040545523,-0.056354697794,0.310494124889,0.088561497629,0.103288128972,-0.123365417123,-0.102312669158,0.020015548915,-0.015660943463,0.048094116151,-0.047361485660,-0.086898677051,-0.096254087985,0.049304183573,0.185877487063,0.301035821438,0.101263120770,0.088071703911,0.114672675729,-0.030733311549,0.104177169502,0.202851384878,0.224237516522,0.353402227163,0.477821320295,0.218985661864,-0.085095919669,-0.178481221199,-0.022991333157,-0.006239681039,-0.091257400811,-0.143343925476,-0.435711681843,-0.580006420612,-0.573227524757,-0.654738485813,-0.548021852970,-0.513752996922,-0.454064399004,-0.174069002271,-0.425096839666,-0.148369416595,-0.022616788745,0.494544148445,0.550544857979,0.440543740988,0.757125258446,0.614571571350,0.467897921801,0.507241666317,0.133292928338,-0.199291154742,-0.328031897545,-0.199933230877,-0.550153851509,-0.821781694889,-1.028917789459,-0.954716503620,-0.750157117844,-0.614427566528,-0.361765712500,-0.221998482943,-0.087203256786,0.013174948283,0.023472892120,0.337321460247,0.400257468224,0.387564063072,0.366605967283,0.458954066038,0.035289596766,0.574462294579,0.268392741680,-0.286967724562,0.062499713153,-0.138071477413,-0.068373076618,0.096809729934,-0.121628515422,-0.071583472192,0.122307635844,-0.057626504451,0.268545031548,0.618070065975,0.433941841125,0.478167057037,0.652104377747,0.736228942871,0.750980257988,0.839525282383,0.691843211651,0.397635638714,0.343380033970,0.089841529727,0.024526558816,-0.089574009180,-0.314502984285,-0.322125613689,-0.358526498079,-0.170858621597,-0.179353803396,0.091883011162,0.184478089213,0.216186866164,0.402146667242,0.179864168167,0.199204713106,0.078963249922,-0.113417319953,-0.202884316444,-0.220520883799,-0.274648904800,-0.326011002064,-0.216120988131,-0.250706762075,-0.249805405736,-0.061466623098,0.007651430089,0.060190703720,-0.267351418734,-0.051255114377,-0.404023468494,-0.466642558575,-0.471733927727,-0.386288166046,-0.583109796047,-0.354402393103,-0.508073091507,-0.626557052135,-0.311708301306,0.056696314365,0.018505018204,0.045529916883,0.122422881424,-0.169064089656,-0.146122142673,-0.180769652128,-0.211655274034,-0.174019619823,-0.162342846394,-0.290503293276,0.077263392508,0.115055449307,0.260708391666,0.603030622005,0.545704603195,0.523482978344,0.855408430099,0.697136223316,0.611451745033,0.832293629646,0.541057765484,0.764628529549,0.833536684513,0.526730358601,0.754108309746,0.547178089619,0.195545703173,0.387267708778,0.114870235324,0.066759653389,-0.120229117572,-0.448940157890,-0.772576332092,-0.681508243084,-0.797921955585,-0.712858974934,-0.473228007555,-0.374990046024,-0.480278491974,-0.091035135090,-0.190038636327,-0.010849473067,0.151699170470,0.521091639996,0.492597341537,0.535921156406,0.444449722767,0.458081543446,0.079658836126,-0.257176965475,-0.099238097668,-0.123739957809,-0.344330817461,-0.299373000860,-0.273895680904,-0.370396703482,-0.264441490173,-0.338017046452,-0.037034731358,0.001551688532,0.375047683716,0.584612071514,0.346582204103,0.304225623608,0.409765154123,0.219726517797,0.303303658962,0.349043518305,0.159832164645,-0.228448078036,-0.200748175383,0.118912033737,-0.007478563115,0.071110144258,0.003115724772,0.014899503440,0.286037534475,-0.039627742022,-0.344532489777,-0.180403351784,-0.150583758950,-0.496988981962,-0.370894730091,-0.714192450047,-0.648502945900,-0.520992815495,-0.373672962189,-0.303439497948,-0.127452492714,-0.004638602026,0.084206886590,0.466313302517,0.240585818887,0.413107246161,0.355875849724,-0.116203777492,-0.222628220916,-0.210819736123,-0.249636650085,-0.070784986019,-0.295874506235,-0.140396952629,0.245590746403,0.219528958201,0.203472897410,0.418276786804,0.274702399969,-0.007503258530,0.055967804044,-0.081008844078,-0.101975157857,-0.051679052413,0.362164974213,0.064853996038,0.145101413131,0.484690696001,0.656911671162,0.699297070503,0.553372502327,0.351266086102,0.541580498219,0.532776594162,0.728766858578,0.761134147644,0.494297206402,0.189450055361,0.230888798833,-0.068533599377,0.066236935556,-0.186338454485,-0.412292301655,-0.519482254982,-0.682841777802,-0.560336589813,-0.562423288822,-0.682759463787,-0.615341246128,-0.569251596928,-0.567675173283,-0.610813796520,-0.602256894112,-0.406682342291,-0.278246164322,-0.045859191567,0.173011213541,0.042595293373,0.204345449805,0.122999109328,0.246294558048,0.129592746496,0.136795550585,-0.109235592186,-0.262926846743,-0.192598730326,-0.095821909606,-0.146270319819,-0.285708248615,-0.283613264561,0.041566323489,-0.247298836708,-0.375364601612,-0.176880151033,0.133852690458,0.064010240138,0.018694348633,0.416980296373,0.364334017038,0.295890986919,0.268557369709,0.115713983774,0.374541431665,0.414877086878,0.506451427937,0.653264999390,0.395478934050,0.623976409435,0.646906018257,0.374240964651,0.377245545387,0.196006670594,0.059993140399,-0.000139940079,-0.234432578087,-0.216783657670,-0.104053691030,-0.114512145519,0.039187341928,0.011754967272,0.229559361935,0.334181040525,0.348491966724,0.368960291147,0.425446659327,0.428525358438,0.690896570683,0.512510001659,0.204328998923,0.048452198505,-0.195776179433,-0.332843393087,-0.062709622085,-0.600445866585,-0.389889568090,-0.321039021015,-0.504270017147,-0.685323655605,-0.769065380096,-0.912520527840,-0.527500033379,-0.418943583965,-0.559365212917,-0.511077642441,-0.322957038879,-0.164688900113,-0.315676033497,-0.005066654179,0.221792683005,0.100501678884,0.230152055621,0.247640445828,0.114483334124,0.009729951620,0.268121093512,0.145010858774,-0.006894107442,0.376422375441,0.086515903473,0.011244597845,0.479220718145,0.156889289618,0.040603205562,0.304596066475,0.555977880955,0.217734426260,0.030185898766,0.004840280395,0.136227548122,0.110453881323,0.000448631472,0.075123131275,0.263408392668,0.279826670885,0.532200396061,0.638715326786,0.449063628912,0.271911829710,0.885816633701,0.731306314468,0.509241998196,0.341816008091,0.074863828719,-0.487769395113,-0.366935253143,-0.384851694107,-0.408641517162,-0.397874385118,-0.486682802439,-0.540477454662,-0.374039292336,-0.222796961665,0.179650142789,0.393639117479,0.483225464821,0.484871804714,0.608545958996,0.400154590607,0.330423235893,0.167829319835,-0.053831655532,-0.290141075850,-0.654294013977,-0.838459253311,-0.866048038006,-1.080370426178,-0.993265926838,-0.904844403267,-0.483394205570,-0.087524294853,-0.005815745331,-0.109614253044,-0.239581540227,0.086038462818,0.313379347324,0.356163978577,0.391070783138,0.244294241071,0.233173102140,0.492457389832,0.506270289421,0.563007771969,0.559842646122,0.318470716476,0.319026350975,0.191759079695,-0.159292981029,-0.053580589592,-0.064981587231,-0.140145882964,-0.246191665530,-0.287095308304,-0.300101518631,0.101477138698,0.293083935976,0.169101133943,0.053074337542,0.320084124804,0.266145467758,0.024584179744,0.233399480581,-0.117940686643,-0.191466853023,-0.035351336002,-0.428657054901,-0.340404272079,-0.270426005125,-0.576775431633,-0.075333043933,-0.002922278363,0.307114988565,0.653561353683,0.482974380255,0.372133642435,0.455274462700,0.264169842005,-0.001210070099,-0.251352965832,-0.380698770285,-0.147793203592,-0.296891123056,-0.272339880466,-0.349990129471,-0.730948269367,0.050012119114,-0.108605854213,0.129251137376,0.481360971928,0.356513828039,0.071694597602,0.343635231256,0.291268825531,0.500808537006,0.308790147305,-0.070418670774,0.144414052367,-0.209827810526,-0.469396084547,-0.279946029186,-0.378307431936,-0.336177259684,-0.245603084564,-0.280909150839,-0.387769848108,-0.502384901047,-0.475878596306,-0.480134457350,-0.505809307098,-0.306402921677,-0.056148897856,-0.131794750690,0.030856790021,0.090648248792,0.227410867810,0.278373748064,0.630323052406,0.536135137081,0.458056807518,0.368565142155,0.122920908034,-0.110342755914,-0.066932521760,-0.361601084471,-0.329690605402,-0.255444169044,-0.512995660305,-0.357374042273,-0.214803919196,-0.151374012232,0.112824641168,0.191302224994,0.165400952101,0.015265817754,-0.004185854923,0.095612004399,-0.046933434904,-0.006935266312,0.081416316330,0.194582566619,-0.299780488014,-0.071143075824,0.193578287959,-0.099497400224,0.197282612324,0.335535168648,0.318338990211,0.312848418951,0.369680553675,0.282230347395,-0.018225139007,0.491732984781,0.488539069891,0.035713531077,0.131753593683,-0.106535561383,-0.265750348568,-0.301319837570,0.169833764434,-0.145072594285,-0.014356207103,0.199768587947,0.120702445507,0.083922892809,-0.219701811671,-0.325550049543,-0.091191552579,-0.190256789327,-0.341437339783,-0.276640951633,-0.362761765718,-0.064109019935,0.038660507649,-0.003770150477,-0.041162963957,-0.017163241282,-0.094850562513,-0.054675415158,-0.344742417336,-0.588402807713,-0.324899733067,-0.296796470881,-0.383192986250,-0.336317181587,-0.288449436426,-0.457134872675,-0.312313348055,-0.056893877685,0.260741323233,0.117652565241,0.426385104656,0.515889108181,0.358123153448,0.415938973427,0.114985473454,-0.070019431412,-0.070270508528,0.095188073814,-0.133391723037,-0.098254404962,-0.310704052448,-0.165882512927,0.020492989570,0.012285916135,-0.074546910822,0.345660239458,0.611657559872,0.169590920210,0.439148455858,0.835364103317,0.316252261400,0.413024961948,0.421330779791,0.084552623332,0.019752131775,0.193866416812,0.206432208419,-0.086688764393,-0.169689700007,-0.408913135529,-0.295442342758,-0.333987593651,-0.553310751915,-0.425117403269,-0.480817675591,-0.326867103577,-0.234243243933,-0.022604441270,0.047077495605,-0.267264991999,-0.307979315519,-0.107235260308,0.333012133837,0.666481137276,0.513423740864,0.372080117464,0.360374540091,0.283843785524,0.209066376090,0.023979144171,-0.251632869244,-0.285588920116,-0.051218073815,-0.126016050577,-0.005902179051,0.255843400955,0.507883727551,0.623272538185,0.924571812153,0.681890964508,0.537390530109,0.539580166340,0.484941780567,0.402191936970,0.276756227016,-0.140763252974,-0.020357167348,-0.153123259544,-0.869180202484,-0.624622583389,-0.370145648718,-0.757899045944,-0.515699803829,-0.412242919207,-0.422116935253,-0.277509421110,0.086676418781,0.035841125995,0.217660337687,0.339358836412,0.195537462831,-0.138944044709,-0.135371446609,-0.041154734790,-0.239285200834,-0.366412520409,-0.447413176298,-0.832943975925,-0.755894601345,-0.777894020081,-0.820847451687,-0.364058285952,-0.209704339504,-0.200027897954,0.234531357884,0.170459374785,0.256329089403,0.632278144360,0.531315445900,0.556467592716,0.664237976074,0.497034251690,0.406970471144,0.031663499773,-0.081737361848,-0.244483560324,-0.448717892170,-0.424475342035,-0.613382101059,-0.655866265297,-0.348541378975,-0.166224122047,0.227040439844,0.364646792412,0.508653402328,0.544659137726,0.419540375471,0.502006232738,0.350372910500,0.573914885521,0.592810928822,0.445346981287,0.570613920689,0.609784781933,0.316647380590,0.275011092424,0.302035987377,0.235881373286,0.615822851658,0.546116232872,0.482431113720,0.280880331993,0.046443648636,0.016372989863,0.074835017323,-0.294310480356,-0.241651847959,0.022789653391,-0.579689443111,-0.885623157024,-0.628446221352,-0.780404746532,-0.527281939983,-0.401805013418,-0.568716526031,-0.217977270484,-0.231646120548,0.137964457273,0.093916259706,-0.058964166790,-0.067961491644,-0.095081061125,-0.015850272030,-0.192541092634,-0.215429544449,-0.148418813944,-0.402142554522,-0.431163668633,-0.495375573635,-0.459571510553,-0.315503150225,-0.382176369429,-0.158918440342,-0.317227721214,-0.181584611535,-0.322977602482,-0.223307341337,-0.280349373817,-0.232749179006,-0.039207920432,0.250344574451,0.474285751581,0.567148387432,0.345018178225,0.045118328184,0.004576864187,0.079243130982,-0.108037866652,-0.155559867620,-0.310938626528,-0.564719974995,-0.418392062187,-0.547202765942,-0.879795074463,-0.515769779682,0.138968735933,0.366741776466,0.587320327759,0.490539401770,0.446050792933,0.612917006016,0.493136495352,0.409110724926,0.732191205025,0.737187922001,0.786837875843,0.592111229897,0.336798727512,0.389671385288,0.535065054893,0.260667234659,0.010256784968,0.003313287394,-0.211490646005,-0.411288022995,-0.685393631458,-0.560982763767,-0.529879033566,-0.246780216694,-0.079996339977,-0.313284695148,-0.342927306890,-0.286305069923,-0.378027588129,-0.532286822796,-0.305703222752,-0.466111600399,-0.303064972162,-0.203555196524,-0.199443444610,-0.316692650318,-0.359016299248,-0.447569549084,-0.375463366508,-0.204143777490,-0.338770270348,-0.148579329252,-0.370647788048,0.101123176515,0.691851437092,0.789566695690,0.537094175816,0.984478473663,1.114816188812,1.088980793953,1.003712058067,0.996064722538,0.376965671778,0.555125892162,0.228802040219,-0.326373219490,-0.342342823744,-0.080510824919,-0.217779710889,-0.242610841990,-0.527755200863,-0.582249522209,-0.097410649061,-0.065985865891,-0.132716715336,0.243878528476,0.268800199032,0.410238504410,0.218545258045,-0.005317723379,-0.173093542457,-0.086589984596,0.093051925302,-0.013133788481,-0.269820958376,-0.121780805290,-0.039784144610,-0.466975957155,-0.529648542404,-0.538913369179,-0.603993773460,-0.522816181183,-0.271356165409,-0.172780737281,-0.273870974779,-0.200184300542,0.075859874487,0.244862228632,0.350780397654,0.456192344427,0.455056339502,0.219323173165,0.188145324588,-0.031461823732,0.123863436282,0.016817506403,-0.309596866369,-0.493218839169,-0.202201068401,-0.070521570742,-0.047830697149,-0.303262501955,-0.260412037373,-0.126900956035,-0.086684651673,0.050559531897,0.175575420260,0.314782887697,0.155053615570,0.217104688287,0.138256683946,0.260868906975,0.125777319074,0.137334734201,-0.004980220925,0.170825690031,0.389515012503,0.190857708454,0.129646256566,0.367470324039,0.348454922438,0.171533614397,0.375755608082,0.024485398084,-0.212935313582,-0.221364647150,-0.440893590450,-0.532883644104,-0.496437430382,-0.279102265835,0.058639012277,-0.130210131407,-0.006782978307,0.315013349056,0.372310578823,0.346133559942,0.558562636375,0.576232135296,0.722004354000,0.260185658932,0.407349139452,0.076423749328,-0.252258449793,-0.160153195262,-0.081815563142,-0.228707373142,-0.238927125931,-0.400582611561,-0.232559844851,-0.184519231319,-0.218911558390,-0.017916448414,-0.146986484528,-0.128325060010,0.041043605655,0.221969678998,0.084227465093,0.062796056271,-0.094085015357,-0.064718171954,-0.031428899616,-0.170838028193,-0.174447655678,-0.337374985218,-0.401730924845,-0.526281774044,-0.514378607273,-0.539798319340,-0.447256743908,-0.582023203373,-0.727573215961,-0.846094191074,-0.489485740662,-0.179271474481,-0.119846336544,0.044665582478,0.274920523167,0.390852659941,0.378023475409,0.491790622473,0.555306971073,0.544757962227,0.722942829132,0.535896420479,0.204452455044,0.664303839207,0.482875615358,0.102629594505,0.101629428566,-0.013203758746,-0.174645215273,-0.026967277750,-0.624318003654,-0.837405562401,-0.694897174835,-0.576997637749,-0.693082094193,-0.442700445652,0.004906134680,0.073036372662,-0.131481945515,-0.232868522406,0.134219005704,0.823012292385,0.615036666393,0.348524898291,0.653985321522,0.709854304790,0.293227970600,0.244228377938,0.126806303859,-0.158366903663,-0.409061342478,-0.583163261414,-0.606710255146,-0.523824572563,-0.457599967718,-0.387720465660,0.004844396375,-0.098707146943,-0.074958495796,0.126913309097,0.137145400047,-0.094974040985,0.040697868913,0.023106576875,-0.355163812637,-0.231440335512,-0.195636227727,-0.515448749065,-0.477187454700,-0.225163608789,-0.136684417725,-0.259823471308,-0.398244768381,0.103786155581,0.062726087868,-0.110248088837,0.134774655104,0.506048083305,0.498248428106,0.559307575226,0.653120994568,0.285543620586,0.116849973798,0.013574188575,0.076930008829,0.407044559717,0.517626047134,0.394433468580,0.292627066374,0.219664782286,0.216055139899,0.250986665487,-0.072521887720,0.097427114844,-0.089368201792,-0.240314170718,0.085626870394,0.286741346121,0.113265037537,0.450878709555,0.245590746403,0.089092440903,0.184976100922,0.325562387705,0.161494970322,0.169549763203,0.123106114566,-0.017817666754,-0.124867722392,-0.064236611128,-0.053687602282,-0.265194714069,-0.792398393154,-0.716876029968,-0.470281004906,-0.386592745781,-0.389708459377,-0.370034486055,-0.573816061020,-0.128860130906,-0.103568010032,-0.108013175428,0.132210448384,0.227649599314,0.111865632236,0.058429099619,0.306715756655,0.302122414112,0.347677022219,0.241112664342,-0.062277454883,0.072772957385,0.190195038915,-0.057070858777,-0.492811352015,-0.579549551010,-0.380657613277,-0.310765773058,-0.485921382904,-0.044537991285,0.129996106029,0.469153285027,0.730409085751,0.844591915607,0.763360857964,0.854708790779,1.218285441399,0.901708066463,0.573194563389,0.557406067848,0.508805692196,0.275278598070,0.206078246236,0.210231170058,0.211149021983,0.217475131154,-0.015344019048,0.142714202404,0.159544050694,0.108926892281,-0.088051132858,-0.531233131886,-0.738628447056,-0.624408543110,-0.843488931656,-0.980053961277,-0.869200825691,-0.836648225784,-1.086651325226,-0.838492214680,-0.365836292505,-0.221714496613,-0.053206041455,-0.025008115917,0.021773030981,0.301122277975,0.132387429476,0.239383980632,-0.074221752584,-0.339272409678,-0.364391654730,-0.465658873320,-0.409818679094,-0.498985201120,-0.440362662077,-0.101411290467,-0.179831236601,0.053374797106,0.468017250299,0.535023868084,0.745716035366,1.047813773155,0.854116082191,0.771283924580,0.953218400478,0.949761033058,0.636710941792,0.469939410686,0.518132269382,0.499890685081,0.263898193836,0.027831612155,0.198463857174,-0.108223080635,-0.022530354559,-0.318396627903,-0.493502825499,-0.400290399790,-0.304032176733,-0.528615415096,-0.495145052671,-0.337938845158,-0.164828836918,-0.008314087056,0.032898269594,-0.076728329062,0.060454118997,0.064788147807,0.140228196979,0.011265177280,-0.377155005932,-0.102325014770,-0.189388319850,-0.396326780319,-0.481360971928,-0.336839914322,-0.526392877102,-0.646597266197,-0.537493407726,-0.423343449831,-0.329085588455,-0.088598541915,0.248443052173,0.059437491000,0.163696974516,0.401130020618,0.476269632578,0.388337850571,0.350208312273,0.571749925613,0.734170913696,0.535884082317,0.253291547298,0.717481017113,0.438251197338,-0.101053200662,-0.139549076557,-0.223578989506,-0.171154960990,0.069332078099,-0.296512454748,-0.248624131083,0.086911030114,0.217042967677,0.140211731195,-0.068150818348,-0.197220847011,0.058873616159,0.234095066786,0.183885395527,-0.057214915752,-0.163725793362,-0.104057803750,-0.270862281322,-0.284720450640,-0.472211360931,-0.686583101749,-0.817221283913,-0.843303620815,-0.898896932602,-0.838175237179,-0.838582754135,-0.254826784134,-0.197154998779,-0.078732766211,0.176073431969,0.189915165305,0.293310314417,0.425977647305,0.134412452579,0.321767538786,0.018319804221,0.043673653156,0.538600564003,0.303896367550,0.063816800714,0.220516771078,0.130506485701,-0.050707701594,0.107482217252,0.313943237066,0.130070194602,0.351685881615,0.512975096703,0.324599266052,0.248068496585,0.319907158613,0.214425250888,0.093154817820,0.026456909254,0.343787521124,0.477985948324,0.135457888246,0.190470814705,0.223879441619,0.298183530569,0.652976870537,0.624227464199,0.143994227052,0.212449640036,0.297883063555,0.057844642550,-0.154197514057,0.019920883700,-0.111956186593,-0.062149863690,0.069006927311,0.090549468994,0.173192322254,0.234971761703,0.112573564053,-0.288309514523,-0.248418346047,0.052461072803,0.038812793791,-0.129872635007,-0.515592753887,-0.661093413830,-0.201382026076,-0.265812069178,-0.061927605420,0.145261928439,-0.029016990215,0.076028630137,0.028424302116,-0.164931744337,-0.196805149317,-0.044698510319,0.035087920725,-0.065269701183,-0.217326968908,-0.210165321827,-0.180411577225,-0.232716247439,-0.267845332623,-0.123126700521,-0.122101843357,0.008713328280,0.143492102623,0.071838654578,-0.052843846381,-0.010252669454,-0.034297667444,-0.328900367022,-0.339935034513,-0.269199460745,-0.435534685850,-0.486053079367,-0.567922115326,-0.327673822641,-0.210420504212,-0.271240919828,-0.030169436708,0.010487274267,0.384353667498,0.446606427431,0.353764414787,0.236354678869,0.176213383675,0.286873072386,0.234560161829,-0.191569745541,-0.209387406707,-0.005609950982,-0.032935313880,0.126888617873,0.256382584572,-0.114594474435,0.046583585441,0.306678712368,0.107696250081,0.169471561909,0.511719763279,0.649556577206,0.549277186394,0.345759034157,0.334950715303,0.083272583783,0.385646075010,0.563217699528,0.334106951952,0.135280907154,0.160511285067,-0.279184579849,-0.228287547827,-0.376488208771,-0.433402687311,-0.513077974319,-0.584817886353,-0.527557671070,-0.609521389008,-0.478002399206,-0.610291063786,-0.518177568913,0.170895650983,0.190367907286,0.346450507641,0.378550291061,-0.059898473322,-0.022991333157,0.069146864116,0.235391572118,0.328904479742,0.127382531762,0.053786385804,0.170512884855,0.110334530473,-0.211502984166,-0.304480820894,-0.339181840420,-0.605360269547,-0.609118044376,-0.475808620453,-0.643382787704,-0.658344030380,-0.465547710657,-0.399154424667,-0.021431412548,0.061610683799,0.241874098778,0.556891560555,0.681932151318,0.531517148018,0.612995207310,0.722333669662,0.634356677532,0.468725204468,0.166298210621,0.098888248205,-0.214540511370,-0.348125666380,-0.664390265942,-0.707113146782,-0.632533311844,-0.566609203815,-0.309000074863,-0.083210848272,-0.193602994084,0.167829319835,0.370664268732,0.459752559662,0.897867918015,0.872658133507,0.637641131878,0.822506070137,0.634385466576,0.725235402584,0.413539439440,0.219360187650,-0.170319423079,-0.217553332448,-0.431645184755,-0.533056497574,-0.497766911983,-0.520227253437,-0.448191046715,-0.328768640757,-0.202863723040,-0.144455224276,-0.130539402366,0.012277685106,0.367507368326,0.603985548019,0.613513827324,0.223422586918,0.205003991723,0.547260403633,0.490053713322,0.296335488558,0.093558184803,0.230580091476,0.188906759024,-0.136737927794,-0.184371069074,-0.346384644508,-0.494449466467,-0.077930167317,-0.417717039585,-0.355089753866,-0.172393828630,-0.173887893558,0.005255985074,-0.159548163414,-0.565897107124,-0.260366767645,-0.066858433187,-0.431702822447,-0.301015228033,-0.403961777687,-0.006498982199,0.019513409585,0.122159466147,0.036923605949,-0.263342559338,-0.188589841127,-0.185066640377,-0.155699819326,-0.188301727176,-0.370787709951,-0.472219586372,-0.472602367401,-0.411267459393,-0.349520951509,0.037149976939,0.041092995554,0.185432970524,0.078765690327,0.216857746243,0.126526415348,0.109601899981,0.205012232065,0.378908336163,0.466790735722,0.522400498390,0.229225978255,0.356497377157,0.209547936916,0.188116520643,0.154004067183,-0.000576223887,0.154259249568,-0.025069855154,0.199636891484,0.182197883725,0.174739882350,-0.006177943200,0.052481647581,-0.083457797766,0.138367816806,0.142784163356,0.114178761840,-0.050300229341,0.243302315474,0.069801293314,-0.060536433011,0.009219582193,-0.120965853333,-0.152814581990,-0.215417176485,-0.288124293089,-0.110832549632,-0.287988454103,-0.235980153084,-0.457863360643,-0.757516205311,-0.545185983181,-0.306600481272,-0.432196736336,-0.841640830040,-0.671934664249,-0.400405615568,-0.679293870926,-0.349117606878,-0.011594447307,-0.285181432962,-0.021003359929,0.188412874937,0.391033768654,0.236231222749,0.270849913359,0.156391277909,-0.238412648439,-0.042101386935,0.142257332802,-0.150147482753,-0.139330938458,0.030280563980,0.067681610584,0.149649456143,0.183700174093,0.205769553781,0.466547936201,0.726898193359,0.505179584026,0.252274930477,0.154378607869,0.462983548641,0.332987427711,0.066253401339,0.066697917879,0.259724676609,-0.029391534626,-0.012932110578,-0.079267829657,0.126765146852,0.226785257459,0.234918236732,0.094587154686,0.067031301558,0.083815880120,0.429027497768,0.128629639745,-0.312362730503,-0.143755510449,-0.057585347444,-0.050670661032,-0.157329693437,-0.097830466926,-0.357349336147,-0.435814589262,-0.267721861601,-0.501705765724,-0.843085527420,-0.496762633324,-0.485855519772,-0.501788079739,-0.631471395493,-0.483423054218,-0.416873276234,-0.268948376179,0.149875834584,0.255003750324,-0.039335511625,0.397121161222,0.470511496067,0.266561150551,0.196261852980,0.220496177673,0.232703894377,0.209284514189,0.185050189495,0.143035233021,-0.538703441620,-0.495025694370,-0.248772308230,-0.329011499882,-0.394083648920,-0.333794146776,-0.444210976362,-0.587834775448,-0.525964796543,-0.411613196135,0.009380101226,-0.150036364794,-0.352422654629,0.218236565590,-0.057029701769,-0.201262652874,0.205444395542,0.146932974458,0.178353637457,0.220833688974,0.037331074476,-0.193500101566,-0.171772345901,-0.267989397049,-0.519478142262,-0.471984982491,-0.325599431992,-0.328743964434,-0.419383943081,-0.071410603821,-0.278332591057,-0.008816225454,0.439189612865,0.410942316055,0.592103004456,0.804178059101,0.662435173988,0.545852780342,0.481793135405,0.803157329559,0.871909081936,0.568926393986,0.701795399189,0.557562470436,0.148435264826,0.441152900457,0.587838888168,0.472948104143,0.465815275908,0.566535055637,0.573186337948,0.291507542133,0.190779492259,0.302163571119,0.409674614668,0.175884097815,0.008598083630,0.183210372925,-0.090763486922,-0.252822339535,0.136573284864,-0.010746574961,-0.202946051955,0.359954684973,0.055033497512,-0.219249069691,-0.122850932181,-0.397051155567,-0.602919518948,-0.355118542910,-0.642489612103,-0.612554788589,-0.677240073681,-1.039046883583,-1.017063975334,-0.735874950886,-0.874370336533,-1.270071506500,-1.389749050140,-0.987083911896,-0.735529184341,-1.155983328819,-1.108667135239,-0.415601491928,-0.358468860388,-0.381731867790,-0.053160771728,0.459719657898,0.575902819633,0.553133785725,0.706401109695,0.882305800915,0.879222989082,0.604508221149,0.380764633417,0.406451880932,0.281777620316,0.303270757198,0.467045933008,0.163845151663,-0.294598579407,-0.121657326818,-0.011931951158,0.213536232710,0.289404332638,0.404900163412,0.720045268536,0.598564922810,0.719860017300,0.970966041088,0.814978122711,0.753309786320,0.680133521557,0.511127054691,0.227036312222,0.342775017023,0.248698234558,0.224957808852,0.051868382841,0.297557890415,-0.138055011630,-0.208016827703,-0.218520566821,-0.357044786215,-0.443408370018,-0.419326364994,-0.475265353918,-0.126905068755,-0.121393904090,-0.333691269159,-0.218084275723,-0.175118550658,-0.320326983929,-0.247903868556,-0.251488804817,-0.384172558784,-0.736430585384,-0.507632672787,-0.070760294795,-0.389399766922,-1.038981080055,-0.543066322803,-0.520486593246,-0.716522037983,-1.050023913383,-0.379994928837,-0.299154847860,-0.383966773748,0.041455194354,0.031091395766,-0.158362790942,0.027103103697,0.046818193048,-0.016764000058,-0.203983262181,-0.486612856388,-0.137322381139,-0.057774677873,-0.147986635566,-0.014734867960,-0.059968441725,0.144463449717,0.532365024090,0.653100371361,0.460765093565,0.408909022808,0.528294384480,0.254188805819,0.090047329664,0.383884459734,0.166969105601,-0.020735828206,-0.446614682674,-0.649947643280,-0.486876249313,-0.063726246357,-0.244845762849,-0.295713990927,-0.241417229176,0.028193812817,0.226023823023,0.248797014356,0.125509783626,-0.011009992100,-0.038454711437,-0.124406732619,0.040866620839,0.088746711612,0.157000437379,0.293491393328,0.175949975848,0.453463494778,0.551944255829,0.411699593067,0.440399676561,0.029329795390,-0.160326063633,-0.039442524314,-0.251299470663,-0.440206229687,-0.562279284000,-0.516983926296,-0.508978545666,-0.492152810097,-0.485476851463,-0.325764060020,0.033923123032,-0.000592687400,0.101662360132,0.370343238115,0.464090734720,0.536978900433,0.710401773453,0.174258336425,-0.258477568626,-0.188890308142,-0.245273813605,-0.138676509261,-0.546729445457,-0.333736538887,-0.315939456224,-0.688645184040,-0.526244699955,-0.176089897752,-0.331756770611,-0.398178935051,-0.076440215111,0.104535244405,-0.031848717481,-0.122035987675,0.093796901405,0.145521223545,-0.137128934264,-0.117920100689,-0.074888527393,0.010392609052,0.147138759494,0.344771206379,0.187709033489,0.281044960022,0.314795225859,0.576125144958,0.313272327185,0.399335473776,0.207699894905,0.290536195040,0.271883010864,0.316939592361,0.323311001062,0.396120995283,0.175987005234,0.128296241164,0.276299357414,0.131613641977,0.611863315105,0.514543235302,0.298319339752,0.568296670914,0.508060693741,0.200760513544,0.484217405319,0.261617988348,0.210255876184,0.534534096718,0.242211595178,0.199245870113,-0.138762935996,-0.228596255183,-0.672449171543,-1.064836978912,-1.005378961563,-0.894571065903,-0.831474602222,-0.671914100647,-0.646951258183,-0.413358330727,-0.117730766535,0.089615158737,0.195039451122,0.166368186474,0.106873072684,-0.112223714590,-0.067459352314,0.089989706874,0.083984628320,-0.095945388079,-0.288173675537,-0.263210833073,-0.414099156857,-0.566884934902,-0.387420028448,-0.537835061550,-0.466428518295,-0.420524090528,0.001831568778,0.215141430497,-0.027350055054,-0.253019928932,-0.263136774302,0.027889236808,0.044546220452,0.135433197021,0.249616071582,0.062388584018,0.622498810291,0.694189250469,0.656833469868,0.903107464314,1.040594458580,1.123603701591,0.940903604031,0.851724743843,0.448956608772,0.286642581224,0.558056354523,-0.138404861093,-0.374763667583,-0.242388576269,-0.530516982079,-0.620235025883,-0.585180044174,-0.519675731659,-0.260934740305,-0.050942309201,-0.050785902888,0.341363281012,0.273212432861,0.152785763144,0.008696865290,0.016463538632,0.012360001914,-0.118730939925,-0.174365356565,-0.125567421317,-0.102790109813,-0.230283766985,-0.161762505770,-0.107873231173,-0.296162605286,-0.412757396698,-0.545009016991,-0.374714255333,-0.157197996974,-0.296463072300,-0.483081400394,-0.411131650209,-0.001815105323,-0.355686545372,-0.168088629842,-0.387280046940,-0.633010745049,-0.152053132653,-0.264013439417,-0.931671679020,-0.388407826424,-0.344865888357,-0.376340061426,0.271924167871,-0.026271693408,0.080366767943,0.459592074156,0.389222770929,0.219067990780,0.253077536821,0.296092659235,0.435357749462,0.329279005527,0.141611129045,-0.000971348840,-0.170899778605,-0.145191952586,-0.129131779075,-0.506294965744,-0.368408739567,0.055790822953,0.082852765918,0.042286600918,-0.089701600373,0.114038817585,0.167701721191,0.495531946421,0.664995312691,0.522684454918,0.931111991405,0.661472082138,0.431888043880,0.437329202890,0.454784721136,0.122233547270,-0.241380184889,-0.598239719868,-0.881165742874,-0.744250714779,-0.604944527149,-0.653236210346,-0.556599378586,-0.420688718557,-0.198332160711,-0.148920953274,0.032577227801,-0.342935532331,-0.448931932449,-0.069472022355,-0.062409162521,-0.205045148730,-0.068932838738,-0.163104295731,-0.051530878991,0.216927722096,0.246434509754,0.415515065193,0.599729716778,0.620045721531,0.782104611397,0.373080283403,0.556035459042,0.407316178083,-0.016410032287,0.094331972301,-0.121406257153,-0.404393911362,-0.231041088700,-0.303978681564,-0.169710278511,-0.001020739437,0.115495845675,0.401887357235,0.582051992416,0.418128639460,0.841661393642,0.535077393055,0.500689148903,0.435184866190,0.260465532541,-0.020698785782,0.111606337130,0.084108106792,-0.107478104532,-0.056655157357,-0.136676192284,-0.070538036525,-0.043402004987,-0.202522128820,-0.279888421297,-0.482690393925,-0.262951552868,-0.291663944721,-0.350846260786,-0.331468671560,-0.861722230911,-0.983091473579,-0.891669392586,-0.795230090618,-0.593592941761,-0.289017438889,-0.297265678644,-0.196998596191,-0.087507829070,0.157593116164,0.226563006639,0.028086798266,-0.013726476580,0.003757802770,0.212392017245,-0.043109778315,0.120476074517,0.340972244740,0.206942573190,0.263305515051,0.452932566404,0.429924756289,0.384242564440,0.263733565807,0.150904804468,0.610505104065,0.486168324947,0.248171389103,0.505550026894,0.590604782104,0.357221782207,0.665839016438,0.495305597782,0.709846079350,0.707211911678,0.259378939867,0.230193212628,0.184535697103,-0.163248345256,-0.187379777431,-0.070328123868,-0.138116747141,-0.308609068394,-0.288568824530,-0.018521482125,-0.126814529300,-0.051345665008,0.097451806068,0.074781514704,0.019291153178,-0.001403516741,0.020069053397,-0.029214549810,-0.237276658416,-0.186009183526,-0.244812831283,-0.246051713824,-0.579566001892,-0.272265791893,-0.362271964550,-0.251221269369,-0.252591848373,-0.131284385920,0.076324969530,0.025810714811,0.209086939692,0.266688764095,0.379377573729,0.396651923656,0.364873200655,0.368832647800,0.111079506576,-0.100168295205,-0.055967804044,0.046591818333,-0.006766514853,-0.110960140824,0.134745836258,0.096175886691,-0.161231562495,0.038767520338,-0.020369514823,-0.123188428581,0.211523547769,0.463452726603,0.520614147186,0.161630809307,0.231600850821,0.478315234184,-0.009511809796,0.151406943798,0.628631412983,-0.134926930070,-0.104428231716,-0.182448953390,-0.285786479712,-0.182465404272,-0.161083385348,-0.321952730417,-0.033503305167,-0.245430216193,-0.554887175560,-0.110988952219,-0.207045465708,-0.264264494181,-0.191450402141,-0.075061395764,0.199743896723,0.223179742694,0.387275934219,0.178361877799,0.105313144624,-0.052720367908,-0.182226672769,-0.296372532845,-0.301447421312,-0.368021845818,-0.552405297756,-0.486670434475,-0.197784736753,-0.195726782084,-0.159511119127,-0.218067809939,0.144270002842,0.308893024921,0.155975580215,-0.131831794977,0.269643962383,0.301496803761,0.296039134264,0.142919987440,0.606722593307,0.174019619823,0.002510689897,0.306666344404,0.341894209385,-0.022526238114,0.108325973153,0.017969954759,0.019842680544,0.003177463077,0.287045925856,0.169973701239,-0.072081491351,-0.151456326246,-0.056050118059,0.103802621365,0.045970320702,0.113182723522,0.326793044806,0.391272455454,0.499495565891,0.269384682178,0.196558192372,0.302167713642,0.196541741490,0.072740033269,0.093574643135,-0.093792788684,-0.337391436100,-0.602919518948,-0.480336129665,-0.569687843323,-0.503105163574,-0.341910690069,-0.058033980429,-0.442260056734,-0.548400521278,-0.269582241774,0.084091648459,-0.185198351741,0.254122972488,0.387210100889,0.228999614716,0.156284257770,0.233691722155,-0.117010489106,0.077547386289,0.139734297991,0.023444078863,-0.089598700404,0.134745836258,0.030251754448,0.136322215199,0.002226693556,0.111293524504,-0.110651448369,-0.567835688591,-0.541967391968,-0.536559104919,-0.524952292442,-0.136013537645,0.294763207436,0.445935547352,0.433131009340,0.350533455610,0.756228029728,0.618456959724,0.444601982832,0.755651831627,0.529846072197,0.312012881041,0.109107986093,-0.088429786265,-0.063512220979,-0.146751880646,-0.185774594545,-0.567444741726,-0.799901664257,-0.569609642029,-0.516695857048,-0.643411576748,-0.368017733097,-0.223443150520,0.021542541683,0.127814695239,0.168055698276,0.111050687730,0.328809827566,0.345351547003,0.484254419804,0.573717296124,0.643782019615,0.518613874912,0.223134472966,-0.171652987599,-0.286914229393,-0.455188065767,-0.320121198893,-0.240861594677,-0.352175682783,-0.447487235069,-0.480085045099,-0.280921489000,-0.187532067299,0.057593576610,0.265717417002,0.556484103203,0.479903936386,0.474705576897,0.554479658604,0.383312374353,0.525437951088,0.700535953045,0.530018985271,0.350624024868,0.387485891581,0.252554804087,-0.032745979726,-0.246891364455,-0.223644837737,-0.090150229633,-0.278707146645,-0.309374600649,-0.367153406143,-0.605545461178,-0.422466754913,-0.328357070684,-0.443939357996,-0.289737701416,-0.440160959959,-0.470844894648,-0.055486243218,-0.173410460353,-0.142673030496,0.271245032549,-0.096546307206,-0.007009351626,0.260881245136,0.183095142245,0.124114513397,0.042023185641,-0.260354429483,-0.031074931845,-0.011610912159,-0.001012507710,0.194998279214,0.116253167391,0.235634416342,0.324138283730,0.522857308388,0.539995849133,0.507048249245,0.519083023071,0.261214643717,0.007120481227,0.090454801917,-0.058334436268,-0.079448923469,-0.274348407984,-0.341005176306,-0.328410565853,-0.221055939794,-0.196525260806,0.030284680426,-0.030198246241,0.001605195226,0.177802115679,0.175155609846,0.154349803925,0.465033233166,0.456089466810,0.139577895403,0.084083415568,-0.252023875713,-0.072414882481,-0.207749277353,-0.378953635693,-0.052119448781,-0.226830527186,-0.091059833765,0.097262471914,-0.051967162639,-0.016574669629,0.045682210475,-0.070459835231,-0.307814687490,-0.195578604937,-0.227386176586,-0.452998429537,-0.464444667101,-0.319376200438,-0.210362881422,-0.209037557244,0.128399148583,0.089384667575,0.003638442140,0.179481387138,0.335082411766,0.150460287929,0.245290279388,0.001333546708,-0.077139914036,0.028444880620,0.079370722175,0.038071934134,0.300364911556,0.212441414595,0.279991298914,0.319960653782,0.233946904540,0.290136963129,0.058667827398,0.195265814662,0.031478289515,-0.274134397507,0.109721258283,-0.000712048146,-0.146397918463,-0.075053162873,0.030860906467,0.158774375916,0.210539847612,0.198492676020,-0.010672489181,-0.152003735304,-0.057107899338,-0.233662888408,-0.402488261461,-0.430114090443,-0.246245160699,-0.162478670478,-0.213910773396,-0.103065870702,-0.045443482697,0.280493438244,0.374932438135,0.484081566334,0.605882942677,0.491156756878,0.455624341965,0.390284687281,0.302801519632,0.163310080767,0.091656640172,0.138289615512,0.042183704674,-0.315046310425,-0.059725604951,0.140174686909,-0.041949097067,-0.090948708355,-0.051983624697,0.008877963759,0.102625466883,-0.117784284055,-0.042356569320,-0.215054988861,-0.165680825710,-0.035199049860,-0.433563202620,-0.598194479942,-0.596445202827,-0.445873796940,-0.581817388535,-0.541222393513,-0.283563882113,-0.090438336134,0.002103217179,-0.111268833280,-0.324039489031,-0.085388153791,-0.130625844002,-0.126345321536,-0.177448153496,-0.067772157490,0.060215398669,0.030515169725,0.265486925840,0.374203890562,0.385880649090,0.416852712631,0.782108664513,0.551479160786,0.350521117449,0.439062029123,0.172863051295,0.123768776655,0.199003040791,-0.047904785722,-0.154304534197,0.047855395824,-0.022443920374,-0.054342027754,0.006762398873,0.187840759754,0.272138178349,0.080539636314,0.012425856665,-0.007128712721,-0.184988453984,-0.098147392273,0.047616671771,0.004725035746,0.313688069582,0.261988431215,0.340157330036,0.218450590968,0.177345260978,0.003996524494,-0.182284325361,-0.199295267463,-0.182909920812,-0.352011054754,-0.429377347231,-0.705199301243,-0.775704324245,-0.630537092686,-0.650104045868,-0.516724646091,-0.478891432285,-0.582303047180,-0.124711304903,0.134066715837,0.125695005059,0.258580476046,0.521799564362,0.646798968315,0.480546027422,0.443918794394,0.350372910500,0.226954013109,0.149723544717,-0.142055645585,-0.184515118599,-0.123171977699,-0.285765886307,-0.346676856279,-0.417861104012,-0.562398612499,-0.354764580727,-0.261799097061,-0.453813374043,-0.110363341868,-0.344499558210,-0.076905310154,-0.120101526380,0.160420730710,0.141141936183,0.181436449289,0.174982726574,0.583949387074,0.577754974365,0.606500327587,0.356077522039,0.257847845554,0.123756423593,-0.148007214069,-0.406460106373,-0.540263414383,-0.661793112755,-0.763809502125,-0.717402815819,-0.543700158596,-0.512016117573,-0.356032282114,-0.324142396450,-0.179967060685,0.022719684988,0.023954449221,0.245685398579,0.336876958609,0.317927420139,0.339976221323,0.363576710224,0.157601341605,0.241952300072,0.324743300676,0.448948383331,0.584801435471,0.627684831619,0.590123236179,0.618551671505,0.620811283588,0.495264440775,0.360633820295,0.230827048421,0.188330546021,0.000572108023,-0.460234135389,-0.584974229336,-0.734561979771,-0.971781015396,-0.936162114143,-0.773057818413,-0.434966713190,-0.263025611639,-0.323965430260,0.001123636495,0.129991993308,-0.020966317505,0.108453564346,0.073480889201,-0.118315227330,-0.170109525323,-0.265713304281,-0.563575804234,-0.704746484756,-0.717740356922,-0.422742545605,-0.312218666077,-0.305518031120,0.001168911345,-0.030280563980,-0.205460861325,-0.095620237291,-0.064928084612,0.097674064338,0.000049390619,-0.160507172346,0.183514952660,0.182411894202,0.104827478528,0.096908509731,0.276015371084,0.292116701603,0.186980545521,0.340943425894,0.167771697044,-0.012981501408,0.049106620252,-0.077749066055,0.068303108215,0.333822965622,0.240902751684,0.266738146544,0.240602299571,0.368573397398,0.345503836870,0.343894541264,0.590921700001,0.439992219210,0.537353456020,0.311951160431,0.299743443727,0.235823750496,0.177402883768,0.248566508293,0.384728223085,0.356472671032,0.298837959766,0.358674705029,0.239260509610,0.053481806070,-0.098756544292,-0.017311410978,-0.164952322841,0.030338188633,0.036030456424,-0.377467811108,-0.571848690510,-0.526466965675,-0.648202478886,-0.471585750580,-0.336844027042,-0.338482141495,-0.405566960573,-0.485419243574,-0.501882791519,-0.464094847441,-0.655466973782,-0.465951114893,-0.397137612104,-0.707734644413,-0.515559852123,-0.121311590075,-0.388609528542,-0.491868793964,-0.194693714380,0.012730431743,0.444462060928,0.542955219746,0.515510499477,0.689180254936,0.624437332153,0.236819788814,0.384254902601,-0.050110898912,-0.100299999118,0.076337315142,0.168389081955,-0.194726631045,-0.380501180887,-0.163766935468,-0.317342966795,-0.412539273500,0.005099581555,0.272105246782,0.284852147102,0.534069001675,0.733314871788,0.579014480114,0.791813969612,0.811615467072,0.877996504307,0.922415018082,0.753618478775,0.509279012680,0.618452847004,0.346602797508,0.032807718962,-0.373487740755,-0.039100907743,-0.105407811701,-0.535563051701,-0.556401789188,-0.638373732567,-0.572338521481,-0.513254940510,-0.451998263597,-0.410489529371,-0.006824137643,0.042266022414,-0.136091738939,0.023950334638,0.366490751505,0.957054376602,0.707956850529,0.371261060238,0.374195665121,0.097204856575,-0.194541424513,-0.488427937031,-0.748671293259,-0.633187711239,-0.478393405676,-1.019228935242,-0.995332062244,-0.932610094547,-1.231941938400,-0.752256155014,-0.400253355503,-0.458587795496,-0.059149380773,0.046789377928,0.137429401278,0.097525894642,-0.015422220342,0.113730132580,0.136881992221,0.386349886656,0.308423846960,0.094311386347,0.180403351784,0.169459208846,0.374331504107,0.339243561029,0.112927533686,-0.211655274034,-0.453154802322,-0.632179379463,-0.497388243675,-0.633401751518,-0.498190820217,-0.420701086521,-0.471540480852,-0.379682153463,-0.147142887115,-0.042047880590,0.107128255069,0.214919149876,-0.061388425529,0.720498025417,0.659525275230,0.409390598536,0.624597907066,0.549417138100,0.071711063385,0.187803700566,0.101456560194,0.039849996567,0.076967045665,-0.080613717437,0.138483062387,0.414025098085,0.358806401491,0.502191483974,0.515753328800,0.269829183817,0.233436539769,0.350891530514,-0.021336747333,-0.098291441798,-0.051958929747,-0.005218941718,-0.295281797647,-0.134515359998,-0.249714851379,-0.346952646971,-0.261576831341,-0.063697434962,-0.206703871489,0.015702100471,-0.321343600750,-0.380986869335,-0.149324297905,-0.491461336613,-0.635636687279,-0.621173441410,-0.879177689552,-0.734273850918,-0.543486118317,-0.509418964386,-0.566481590271,-0.387860417366,-0.461884617805,-0.344927608967,-0.064450643957,-0.136293411255,-0.138655930758,0.127608895302,0.064594693482,0.103004142642,0.461271345615,0.147118180990,0.008857384324,0.299545884132,0.085956141353,0.072678297758,0.141919821501,0.166347607970,-0.508781015873,-0.297911852598,-0.162256419659,-0.067718654871,0.208099156618,0.319927752018,0.288601726294,0.651161789894,0.623358964920,0.620819509029,0.801564455032,0.736241221428,0.551388621330,0.560418903828,0.395137280226,0.358485370874,0.309485733509,0.072810001671,-0.159774526954,0.135062769055,0.243018314242,0.084420911968,0.080267988145,0.059882011265,0.059137035161,0.180642083287,-0.003910090774,-0.086186632514,0.110231637955,-0.216442048550,-0.222834005952,-0.138380169868,-0.348887085915,-0.259383052588,-0.328513473272,-0.496408641338,-0.436123251915,-0.306155979633,-0.564477145672,-0.496700882912,-0.411341547966,-0.199105933309,-0.309263467789,-0.263638913631,-0.064911626279,0.115211844444,-0.077629707754,0.131127983332,0.166314676404,0.160931110382,-0.003700180445,-0.045538149774,-0.080873019993,-0.065533116460,-0.054786544293,-0.341408550739,-0.224015265703,-0.107893809676,-0.192899182439,-0.232971429825,-0.198472082615,-0.422359734774,-0.264494985342,0.173056498170,0.149768829346,0.418219178915,0.430007070303,0.492609679699,0.596161246300,0.443256109953,0.387469381094,0.775486230850,0.552277624607,0.127905249596,0.325615882874,0.041393455118,-0.513333201408,-0.147747918963,-0.233164876699,-0.601338982582,-0.388510733843,-0.278723597527,-0.305094093084,0.027597008273,0.300072729588,0.271199762821,0.404233396053,0.384497761726,0.547577321529,0.572976469994,0.080617837608,-0.049793977290,0.036240365356,0.047163922340,0.007865455933,-0.110569134355,-0.132733166218,-0.125246375799,-0.072484850883,-0.066422149539,-0.158642664552,-0.215351328254,-0.379562795162,-0.701787173748,-0.496527999640,-0.459163993597,-0.734681367874,-0.258959144354,-0.593465328217,-0.504290580750,0.053876932710,0.002757642651,-0.117681376636,0.148756310344,0.559278786182,0.679935991764,0.593325376511,0.542037367821,0.459308058023,0.405357062817,0.207724601030,0.118117667735,-0.017443120480,-0.185437083244,-0.364029437304,-0.043216791004,-0.089923858643,0.007984817028,-0.019735667855,-0.060203049332,0.070624470711,0.196410030127,0.159321784973,0.029885441065,0.133786842227,0.338486254215,0.359102725983,0.172809541225,0.283177018166,0.302587509155,0.110071107745,-0.043323803693,-0.079152584076,-0.264367401600,-0.290750205517,-0.168545484543,-0.282197415829,-0.603615105152,-0.441148787737,-0.563925623894,-0.563567578793,-0.502516627312,-0.459538549185,-0.432065039873,-0.201275005937,-0.069797180593,-0.177522227168,0.138388395309,0.338012933731,0.212741866708,0.205987691879,0.429830074310,0.687558591366,0.440687805414,0.264610230923,0.067134201527,-0.067603409290,0.104959182441,-0.130592912436,-0.027489995584,0.053321290761,0.385172724724,0.189161956310,0.261362820864,-0.114619165659,-0.114401020110,0.110881946981,-0.228867888451,-0.012689273804,-0.169105246663,-0.469466060400,-0.448084026575,-0.458299666643,-0.493436962366,-0.336745232344,-0.040833692998,0.281032621861,0.314375400543,0.104008413851,0.256934106350,0.354995101690,0.474030584097,0.494284868240,0.426669120789,-0.000926074106,-0.048736196011,-0.073258630931,-0.461538851261,-0.401459306479,-0.410423725843,-0.376080751419,-0.329884082079,-0.314412444830,-0.451039254665,-0.372429996729,-0.322372585535,-0.079897560179,-0.040512654930,0.050975233316,0.178896948695,0.220129877329,0.103559784591,0.081967845559,-0.116335481405,0.020632930100,0.209712564945,0.046480689198,0.002481878735,0.074332885444,0.100094206631,0.060017835349,0.230230242014,0.028350215405,0.020159604028,0.087948232889,0.211194291711,0.085668027401,0.148879781365,0.170228883624,0.271529048681,0.439053803682,0.228962555528,0.078638099134,0.344709485769,-0.167726427317,-0.098028033972,0.172282710671,0.079033225775,0.048069417477,-0.003189810785,-0.001761598745,0.098896488547,-0.025296229869,0.028095031157,0.118982002139,-0.069616079330,-0.082667544484,-0.241540700197,-0.403994679451,-0.419667959213,-0.671749472618,-1.004209995270,-0.856783151627,-0.781997561455,-0.935746431351,-0.804791331291,-0.237239599228,-0.272376924753,0.091117464006,0.344614803791,0.573569118977,0.555570363998,0.888450801373,0.976715922356,0.989063560963,0.729820489883,0.591082274914,0.565905332565,0.443042099476,0.426714360714,0.348520785570,0.204123198986,0.070558615029,-0.371590316296,-0.333954662085,-0.595803141594,-0.923736333847,-0.657269775867,-0.410921722651,-0.639423251152,-0.337967664003,0.002346054418,-0.000814945204,0.133860930800,0.440132170916,0.718995690346,0.794197022915,0.535760641098,0.384715884924,0.383588105440,0.276546329260,-0.067632220685,-0.140347555280,-0.063590422273,-0.319841295481,-0.757026493549,-0.659714639187,-0.334382712841,-0.384584158659,-0.172031641006,0.181193605065,0.151542767882,0.292120814323,0.421631246805,0.371326893568,0.449261188507,0.461715847254,0.455632567406,0.271767765284,-0.087618954480,0.062236297876,0.257016450167,0.116438388824,-0.110877819359,-0.024440124631,0.184564501047,0.028774151579,-0.180292233825,0.236288830638,-0.217363983393,-0.356600284576,0.036388538778,0.116244941950,-0.209066376090,-0.444918930531,0.036816589534,0.017632450908,-0.212317913771,-0.048221707344,-0.103761456907,0.054128002375,0.291322320700,0.199381709099,0.235490351915,0.326019257307,0.371722012758,0.268240451813,0.147838473320,-0.012413508259,0.024522440508,0.054922368377,-0.318244338036,-0.408509790897,-0.218018412590,-0.119582921267,-0.169780254364,-0.038833372295,-0.205028697848,-0.126658126712,-0.125966653228,-0.157436713576,-0.096628628671,-0.093105427921,-0.078975602984,-0.029321564361,-0.088104635477,0.105749435723,0.299689918756,0.316079378128,0.361498177052,0.414860606194,0.287078857422,0.602026343346,0.361646324396,0.415070533752,0.332271277905,0.141450613737,-0.072204969823,-0.278657764196,-0.127378404140,-0.328818053007,-0.232193529606,-0.289519578218,-0.356727868319,-0.188202947378,-0.119142517447,-0.301863104105,-0.100258834660,-0.163664042950,-0.030276449397,0.185881599784,-0.007412708364,-0.124176248908,0.010466695763,-0.121344514191,-0.059239927679,0.025534950197,-0.137536406517,0.109116226435,0.186194404960,-0.225422903895,-0.226073205471,0.015158803202,-0.225464060903,-0.186980545521,-0.213688522577,-0.227168038487,-0.196924507618,0.095113985240,0.041887361556,-0.080358535051,0.028461344540,0.075600571930,-0.071163646877,0.040035214275,-0.037232294679,0.109836511314,0.123423039913,-0.251818090677,-0.088672630489,0.102930054069,0.101505950093,0.087956465781,-0.086285412312,-0.208012714982,-0.316672056913,-0.084807805717,0.124546676874,-0.128222152591,0.121838420630,-0.020143140107,-0.009927514941,0.092677377164,-0.087977044284,-0.084029905498,-0.348512560129,-0.419371604919,-0.468379467726,-0.253908932209,-0.138812333345,0.055753778666,-0.029856627807,0.339564621449,0.563090085983,0.588546812534,0.450347781181,0.618407607079,0.416852712631,0.221640393138,0.184589207172,-0.224575027823,-0.353394001722,-0.337523132563,-0.423598647118,-0.457826346159,-0.426092892885,-0.470375686884,-0.246685564518,-0.080704271793,0.144430518150,0.295413523912,0.292540639639,0.127905249596,0.377834141254,0.496346890926,0.474936097860,0.461826980114,0.509447753429,0.254312306643,0.299883365631,0.142598941922,0.356933653355,0.012108934112,0.127584204078,0.021559005603,-0.227966517210,-0.337811261415,-0.425516635180,-0.412740945816,-0.628335118294,-0.510896563530,-0.004070610274,-0.107276424766,-0.058869503438,0.270384818316,0.250011205673,0.649791181087,0.792044401169,0.772296428680,0.694823086262,0.579207897186,0.413337737322,0.432982861996,-0.086347155273,-0.506080985069,-0.387415915728,-0.640291750431,-0.830655515194,-0.774234950542,-0.853873252869,-1.166306018829,-0.763570725918,-0.544247567654,-0.675453782082,-0.741834759712,-0.331283479929,-0.213787302375,-0.075254835188,-0.006396085490,0.455233335495,0.269561648369,0.036417350173,0.314787000418,0.474565654993,0.170821562409,0.668267428875,0.560830473900,0.646082818508,0.553936362267,0.557179689407,0.276735633612,0.189474761486,0.297442674637,0.289976447821,-0.065673060715,-0.333551317453,-0.083568930626,-0.236416444182,0.007639082614,-0.011750851758,0.236704528332,0.068969883025,0.326163291931,0.151863813400,0.171381339431,0.239898458123,0.142389044166,0.264639049768,0.130543515086,0.052856191993,0.119154870510,0.267046838999,0.352233320475,0.385658413172,0.286366820335,0.651561021805,0.324858576059,0.051810756326,0.045542266220,0.060495276004,-0.270063787699,-0.498396635056,-0.898752808571,-0.702482759953,-0.669172942638,-0.611324191093,-0.369355410337,-0.250566840172,-0.456916749477,0.031733471900,-0.074287608266,-0.232037127018,-0.059729721397,0.027477648109,0.086552940309,0.029597328976,0.081527449191,0.023789815605,-0.012145975605,-0.189079642296,-0.124102160335,-0.389860719442,-0.154497981071,0.038911577314,0.028704179451,0.090253122151,0.374829530716,0.361292392015,0.165100485086,0.149386033416,0.501331210136,0.442955642939,0.656660616398,0.640493392944,0.550775349140,0.560702860355,0.688978552818,0.593399465084,0.518778443336,0.229859828949,0.121859006584,0.180514469743,-0.482105970383,-0.600207149982,-0.337095081806,-0.353682100773,-0.211791098118,-0.094393700361,-0.206699728966,0.190660148859,0.339148908854,0.269080102444,0.239285200834,0.103024713695,0.085655681789,0.393659681082,0.017904099077,-0.201489031315,-0.227093964815,-0.515942633152,-0.489423990250,-0.747646391392,-0.737615942955,-0.223681882024,-0.250048249960,-0.299315363169,-0.017681840807,0.209992438555,0.479167193174,0.583192050457,0.179818898439,0.119216606021,0.428294867277,0.507747948170,0.206156447530,0.042233094573,-0.017344338819,-0.102205656469,-0.204489514232,-0.406764686108,-0.409489393234,-0.413753449917,-0.670016646385,-0.663534164429,-0.874802529812,-0.905865132809,-0.582389473915,-0.422878384590,-0.560410678387,-0.289959996939,0.149266690016,0.240993291140,-0.014755447395,0.076127409935,0.179539024830,-0.027815150097,0.101279579103,-0.076855920255,-0.005539980717,-0.115734562278,-0.254810333252,-0.152357712388,-0.212918832898,-0.030424622819,0.096661552787,-0.007643198129,0.118623919785,0.326854765415,0.735866725445,0.918632566929,0.962857723236,1.163531899452,0.988759040833,0.776914417744,0.785438477993,0.340947538614,0.142043307424,-0.125221684575,-0.601647734642,-0.504710376263,-0.681438267231,-0.580726683140,-0.429908305407,-0.438461124897,-0.278200894594,-0.279645562172,-0.262811601162,0.178308367729,0.140355795622,0.086297757924,0.122616320848,0.157004550099,0.118060044944,0.249323830009,0.027930393815,-0.276525735855,0.016117805615,-0.072258472443,-0.183383256197,-0.011602679268,-0.100493445992,0.063487522304,-0.228781461716,-0.334539115429,-0.119891613722,0.044636774808,-0.158099368215,-0.319750756025,-0.254699170589,-0.565032780170,-0.666896820068,-0.449409365654,-0.761113584042,-0.711261987686,-0.301739633083,-0.505685865879,-0.534427046776,-0.266804009676,-0.223743617535,-0.135457888246,0.105416037142,0.183222725987,0.401088863611,0.537999629974,0.293483167887,0.435518234968,0.474824965000,0.478813260794,1.006910085678,0.704544842243,0.225846841931,0.321067839861,0.080358535051,0.026938466355,0.163935691118,0.056317653507,-0.131942927837,-0.138326659799,-0.090660594404,-0.193030878901,-0.265137076378,0.177806228399,0.304270923138,0.258263558149,0.547038137913,0.513901114464,0.190812423825,0.349134057760,0.150172173977,-0.052568081766,0.023789815605,-0.143821358681,-0.172163352370,-0.286490291357,-0.416552245617,0.031848717481,-0.119294807315,0.137256532907,0.287243485451,0.228448078036,0.515061855316,0.008544577286,-0.102028667927,0.025292113423,0.055144626647,-0.114339277148,-0.099542677402,-0.248661175370,-0.375512748957,-0.041603364050,-0.018533829600,-0.013619462959,0.038911577314,0.128991827369,-0.167652338743,-0.350315332413,-0.205650180578,0.033425100148,0.067858591676,0.072237893939,-0.101662360132,-0.365482360125,-0.329772919416,-0.117631986737,-0.258349984884,-0.243166476488,-0.342034161091,-0.210008919239,-0.181917995214,-0.298483967781,-0.311045676470,0.006766514853,-0.157230913639,-0.218248903751,0.225134789944,0.220076367259,0.049291837960,-0.052646283060,0.046723525971,0.419713258743,0.313762128353,0.431077212095,0.349751442671,0.048797935247,0.077695555985,0.426734954119,0.491432547569,0.062911301851,-0.073592022061,0.355633020401,-0.054934717715,-0.040862504393,0.117125734687,0.076617196202,-0.076032742858,-0.282102763653,-0.264655500650,-0.283403366804,-0.124826557934,0.007964236662,-0.236083045602,-0.306518197060,0.242499709129,0.554162740707,0.404484480619,0.235556200147,0.289091527462,0.153975263238,0.253830730915,0.186367273331,0.108902193606,0.215380147099,0.226291343570,-0.283567994833,-0.310708165169,-0.578211903572,-0.315906524658,-0.436205595732,-0.659031391144,-0.270100831985,-0.224052324891,-0.009804037400,0.261967837811,0.045970320702,-0.017035648227,0.008536345325,0.089508146048,0.022929595783,0.098373770714,0.084075182676,-0.215207278728,0.061927605420,-0.099151670933,-0.069591380656,-0.039759449661,-0.208107382059,-0.295697510242,-0.004860860296,0.006548373029,0.032898269594,0.112425401807,-0.007062858436,-0.038174830377,0.118282303214,0.021962363273,0.182234928012,0.014681361616,-0.159535825253,-0.150612577796,-0.058890078217,-0.198258057237,0.112816400826,0.366585403681,0.670012533665,0.571042001247,0.600536406040,0.726009190083,0.576865971088,0.550725996494,0.283889055252,-0.076431982219,-0.171401917934,-0.558323919773,-0.457711100578,-0.476121455431,-0.452706187963,-0.457748115063,-0.417655289173,0.051353897899,0.050143826753,0.009956325404,0.348767727613,-0.119776360691,0.020064938813,0.491638332605,0.266688764095,0.423742681742,0.086244247854,-0.021073330194,-0.167495936155,0.003008711850,-0.017871173099,-0.083959937096,-0.296516567469,-0.236902102828,-0.618185341358,-0.651231765747,-0.468782842159,-0.428813457489,-0.775741398335,-0.529726743698,-0.492453277111,-0.600042521954,-0.331382244825,-0.204929918051,0.232024773955,0.233913958073,0.384818792343,0.548120617867,0.188100054860,0.275220990181,0.262638747692,-0.621004700661,-0.174867495894,-0.243252918124,-0.739533960819,-0.381834775209,-0.456727385521,-0.273307114840,-0.201295584440,-0.092191711068,0.245018631220,0.205246821046,0.463271677494,0.752050340176,0.750560462475,0.735673248768,0.737249672413,0.875831484795,0.896484971046,0.738039910793,0.561472594738,0.639131069183,0.444178074598,0.115458801389,0.197002723813,-0.134914591908,-0.483497142792,-0.273228913546,-0.663600027561,-0.614872038364,-0.787187695503,-0.766258358955,-0.486028403044,-0.364070624113,-0.255621165037,-0.229608759284,-0.178810507059,0.268191069365,0.211519435048,0.208700075746,0.364959657192,0.242919534445,0.612583577633,0.490527033806,0.030280563980,0.051958929747,0.270644128323,-0.207094863057,-0.012763359584,-0.189799904823,-0.480447262526,-0.300657153130,-0.082255959511,-0.316227555275,0.015413988382,0.030375231057,-0.059935513884,0.209502667189,0.151061207056,0.036248598248,-0.008742139675,-0.209510892630,-0.148459970951,-0.242100477219,0.038615230471,0.301546186209,-0.111676298082,-0.112783476710,-0.213569149375,-0.078555777669,-0.027284201235,-0.054691880941,0.224196359515,0.042385384440,0.188729792833,0.197599515319,0.045665740967,-0.202789649367,-0.064084328711,-0.212457865477,-0.368857383728,-0.266581743956,-0.233584702015,-0.233572348952,-0.005140740424,0.048909056932,0.219981700182,0.319894790649,0.226925194263,0.106687851250,-0.117208048701,0.119615845382,0.264268606901,0.413778126240,0.344388425350,0.407773077488,0.314614117146,0.422079861164,0.130407691002,-0.125106438994,-0.190120965242,-0.484789490700,-0.350949168205,-0.438469350338,-0.542370736599,-0.406130850315,-0.618917942047,-0.559694528580,-0.369643539190,-0.324558109045,0.004387533292,0.417490661144,0.269870340824,0.179559588432,0.706462800503,0.818513631821,0.769160091877,0.697152674198,0.311111509800,0.348944723606,0.514485597610,0.244607046247,0.041817389429,0.026810875162,-0.271512597799,0.006272608880,-0.046488918364,-0.142006263137,0.249048084021,-0.032297346741,-0.203077763319,0.139380320907,-0.290116369724,-0.273430585861,-0.283423960209,-0.390161186457,-0.430706769228,-0.625379920006,-0.606084644794,-0.296179056168,-0.093488208950,-0.107634499669,0.142673030496,0.390753865242,0.402459472418,0.216079846025,0.394124776125,0.615456521511,0.742081701756,0.837413787842,0.487464815378,0.057404246181,0.535353183746,-0.166755080223,0.013590651564,-0.256617188454,-0.727268636227,-0.439280152321,-0.589411199093,-0.652059078217,-0.494696438313,-0.789957642555,-0.526948511600,0.007610271219,0.025571992621,0.302715122700,0.485180497169,0.602791905403,0.362605333328,0.515810966492,0.664682507515,0.222068458796,0.088853724301,-0.153008028865,-0.157329693437,-0.340103805065,-0.456295251846,-0.343343019485,-0.742077648640,-0.729441821575,-0.173834398389,-0.250904351473,-0.054860629141,0.400072246790,0.684175312519,0.911828994751,0.965063869953,1.015927910805,1.110017061234,1.015845656395,0.553549468517,0.395190805197,0.158794954419,-0.091660752892,-0.296228468418,-0.327645033598,-0.482591599226,-0.846361756325,-0.698576807976,-0.717802107334,-1.389428138733,-1.016421914101,-0.547227501869,-0.607558131218,-0.238116294146,-0.230234384537,-0.186721235514,0.076477259398,0.011425696313,-0.051728442311,0.062647886574,-0.024168476462,-0.046628862619,0.221628054976,0.072707109153,0.130173102021,0.153674796224,-0.113516099751,-0.234646603465,-0.054967645556,-0.021349094808,-0.168837711215,-0.000469210878,0.244767561555,0.259893447161,0.242425620556,0.482126533985,0.434299945831,0.304373800755,0.168302640319,0.371400982141,0.463102906942,0.396030426025,0.255271315575,0.139442056417,0.061869978905,0.158082902431,-0.085021831095,-0.007416824345,0.016809273511,-0.038483522832,0.162384003401,0.266598224640,0.116491891444,-0.108268357813,0.042821668088,0.020542381331,-0.108313634992,-0.102493762970,0.194352090359,0.200505331159,0.229102507234,0.201291471720,0.249402046204,0.208860591054,0.288235425949,0.312535613775,0.460542827845,0.581237018108,0.510406732559,0.407427340746,-0.077345706522,-0.460777431726,-0.550845324993,-0.708994150162,-0.999192774296,-1.234584331512,-0.913026750088,-1.126645326614,-0.651437580585,-0.442663431168,-0.424080222845,0.138964623213,0.441552132368,0.177118867636,0.514218091965,0.668670773506,0.533472180367,0.465169101954,0.857544660568,0.825975775719,0.709249317646,0.132720828056,0.318359583616,0.064862228930,-0.207704022527,-0.188301727176,-0.163347125053,-0.490230709314,-0.770316720009,-0.390992611647,-0.317886263132,-0.565460860729,-0.201740100980,-0.146467879415,-0.072719454765,0.298767954111,0.297599047422,0.227843046188,0.365025460720,0.066623829305,0.221545726061,0.168397307396,0.065957054496,-0.145759955049,-0.259432464838,-0.262626379728,-0.392606019974,-0.567469418049,-0.822201550007,-0.527195453644,-0.610171675682,-0.172097504139,0.204613000154,0.212955892086,0.410489529371,0.616493701935,0.633870959282,0.625952005386,0.386251091957,0.447618961334,0.248776420951,-0.165787845850,-0.220203951001,0.047847159207,-0.498557150364,-0.643386900425,-0.287202328444,-0.162425175309,-0.012339422479,0.066879011691,0.185293018818,0.033260468394,-0.059898473322,-0.014833648689,-0.236807435751,-0.413753449917,-0.322216182947,-0.616905331612,-0.700066745281,-0.393832564354,-0.912108898163,-0.869176089764,-0.472466558218,-0.564234316349,-0.502697706223,-0.141693457961,0.040512654930,0.075263068080,0.029761962593,0.256732434034,0.316318094730,0.062993623316,0.283757328987,0.113968849182,0.255868107080,0.333436071873,0.605578362942,0.441490381956,0.587797760963,0.636501014233,0.530759811401,0.158383369446,0.290202826262,0.303155481815,0.359913557768,0.234831824899,0.189252495766,0.349953114986,0.413152515888,0.623692393303,0.583912372589,0.511341094971,0.459176361561,0.271072179079,0.263214945793,0.243499875069,0.169385135174,0.027646400034,-0.159408226609,0.190137416124,0.064137831330,0.137310042977,0.118002414703,0.153938204050,0.007379781455,-0.135227397084,0.147887855768,-0.084663748741,-0.183453217149,-0.028374912217,-0.314486533403,-0.237671777606,-0.288198381662,-0.566288173199,-0.388671219349,-0.737644791603,-0.866249740124,-0.640830934048,-0.570675671101,-0.573342800140,-0.328422904015,-0.534562885761,-0.457110196352,-0.230654194951,-0.550211489201,-0.517947077751,-0.551841378212,-0.411926001310,-0.065121531487,-0.160914629698,-0.074032418430,-0.049695197493,0.032206799835,0.255003750324,0.423104733229,0.353175848722,0.085519857705,0.099497400224,0.087565451860,-0.111766852438,0.072040334344,0.043657191098,0.297990083694,0.559595704079,0.223644837737,0.355439573526,0.452311068773,0.397619158030,0.563900947571,0.712081015110,0.334781974554,0.719991743565,0.343725770712,0.264803677797,0.521531999111,0.547363281250,0.428677648306,-0.085425190628,-0.004976104945,-0.136383965611,-0.147974297404,-0.325591176748,0.020147256553,0.229876279831,0.211507096887,-0.040673173964,0.118809133768,0.125744402409,0.346364051104,0.584418594837,0.438238859177,0.543070435524,0.607870936394,0.354060769081,0.255440056324,0.085416957736,-0.150855407119,-0.055358652025,-0.117187477648,-0.304904758930,-0.526042997837,-0.731343388557,-0.707746982574,-0.608904004097,-0.758162438869,-0.537337005138,-0.224291026592,-0.240219503641,-0.193290174007,-0.164820611477,-0.099324531853,0.167915761471,0.319927752018,0.594321429729,0.605282008648,0.600330591202,0.539012134075,0.080922409892,0.060585822910,-0.069945342839,-0.242981255054,-0.467103540897,-0.763056218624,-0.708512544632,-0.568461358547,-0.669456899166,-0.336806982756,-0.190639555454,-0.148735731840,0.125888451934,0.226324275136,0.209799006581,0.203205347061,0.352644890547,0.299212485552,0.041475772858,0.054745387286,0.144516944885,-0.117496170104,-0.024744700640,-0.056819789112,-0.102868311107,0.231444448233,-0.029321564361,-0.176081672311,-0.190651908517,-0.046912852675,-0.126308277249,-0.248928725719,-0.195636227727,-0.271652519703,-0.253851324320,-0.336572378874,-0.312494456768,-0.151415169239,0.238828346133,0.367091655731,0.547350943089,0.454879343510,0.288029640913,0.523305952549,0.041751533747,-0.047670178115,-0.006433128379,-0.142076224089,-0.023254750296,0.294376313686,-0.025106897578,0.219463095069,0.310778111219,0.399965256453,0.513827085495,0.591740787029,0.579467177391,0.674848735332,0.168454930186,0.160437196493,0.127386644483,-0.064549423754,-0.327468037605,-0.529043495655,-0.689538300037,-0.793196856976,-0.862722456455,-0.527537047863,-0.527380704880,-0.587863624096,-0.404702603817,-0.379748016596,-0.165738448501,0.123534165323,-0.236688077450,-0.285247296095,0.067628107965,-0.259271949530,-0.230189099908,-0.123023800552,-0.521544337273,-0.271236807108,-0.293779522181,-0.579458951950,-0.076571919024,-0.116837628186,-0.132440954447,0.157444953918,0.227147459984,0.229876279831,0.370306164026,0.105650655925,-0.048538632691,0.136293411255,-0.082980357111,-0.227168038487,0.047435570508,0.196228921413,-0.019723320380,0.307382524014,0.341552615166,0.009013787843,0.377611845732,0.424113124609,0.214614585042,0.448726117611,0.640048921108,0.341824233532,0.083544231951,0.306970924139,0.240939781070,0.259922236204,0.488596707582,0.442284762859,0.182572409511,0.201386138797,-0.029560286552,-0.227406755090,-0.212186202407,-0.233053743839,-0.178114920855,-0.407896518707,-0.551359832287,-0.373384833336,-0.147175818682,-0.201945886016,-0.085355222225,-0.074987307191,-0.021373789757,0.030922643840,0.398746907711,0.182226672769,0.217001795769,0.288939237595,-0.090286046267,-0.011108773760,-0.268376290798,-0.593395352364,-0.235469788313,-0.212128579617,-0.194331496954,-0.049806319177,0.083684176207,-0.014817185700,-0.088804334402,0.138680621982,0.461728185415,0.335065960884,0.515732705593,0.379743903875,0.507410407066,0.243059471250,-0.086557060480,0.422384470701,0.472869902849,-0.068002656102,-0.027778107673,-0.064438298345,-0.106482058764,-0.374730765820,-0.424462974072,-0.497824490070,-0.165952473879,0.128057524562,0.190993517637,-0.013475406915,0.230238497257,0.098044499755,-0.138709440827,-0.048489242792,0.064816959202,0.060441769660,0.262725144625,0.057062629610,-0.059688560665,-0.032231494784,0.072077378631,-0.270080268383,-0.202723801136,-0.312251597643,-0.203826859593,-0.147801429033,-0.020690552890,0.003000480123,0.160778805614,0.550697207451,0.697630107403,0.812940716743,0.796592414379,0.658171176910,0.577125310898,0.429961830378,0.356505602598,0.236622229218,-0.046414833516,-0.293841272593,-0.197336107492,-0.239552721381,-0.557718873024,-0.262511134148,-0.060853358358,-0.408221662045,-0.124098047614,-0.225731581450,-0.241524249315,0.029971873388,-0.028127957135,0.090401299298,-0.268783748150,-0.105214364827,0.105037383735,0.030144741759,-0.160268440843,0.132375091314,0.042019069195,0.099719658494,0.159185975790,-0.034910935909,-0.057453636080,0.044805523008,-0.319178640842,-0.347602933645,-0.391441226006,-0.554837763309,-0.363115698099,-0.585101842880,-0.515596866608,-0.259004414082,-0.222517088056,-0.122361138463,-0.275875419378,-0.354217171669,-0.104345910251,-0.080914184451,0.170442909002,0.374973565340,0.419005334377,0.458707153797,0.468535840511,0.596819758415,0.480657160282,0.461913406849,0.453681617975,0.304917097092,0.269755095243,-0.026452790946,-0.461300164461,-0.473063349724,-0.661587357521,-0.681487619877,-0.322561919689,-0.400179266930,-0.666896820068,-0.291528135538,-0.135190352798,-0.175320237875,0.089763328433,0.102761298418,0.364580988884,0.455467909575,0.145813450217,0.079341910779,0.119323618710,-0.088359817863,-0.185848668218,0.051139868796,0.139812484384,-0.119381248951,-0.044879607856,0.030560445040,-0.062857799232,0.218878641725,0.299093127251,0.331575691700,0.427475810051,0.338012933731,0.114273428917,0.343054890633,0.033017627895,0.000539180939,-0.060347102582,-0.444462060928,-0.193232566118,-0.292725861073,-0.368042409420,0.009495345876,-0.307061493397,-0.360358059406,-0.176851347089,-0.488958895206,-0.351010918617,0.058861270547,-0.493519306183,-0.534579396248,-0.339811593294,-0.489098846912,-0.429570794106,-0.411452680826,-0.428154915571,-0.275360941887,-0.331378102303,-0.137787476182,-0.130580559373,-0.670098960400,-0.596881508827,-0.241915255785,-0.249352648854,-0.095397979021,-0.268606752157,-0.322467237711,-0.241606563330,-0.391231328249,-0.309444576502,0.017525438219,0.096859119833,0.144023045897,0.370256781578,0.621687948704,0.537057161331,0.466815412045,0.448363929987,0.561575472355,0.270730555058,0.242828980088,0.609797120094,0.629936158657,0.310860455036,0.429179787636,0.681162476540,0.490267723799,0.519527554512,0.776436984539,0.776087164879,0.519593417645,0.463053494692,0.332139581442,-0.063960850239,0.118623919785,-0.095607891679,-0.085898518562,-0.155819177628,-0.245792418718,-0.191055268049,-0.093615800142,-0.276698589325,-0.033569157124,0.074789740145,-0.087404936552,-0.179164469242,-0.157856523991,-0.213178128004,-0.265322268009,-0.558776676655,-0.820559263229,-0.737644791603,-0.522766768932,-0.449541062117,-0.387115448713,-0.179250910878,-0.136165827513,-0.014541421086,0.166413456202,0.026786180213,0.162009462714,0.014208034612,-0.348191529512,-0.465296685696,-0.058029860258,-0.133758023381,-0.032515492290,-0.164725944400,-0.135955914855,-0.267820626497,-0.206893175840,0.035808198154,-0.209687858820,0.130568206310,0.086993344128,-0.020879885182,0.077687330544,0.136577412486,0.548598051071,0.760051667690,0.290482699871,0.461057305336,0.637925088406,0.178654104471,0.737797081470,0.752766549587,0.387753397226,0.561987042427,0.247134208679,0.101501837373,0.049180708826,-0.313111841679,-0.256127417088,-0.156218409538,-0.273158937693,-0.244076088071,-0.037870254368,-0.188618659973,0.038092512637,-0.025559645146,0.144220605493,0.423742681742,0.694407403469,0.654569745064,0.299315363169,-0.123562976718,0.116273745894,0.124369695783,-0.628577947617,-0.504142403603,-0.638225555420,-0.605105042458,-0.302130639553,-0.296998143196,-0.414844155312,-0.573293387890,-0.230666533113,-0.267750650644,-0.080741316080,0.042381264269,-0.181004270911,-0.108502954245,0.035837009549,0.129897326231,-0.041669219732,-0.010520202108,0.414856493473,0.424109011889,0.228769108653,0.434476941824,0.366264373064,0.315235644579,0.469758301973,0.384555339813,0.057585347444,-0.135877698660,-0.225373506546,-0.289062708616,-0.510694861412,-0.464144200087,-0.596667528152,-0.587439656258,-0.568490147591,-0.435320675373,-0.214676320553,-0.186095625162,-0.360567986965,-0.207247138023,-0.201571360230,0.326492547989,0.369791686535,0.187190443277,0.064833417535,0.427776277065,0.266812235117,0.386983722448,0.237169638276,-0.063619233668,0.108486495912,0.012047195807,-0.258374661207,-0.253600239754,-0.214235931635,-0.154222205281,-0.052477534860,-0.476907581091,-0.397433936596,0.076695397496,-0.167508274317,-0.173052385449,-0.023534629494,-0.112688809633,-0.074855595827,0.017924679443,-0.061548944563,0.112598255277,0.291647464037,0.093809254467,-0.001469370909,0.235045835376,0.140804424882,0.000814945204,0.096044167876,-0.162491023540,0.086425349116,0.295380592346,0.086050808430,0.400730758905,0.657129824162,0.376093089581,0.537851512432,0.444120466709,0.614703297615,0.438230603933,0.299656987190,0.283555656672,0.039471335709,0.124464362860,0.219426065683,0.229761049151,-0.076646007597,-0.468033730984,-0.188709214330,-0.296125560999,-0.408024162054,-0.362387210131,-0.728178203106,-0.821098446846,-0.548108279705,-0.571107804775,-0.255884557962,-0.338597387075,-0.506031632423,-0.501421809196,-0.456496924162,-0.351344287395,-0.360407471657,-0.143055811524,-0.051806643605,-0.253307998180,-0.046427179128,-0.079177275300,-0.161832481623,-0.302953809500,-0.488736629486,-0.419030010700,-0.171496570110,0.010853588581,0.196002557874,0.036186859012,0.287799119949,0.315729528666,0.325150787830,0.206580385566,0.237601801753,0.246804922819,0.033326320350,-0.080877140164,-0.201764792204,-0.181773930788,0.120332010090,0.303015559912,0.214347064495,0.139104560018,0.241421341896,-0.231625527143,0.146056294441,0.256781816483,-0.248574748635,-0.085795618594,0.081696197391,-0.371055275202,0.002646513982,0.029399765655,-0.125546842813,-0.041142385453,0.220278054476,0.188186481595,0.202246353030,0.095097519457,0.251291245222,0.201575472951,0.394309997559,0.201773032546,0.047143347561,0.222875162959,-0.028309056535,-0.254168242216,0.000234605439,-0.082437060773,-0.177275270224,-0.191326916218,-0.123455964029,-0.093908034265,-0.012635767460,0.010487274267,0.112771123648,0.010269132443,0.002700020559,0.102909475565,-0.056000731885,-0.044253993779,-0.067002490163,0.064104907215,0.188980862498,-0.108144879341,0.122151233256,0.266487091780,-0.063112981617,-0.118603333831,-0.049682848155,0.046727638692,-0.253155738115,0.050864104182,0.130432397127,-0.277048438787,-0.180069953203,-0.122575171292,-0.260761886835,-0.179106846452,0.144035398960,0.264367401600,0.043192096055,0.200579419732,0.346590429544,0.320047080517,0.114409253001,0.266659945250,0.166005983949,-0.022258704528,-0.217894941568,-0.330559074879,-0.487003862858,-0.535291433334,-0.523396492004,-0.366552501917,-0.059462185949,0.120216764510,0.288507044315,0.423368126154,0.583229124546,0.635574936867,0.383818626404,0.407908886671,0.692312419415,0.389280408621,0.113886535168,-0.125176399946,-0.525886654854,-0.434966713190,-0.282164484262,-0.234370842576,-0.261329859495,-0.694036960602,-0.707722306252,-0.460563391447,-0.591411530972,-0.528212070465,0.083042092621,-0.022530354559,0.126427635550,0.566255211830,0.434353470802,0.598462045193,0.543634295464,0.492523252964,0.650993049145,0.541461110115,0.457727551460,0.090623557568,-0.045307662338,0.105234943330,-0.005420620553,-0.259333670139,-0.220780178905,-0.544687986374,-0.562489211559,-0.628841340542,-0.453640490770,0.110108159482,0.061441928148,0.136132895947,0.269034832716,0.401636272669,0.516292452812,0.540481567383,0.333320826292,0.348706007004,0.073694914579,-0.173324033618,0.198159277439,-0.199953809381,-0.452809095383,-0.230312570930,-0.144788593054,-0.254974961281,-0.431106001139,-0.505187809467,-0.348697751760,-0.696041405201,-0.588530361652,-0.314206659794,-0.458213239908,-0.176987156272,-0.287329941988,-0.393647342920,-0.128065764904,-0.242330953479,-0.081869065762,0.009017904289,0.155354082584,0.377595394850,0.311514854431,0.210000693798,0.630430102348,0.470211029053,0.152604669333,0.162145286798,-0.077312782407,-0.350014865398,-0.417926967144,-0.002049710602,-0.351212590933,-0.262272417545,0.098307907581,0.116681218147,-0.088302195072,0.118874981999,-0.007857224904,-0.221870899200,0.025736628100,0.007729631849,0.058103945106,-0.086244247854,0.097925134003,0.318627119064,0.096558660269,0.032955892384,0.145121976733,-0.121793143451,-0.073213361204,-0.076608963311,-0.041669219732,-0.266696989536,-0.202600315213,-0.187054619193,-0.302505195141,-0.035952255130,-0.039611276239,-0.102946512401,-0.181115388870,0.056548140943,-0.005325955339,0.270998090506,0.015755606815,-0.160675913095,0.250780880451,0.264717251062,0.049156010151,-0.069583147764,-0.179555475712,-0.118274070323,0.121521495283,-0.227538451552,-0.287716835737,-0.190277352929,0.034264743328,0.140351682901,0.180469200015,0.111054807901,0.157667204738,0.243734464049,0.241491302848,0.084128692746,0.177707448602,0.071291238070,0.104000188410,0.143228679895,-0.011166395620,0.280448168516,0.227085709572,0.390177667141,0.477533221245,0.309374600649,0.077164612710,0.261354565620,-0.233465328813,-0.316976666451,-0.099098160863,-0.161869525909,-0.499935954809,-0.486608743668,-0.291025996208,-0.248842284083,-0.337535500526,-0.281481266022,-0.401529252529,-0.324344068766,-0.069965928793,-0.197570696473,-0.212367311120,-0.010470811278,0.031696431339,-0.139203339815,0.104938596487,-0.157720714808,0.228851437569,0.235811382532,-0.148838624358,0.378282755613,0.598017513752,0.469581305981,0.574585735798,0.580512642860,0.387370616198,0.497943848372,0.462444335222,0.288560569286,0.545609951019,0.189898684621,0.087046854198,-0.256633639336,-0.471507519484,-0.298837959766,-0.087577804923,-0.420581668615,-0.321133702993,-0.123254291713,-0.362588882446,-0.273743391037,-0.242046967149,-0.399763554335,-0.118212334812,0.115343563259,0.152921587229,0.273805141449,0.122797429562,-0.262976229191,-0.018451511860,0.162729740143,-0.041232936084,0.017554249614,-0.055996611714,0.005926874466,0.165882512927,-0.130251303315,-0.315811842680,-0.417120248079,-0.797316849232,-0.855301499367,-0.569749593735,-0.813175380230,-0.868151247501,-0.603170573711,-0.430608004332,0.060338873416,0.491280257702,0.436448454857,0.503965437412,0.670909821987,1.073826074600,0.980095088482,0.746740818024,1.150550365448,0.785409629345,0.603993773460,0.664192676544,0.181177124381,0.004589211661,-0.073221594095,-0.287737399340,-0.573787271976,-0.577215850353,-0.452035307884,-0.350525230169,-0.401298761368,-0.459106385708,-0.198706686497,0.091339722276,0.487411320210,0.228888481855,0.180769652128,0.617979526520,0.618432283401,0.798852086067,0.881309747696,0.665089964867,0.364646792412,0.103358104825,0.364198207855,0.436757147312,0.083704754710,-0.177320554852,-0.420128941536,-0.696872830391,-0.597214877605,-0.461082011461,-1.023632884026,-1.116701364517,-1.001962780952,-1.187227010727,-1.075628876686,-0.673696279526,-0.689818203449,-0.565930068493,-0.519502878189,-0.483970433474,-0.030535748228,0.202262803912,0.203361749649,0.306460559368,0.176954239607,0.574466407299,0.697395503521,0.297138094902,0.150789558887,-0.009355406277,-0.099361576140,0.058112177998,-0.110803730786,-0.565497875214,-0.307571858168,-0.210753887892,-0.281254887581,-0.342976689339,-0.131893530488,-0.034614592791,-0.045970320702,0.084655523300,0.340544193983,0.398088395596,0.560155451298,0.412242919207,0.257707893848,0.109667755663,0.227291524410,0.343363583088,0.098888248205,-0.066590897739,0.093340039253,0.262774556875,0.313630431890,0.186021536589,0.201678365469,0.196854546666,0.333131492138,0.107860878110,0.022871972993,-0.216713681817,-0.364741474390,-0.275467932224,-0.262185961008,-0.185593485832,-0.198249831796,0.028148535639,0.153613060713,0.246368631721,0.169117599726,0.036372072995,-0.050304342061,0.236893862486,-0.110503271222,-0.194767788053,0.051555573940,-0.139001667500,-0.415741413832,-0.182025000453,-0.217063531280,-0.331291705370,-0.249756008387,0.108260117471,0.092162899673,-0.263219058514,-0.087524294853,0.127864077687,0.032161522657,0.209206312895,0.396227985620,0.461538851261,0.336605280638,0.205180972815,0.408501565456,0.246706143022,0.022649714723,0.303587675095,0.636846780777,0.492667287588,0.244183093309,0.629479348660,0.491169095039,0.505743503571,0.369976907969,0.193286061287,0.304805964231,0.013570072129,-0.283506274223,-0.115808650851,-0.161264494061,-0.338646769524,-0.349549770355,-0.484081566334,-0.489617437124,-0.394017785788,-0.258271783590,-0.491337865591,-0.717583954334,-0.460600465536,-0.311000376940,-0.483814060688,-0.350315332413,0.035330757499,-0.326360851526,-0.738245725632,-0.368733882904,0.238853022456,-0.032363202423,0.015368714929,0.142973497510,0.107832066715,0.096842654049,0.312021106482,0.279913097620,0.197607755661,0.014887155034,0.266824603081,-0.081733241677,-0.054300867021,0.090751148760,0.360917836428,0.203328832984,0.126431748271,0.319874227047,0.514345705509,0.318799972534,0.137487024069,0.113248579204,0.069821871817,0.083235539496,0.068385429680,-0.093673422933,-0.235498577356,-0.086557060480,0.022126996890,0.124789521098,0.255686998367,0.205934181809,0.024390732870,0.000465094985,0.231530889869,0.017175588757,0.063458710909,0.267137408257,0.080148622394,0.368034183979,0.142520740628,-0.285543620586,-0.059581551701,0.088812559843,-0.214528143406,-0.220948934555,-0.001041318872,0.121336288750,0.014487914741,0.318371951580,0.076979398727,-0.389202207327,-0.284625798464,-0.022732032463,-0.221920281649,-0.290964245796,-0.055004686117,-0.115253008902,0.006482518744,-0.029078727588,-0.007301579695,0.369668215513,0.179267361760,0.432986974716,0.676556825638,0.559163510799,0.373146146536,0.273854523897,-0.169920191169,-0.156625881791,0.083284929395,0.054514892399,0.131667166948,0.250035911798,-0.179827123880,-0.269322931767,-0.293660163879,-0.522569179535,-0.342169970274,-0.302015393972,-0.577915549278,-0.480381369591,-0.975090205669,-1.089643478394,-0.673235297203,-0.296393096447,-0.552520513535,-0.270043194294,-0.041154734790,-0.104090727866,-0.084083415568,0.116771772504,-0.030288796872,0.051189258695,-0.138248458505,-0.370734184980,-0.115006051958,-0.141792237759,-0.029280405492,0.013759402558,0.131951153278,0.172439113259,0.568716526031,0.543152749538,0.241141453385,0.320170581341,0.385008126497,0.562649667263,0.609015107155,0.638904690742,0.384518325329,0.438547551632,0.481311589479,0.446725815535,0.194767788053,-0.206345766783,0.039812952280,0.063508100808,-0.271920055151,-0.421618908644,-0.290087550879,-0.285572439432,-0.203407019377,-0.199377596378,-0.009145496413,-0.164581894875,0.052757412195,0.099217526615,0.205452620983,0.159679859877,0.546326100826,0.663295447826,0.422557324171,0.303871661425,0.462555468082,0.448619127274,0.081922575831,0.096966132522,-0.111091852188,-0.303266644478,-0.154946610332,-0.600775122643,-0.791929244995,-0.605487823486,-0.736228942871,-0.710216522217,-0.321220129728,-0.378286868334,-0.567382991314,-0.480681836605,-0.240223631263,0.221837967634,0.210309371352,0.128102809191,0.057268422097,0.153608947992,0.227151572704,0.009281320497,0.420622855425,0.367803692818,0.273916274309,0.423030644655,0.213470369577,-0.004309331533,-0.064557656646,-0.093591108918,-0.060478813946,-0.086680531502,-0.019307615235,0.177213534713,0.240441754460,0.183189809322,0.351138502359,0.468428850174,0.204481273890,0.744555354118,0.736134290695,0.531566560268,0.513032734394,0.072871737182,0.165829002857,0.183560237288,-0.095056362450,0.114689126611,0.086610570550,-0.017047995701,-0.022921361029,-0.117409735918,0.293059229851,0.583949387074,0.635101616383,0.548956155777,0.567403554916,0.391749918461,0.752005100250,0.390058279037,0.168915912509,0.094978161156,-0.124711304903,-0.164046823978,-0.277529984713,-0.402035504580,-0.252143234015,-0.467552185059,-0.539822995663,-0.270109057426,-0.253069311380,-0.256699502468,-0.290178120136,-0.373578280210,-0.275747835636,-0.284189522266,-0.330999463797,-0.438724488020,-0.699609935284,-0.727832555771,-0.568012714386,-0.593152523041,-0.446005493402,-0.368021845818,-0.595152795315,-0.236474052072,-0.138404861093,-0.043080966920,-0.097410649061,-0.101275458932,-0.297245085239,-0.213886082172,-0.467420458794,-0.345475018024,-0.128485575318,-0.264445602894,-0.056630458683,-0.115236543119,-0.173570990562,0.276579231024,0.330896556377,0.306304156780,0.386954903603,0.426187545061,0.696420073509,0.686583101749,0.621074676514,0.857528209686,0.905013084412,0.668020427227,0.890912055969,0.645321369171,0.664624869823,0.454500734806,0.273661077023,0.136523902416,0.232279971242,-0.094978161156,-0.300583094358,-0.197360798717,-0.296870529652,-0.360983699560,-0.479430645704,-0.518585026264,0.139524385333,0.095904238522,-0.000843756425,0.260325610638,0.207621693611,0.068101435900,0.238774836063,0.201974704862,-0.050999928266,-0.150995358825,-0.429282695055,-0.372092455626,-0.437283962965,-0.797041118145,-0.498318403959,-0.549602389336,-0.971641063690,-0.519506990910,-0.340585350990,-0.176970705390,0.105070307851,-0.340042054653,0.065545462072,0.240375906229,-0.123715266585,0.191623255610,0.247208282351,0.321104854345,0.303900480270,0.283856123686,0.497351169586,0.301912486553,0.436456680298,0.068521253765,-0.031630575657,-0.094842337072,-0.321343600750,-0.359028637409,-0.259897559881,-0.586233735085,-0.602610826492,-0.426129907370,-0.552030742168,-0.318215519190,-0.061067383736,0.184313431382,0.448898971081,0.430735588074,0.744666457176,0.630907535553,0.687966048717,0.526405215263,0.189952194691,0.287095308304,0.272862583399,0.161017537117,-0.030404040590,-0.109103873372,0.049559373409,0.343421190977,0.399948775768,0.738076925278,0.800749480724,0.398746907711,0.449429929256,0.373158484697,0.164705365896,0.072933480144,-0.336440652609,-0.540835499763,-0.747835695744,-1.038248419762,-0.786726653576,-0.535501301289,-0.471668064594,-0.236177712679,-0.195113524795,-0.252517789602,-0.196685805917,-0.169595032930,0.254995524883,0.409575819969,0.442420601845,0.243166476488,0.152328893542,0.376689881086,0.069023385644,-0.077954858541,0.210309371352,0.162659779191,-0.048555094749,-0.046233735979,-0.113112747669,-0.142072111368,-0.552508175373,-0.684685647488,-0.255563527346,-0.228419259191,-0.335090667009,-0.267129182816,-0.176769018173,0.047114536166,0.095138676465,0.142862364650,0.413868695498,0.802050173283,0.861821055412,0.837969422340,0.490029036999,0.348660707474,0.225797459483,0.049575835466,0.079082615674,-0.037656228989,-0.193146139383,-0.098468437791,-0.291499316692,-0.353887915611,-0.237848743796,-0.108906313777,-0.140783846378,-0.110634990036,-0.115100719035,0.018155168742,0.129012405872,0.211766391993,0.029300983995,0.380776971579,0.244100794196,0.215001478791,0.413806974888,0.458373785019,0.348162710667,0.233041405678,-0.126604616642,-0.042249556631,-0.010890631936,0.147570937872,0.151892617345,0.361794531345,0.105749435723,-0.190989404917,0.278793573380,0.658245205879,0.436460793018,0.404081106186,0.761541604996,0.935482978821,0.922390341759,0.827375173569,0.656726479530,0.341614335775,0.327677935362,0.296006202698,-0.017352571711,-0.123941645026,-0.183568462729,-0.082634620368,-0.031412433833,-0.291067153215,-0.286593168974,-0.267125070095,-0.557303190231,-0.613530278206,-0.542621850967,-0.531673550606,-0.652919292450,-0.626450002193,-0.946344792843,-0.639855504036,-0.713994860649,-0.625536322594,-0.690443813801,-0.867550313473,-0.938467025757,-0.672967791557,-0.601030290127,-0.633418202400,-0.657080471516,-0.717069447041,-0.426496237516,-0.145809337497,-0.275064587593,-0.043130360544,0.113244451582,-0.082486450672,-0.172554358840,0.087223827839,0.077802576125,0.327694416046,0.625573337078,0.371767312288,0.485703259706,0.802498817444,0.857396483421,0.685097277164,0.948024153709,1.203768730164,0.891685843468,0.990718126297,1.016409516335,0.902395427227,0.521531999111,0.688550472260,0.617613255978,0.182094976306,-0.064985707402,-0.238342657685,-0.419071167707,-0.291791528463,-0.351459532976,-0.427339971066,-0.086507663131,-0.107655085623,-0.219150289893,-0.041438728571,-0.185111910105,0.030576908961,0.153995826840,0.148599907756,0.246895477176,0.571906328201,0.476574182510,0.339823931456,0.387407690287,0.183502614498,-0.308135718107,-0.723387300968,-0.785080313683,-0.938080132008,-1.322730183601,-1.061597824097,-1.225694060326,-1.369803547859,-0.483390092850,-0.450738787651,-0.456554532051,-0.171401917934,-0.071731641889,0.006169711240,-0.027127798647,0.008141220547,0.093990348279,0.263865262270,0.300727128983,0.401735037565,0.210655108094,0.226875811815,0.442819833755,0.212215021253,0.145368933678,-0.111186519265,-0.231032863259,-0.047530241311,-0.095204539597,0.033552695066,0.228439852595,-0.024962842464,0.088664390147,-0.121204584837,0.033367481083,0.238824218512,-0.099439784884,0.073135159910,0.019587496296,-0.438819169998,-0.451422035694,-0.124810092151,-0.295697510242,-0.325200200081,-0.372656345367,0.108268357813,-0.108552344143,0.095739595592,0.275356829166,0.492280423641,0.335633963346,0.688995003700,0.566354036331,0.438736885786,0.278126806021,0.316293418407,0.290515631437,0.211338326335,0.179230317473,0.187371551991,0.314029663801,0.328180074692,-0.016903940588,-0.120266154408,0.038014315069,0.331946134567,0.734952986240,0.333427846432,0.576219797134,0.656755268574,0.432785302401,0.441510945559,0.295434087515,0.148402348161,0.240305945277,0.001160679618,-0.349257528782,-0.367429137230,-0.444272726774,-0.488748967648,-0.580463230610,-0.623083233833,-0.496256351471,-0.402356564999,-0.253427386284,-0.104983873665,-0.438736885786,-0.124361455441,0.146982371807,-0.081930801272,-0.366951733828,-0.402002602816,0.021295588464,0.130156636238,-0.134741723537,-0.492613792419,-0.324743300676,-0.241598337889,-0.357114762068,-0.565460860729,-0.614439904690,-0.725280702114,-0.772658646107,-0.384732335806,-0.267898827791,-0.290466219187,-0.002218461828,0.374701917171,0.424261271954,0.790924966335,0.429122149944,0.789941191673,1.123830080032,0.434707403183,0.352093398571,0.628232181072,0.413724660873,0.301764339209,0.289585441351,0.099715545774,-0.221957311034,0.102539040148,-0.113569609821,-0.304880052805,0.210301145911,0.278690695763,0.397269338369,0.532607853413,0.288861036301,0.464300632477,0.338078796864,0.371804326773,0.446433573961,0.367383897305,0.069661356509,0.240626975894,-0.039426062256,0.039520725608,0.074575722218,0.052954975516,-0.014319163747,-0.087800063193,-0.296162605286,0.114166408777,0.068698234856,0.007700820453,0.190129190683,-0.028638327494,0.036713693291,-0.340268433094,-0.402743458748,-0.175246134400,-0.319845408201,-0.571651160717,-0.776613950729,-1.093528866768,-0.679528474808,-0.991664826870,-0.856931328773,-0.784310698509,-0.343709319830,-0.130955114961,0.069225072861,0.237317815423,0.162231728435,0.398932129145,0.421203196049,0.377015024424,0.431937396526,0.612225532532,0.286473840475,0.211128428578,-0.037191133946,-0.221562206745,-0.393248081207,-0.324833869934,-0.468968063593,-0.197607755661,-0.332987427711,-0.309802651405,-0.125048816204,-0.110239863396,-0.037701506168,0.494671761990,0.456451624632,0.479504674673,0.502006232738,0.354871571064,0.437382727861,0.288148969412,0.266614675522,0.153576016426,0.047307979316,0.044229298830,0.045665740967,0.011722039431,0.123328372836,0.161116316915,-0.121472105384,-0.132012888789,0.105979919434,0.101341322064,-0.118043579161,-0.121562659740,0.031852833927,0.029918367043,-0.152510002255,-0.178077876568,0.050069741905,-0.014450871386,0.079457156360,0.059709142894,-0.001778062317,-0.052654515952,0.210943222046,0.408143520355,-0.247031286359,-0.211046129465,0.107638619840,-0.113878302276,-0.267610728741,-0.141652300954,-0.324586898088,-0.263383716345,-0.479294776917,-0.370804190636,-0.449750959873,-0.537155926228,-0.730820655823,-0.177337005734,-0.174888059497,-0.400636106730,-0.069858916104,0.100444056094,-0.033980745822,0.360666781664,0.661883711815,0.478990197182,0.546186149120,0.574552834034,0.353999048471,0.523515880108,0.389646708965,-0.046530079097,0.128271549940,-0.015780303627,-0.147200509906,-0.442202419043,-0.529076457024,-0.712352633476,-0.866677761078,-0.722485959530,-0.455348581076,-0.430389851332,-0.332460612059,0.004185854923,-0.182259619236,-0.173406347632,0.037368118763,-0.164985239506,-0.231642007828,0.156942814589,0.057083204389,0.233835771680,0.145039662719,0.234045684338,0.519576966763,0.569552063942,0.609764218330,0.583821833134,0.289918810129,0.159255936742,0.314725250006,0.098912939429,-0.245553702116,-0.296430140734,-0.135540202260,0.010816545226,0.069850683212,0.177168264985,0.316717326641,0.341272711754,0.432995200157,0.740056693554,0.750161170959,0.589090168476,0.654746711254,0.740797579288,0.290536195040,0.109396107495,0.145006746054,-0.146397918463,-0.108177803457,-0.134935170412,-0.462962985039,-0.395594179630,-0.254818558693,-0.315659552813,-0.400446802378,-0.288260132074,-0.115014284849,-0.111980885267,-0.064895153046,-0.106243342161,0.005642877892,-0.247183591127,-0.253678441048,-0.046777028590,-0.286860704422,-0.424689352512,-0.223175629973,0.168969422579,-0.063750937581,0.042866941541,-0.081646807492,-0.414988189936,-0.365889817476,-0.310374766588,-0.590333163738,-0.655623435974,-0.498968750238,-0.609101533890,-0.765624523163,-0.933593869209,-0.519791007042,-0.232341706753,-0.065895311534,0.059363406152,0.205250933766,0.246096998453,0.257950752974,0.069447323680,0.325393617153,0.437934279442,0.273097187281,0.194179207087,0.095681980252,0.170537576079,0.169154644012,0.237819954753,0.452265769243,0.577059388161,0.689682364464,0.827482223511,0.558891892433,0.577808499336,0.459838986397,0.423010081053,0.262803375721,-0.085952028632,0.010285596363,0.233852237463,0.105020917952,0.294680893421,0.691106498241,0.410398989916,0.352616101503,0.698720872402,0.406225472689,0.071781031787,0.482175916433,0.446849286556,0.160519510508,0.072731800377,-0.132292777300,-0.193195536733,-0.230102658272,-0.476487755775,-0.348088622093,-0.432073265314,-0.637842833996,-0.513226151466,-0.485690891743,-0.900905489922,-0.392470240593,-0.175316125154,-0.257917821407,-0.182802915573,-0.073065191507,-0.208691820502,-0.259798765182,-0.016278324649,-0.161202758551,-0.249019265175,-0.091236814857,-0.111873865128,-0.086079619825,-0.411053419113,-0.624099850655,-0.201847106218,-0.436567813158,-0.916274189949,-0.607949137688,-0.692048966885,-1.168870210648,-0.766110301018,-0.440687805414,-0.455657273531,-0.051283925772,-0.084988906980,0.213099941611,0.777000844479,0.622745752335,0.557154953480,0.840504825115,0.873584270477,0.968772232533,0.923892676830,0.717719733715,0.465774118900,0.407538473606,0.085898518562,0.172542005777,0.372467011213,0.035791736096,0.120208539069,-0.114849656820,-0.172192156315,-0.239346936345,-0.395812302828,-0.036746621132,0.183210372925,-0.161161586642,-0.071896277368,0.079798772931,-0.141759306192,-0.022048793733,0.314910471439,0.305320471525,0.545260071754,0.605450809002,0.440370887518,0.122110068798,0.030753890052,0.015298743732,-0.212581336498,-0.691493391991,-0.527364253998,-0.307798206806,-0.471425205469,-0.431097775698,-0.577545106411,-0.296726495028,0.198006987572,0.014352089725,0.037977270782,-0.123410686851,-0.291610449553,-0.034890357405,0.149632990360,-0.122624561191,-0.175921157002,0.037462785840,0.009227814153,-0.137449979782,-0.124209173024,0.135824203491,0.261626213789,0.141232475638,0.186042115092,0.422001689672,0.374850124121,0.360946625471,0.176135167480,0.259761720896,-0.031284842640,-0.027502343059,-0.147834345698,-0.386440426111,-0.508752167225,-0.426018774509,-0.130753427744,0.166886791587,-0.065496072173,-0.054008644074,0.119829878211,0.212655425072,0.124369695783,0.199620410800,0.177880302072,0.292684674263,-0.007297463715,-0.267092108727,0.088092282414,-0.187346845865,-0.232732713223,0.210515171289,0.388621866703,0.331423401833,0.346919715405,-0.002037362894,0.006202638615,0.153847664595,-0.045925043523,0.006519561633,0.007774906699,-0.451800704002,-0.244368314743,-0.031651154160,-0.293532550335,0.068895794451,0.067899748683,-0.005766354967,0.198776647449,0.170056015253,0.254497498274,0.369898676872,0.431468218565,0.259193718433,-0.061166167259,-0.161540254951,-0.278760641813,-0.311588972807,-0.257378637791,0.002321359236,-0.222344219685,-0.191388636827,0.275113970041,-0.043488439173,0.075954541564,-0.039957009256,-0.015121761709,-0.163627013564,-0.291964411736,-0.240277126431,-0.081136435270,-0.429389715195,-0.607595145702,-0.557879388332,-0.400348037481,0.021044520661,-0.094410173595,-0.086585871875,-0.204810559750,0.045982666314,0.183560237288,0.270779967308,0.195220530033,0.564810514450,0.483291298151,0.376167178154,0.206370472908,0.299418270588,0.148929178715,-0.022608555853,-0.432019740343,-0.387205988169,-0.473763048649,-0.569185733795,-0.410436064005,-0.309279948473,-0.329311937094,-0.106370933354,-0.196731060743,0.049234218895,0.216454386711,0.251484692097,0.494618237019,0.786656737328,0.770131409168,0.706623375416,0.300694197416,0.380707025528,0.436008036137,-0.019081242383,-0.377373129129,-0.421692997217,-0.485954284668,-0.608307182789,-0.623293161392,-0.583607792854,-0.417005002499,-0.223755970597,0.057128481567,0.505368947983,0.597260177135,0.549017906189,0.772308766842,0.626433551311,0.505422413349,0.335325270891,0.244343638420,0.053889282048,0.083367243409,0.034923285246,-0.334189265966,-0.322977602482,-0.204501852393,-0.443482488394,-0.565460860729,-0.637381792068,-0.919352829456,-0.907976567745,-0.748485982418,-0.663274884224,-0.610052347183,-0.644222438335,-0.240437641740,0.270475387573,0.529401600361,0.321738719940,0.386502176523,0.432295501232,0.680475115776,0.634418368340,0.872855663300,0.360782027245,0.142586603761,-0.029799006879,-0.022122880444,-0.029074611142,-0.356797844172,-0.529434502125,-0.608669400215,-0.518366873264,-0.186828255653,0.166030675173,0.420845121145,0.594708323479,0.378895998001,0.648107826710,0.656154334545,0.682191431522,0.499380320311,0.322483688593,0.158655017614,0.421779394150,0.338251650333,0.079090841115,0.116907589138,0.374113351107,0.061380188912,0.028107378632,0.295837461948,0.228225812316,-0.102864198387,-0.039817072451,-0.568514823914,-0.406912833452,-0.566234648228,-0.680158197880,-0.476804673672,-0.480393707752,-0.575157880783,-0.335391104221,-0.333209693432,-0.209782525897,-0.098612479866,-0.180535063148,-0.021340863779,0.252291411161,0.292511820793,0.162589803338,0.148389995098,0.206843793392,0.169640317559,0.462901234627,0.470458000898,0.271529048681,0.514773726463,0.540868461132,0.374529093504,0.354126632214,-0.056021306664,0.163688734174,-0.051576156169,-0.468844592571,-0.330040484667,-0.354521751404,-0.405859172344,-0.227608442307,-0.125707358122,0.231831341982,0.438650459051,0.165598511696,0.461193144321,0.331649780273,0.579504251480,0.563341140747,0.040985979140,-0.035989299417,-0.284922152758,-0.402982175350,-0.427047729492,-0.557467758656,-0.316643267870,-0.365507036448,-0.423623353243,-0.283337533474,-0.289630711079,-0.085655681789,-0.007993048988,0.224537983537,-0.015035327524,0.130222484469,0.519124209881,0.181205943227,0.058120410889,-0.096003018320,-0.289420813322,-0.175908803940,0.076596617699,-0.196434736252,-0.110248088837,0.002477762755,0.066582672298,0.052489880472,0.142915874720,0.159288868308,-0.060696952045,-0.147513315082,-0.095533803105,-0.134445384145,-0.169434517622,-0.298693895340,-0.407225668430,-0.520391941071,-0.311481922865,-0.278081536293,-0.310362428427,-0.300183832645,-0.249883607030,-0.075901031494,0.159729257226,0.521585524082,0.500993728638,0.711331903934,0.718592345715,0.640625178814,0.805799722672,0.748296678066,0.611949801445,0.535563051701,0.333510160446,-0.126703396440,-0.387564063072,-0.450216084719,-0.566489815712,-0.551182806492,-0.772543311119,-0.716098070145,-0.790690302849,-0.830779016018,-0.856145262718,-0.517786562443,-0.126086026430,-0.088199302554,0.333987593651,0.537588059902,0.727951884270,0.723943054676,1.094430327415,0.968829929829,0.803416669369,0.612579464912,0.221944972873,0.126653999090,0.216944172978,-0.093846291304,-0.289173841476,-0.617888987064,-0.877580761909,-0.702614486217,-0.903506755829,-0.999592065811,-0.996418714523,-1.100962162018,-0.932832360268,-0.597869336605,-0.306880384684,-0.064923971891,0.103452771902,0.205868333578,0.322162657976,0.773440659046,0.787220597267,0.790282785892,0.667551279068,0.409349471331,0.374199777842,0.121575012803,0.101012051105,-0.243701547384,-0.432847023010,-0.459155768156,-0.616073846817,-0.855486631393,-0.835886836052,-0.682397246361,-0.323364496231,-0.225517570972,0.095463834703,0.427685737610,0.568798840046,1.017035126686,0.788002669811,0.589328885078,0.762619972229,0.821238398552,0.596358835697,0.709788441658,0.686578989029,0.457966268063,0.415601491928,0.216265052557,-0.132078751922,0.011857864447,-0.338580936193,-0.556780457497,-0.513674795628,-0.806618809700,-0.704544842243,-0.486398816109,-0.746197581291,-0.436588376760,-0.079934604466,-0.210181772709,-0.320429861546,-0.101189032197,0.227217420936,0.351389527321,0.244323045015,0.340227276087,0.359798312187,0.354077219963,0.576425552368,0.376471757889,0.098880015314,-0.026638006791,-0.169245183468,0.071122489870,-0.057828180492,-0.266997456551,0.208247303963,0.297878921032,0.336601167917,0.502652466297,0.216100424528,0.092595063150,0.384909331799,0.210679799318,-0.162100017071,-0.264820158482,-0.297014594078,-0.463621497154,-0.611826300621,-0.084865435958,0.212960004807,0.288655221462,0.536402702332,0.606652617455,0.603590428829,0.253229826689,-0.082700476050,0.027942741290,-0.371462732553,-0.638040363789,-0.481435060501,-0.533373415470,-0.814611852169,-0.615719914436,-0.516893386841,-0.792221426964,-0.499656111002,0.260160982609,-0.098847091198,0.006770630367,0.236548140645,0.299175441265,0.355167925358,0.108581155539,-0.001695744577,-0.032943543047,-0.053111381829,-0.249019265175,-0.265375792980,-0.450294256210,-0.502372562885,-0.081770285964,-0.116137921810,-0.225818023086,0.055654995143,0.454056173563,0.342318147421,0.322607189417,0.612159669399,0.535019755363,0.623733520508,0.765254080296,0.570655107498,0.309440463781,0.600915074348,0.697831869125,0.423820912838,0.092994302511,0.074304066598,0.091845974326,0.077547386289,-0.042043764144,-0.005828092806,0.035544782877,0.076057434082,0.014500262216,0.168100968003,-0.119615845382,-0.107045941055,0.315787166357,-0.057050280273,-0.250138789415,0.074151784182,0.006820021197,-0.407048672438,-0.350500553846,-0.398001968861,-0.468264251947,-0.285914063454,-0.697807192802,-0.512184798717,-0.683969497681,-0.619913995266,-0.199797406793,-0.010808313265,-0.175147354603,0.224002927542,0.237511262298,0.220632016659,0.072250239551,0.228806152940,0.290877819061,0.293137431145,0.344269067049,0.389169245958,0.101608857512,-0.110400378704,-0.042327761650,0.014631970786,-0.117623761296,-0.135601937771,-0.280205339193,-0.294635623693,-0.384028524160,-0.182123780251,-0.144751548767,-0.132753744721,0.027168955654,0.220471501350,0.174550577998,0.022147575393,-0.000839640503,0.129045337439,-0.325796991587,-0.199743896723,0.059622708708,-0.124237984419,-0.247731000185,-0.050473097712,-0.001312967273,-0.016385337338,-0.040492076427,0.121920734644,-0.253629058599,-0.438028901815,-0.068331919611,-0.211955726147,-0.189684674144,0.068373076618,0.234387308359,0.026296388358,0.258094787598,0.288313627243,0.205477327108,0.050032697618,0.261617988348,0.026806758717,0.078584589064,0.082947432995,-0.122357025743,0.169854342937,0.270977526903,0.286992430687,0.355204999447,0.187507361174,0.165363907814,0.327081143856,0.038512337953,-0.195652708411,-0.219458982348,-0.358213692904,-0.480723023415,-0.445787370205,-0.584743738174,-0.555335760117,-0.737957537174,-0.519066572189,-0.145924583077,-0.100612811744,-0.103263437748,0.051082249731,-0.071801610291,-0.249834224582,-0.138145551085,-0.021163880825,-0.272669136524,-0.230370193720,-0.011631490663,-0.450565904379,-0.339338243008,-0.409621119499,-0.292063206434,-0.113067470491,-0.185013130307,-0.097706988454,-0.096249975264,-0.149027958512,0.054391417652,0.060445886105,0.051670819521,0.251813948154,0.321084290743,0.241359606385,0.312729030848,0.337634265423,0.309382826090,0.598112165928,0.768476903439,0.466202169657,0.466873079538,0.197846472263,0.032474331558,-0.264318019152,-0.150855407119,-0.083124414086,-0.294623255730,-0.096476346254,0.039076212794,0.084807805717,0.279308080673,0.336774051189,0.279538571835,0.428821682930,0.407871842384,0.491086810827,0.508595764637,0.518634438515,0.347458899021,0.280061274767,0.102427907288,-0.119570568204,-0.343161910772,-0.500668585300,-0.780141234398,-0.926395177841,-0.662554562092,-0.664291501045,-0.316626816988,-0.488444417715,-0.208481907845,-0.256197363138,-0.134725257754,0.236741587520,-0.000889031158,-0.008622778580,0.381698906422,0.154127553105,-0.209099307656,0.015488075092,-0.187634959817,-0.321512371302,-0.412267595530,-0.636896133423,-0.479117840528,-0.593156635761,-0.746098816395,-0.522598028183,-0.090310744941,0.047962408513,0.184136465192,0.144648656249,0.111182399094,0.447960555553,0.431315928698,0.243405207992,0.349422186613,0.253262728453,-0.265062987804,0.032939426601,0.170245349407,0.239256396890,-0.039179109037,0.199994966388,0.039302583784,-0.149250224233,-0.133865043521,0.020126678050,-0.118385203183,-0.079671181738,0.119327731431,0.269298225641,0.224101707339,0.299965679646,0.841871321201,0.711294889450,0.548346996307,0.884400784969,0.727869510651,0.671045660973,0.818814098835,0.356517940760,-0.126415297389,-0.034149497747,-0.259111434221,-0.330698996782,0.019612191245,-0.394260585308,-0.554240942001,-0.384567707777,-0.629224121571,-0.602343320847,-0.252369612455,-0.571103692055,-0.529833734035,-0.341684281826,-0.308666676283,-0.246981889009,-0.239400431514,-0.295104831457,-0.136046454310,0.053942784667,0.159099534154,0.066916055977,-0.103292249143,-0.136104092002,-0.435724020004,-0.402574717999,-0.053424187005,-0.397582143545,-0.435674667358,-0.225155368447,-0.393873751163,-0.045842722058,0.129321098328,-0.095332130790,-0.116841740906,0.334271609783,0.236535787582,-0.008342899382,0.108762264252,0.285584807396,0.188157662749,0.188980862498,-0.103041179478,0.038146022707,0.073530286551,-0.162507489324,-0.237795248628,-0.077909588814,-0.486509948969,-0.624750137329,-0.638176202774,-0.938039004803,-0.706248760223,-0.771185159683,-0.592362225056,-0.298718571663,-0.149884060025,0.096097677946,0.325097292662,0.745115101337,0.858816385269,0.894155442715,1.044500470161,0.845151722431,0.592362225056,0.212284982204,0.559566915035,0.371298074722,-0.144636318088,-0.325319558382,-0.433773130178,-0.470939576626,-0.484032183886,-0.522890269756,-0.466218620539,0.031824022532,0.238980621099,0.287420481443,0.287576884031,0.148299455643,0.041537512094,0.288070797920,0.142265558243,0.001634006388,0.222941011190,0.236967965961,-0.000403356738,0.167796388268,0.326035708189,0.646230995655,0.477150440216,0.351850539446,0.633619904518,0.236227110028,-0.134120225906,0.218071937561,0.121809616685,-0.191606789827,-0.359761238098,-0.493959665298,-0.565024554729,-0.638563096523,-0.290198683739,-0.176917195320,-0.313844472170,-0.157412007451,0.014891272411,-0.120698317885,0.022423341870,-0.020147256553,-0.056531678885,-0.273422360420,-0.220372721553,-0.173974335194,-0.303443610668,-0.638966441154,-0.742485046387,-0.657837748528,-0.521095752716,-0.534287154675,-0.545959770679,-0.363914191723,-0.006770630367,0.125299885869,0.008071250282,0.296598911285,0.212556645274,0.152868077159,0.501685202122,0.476652413607,0.108840465546,0.448709666729,0.515098869801,0.409748703241,0.389914244413,0.215845242143,0.172583162785,0.377438992262,0.587781250477,0.368606299162,0.107539847493,0.200756400824,0.353105902672,0.634422481060,0.355575382710,0.045200649649,0.314725250006,0.286132216454,0.038372393698,0.032326161861,-0.119459442794,-0.146101564169,-0.073978915811,-0.393861353397,-0.625713288784,-0.851181507111,-0.688657522202,-0.631261527538,-0.840294957161,-1.012577652931,-0.747778117657,0.064816959202,0.280744522810,0.417428940535,0.741884112358,0.907112240791,0.800090968609,0.970772564411,0.885512053967,0.727478563786,0.481719076633,0.345343321562,-0.312906026840,-0.567016661167,-0.812397480011,-0.971402347088,-1.244104385376,-1.264585018158,-1.208987712860,-1.171335577965,-1.188535928726,-0.965351998806,-1.006831884384,-0.464378833771,-0.099089935422,-0.309016525745,-0.144994392991,0.313222944736,0.201900616288,0.177131220698,0.493066519499,0.370927631855,0.364906132221,0.415152847767,0.169998392463,0.250566840172,0.209959521890,0.110281027853,0.064977474511,-0.060738116503,-0.049752816558,-0.206358134747,-0.016825737432,0.002012667712,-0.012862140313,0.214186549187,0.522774994373,0.714036047459,0.828778684139,0.891298949718,0.901930332184,0.714431166649,0.712443232536,0.821320652962,0.370483160019,0.072023868561,0.188581615686,-0.040557932109,-0.119825750589,0.020620582625,-0.194187447429,-0.365330040455,-0.591802537441,-0.688834488392,-0.698679685593,-1.122780442238,-0.972221434116,-0.796399056911,-0.945464015007,-0.446466505527,-0.077563852072,-0.594428420067,-0.270088493824,-0.078263550997,0.057651199400,0.282785981894,0.350517004728,0.398038983345,0.643098771572,0.412922054529,0.430645018816,0.537217617035,0.230991691351,-0.161124542356,-0.096299365163,-0.312412112951,-0.348389089108,-0.361983865499,-0.492856621742,-0.486806303263,-0.189474761486,-0.092714428902,-0.132642626762,-0.268141657114,-0.249974161386,-0.132572650909,-0.105465434492,-0.095723129809,0.293355584145,0.236190050840,0.473158031702,0.431073099375,0.638135075569,0.829577207565,0.493688046932,0.452697962523,0.034347061068,0.140903204679,0.122653372586,-0.136157587171,-0.296747088432,-0.127551272511,-0.110836669803,-0.165388599038,-0.250566840172,-0.153790041804,-0.090512417257,-0.016846317798,-0.155119463801,0.246784359217,0.454389601946,0.145060256124,0.465169101954,0.051238648593,-0.147649139166,0.174661695957,0.026769714430,0.025695471093,0.522499263287,0.039734754711,-0.143619686365,-0.232000082731,-0.099028192461,0.374479681253,0.160219058394,-0.047999452800,0.184626251459,0.165549129248,0.124896526337,-0.008202958852,0.028724761680,0.231995970011,0.225373506546,0.165252774954,0.495577245951,0.221323490143,0.168150365353,0.629269421101,0.482200622559,0.336391270161,0.531632363796,0.328579306602,-0.031445357949,-0.147216960788,-0.431698709726,-0.405912667513,-0.733253121376,-0.466687858105,-0.670942783356,-1.087725400925,-0.780001342297,-0.628507971764,-0.827930867672,-0.488518506289,-0.534447669983,-0.544255793095,-0.110844895244,-0.374158650637,-0.383682787418,-0.153456658125,-0.299652874470,0.061380188912,0.082523494959,-0.081074699759,0.391210734844,0.462267398834,0.668806612492,0.601001501083,0.604351878166,0.764455616474,0.538147866726,0.195821449161,0.498462498188,0.461230158806,0.310185432434,0.134610027075,-0.112343072891,-0.209465622902,-0.192421734333,-0.246537402272,0.018965996802,-0.301928967237,-0.257123440504,0.002304895548,-0.329340755939,-0.135762467980,-0.131160899997,-0.348401427269,-0.004848512355,0.312556177378,0.271948844194,0.124575488269,-0.042735233903,0.094578921795,0.192586362362,0.151077672839,0.073880136013,0.376418262720,-0.067068345845,0.140458688140,-0.209247484803,-0.398285955191,-0.327398061752,-0.467441022396,-0.759747087955,-0.736796915531,-0.921760678291,-0.758421778679,-0.880741775036,-0.601581871510,-0.270541220903,-0.008235885762,0.224398031831,0.159292981029,0.263741791248,0.517259716988,0.425911784172,0.521918892860,0.572960019112,0.362132012844,0.264322131872,0.195438683033,0.093471743166,0.097958058119,-0.209556162357,-0.387086659670,-0.537966728210,-0.666139483452,-0.693189144135,-0.782779574394,-0.961458325386,-0.660899996758,-0.475384712219,-0.158115833998,0.193129658699,0.275509119034,0.411226302385,0.827667415142,0.953946888447,1.120245099068,1.057905912399,1.158123612404,0.737817645073,0.510608434677,0.305122911930,0.091586664319,-0.071715176105,-0.286757797003,-1.013108611107,-1.136391758919,-0.989059507847,-0.837808966637,-0.426323354244,-0.084688447416,-0.122579284012,0.155329376459,0.652717590332,0.570696234703,0.678441882133,0.523561120033,0.562275171280,0.805692732334,0.347940444946,0.518457412720,0.587048649788,0.159441158175,0.199892073870,0.269158273935,0.088602654636,-0.105518937111,0.103432193398,-0.077814921737,-0.431649297476,-0.467317551374,-0.318306058645,-0.187231600285,-0.131399631500,-0.446441799402,-0.391264230013,-0.228695034981,-0.369779348373,-0.152308329940,0.368174135685,0.251863330603,0.275492638350,0.130070194602,0.048114694655,0.096287012100,-0.233119592071,-0.434271126986,-0.469968199730,-0.371623218060,-0.449524611235,-0.246557965875,-0.239433377981,-0.579833507538,-0.322644203901,-0.250377506018,-0.288655221462,-0.039998169988,0.169969573617,0.195887327194,-0.166327029467,0.268829017878,0.336469471455,0.094615958631,0.533999025822,0.783240497112,0.692332983017,0.822839498520,0.897579848766,1.201056361198,0.896768987179,0.537830889225,0.167228400707,-0.029650833458,0.059816155583,-0.155658647418,-0.651425242424,-0.432768851519,-0.538966894150,-0.562657952309,-0.236807435751,-0.236568719149,-0.259066134691,0.160955801606,0.171282544732,0.154078155756,0.290396243334,0.379978477955,0.679614961147,0.415815532207,0.133844465017,0.093817479908,0.023209474981,-0.154588520527,-0.065368480980,-0.169990167022,-0.120879426599,-0.208856463432,-0.102728366852,0.129185274243,-0.060849245638,0.173982575536,0.124731890857,0.053049642593,-0.055889602751,-0.198978349566,-0.294392794371,-0.295425862074,-0.480780631304,-0.637246012688,-0.561970591545,-0.285901695490,-0.144220605493,0.258156538010,0.429496705532,0.165730223060,0.382439792156,0.569156944752,0.397343397141,0.588686823845,0.579845845699,0.462835371494,0.469461947680,0.253077536821,0.128230392933,0.334880739450,0.205057486892,-0.146751880646,-0.087898842990,-0.074880294502,-0.006276724394,-0.149937570095,0.017369033769,-0.212939426303,-0.094406053424,0.265256434679,0.127378404140,0.179934144020,0.257843703032,0.174781054258,0.374957114458,0.247854471207,0.358337163925,0.643786132336,0.388066202402,-0.072801776230,-0.248146697879,-0.022522121668,-0.082091324031,-0.133893847466,-0.037071775645,0.046859350055,-0.175394311547,0.074456356466,-0.043146822602,-0.127337247133,-0.210976138711,-0.261609762907,-0.396680772305,-0.316886097193,-0.566839635372,-0.494317770004,-0.442099541426,-0.600371778011,-0.343824565411,0.056227106601,0.137384116650,0.031893990934,0.125732049346,0.283436298370,0.597284853458,0.678795814514,0.778112173080,0.365309476852,0.206275805831,0.399557769299,0.153901174664,-0.252591848373,-0.268018186092,-0.651445806026,-0.838767886162,-0.956354677677,-0.871324598789,-0.861915707588,-0.780305922031,-0.662122428417,-0.303171962500,-0.167364224792,0.061446044594,0.153740644455,0.302237659693,0.558772563934,0.635307431221,0.916586995125,0.684047698975,0.389099299908,0.880066752434,0.369005531073,0.263782948256,-0.110062882304,-0.133202388883,-0.146179765463,-0.424191355705,-0.652363657951,-0.761183500290,-0.729841113091,-0.602952480316,-0.536472678185,-0.479401797056,-0.286210387945,0.038076050580,0.345153987408,0.325278371572,0.666402935982,0.880523562431,0.647342264652,0.863537371159,0.661467969418,0.567181289196,0.369363635778,-0.015043558553,-0.291215330362,-0.533163487911,-0.519342362881,-0.676137030125,-0.604409456253,-0.412588626146,-0.470906615257,-0.112507715821,0.097867503762,0.232745066285,0.361181259155,0.524269044399,0.533422768116,0.503463268280,0.628211617470,0.373841732740,0.275686085224,-0.058622550219,-0.000814945204,-0.006836485118,-0.002280200366,-0.034268859774,0.128518506885,-0.031342465430,-0.262486457825,-0.366383731365,-0.542222559452,-0.605442583561,-0.427237063646,-0.580208063126,-0.414086818695,-0.340107917786,-0.627479016781,-0.470523834229,-0.275286853313,-0.383781552315,-0.226192563772,-0.292083770037,-0.365461796522,-0.050740625709,-0.367355078459,-0.112824641168,0.115108951926,0.360675007105,0.512147784233,0.456377565861,0.278665989637,0.471622765064,0.428484201431,0.618551671505,0.686550199986,0.611217141151,0.855651319027,0.736570537090,0.139170423150,0.283473342657,0.381620734930,-0.188388168812,-0.397302269936,-0.419770866632,-0.339589297771,-0.142520740628,-0.271677225828,-0.232300549746,-0.379702717066,0.308399140835,0.575367808342,0.457373559475,0.717081844807,0.640386402607,0.468535840511,0.322397261858,0.112413048744,0.243779748678,0.247665137053,0.104465276003,-0.251180112362,-0.209683746099,0.206399276853,-0.015636246651,-0.079140231013,-0.019608074799,0.245154455304,0.100896805525,0.010170351714,0.102510228753,0.193837597966,-0.254637449980,-0.358942210674,-0.314976304770,-0.275414437056,-0.468149006367,-0.455677837133,-0.475228309631,-0.372434109449,0.061594214290,0.356332719326,0.433019906282,0.671942949295,1.001530647278,0.777968168259,0.735751450062,0.940306842327,0.871839106083,0.608681738377,0.220035210252,-0.379151195288,-0.225097730756,-0.222278371453,-0.300776541233,-0.650293350220,-0.786697924137,-0.530195951462,-0.621786773205,-0.820839226246,-0.407081604004,-0.359757125378,-0.173690348864,0.157687783241,0.245187371969,0.202513873577,0.123744085431,0.386123508215,0.501800477505,0.266116648912,-0.102794222534,0.097447693348,-0.153086230159,-0.142067998648,0.261527448893,-0.115606971085,-0.616320848465,-0.288926899433,-0.467609792948,-0.530364692211,-0.759508311749,-0.584784924984,-0.502117395401,-0.285337835550,0.144023045897,0.307703554630,0.497861564159,0.846308231354,0.913430094719,0.824045419693,1.109354376793,1.290070652962,1.022217035294,0.812397480011,0.689246058464,0.349446862936,0.301064610481,0.331304043531,-0.096163533628,-0.370590150356,-0.260457307100,-0.602894842625,-0.768526256084,-0.533546268940,-0.751655220985,-0.630463063717,-0.692032516003,-0.496153444052,-0.321746945381,-0.052831497043,0.074904985726,-0.091631941497,0.035548899323,0.090615324676,0.228036478162,0.338272243738,0.291984975338,0.048419270664,-0.181555792689,-0.352677822113,-0.362333685160,-0.498108506203,-0.573351025581,-0.959120571613,-0.841809570789,-0.516115546227,-0.730643630028,-0.192026615143,0.085914984345,-0.005873367656,-0.033252231777,0.279847264290,0.273595213890,0.279196947813,0.561052739620,0.431377679110,-0.017669493333,0.299389481544,0.487090289593,0.218355923891,0.356892496347,0.425063878298,0.437757283449,0.351718842983,0.234074503183,0.159391760826,0.063611000776,-0.380575299263,-0.517160952091,-0.166454613209,-0.023493470624,0.089619278908,0.135593712330,-0.389844268560,-0.371833175421,-0.078407607973,0.227698996663,0.226991042495,0.168582528830,0.240952149034,0.361806869507,0.174529984593,0.354200720787,0.193166717887,0.201908841729,0.164680674672,-0.004494545981,-0.253262728453,-0.378159284592,-0.329991072416,-0.431464105844,-0.630356013775,-0.610184073448,-0.434493392706,-0.155617490411,-0.147533893585,-0.462584316730,-0.362671226263,0.055111698806,0.332802206278,0.147184044123,0.145632356405,0.171175539494,0.234342023730,0.622008979321,0.791217088699,0.266421228647,0.173920840025,0.205872446299,0.094126164913,-0.460201203823,-0.370297938585,-0.398491740227,-0.234337911010,-0.175044462085,-0.264955967665,-0.036355610937,-0.066529162228,0.072279058397,-0.070011205971,0.004157043528,0.131844148040,0.488975346088,0.425409644842,0.675313770771,0.799473583698,0.640098273754,0.558879554272,0.374273866415,0.294265180826,-0.058737792075,-0.106259800494,-0.001098941313,-0.417149037123,-0.594671308994,-0.396042793989,-0.669349908829,-0.666209459305,-0.628964841366,-0.650416851044,-0.440473765135,-0.478607416153,-0.453731030226,-0.038104861975,-0.041409920901,0.242586135864,0.487909346819,0.563522279263,0.603191137314,0.783376395702,0.669691503048,0.487543016672,0.574322342873,0.068187862635,0.065627783537,0.133371129632,-0.139993593097,-0.155448749661,-0.207868650556,-0.529603242874,-0.670374751091,-0.495688378811,-0.222685828805,-0.061125006527,-0.046982824802,0.155876800418,-0.026963161305,-0.022542702034,0.097575284541,0.246553853154,-0.223648950458,-0.254559248686,-0.349286317825,-0.474903136492,-0.558015227318,-0.375763833523,-0.285004436970,0.080942995846,0.302455782890,0.571906328201,0.626775205135,0.635974168777,0.597144901752,0.655771553516,0.572848856449,0.129284068942,-0.049250680953,0.239886119962,-0.312222778797,-0.932577192783,-0.531607687473,-0.472894579172,-0.785405457020,-0.583764195442,-0.805482804775,-0.754474639893,-0.642843604088,-0.497873902321,-0.371116966009,-0.187853097916,0.220278054476,0.307481288910,0.487580060959,0.511065304279,0.397499829531,0.502351999283,0.653404951096,0.312362730503,0.112647652626,-0.155292332172,-0.452578574419,-0.496359288692,-0.829885900021,-0.905157148838,-0.666073679924,-0.326706588268,-0.546988725662,-0.593140184879,-0.115676946938,0.142607182264,0.738570868969,1.081646323204,1.293713212013,1.472774744034,1.763035297394,1.629124999046,1.341922521591,0.853506922722,0.852362692356,0.641316592693,0.344145596027,0.209918364882,-0.233461216092,-0.316754370928,-0.454661220312,-0.370244443417,-0.384818792343,-0.323961317539,-0.404229283333,-0.609093308449,-0.456077069044,-0.372997939587,-0.252102047205,-0.059688560665,-0.246780216694,0.067459352314,-0.059318136424,-0.214873880148,0.003498502309,0.074773281813,-0.105695925653,-0.040627900511,-0.059639170766,-0.352714896202,-0.109038025141,0.094159103930,-0.160330176353,-0.396421462297,-0.388613641262,-0.381785362959,-0.273006647825,-0.452928453684,-0.804519653320,-0.819657862186,-0.799448907375,-0.871151745319,-0.547346830368,-0.345845460892,-0.531364858150,-0.293339103460,-0.009318363853,-0.270623564720,0.369820475578,0.376825749874,0.495050400496,0.789879441261,0.676902532578,0.828470051289,0.905836284161,0.511966705322,0.600692808628,0.296458959579,-0.099826671183,-0.007330391090,-0.262000769377,-0.484044522047,-0.523338854313,-0.387457042933,-0.264795452356,-0.102374404669,-0.149513646960,0.027074290439,0.117031067610,0.323940724134,0.325854599476,0.578586399555,0.774218499660,0.811331450939,0.693687140942,0.550277352333,0.359082162380,0.034194771200,-0.190153896809,-0.332040786743,-0.663875758648,-1.000283479691,-0.932058572769,-0.867628514767,-0.915245175362,-0.965471386909,-0.505871057510,-0.524787664413,-0.400656729937,-0.052098870277,0.050864104182,0.073258630931,0.281604737043,0.420433521271,0.550511956215,0.388564229012,0.298097074032,0.507212817669,0.555027067661,0.105819404125,0.034717489034,0.069200374186,-0.274957567453,-0.077802576125,-0.169903740287,-0.428620010614,-0.212387904525,-0.304715424776,-0.318725913763,-0.165499731898,-0.030416388065,0.084717258811,-0.074633345008,-0.050822947174,0.385160386562,0.467712700367,0.237659409642,0.123476549983,0.135177999735,0.304995298386,0.241561293602,-0.071283012629,0.300492525101,0.254374027252,-0.022094070911,-0.034137148410,0.105494238436,0.365391790867,0.582508862019,0.305855542421,0.480879396200,0.462934136391,0.358859866858,0.268067568541,0.204193159938,-0.034614592791,-0.204032644629,-0.221467539668,-0.137026041746,-0.014697824605,-0.268610864878,-0.337457269430,-0.084017559886,0.007956005633,-0.296347826719,0.029897788540,-0.205781891942,-0.598746001720,-0.518663227558,-0.309629797935,-0.330954194069,-0.433546751738,-0.243874415755,-0.482266455889,-0.561324357986,-0.425541341305,-0.349677324295,-0.201419055462,-0.004770310596,0.253801912069,0.469404309988,0.372145980597,0.134869322181,0.098735958338,-0.074847370386,-0.242903068662,0.031910456717,0.005400041118,-0.110001139343,0.124291494489,-0.052650399506,0.265532195568,0.379550457001,0.261383384466,0.321508258581,0.069064550102,0.194911852479,0.203505799174,-0.175600126386,-0.110725529492,0.115676946938,-0.267273217440,-0.066150501370,-0.056132439524,-0.100016005337,0.261132299900,0.002239041263,-0.136412769556,0.128674909472,0.086598217487,-0.198163390160,-0.153571888804,-0.322426080704,-0.206407517195,-0.127308443189,-0.299233078957,-0.206868499517,-0.050263185054,-0.034787461162,0.021563120186,0.203958556056,0.228756770492,0.338062345982,0.181609302759,0.055572677404,-0.225604012609,-0.388955235481,-0.091516703367,-0.117133960128,-0.206197589636,-0.465440720320,-0.299846321344,-0.149361342192,-0.086849287152,-0.306472897530,-0.170064240694,-0.073312141001,-0.104811005294,-0.205061629415,-0.015932591632,-0.052732717246,-0.269956767559,-0.270792305470,-0.385407358408,-0.124649576843,-0.152826920152,-0.041187658906,-0.076901197433,-0.347471237183,-0.126530528069,0.096863232553,-0.037742663175,0.135638982058,0.008742139675,-0.101781725883,0.200731709599,0.205045148730,-0.022254588082,-0.030346419662,0.164631277323,0.111602224410,-0.208712413907,0.052815034986,0.330110430717,0.171315476298,0.072361372411,0.003457343439,0.114903159440,0.036265064031,0.380418896675,-0.119537644088,-0.297594934702,-0.157399669290,-0.245401412249,-0.203271210194,-0.283551543951,-0.248455390334,0.186387851834,0.336971610785,0.346203535795,0.469239711761,0.577573895454,0.699194192886,0.782935976982,0.808791995049,0.530360579491,0.413362443447,0.289869427681,0.178431838751,0.159292981029,-0.072591863573,-0.452813208103,-0.316486865282,-0.213013499975,-0.175274953246,0.024110853672,-0.300838261843,-0.253682553768,-0.066533282399,-0.122871518135,-0.087116815150,-0.007540300954,0.147961944342,-0.006268492900,-0.087026268244,-0.146636635065,-0.287259936333,-0.296965211630,-0.172447353601,-0.343186587095,0.002263736678,-0.232983782887,-0.356270968914,0.191643819213,-0.100036576390,-0.350311219692,0.021715408191,-0.303015559912,-0.228769108653,0.072287283838,-0.083503067493,-0.079951062799,0.352410316467,0.000209910126,0.133749797940,0.292573571205,0.023271214217,0.130173102021,-0.004152928013,-0.024234330282,0.400364488363,0.260835975409,0.179917678237,0.335568100214,0.454578876495,0.357135325670,0.283214032650,0.257069945335,-0.106346234679,0.069743670523,0.194541424513,-0.334246903658,-0.441980183125,-0.077144026756,-0.310852199793,-0.499614924192,-0.653030395508,-0.611492872238,-0.206399276853,0.063150018454,-0.160437196493,0.128143966198,0.272401601076,0.111050687730,0.376545846462,0.557311415672,0.423322886229,-0.013092629611,-0.033478610218,-0.049826901406,-0.200542375445,0.088174603879,0.253542631865,0.002366633853,0.093739278615,0.161317989230,0.183119833469,0.404731392860,0.493148863316,0.380748182535,0.307522445917,0.066031143069,0.079222552478,-0.124546676874,0.022797888145,-0.179473161697,-0.189207240939,-0.094373121858,-0.212902382016,0.174476474524,0.178810507059,-0.213849037886,-0.247858583927,-0.024909334257,-0.191145807505,-0.181675150990,-0.030548097566,-0.296170830727,-0.402233064175,-0.255794018507,-0.266775190830,-0.081445127726,-0.357534557581,-0.296409577131,-0.084005214274,-0.357970833778,-0.372858017683,-0.407707184553,-0.649391949177,-0.381353199482,-0.625754415989,-0.404834330082,-0.437300413847,-0.276266425848,-0.191075846553,-0.287268191576,-0.165141656995,-0.071797497571,0.223669543862,0.468367129564,0.264128684998,0.175921157002,0.420968592167,0.352587252855,0.212083309889,0.026279924437,-0.076892964542,-0.257312774658,0.047670178115,-0.059964329004,-0.260313272476,0.118907921016,0.284975647926,0.049464702606,-0.054588980973,-0.024333111942,-0.024645918980,0.183737218380,0.250324010849,-0.135918870568,0.011573868804,0.212770670652,0.585352897644,0.330019891262,0.272788494825,0.068986348808,0.290289252996,0.231818974018,0.007429172285,-0.115392953157,0.240894496441,0.014957126230,-0.421215564013,-0.247768029571,-0.484048634768,-0.529084682465,-0.727581441402,-0.915603339672,-0.956650972366,-0.837405562401,-0.783977329731,-0.643777906895,-0.603154122829,-0.370948255062,-0.299500584602,0.185272455215,0.062409162521,0.003329750849,0.675729513168,0.547021687031,0.314770519733,0.359481394291,0.479356527328,0.501026630402,0.283942550421,0.501858115196,0.249834224582,0.374656647444,0.420561105013,0.263675928116,0.637377679348,0.364580988884,-0.109725371003,0.057330161333,-0.052662748843,-0.075481213629,0.084359176457,-0.165005818009,-0.090874627233,0.293639570475,0.193224325776,0.334666699171,0.322948783636,0.567551732063,0.673572778702,0.538271307945,0.411963045597,0.113623119891,0.000485674420,0.000481558527,-0.213223412633,-0.229007840157,-0.057087324560,-0.265758574009,-0.196908056736,0.088495634496,0.019278805703,0.133906200528,0.336465358734,0.156346008182,0.228571549058,0.145496532321,0.073764890432,0.049452356994,0.183255657554,0.234148576856,0.370989412069,0.364128202200,0.153147950768,0.225188285112,0.642325043678,0.126826867461,0.153526633978,0.120093286037,-0.071241848171,0.039372555912,-0.120937049389,-0.163009628654,-0.209136337042,-0.068611800671,-0.221842080355,-0.113491408527,-0.168393194675,-0.305028229952,0.046949896961,0.147562697530,-0.158811420202,0.146941199899,0.048876132816,0.062754891813,0.073604367673,0.025374429300,-0.156597077847,0.104782201350,-0.225097730756,-0.126876264811,-0.242956578732,-0.252381950617,0.039121486247,0.427212387323,0.283119380474,0.449561625719,0.273076623678,0.146834194660,0.284173041582,0.074238218367,-0.166932061315,-0.208432525396,-0.387078374624,-0.253131031990,-0.265449881554,-0.519395887852,-0.505072593689,-0.145418331027,-0.432270824909,-0.321158379316,-0.074221752584,-0.320359885693,-0.444824278355,-0.256658345461,-0.338087022305,-0.305958420038,0.182440713048,-0.048608597368,0.178748771548,0.058626662940,0.193306654692,0.483089625835,0.152744606137,0.165689051151,0.416083008051,0.146381452680,-0.048242285848,0.020933391526,0.184362828732,0.058569043875,0.053004365414,0.108210727572,-0.172035753727,-0.017661262304,-0.074950262904,0.054304983467,0.367692589760,0.333086222410,0.577499806881,0.757306337357,0.637752234936,0.637982726097,0.231580272317,0.001806873595,0.067833900452,-0.106807209551,-0.048686806113,-0.303892254829,-0.655051290989,-0.619679391384,-0.741204977036,-0.766702950001,-0.737364888191,-0.722062051296,-0.359094500542,-0.069998852909,-0.200595885515,0.103193461895,0.182831734419,0.223196193576,0.289692431688,0.153209701180,0.314807564020,0.078543432057,-0.354599952698,-0.287404000759,-0.624943614006,-0.465029120445,-0.250505089760,-0.512534677982,-0.289610147476,0.137742206454,-0.250731468201,-0.460818588734,-0.160848781466,0.002650629962,-0.239807933569,-0.313107699156,0.180148169398,-0.010355565697,0.279209285975,0.342186421156,0.042360685766,0.277665823698,0.303826391697,0.182094976306,0.128777816892,0.123768776655,0.038454711437,0.366659492254,0.342750310898,0.338926672935,0.172159239650,0.158342212439,0.237992808223,0.403463751078,0.247323513031,-0.101650007069,-0.235947221518,-0.453763961792,-0.307876408100,-0.184589207172,-0.352513194084,-0.176789596677,0.199184134603,0.021023940295,-0.015590972267,0.188244104385,0.678553044796,0.460468769073,0.536624968052,0.634862899780,0.225657507777,0.146665439010,-0.140215858817,-0.125365734100,-0.661315679550,-0.743950247765,-0.909742236137,-1.057584881783,-1.014174699783,-0.740908682346,-0.886499822140,-0.461765259504,-0.107140608132,-0.145241349936,0.254234105349,0.259313106537,0.155761539936,0.569967746735,0.475162446499,-0.140495732427,0.335045367479,0.223768323660,0.069686047733,0.146492570639,-0.076637774706,0.051868382841,0.138985201716,-0.160289019346,-0.270965188742,-0.243018314242,-0.337309092283,-0.418260335922,-0.524075627327,-0.218973323703,-0.259461283684,-0.119171328843,0.081416316330,0.010400841013,0.264667868614,0.446721702814,0.519008994102,0.962573766708,1.042829394341,0.780989170074,0.753322184086,0.597260177135,0.453619927168,0.287457495928,0.102658405900,-0.187853097916,-0.235399797559,-0.218615218997,-0.130568206310,0.044315733016,0.048402808607,0.525396823883,0.724827945232,0.647473990917,0.828292965889,0.841900169849,0.428023219109,0.120978206396,0.350932687521,0.254020065069,0.079564169049,0.009989252314,0.038788098842,-0.260753661394,-0.221471652389,-0.146476119757,-0.238161578774,-0.522746205330,-0.549380064011,-0.589933872223,-0.887063801289,-0.737385451794,-0.747913897038,-0.792612433434,-0.526244699955,-0.231938347220,-0.327529758215,-0.372158318758,-0.174805760384,-0.302818000317,-0.046064984053,0.039693593979,-0.157560184598,-0.210605725646,0.015117645264,0.039368439466,0.035750575364,-0.118883222342,-0.200781106949,0.116335481405,-0.003086913610,-0.286362677813,-0.137898609042,0.137610495090,0.292141377926,0.440218567848,0.319565534592,0.201962351799,0.027909815311,0.023127155378,0.195607438684,0.172912433743,0.205407366157,0.434271126986,0.017216745764,-0.222694069147,0.122575171292,0.173426926136,0.166075959802,0.503471493721,0.223360851407,0.446997433901,0.546832382679,0.379418760538,0.335053592920,0.137305930257,0.369454205036,0.173163503408,0.043348502368,0.099806092680,-0.052605126053,-0.429422616959,-0.177427560091,0.104922145605,-0.051753137261,0.033713214099,-0.175340801477,-0.363115698099,-0.379999071360,-0.263437211514,-0.294096440077,-0.128950685263,-0.349343955517,-0.468465924263,-0.427418172359,-0.265433430672,-0.398973315954,-0.190306186676,0.448964834213,0.168656617403,0.305830836296,0.505270123482,0.436658352613,0.435604661703,0.262235373259,0.021275008097,0.184482201934,0.203567564487,0.142072111368,0.139507919550,-0.023851552978,-0.184823825955,0.201427295804,0.010116845369,-0.301208674908,-0.058396175504,0.057741746306,-0.052675098181,-0.312836080790,-0.342709153891,-0.071542315185,-0.315832436085,-0.291042447090,-0.129185274243,-0.248529493809,0.061540711671,0.277060806751,0.006494866218,-0.160523623228,0.085025951266,-0.025069855154,-0.028457228094,0.093274183571,-0.330122768879,-0.479039609432,-0.708841800690,-0.918122172356,-0.800872981548,-0.746679186821,-0.845135211945,-0.699976205826,-0.068652965128,0.063347585499,0.157893583179,0.419622689486,0.658504545689,0.723634362221,0.550783574581,0.633788645267,0.514596700668,0.345487385988,0.025740744546,-0.055457431823,-0.161692529917,-0.334094613791,-0.151283472776,0.164886459708,-0.104946836829,-0.103214047849,-0.177394643426,-0.240857481956,-0.510929524899,-0.363375037909,-0.293108642101,-0.285988152027,0.089199461043,0.245290279388,0.245866492391,0.391428887844,0.432949960232,0.419137030840,0.658842027187,0.464658737183,0.479397684336,0.726198494434,0.477516740561,0.155489891768,0.248117879033,0.076477259398,-0.020929275081,0.082926847041,-0.041607480496,-0.259527117014,-0.324636310339,-0.019727436826,0.048859670758,-0.160766467452,-0.117228634655,-0.090693525970,0.019826216623,0.278505474329,0.524437844753,0.429204493761,0.219397246838,0.247932687402,-0.057638853788,-0.012915646657,-0.134219005704,-0.369524121284,-0.443976372480,-0.306736320257,-0.533933162689,-0.547367393970,-0.478327572346,-0.662867367268,-0.605743050575,-0.378278613091,-0.240310057998,0.023345297202,0.216997683048,0.162779137492,0.034618709236,0.173698574305,0.163240104914,0.295718103647,0.258864462376,0.099164009094,0.178880468011,0.254695057869,-0.126514077187,0.039940547198,0.151415169239,0.037277568132,-0.293639570475,-0.253036379814,-0.227513775229,-0.291149467230,0.013681201264,0.044262226671,0.039652433246,0.169636204839,0.100123018026,0.347775787115,0.358966886997,0.243837356567,0.156543567777,-0.070966087282,-0.162659779191,-0.300862938166,-0.285506576300,-0.172019287944,-0.237988695502,-0.084832504392,0.153810620308,0.107535719872,0.101839341223,0.143195748329,0.154213979840,-0.021917086095,0.116961106658,0.212408468127,0.379056543112,0.289490759373,0.147385716438,0.049402967095,0.172150999308,0.325455367565,0.355065017939,0.182465404272,-0.010960601270,-0.252670079470,-0.415980130434,-0.356567323208,-0.522902607918,-0.449454635382,-0.653845369816,-0.575598239899,-0.519177734852,-0.477883040905,-0.274554222822,-0.365885704756,-0.361086606979,-0.235239282250,-0.036499667913,0.262416481972,0.156876951456,0.237169638276,0.251739859581,-0.045986782759,0.261288702488,0.328052490950,0.172500848770,0.010339102708,0.177674517035,0.097254246473,0.278805941343,0.227456152439,0.248636499047,0.253168076277,0.089343510568,0.108963944018,-0.070097640157,-0.139372095466,-0.035832896829,0.107441067696,-0.255217790604,-0.290223389864,-0.313568681479,-0.441062361002,-0.283460974693,-0.438564002514,-0.374677240849,-0.255785793066,-0.066718496382,-0.042228978127,-0.023221824318,-0.066710263491,-0.235136389732,-0.184889674187,-0.055366884917,-0.326644867659,-0.065549582243,-0.273624032736,-0.367416799068,-0.216211542487,0.198649063706,0.424948632717,0.224184021354,0.263498961926,0.660949349403,0.313432872295,0.314050257206,0.388251423836,0.108070790768,0.065574280918,-0.175283193588,-0.312782555819,-0.362531244755,-0.343779295683,-0.257876664400,-0.242018148303,-0.230501905084,-0.210918515921,0.009005555883,-0.458612471819,-0.581669211388,-0.525985419750,-0.477570235729,-0.268479168415,-0.357225894928,-0.482690393925,0.130226597190,0.141936302185,0.427315294743,0.534443557262,0.306472897530,0.449923843145,0.616588354111,0.505780518055,0.061664186418,-0.175892338157,-0.421516001225,-0.266293644905,-0.269783914089,-0.310218364000,-0.123921066523,-0.031054353341,-0.163610532880,-0.064104907215,0.291182398796,0.529055833817,0.671090900898,0.692086040974,0.561056852341,0.373187273741,0.709413945675,0.577582120895,0.162877917290,0.067488163710,-0.066006444395,-0.153843536973,0.025810714811,-0.057992815971,0.233000248671,0.290980726480,0.097830466926,-0.105020917952,-0.127699434757,-0.055597372353,-0.131938800216,-0.356925427914,-0.381209164858,0.035454232246,-0.113758943975,-0.216145694256,-0.141323029995,-0.005214826204,0.224299252033,0.411419749260,0.328324139118,0.358687043190,0.543922424316,0.289017438889,0.290223389864,0.122340559959,0.002469531028,0.004967872985,-0.208745330572,-0.289741814137,-0.526487529278,-0.719732463360,-0.562382161617,-0.523293614388,-0.386411637068,-0.315898269415,-0.139894813299,-0.090030863881,-0.055696155876,0.127781763673,0.112301923335,0.218508213758,-0.049740467221,0.193660616875,0.261663258076,0.030511053279,0.056395854801,0.310053735971,0.188783288002,0.214729845524,0.079621791840,-0.284387081861,-0.199529871345,-0.672152817249,-0.671148538589,-0.544362843037,-0.318931698799,-0.389354467392,-0.070978432894,0.158264011145,-0.131506636739,-0.092072345316,0.202633246779,0.291845053434,0.364926695824,0.203337058425,-0.120150908828,-0.218092516065,-0.525256872177,-0.515580415726,-0.839146614075,-0.837553799152,-0.783145904541,-0.918089270592,-1.009441375732,-0.659134268761,-0.383752763271,0.025604920462,0.409551143646,0.634628295898,0.334753155708,0.850922167301,0.880498886108,0.570243537426,0.548170030117,0.574799776077,0.353566855192,0.115244783461,0.277093738317,0.416679829359,-0.189787566662,-0.347113162279,-0.238918885589,-0.358958661556,0.044402167201,-0.054988220334,-0.076946467161,-0.148352950811,-0.346215873957,0.271265625954,0.459320396185,0.401693910360,0.487073808908,0.186383739114,0.134856969118,0.394507557154,0.337099194527,0.342836737633,0.179411426187,0.126641660929,0.264050483704,-0.136466279626,-0.117631986737,0.330810129642,-0.216688990593,-0.518947243690,-0.051267463714,-0.312346279621,-0.121315702796,-0.089565768838,0.089067742229,0.186815902591,0.062038734555,-0.017611872405,0.097554706037,-0.241017997265,-0.229658141732,-0.258485794067,-0.460662156343,-0.294577986002,-0.284860372543,-0.012611071579,-0.292091995478,-0.476965218782,-0.084935396910,-0.212832406163,-0.149279028177,0.153419613838,-0.218380630016,-0.053835775703,-0.161124542356,-0.175373733044,-0.385436147451,-0.784162521362,-0.672576725483,-0.880441308022,-0.820752739906,-0.498483061790,-0.231320962310,-0.221023023129,0.346685111523,0.131658926606,0.407349139452,0.703552901745,0.989701569080,0.689995169640,0.741291463375,0.543630182743,0.359341442585,0.191981330514,0.053522970527,-0.267372012138,-0.461279571056,-0.001518761623,0.072427228093,-0.044714972377,-0.159918591380,-0.005033727270,0.029543820769,0.176649674773,0.262371182442,0.513522505760,0.239153489470,0.358353614807,0.784380674362,0.290799617767,0.407583743334,0.517469644547,0.343857496977,0.535472512245,0.584562659264,0.204781740904,0.242866024375,-0.107893809676,-0.306003689766,-0.156687617302,-0.177649825811,-0.496927231550,-0.368412852287,-0.432752400637,-0.602528512478,-0.426026999950,-0.548861503601,-0.421380162239,-0.435353636742,-0.215939909220,-0.384024411440,-0.322841763496,-0.523478865623,-0.315412610769,-0.107362851501,-0.115158341825,-0.191964879632,0.119722858071,0.097888089716,-0.077567964792,0.048254635185,-0.033486839384,0.059486884624,0.288498818874,0.229711651802,0.171681791544,-0.101164340973,0.117216289043,0.328196555376,0.048707380891,0.059486884624,0.243154138327,0.189853414893,0.067619875073,-0.144031286240,-0.092829667032,-0.151061207056,-0.064796373248,-0.008104177192,-0.202662050724,-0.229460582137,-0.149122625589,0.046274892986,0.205218032002,0.164166182280,0.154308646917,0.303027927876,0.416474044323,0.259634137154,0.588431596756,0.675906479359,0.084972441196,0.231991857290,0.004531589337,-0.164454296231,0.186671853065,-0.343470603228,-0.502467215061,-0.176793724298,-0.206498056650,-0.104189507663,-0.019999084994,-0.119397699833,0.183280363679,0.457192510366,0.713986635208,0.819398581982,0.742876112461,0.389416217804,0.355307877064,0.467790901661,0.416613996029,0.382921367884,-0.179143890738,0.043142706156,0.080337956548,-0.078251205385,-0.145978093147,-0.256308495998,-0.067027181387,-0.333217918873,-0.190693050623,-0.196117803454,-0.284234791994,-0.371442168951,-0.354451775551,-0.357246458530,-0.235082879663,-0.158000588417,-0.328941524029,-0.503088712692,-0.039714172482,0.087771244347,-0.287988454103,-0.184984341264,-0.148143053055,-0.041500467807,0.207708135247,0.083581276238,-0.051720209420,-0.089750990272,-0.205193325877,-0.520330190659,-0.380838721991,-0.545313596725,-0.678532421589,-0.365309476852,-0.182938739657,-0.078185349703,0.141137808561,0.133749797940,0.346660405397,0.477409690619,0.395906984806,0.056799214333,0.083700634539,0.448985397816,0.511937916279,0.119879268110,-0.158214613795,-0.137919187546,0.049868058413,0.081436902285,-0.320096492767,0.024333111942,-0.200632929802,-0.087680697441,-0.108227193356,-0.218108966947,-0.407937705517,-0.237482443452,-0.157181531191,-0.285099118948,0.154864281416,0.364185839891,0.236959710717,0.285374879837,0.428327798843,0.475351780653,0.672016978264,0.288605839014,0.330620795488,0.337687790394,0.290116369724,-0.258115381002,-0.401961445808,-0.560632884502,-0.530776321888,-0.317692816257,-0.843583583832,-0.466519087553,-0.065743029118,-0.329266667366,-0.238606065512,-0.199435204268,-0.249504938722,0.123595908284,0.213120520115,0.178403034806,0.289305567741,0.322405517101,0.096698604524,-0.081700317562,0.075423590839,-0.230156168342,-0.161968305707,-0.266264826059,-0.515518724918,-0.414473712444,-0.078769810498,-0.042677611113,-0.147097617388,-0.072921134531,-0.081486292183,0.034890357405,0.457982748747,0.163701087236,0.160461887717,0.357374042273,0.151863813400,0.555512785912,0.408369868994,0.189433604479,0.373767614365,0.276929080486,0.233053743839,0.295989751816,-0.088565610349,-0.015039443038,-0.282390862703,-0.496742010117,-0.319808363914,-0.492840170860,-0.345569700003,-0.193043217063,-0.147949606180,-0.087050966918,0.013677085750,-0.104387074709,-0.140512183309,0.177896782756,-0.050201445818,-0.274690032005,-0.140606865287,-0.301237493753,-0.175423130393,-0.191512122750,-0.398763418198,-0.019789176062,0.078037180007,0.154057577252,0.132926613092,0.047900669277,0.240404725075,0.511579811573,0.345491498709,-0.139042824507,0.050485443324,0.064841650426,-0.003905974794,-0.187684357166,-0.288268357515,-0.349804967642,0.101608857512,0.101724095643,-0.031342465430,-0.004115884658,0.172241553664,0.300908237696,0.050143826753,0.052086520940,0.078605167568,0.288519412279,0.166051253676,-0.207568198442,0.189462423325,0.149752348661,0.006684197113,0.480401962996,0.436477243900,0.338124066591,0.749350368977,0.580105185509,0.597037911415,0.225245907903,0.068393662572,0.313264101744,0.178851664066,-0.030893832445,0.140108838677,0.164211452007,-0.043747738004,0.174529984593,0.165791958570,0.062240410596,0.183856576681,0.115170694888,-0.096838541329,-0.200134903193,-0.367964237928,-0.319680780172,-0.152571737766,-0.284131884575,-0.532225072384,-0.430797338486,-0.514004051685,-0.315149188042,0.079704113305,-0.143343925476,-0.250982552767,0.070274621248,0.103382796049,0.321224242449,0.256164461374,-0.066681452096,0.013541260734,0.380081385374,0.189828723669,0.194158643484,0.209626138210,-0.202402755618,-0.088816680014,0.106436781585,-0.017002720386,0.215540662408,0.383983224630,0.042936913669,0.090277820826,-0.225809797645,-0.210725069046,0.217425748706,0.118706241250,0.021674251184,0.268586188555,0.197331994772,0.132523268461,0.336395382881,0.095574960113,0.157280310988,0.360024690628,0.162466317415,0.104300640523,0.014734867960,0.291338801384,0.249183908105,0.105214364827,-0.047205086797,-0.195574492216,-0.078992061317,-0.034400567412,-0.004918482620,-0.026255229488,0.511765003204,0.587855339050,0.251258313656,0.311955273151,0.057264305651,-0.164882346988,-0.046986941248,-0.270619452000,-0.379801481962,-0.591502070427,-0.862125575542,-0.667254924774,-0.656973421574,-0.503142237663,-0.046270780265,-0.080675460398,0.017262021080,0.323409765959,0.596148848534,0.299903959036,0.335514575243,0.302044212818,0.180790245533,-0.068105548620,-0.655635774136,-0.671737134457,-0.488164514303,-0.621630311012,-0.545478224754,-0.480010986328,-0.517169177532,-0.285424292088,-0.365046054125,-0.264923036098,-0.488559633493,-0.458353161812,-0.309428095818,-0.386419862509,-0.629331111908,-0.228159964085,-0.168578416109,-0.160424843431,-0.089643977582,0.032054509968,0.159992679954,-0.054889440536,0.014755447395,0.240581706166,-0.329838782549,0.230213791132,-0.087071545422,-0.231506183743,0.182955190539,0.019892072305,0.168969422579,0.519037783146,0.341766625643,0.586406588554,0.577775597572,0.421516001225,0.579487740993,0.779326319695,0.519008994102,0.617514431477,0.486472874880,-0.066125810146,0.040846042335,0.154687300324,-0.084046371281,-0.152226001024,-0.049193054438,0.033198729157,-0.031700544059,-0.111717462540,-0.346989691257,-0.220887199044,-0.054733037949,-0.001741019194,-0.093656964600,0.055626183748,0.277941614389,0.083309628069,0.239268735051,0.101448327303,-0.056206524372,-0.071344748139,-0.203954443336,-0.305995464325,-0.252196729183,-0.699103653431,-0.644802749157,-0.368733882904,-0.581677436829,-0.299850434065,-0.059071179479,-0.557224988937,-0.379385799170,-0.199723303318,-0.224126398563,0.278324365616,0.215330764651,0.449228256941,0.804610252380,0.562159955502,0.412954956293,0.544012963772,0.302632778883,0.033149339259,-0.290832549334,-0.430752038956,-0.332477062941,-0.454685926437,-0.339494645596,-0.377867043018,-0.051419749856,0.415346294641,0.287564545870,0.195595085621,0.476561844349,0.624881923199,0.652651727200,0.395964622498,0.353171736002,0.502705931664,0.453286498785,0.227028086782,0.191022336483,0.446976870298,0.422084003687,0.650009393692,0.560007274151,0.259662955999,0.306230068207,0.308576107025,-0.000329270784,-0.086536481977,-0.400837779045,-0.615398883820,-0.375953167677,-0.581714510918,-0.528294384480,-0.451701909304,-0.425788313150,-0.247537553310,-0.006741819438,0.053403604776,0.081004731357,0.059630941600,0.249817743897,0.252670079470,0.107054166496,0.114503920078,0.268804311752,-0.131481945515,-0.174995064735,-0.052996132523,-0.120858848095,-0.228946104646,0.046332519501,-0.243215873837,-0.158008813858,-0.092788510025,-0.325632333755,-0.147500976920,-0.218010187149,-0.290367454290,-0.355456054211,-0.234671309590,-0.052633933723,0.018900142983,0.067817434669,0.130160748959,0.192944437265,0.410810559988,0.082601696253,0.165071681142,0.368235856295,0.301303356886,0.208514854312,-0.079016759992,-0.230049163103,-0.043443165720,-0.146858885884,-0.559064745903,-0.607492268085,-0.571009039879,-0.359880656004,0.073756657541,0.287161171436,-0.024501862004,0.078485809267,0.312202215195,0.223027452826,0.172126308084,0.389798998833,0.508143067360,0.516473591328,0.456105917692,0.384213745594,0.169829651713,-0.108490616083,-0.083889961243,-0.131000384688,-0.400376826525,-0.353961974382,0.059515699744,-0.011775547639,-0.176126942039,-0.316309869289,-0.078691601753,0.165532663465,0.404817849398,0.286383271217,0.425212085247,0.652096152306,0.419486850500,0.475956827402,0.499923586845,0.378002852201,0.418445557356,0.380303621292,0.296310782433,0.047382067889,-0.064409479499,0.012837444432,-0.297800749540,-0.626791656017,-0.705544948578,-0.522252261639,-0.734664857388,-0.731907248497,-0.467342257500,-0.368770956993,-0.532134532928,-0.439691752195,-0.515568077564,-0.114841416478,-0.077222228050,-0.067241206765,-0.025798365474,-0.315313816071,-0.564658284187,-0.593592941761,-0.549976885319,-0.645333707333,-0.448149889708,-0.397409260273,-0.479636430740,-0.461538851261,-0.457785189152,-0.191079959273,-0.000823176932,0.179703652859,0.106889523566,0.185548201203,0.239511579275,0.588571548462,0.673436999321,0.386222302914,0.720271587372,0.872921586037,0.609933018684,0.558323919773,0.491675406694,0.334790199995,0.316630929708,0.171138495207,0.082877457142,0.071636974812,0.188610434532,-0.099003493786,-0.233531206846,-0.038660507649,0.165038749576,0.639913082123,0.623494863510,0.614876151085,0.661723136902,0.972328424454,0.867130517960,0.648675799370,0.269281774759,0.241059154272,0.200381860137,0.023658107966,-0.199311718345,-0.245277926326,-0.354682236910,-0.123945757747,-0.273718684912,-0.133786842227,-0.094471901655,-0.377274364233,-0.121916621923,-0.151275232434,-0.630689382553,-0.321664631367,-0.134869322181,-0.233473584056,0.087870024145,-0.465984016657,-0.359497845173,0.083219081163,-0.094562456012,-0.260239154100,-0.150357380509,-0.342268764973,-0.393392175436,-0.383682787418,-0.512057244778,-0.566049456596,-0.462748914957,-0.454513072968,-0.475170671940,-0.406567126513,-0.318845242262,0.059099990875,0.319149821997,0.047834813595,0.458863526583,0.584241628647,0.496120542288,0.852671384811,0.702931404114,0.513897001743,0.462176859379,0.187766671181,0.224867254496,0.082041934133,-0.223928838968,-0.351858764887,-0.387292444706,-0.533147037029,-0.773498237133,-0.554138064384,-0.669695615768,-0.595371007919,-0.267964690924,-0.465765893459,-0.405591636896,-0.322331398726,-0.100979119539,0.135832443833,0.038549378514,0.016607595608,0.251871585846,0.333053290844,0.250188171864,0.577647984028,0.527047276497,0.395182579756,0.465547710657,0.428101420403,0.045752175152,-0.174476474524,-0.002531269332,-0.081992544234,-0.061993457377,0.081008844078,0.296747088432,0.358798146248,0.363086909056,0.283720284700,0.313222944736,0.450129657984,0.523820459843,0.382657945156,0.440959453583,0.171401917934,0.001909770654,-0.216651946306,-0.415037602186,-0.085178241134,-0.308222144842,-0.381863564253,-0.278357297182,-0.400920093060,-0.392396122217,-0.340494811535,-0.423689216375,-0.468198359013,-0.338280469179,-0.517218589783,-0.631689548492,-0.279526203871,-0.030663343146,-0.076431982219,-0.046756453812,-0.360374540091,-0.033256348222,0.251365303993,-0.092739120126,0.067093044519,-0.012462899089,-0.154304534197,0.015438684262,0.068685881793,-0.195121750236,-0.322446644306,-0.381163865328,-0.377879381180,-0.062713734806,0.110898397863,-0.130057841539,0.018142821267,0.349364548922,0.485509783030,0.540728509426,0.569724917412,0.584978342056,0.562196969986,0.454471886158,0.348487854004,0.148324146867,-0.064273655415,-0.225521683693,0.075839295983,0.251711040735,0.350414097309,0.475434124470,0.481570869684,0.259514778852,0.337992340326,0.267507821321,0.255946308374,0.325652927160,0.315285027027,-0.176731973886,-0.186885863543,-0.283428072929,-0.284341782331,-0.133786842227,-0.512209534645,-0.381402581930,-0.341787189245,-0.604191303253,-0.365157216787,-0.308703720570,-0.583422601223,-0.571198403835,-0.241631254554,-0.283782035112,-0.255497664213,-0.153617173433,-0.107531607151,-0.017167355865,0.125073507428,0.313980281353,0.078185349703,0.164730057120,0.211774617434,0.446746379137,0.224764361978,-0.073612600565,0.047312095761,-0.015660943463,-0.064878694713,0.107395790517,-0.083033867180,0.176077559590,0.107054166496,-0.056202411652,0.209992438555,0.158601507545,-0.012080121785,-0.106210410595,-0.410789996386,-0.413736999035,-0.446120768785,-0.317165970802,-0.586353063583,-0.274019151926,-0.228867888451,-0.684175312519,-0.398718118668,-0.155366420746,-0.131951153278,0.041002444923,-0.152629360557,-0.056762170047,-0.256666600704,-0.151320502162,0.026839684695,-0.452953130007,-0.402833998203,-0.421293765306,-0.556447029114,-0.384304314852,-0.368943840265,0.050427820534,0.143788442016,0.402949273586,0.808824896812,0.884034395218,0.981877267361,1.229867577553,1.144689321518,0.965421974659,0.662933230400,0.611686348915,0.417264282703,0.062277454883,0.003815425094,-0.137412935495,-0.039183225483,-0.430270493031,-0.475833356380,-0.417844623327,-0.272813200951,-0.407760709524,-0.050522487611,0.333868235350,0.288202494383,0.627289652824,0.636558651924,0.376500546932,0.511168181896,0.745839476585,0.613768994808,0.454661220312,0.223665416241,0.453825712204,0.163544684649,-0.004947294015,-0.008425216191,-0.151991397142,-0.321281850338,-0.452315181494,-0.644061923027,-0.559591591358,-0.919044196606,-0.724239349365,-0.759343743324,-0.657220363617,-0.511765003204,-0.161075145006,0.131263792515,-0.147237554193,-0.061853516847,0.613279163837,0.364206433296,0.195027083158,0.169031172991,0.075081974268,-0.112347193062,-0.120887652040,-0.156420096755,-0.132099330425,-0.209938928485,-0.196208342910,-0.271195650101,-0.409172475338,-0.612324357033,-0.586262524128,-0.413189560175,-0.098740071058,0.059635054320,-0.233383029699,-0.104798667133,0.315050423145,0.091734841466,0.184161141515,-0.072410762310,-0.179201513529,0.479776352644,0.202349245548,0.318643569946,0.826296806335,0.460966795683,0.398767530918,0.282341480255,-0.010050990619,0.195562154055,0.210552215576,-0.250122308731,-0.240351200104,-0.358242511749,-0.154004067183,0.233111366630,-0.068315461278,-0.121200464666,-0.088824912906,-0.146920636296,-0.145883426070,0.098130926490,0.259922236204,0.007400360890,0.055622067302,-0.031869295985,-0.094052083790,-0.026086477563,0.079177275300,-0.191861972213,-0.065006285906,-0.054247364402,-0.265281140804,-0.224282801151,-0.257806688547,-0.596762180328,-0.663497090340,-0.717234134674,-0.446392387152,-0.288638770580,-0.476940512657,-0.506019234657,-0.306925654411,-0.347425937653,-0.244730502367,0.233955129981,0.027913931757,-0.334374487400,0.021801842377,-0.051308620721,-0.301760196686,-0.268384516239,-0.237717062235,-0.478578627110,-0.615970969200,-0.332707554102,-0.340408384800,-0.261346340179,-0.082552306354,-0.103333406150,0.206959053874,0.128069877625,0.171862885356,0.166199430823,0.037783823907,-0.081687971950,0.262412369251,0.276809722185,0.192257106304,0.355830609798,0.510690748692,0.654800236225,0.523680508137,0.447569549084,0.401825606823,0.291417002678,0.206921994686,0.213655591011,0.332094281912,-0.139211580157,-0.120500765741,0.133729219437,0.288025498390,0.251912713051,0.757331073284,0.931642889977,0.923299968243,0.498725891113,0.805511653423,0.990117251873,0.491276144981,0.567699909210,0.208893492818,0.243520438671,0.142928212881,-0.208860591054,-0.180642083287,-0.153851777315,-0.649326145649,-0.393289268017,-0.485229909420,-0.454224944115,-0.064998053014,0.047390300781,0.264585554600,0.321500003338,0.638213217258,0.397610932589,0.454426616430,0.357168257236,-0.068587101996,-0.547326266766,-0.315622508526,-0.626359462738,-0.881075143814,-1.026522278786,-1.128509879112,-1.028576016426,-0.859923660755,-1.123714804649,-1.139606237411,-1.069599151611,-0.623424828053,-0.362132012844,-0.321339488029,-0.045826263726,0.495482593775,0.147998988628,0.045402325690,0.716295659542,0.795584082603,0.718880414963,0.636216998100,0.630911648273,0.578989744186,0.271331489086,0.209980100393,0.317363530397,-0.202159911394,0.013030891307,0.041636291891,-0.223978221416,-0.303814053535,-0.233481809497,0.159465849400,0.506286740303,0.588810265064,1.088375806808,1.084342241287,1.375602841377,1.350631713867,1.022653341293,1.009997010231,0.992039442062,0.751157224178,0.223315566778,0.170146569610,0.112927533686,0.063133560121,0.044826101512,-0.085120618343,-0.601870000362,-0.567313015461,-0.421647697687,-0.678458333015,-0.902984023094,-0.709031105042,-0.832351326942,-0.487707674503,-0.234329685569,-0.194471448660,-0.311226755381,-0.262725144625,-0.250332236290,-0.047069258988,-0.244726389647,-0.082548186183,-0.118792667985,-0.698222815990,-0.713241696358,-0.532974183559,-0.505348384380,-0.808170437813,-0.848292112350,-0.691526293755,-0.884483039379,-0.657393276691,-0.475117146969,-0.477492034435,-0.123283095658,-0.002498342190,0.244491800666,0.405904442072,0.212437286973,0.482023626566,0.614304065704,0.299833983183,0.502895295620,0.463498026133,0.448248684406,0.297068089247,0.338156968355,0.246154621243,0.470614373684,0.330904811621,0.013961081393,0.158235192299,-0.006317883730,-0.259975761175,-0.673432886600,-0.723128080368,-0.580409765244,-0.585723340511,-0.403109759092,-0.353830277920,-0.209885433316,0.048925526440,0.424002021551,0.651659846306,0.548182368279,0.503397405148,0.701223313808,0.877844154835,0.863380968571,0.250953733921,-0.046167884022,-0.113092169166,-0.419207006693,-0.632496237755,-0.351603597403,-0.373393058777,-0.589711666107,-0.418408513069,-0.238404393196,0.115915670991,0.424216032028,0.222179576755,0.420849233866,0.289811819792,-0.025506138802,0.628701448441,0.443745911121,0.130959227681,0.093430586159,0.275838375092,0.096887931228,-0.175406679511,-0.248117879033,-0.445334643126,-0.667827010155,-1.071496605873,-0.860285758972,-0.655997991562,-0.709187567234,-0.464004278183,-0.478693872690,-0.481496781111,-0.310234814882,-0.154563829303,0.146875351667,-0.024065578356,0.229719877243,0.234070360661,-0.166289985180,-0.191359847784,0.256958812475,-0.071266546845,-0.135243862867,-0.227826565504,-0.363642543554,-0.026432212442,-0.093241259456,-0.326875358820,-0.480430781841,-0.427780389786,-0.242116928101,-0.039611276239,0.151209384203,0.253509700298,0.375722676516,0.431645184755,0.465547710657,0.478187620640,0.295446455479,0.319956541061,0.457447677851,0.579100847244,0.488325059414,0.485707372427,0.479422390461,0.451199769974,0.314968079329,0.323714345694,0.118652723730,0.312078744173,0.474911361933,0.149657681584,-0.113433785737,0.062771365047,0.026271693408,0.326397925615,0.258391141891,0.122052453458,0.156300738454,0.383250623941,0.253871917725,0.373862296343,0.333674788475,0.140215858817,-0.010804197751,-0.217759117484,-0.403208553791,-0.435983330011,-0.364893794060,-0.558599650860,-0.754416942596,-0.683203995228,-0.400335639715,-0.299809277058,-0.272730886936,-0.361000150442,0.045451715589,0.150554955006,0.019093589857,0.245496079326,0.265840888023,0.098694808781,0.097044326365,-0.034614592791,0.070871420205,-0.263293176889,-0.344429582357,-0.210247635841,-0.186025649309,-0.404031693935,-0.038339469582,0.167808741331,0.008190611377,0.064244844019,0.029218666255,-0.170595198870,-0.002234925516,0.026547456160,0.064516499639,0.196681663394,0.142845898867,0.523626983166,0.734446704388,0.325904011726,0.521490871906,0.608862876892,0.344544857740,0.242775470018,0.207601130009,0.034145381302,0.036923605949,0.154843702912,-0.082976236939,-0.333452522755,-0.058552578092,-0.430850803852,-0.453677505255,-0.347557663918,-0.337922394276,-0.356233954430,-0.076522529125,-0.250937283039,-0.038191296160,0.150526136160,0.136046454310,-0.128856018186,-0.036569636315,0.074267022312,0.228834956884,0.097340673208,0.126518189907,0.067615762353,0.201641321182,0.118809133768,-0.139833077788,-0.645140290260,-0.756705462933,-0.641925752163,-0.848423838615,-0.941850304604,-0.659689903259,-0.499948322773,-0.232456952333,0.124007493258,0.142327293754,0.356201052666,0.510147452354,0.541387021542,0.600972712040,0.433377981186,0.576335012913,0.658722698689,0.009734068066,-0.108428873122,0.207963317633,-0.023715728894,-0.162746205926,-0.210050076246,-0.474643856287,-0.415560305119,-0.268079936504,-0.171595349908,-0.024995768443,-0.085845008492,0.323212206364,0.581854403019,0.462884783745,0.410847634077,0.409814536572,0.343898653984,0.169150516391,0.121496804059,0.265910863876,0.277353018522,0.133227080107,-0.200826376677,-0.000263416645,0.130547642708,-0.058511421084,-0.184115871787,-0.115738674998,-0.378105759621,-0.596790969372,-0.537583947182,-0.418186247349,-0.426043480635,-0.275924801826,-0.224225178361,-0.066158734262,-0.223706588149,0.016039602458,0.081613883376,0.161453828216,-0.032177988440,0.075584113598,0.299010813236,0.086170166731,-0.137223601341,0.182514801621,-0.253604352474,-0.410938203335,-0.648140728474,-0.669996082783,-0.992525041103,-0.627606570721,-0.458554834127,-0.126929774880,0.133992642164,0.445235848427,0.464547574520,0.604619383812,0.591358006001,0.814126133919,0.845888435841,0.715637147427,0.747284173965,0.748420178890,0.156169027090,-0.087347306311,0.032931193709,-0.070418670774,-0.198780789971,-0.080082774162,-0.589670479298,-0.442070722580,-0.509246110916,-0.303106099367,-0.284304738045,-0.208839997649,-0.235729083419,-0.068945184350,-0.078395254910,0.042331874371,0.391214877367,0.284580528736,0.509089708328,0.745971202850,0.453340023756,0.523511767387,0.414728909731,0.006750051398,0.023542860523,-0.351759970188,-0.633068382740,-0.635990679264,-1.082518935204,-0.926127612591,-0.880564808846,-0.698280394077,-0.459361553192,-0.357357591391,-0.366597741842,-0.039339628071,0.229230090976,0.205674886703,0.217059418559,0.042566481978,-0.060729883611,0.002337822691,0.240997403860,0.288531750441,0.316869616508,0.452965468168,0.463148176670,0.465687692165,0.423166453838,0.203415274620,0.177143573761,0.174171909690,-0.079844050109,-0.152909249067,-0.376051932573,-0.216462612152,-0.347318947315,-0.227933585644,-0.242931872606,0.050061509013,0.263605952263,0.241244360805,0.180041164160,0.715896487236,0.817233622074,0.778206825256,0.736842155457,0.666666328907,0.751235425472,0.690415024757,0.344754755497,0.212371423841,-0.078325293958,-0.092516861856,0.040463265032,0.000181098934,-0.184054136276,-0.155489891768,0.032219149172,-0.150439709425,-0.141253054142,0.064158409834,-0.059425145388,-0.069834224880,-0.033379826695,-0.040965400636,-0.143290415406,0.011940181255,-0.315643101931,-0.480476051569,-0.236432895064,-0.212042167783,-0.146192118526,-0.132235139608,-0.685941040516,-0.648371219635,-0.259247243404,0.014545537531,-0.102279737592,-0.102769531310,0.014434408396,-0.160120263696,-0.308571994305,-0.074641570449,-0.228489249945,0.110750228167,0.440790683031,0.126946240664,-0.236955597997,-0.227003410459,0.041924402118,-0.093940958381,-0.273726940155,0.018616147339,0.259732902050,0.243331104517,0.412230581045,-0.043978232890,0.179082140326,0.258683353662,0.423265248537,0.586616516113,0.557019174099,0.472009658813,0.400508522987,0.166281744838,0.310848087072,0.287120014429,0.207090750337,0.250579208136,0.164388433099,-0.142232626677,-0.244454756379,-0.143578529358,-0.237568885088,-0.643728554249,-0.405151247978,-0.497301787138,-0.623642981052,-0.528537213802,-0.410098522902,-0.352138638496,-0.324121832848,-0.339622259140,-0.122200623155,0.076576039195,0.039759449661,-0.127617120743,0.271771878004,0.250402212143,0.212490797043,0.693683028221,0.410613000393,0.337757736444,0.307440131903,-0.145661160350,-0.179897099733,-0.222920447588,-0.384012073278,-0.362753510475,-0.426940739155,-0.531385421753,-0.272183477879,-0.251089572906,-0.038228340447,0.231061667204,0.438057750463,0.317108333111,0.487596541643,0.744612932205,0.816402196884,0.744703531265,0.526985585690,0.322265565395,0.322249084711,0.015368714929,-0.126464679837,-0.086050808430,-0.320211708546,-0.561275005341,-0.458242028952,-0.704248487949,-0.855235636234,-0.441506832838,-0.478665053844,-0.334744930267,-0.089549310505,-0.138623014092,-0.145010858774,-0.059927284718,-0.176262781024,-0.215890511870,0.070608004928,0.048550978303,0.246286332607,0.284308850765,0.126341208816,-0.123106114566,-0.148188322783,-0.053181346506,0.125390440226,-0.012619302608,0.155411690474,-0.287943184376,-0.260938853025,0.019451672211,-0.168088629842,-0.198439165950,-0.047061026096,0.109651289880,0.104778081179,0.246813148260,0.226756453514,0.212828278542,0.246216341853,0.338453322649,0.272113502026,0.248982235789,0.027255389839,0.340692371130,0.347310721874,0.045620471239,0.083511307836,0.079749383032,0.003247433109,-0.016035487875,-0.199274674058,-0.291659832001,-0.217672705650,-0.330283313990,-0.281617075205,-0.336300730705,-0.476759403944,-0.280497550964,0.004704456311,-0.055440973490,-0.133251771331,-0.006186175160,-0.170179501176,-0.092763818800,-0.167948678136,-0.259988099337,0.146710723639,0.009301899932,-0.049435894936,0.079115539789,0.064866349101,0.305830836296,0.523235976696,0.446758717299,0.837887167931,0.799811124802,0.736438810825,0.400837779045,0.188042432070,-0.011977224611,-0.139820724726,-0.397228151560,-0.325076699257,-0.240273013711,-0.183617845178,-0.277892202139,-0.243380501866,0.027531154454,0.023057186976,0.175542488694,0.392412573099,0.311366677284,0.111001297832,0.177069485188,0.139326825738,0.041191779077,-0.254374027252,-0.056441131979,0.167804628611,-0.036503784359,0.001028971164,0.042595293373,-0.043793015182,-0.019451672211,0.157029241323,-0.212865337729,-0.130605265498,0.007095785812,-0.109729491174,-0.335218250751,-0.159774526954,-0.140038862824,-0.304382026196,-0.371018201113,-0.271343827248,-0.399627715349,0.042430657893,0.134679988027,-0.009627054445,-0.030297027901,0.210441067815,0.208988159895,0.522112369537,0.264577299356,0.565654337406,0.771016359329,0.556101322174,0.638896465302,0.499791920185,0.278213232756,0.548211216927,0.505603551865,0.128666669130,0.188766837120,0.158132299781,-0.052337594330,-0.049662265927,-0.303649395704,-0.484649568796,-0.492045789957,-0.563242375851,-0.189972788095,-0.441008836031,-0.105786472559,-0.122303523123,-0.124608412385,-0.026716208085,0.241734147072,0.146681904793,-0.026341661811,-0.200776994228,-0.163026094437,-0.449504047632,-0.579545438290,-0.503780186176,-0.665180504322,-0.976250827312,-0.964759349823,-0.834417462349,-0.396120995283,-0.412181168795,-0.228839099407,0.232255265117,0.252830594778,0.377537786961,0.759368419647,0.506648957729,0.575124979019,0.836253106594,0.567654609680,0.326541960239,0.418338537216,-0.010018063709,-0.287050038576,-0.632134079933,-0.449215918779,-0.292433619499,-0.254304051399,-0.428068518639,-0.521223306656,-0.347014367580,-0.078395254910,-0.172743692994,0.169500365853,0.371899008751,0.392894148827,0.353040039539,0.743756890297,0.564501821995,0.756322622299,0.648305416107,0.592650353909,0.823127567768,0.394857406616,-0.011857864447,0.447149723768,-0.155646309257,-0.439481854439,-0.343882173300,-0.664205014706,-0.460365861654,-0.341515541077,-0.186235561967,-0.233111366630,0.073616720736,0.051024623215,0.305089980364,0.327315747738,0.037903185934,0.029893670231,0.071851000190,-0.225538134575,-0.364391654730,-0.409279465675,-0.458521932364,-0.178205475211,-0.260547876358,-0.136128783226,0.277949839830,0.182864651084,0.120381407440,0.148019567132,0.156481832266,0.023493470624,0.193487748504,0.043961770833,-0.228382214904,-0.362745255232,-0.359753012657,-0.315955907106,-0.224410399795,-0.218759268522,-0.271088629961,-0.124443784356,0.222418308258,0.108708746731,0.102106876671,0.337243258953,0.314996898174,0.374315023422,0.406287223101,0.281530648470,0.317445844412,-0.016261860728,0.068595334888,0.064948663116,-0.302962034941,-0.070237576962,-0.209667295218,-0.370096236467,-0.509085536003,-0.366025626659,-0.369454205036,-0.423063576221,-0.452204048634,0.002745295409,0.381633102894,0.324837982655,0.730997622013,1.040812611580,0.855260312557,0.965351998806,0.950016200542,0.624173939228,0.284983873367,0.312934845686,0.132889583707,-0.404122263193,-0.111178286374,-0.374487906694,-0.607895612717,-0.414440810680,-0.456521600485,-0.336539447308,-0.155510485172,0.197891756892,0.303542405367,0.061532478780,0.132111668587,0.671206176281,0.690884232521,0.499228030443,0.586686491966,0.381151527166,0.231888964772,0.051115177572,0.119895726442,0.046258430928,-0.114067628980,0.250735610723,-0.030115930364,-0.101505950093,0.170002520084,-0.203386455774,-0.124933563173,-0.373619437218,-0.478994309902,-0.367215126753,-0.389609664679,-0.926432192326,-0.888129830360,-0.421318441629,-0.512765169144,-0.415494441986,-0.541181266308,-0.726560711861,-0.361308842897,-0.252200841904,-0.424384802580,-0.134342491627,-0.187252178788,-0.225373506546,-0.191791996360,-0.073402695358,-0.181485831738,-0.117475584149,-0.264840722084,-0.288819879293,-0.004247593228,-0.043710697442,-0.244047284126,0.142236754298,0.070834383368,-0.070459835231,-0.030222943053,0.016945097595,-0.150163948536,-0.186552479863,-0.135116264224,-0.114182882011,-0.030618069693,-0.151419296861,0.593033134937,0.833417356014,0.603755056858,0.845353305340,0.969706654549,0.903136312962,1.158053636551,0.976374328136,0.554154515266,0.664707183838,0.419453948736,0.154831364751,-0.089063629508,-0.312794923782,-0.265499264002,-0.024143781513,-0.246027007699,-0.446429461241,-0.396903008223,-0.184675648808,-0.134519472718,0.018492670730,-0.049855712801,-0.160157322884,0.005898063071,-0.417396038771,-0.549573540688,-0.042327761650,0.006927034352,0.246829614043,0.378381520510,0.615822851658,0.604059636593,0.569276273251,0.568609476089,0.626943945885,0.284238904715,0.006675965153,-0.097764611244,-0.574515759945,-0.975806295872,-1.099340558052,-1.111148953438,-1.222722411156,-1.112247943878,-0.699297070503,-0.209708452225,-0.226464226842,0.237408354878,0.227534338832,0.353620380163,0.543420314789,0.303509473801,0.231193378568,0.354908645153,0.008931470104,0.125666201115,-0.120698317885,-0.216059252620,-0.201859459281,-0.326953560114,-0.524470746517,-0.412354052067,-0.167849898338,-0.115792192519,-0.629141807556,-0.527302503586,-0.283889055252,-0.248624131083,-0.222360685468,-0.128530859947,-0.077971324325,-0.124921225011,0.381081551313,0.477228641510,0.454533636570,0.272290468216,0.488633751869,0.686241507530,0.279999524355,0.218113079667,0.411543220282,-0.093307115138,-0.349685579538,-0.175135016441,-0.139647856355,-0.221611604095,0.032531954348,0.097793430090,-0.041101228446,0.194405600429,0.531558334827,0.357460469007,0.161313876510,0.156662926078,0.131852373481,0.185000792146,0.379295229912,0.045385863632,0.079391300678,0.081424556673,-0.118381075561,0.135610178113,0.126946240664,-0.050650078803,-0.350920349360,-0.253999471664,-0.324467569590,-0.335728615522,-0.602487325668,-0.629335224628,-0.140100613236,-0.338519185781,-0.499335020781,-0.187206894159,-0.040380947292,-0.151065319777,-0.017233209684,-0.096990823746,-0.002309011528,-0.135914757848,-0.091804809868,0.154032871127,0.092109382153,0.007260421291,0.042043764144,0.124312065542,-0.048176433891,-0.058593738824,0.013401321135,0.084416799247,0.093484096229,0.253559082747,0.397680938244,0.129963174462,0.500969052315,0.504216492176,0.495350837708,0.427718639374,0.277785181999,0.354636996984,0.555726766586,0.580442667007,0.727449715137,0.433843046427,0.295397073030,0.408415138721,0.389934808016,0.530895650387,0.617197513580,0.144212380052,0.139721944928,0.287268191576,-0.066146388650,-0.119031399488,0.115265354514,-0.042615871876,-0.232144147158,-0.030795050785,0.016829853877,-0.023522282019,0.167866364121,0.124982960522,-0.216561391950,-0.220327436924,0.058371480554,-0.004403996747,-0.158782601357,-0.316079378128,-0.214540511370,-0.493700414896,-0.450504213572,-0.701268553734,-0.841706693172,-0.436580151320,-0.358966886997,-0.046501267701,0.317836880684,0.224900186062,0.242812514305,0.273438811302,-0.101542994380,-0.057453636080,-0.055897831917,-0.147595643997,-0.110478579998,-0.237054377794,-0.571363031864,-0.365412384272,-0.393770843744,-0.576297938824,-0.446491181850,-0.417321920395,-0.497771024704,-0.503603219986,-0.329645335674,-0.250854939222,-0.309436321259,-0.062931880355,0.185823976994,0.038397088647,0.162659779191,0.364655077457,0.084445610642,0.069130405784,0.472017884254,0.534052550793,0.436514288187,0.264342725277,0.225332349539,0.137272983789,0.033647358418,-0.107346393168,0.033984862268,-0.199710965157,-0.268586188555,-0.084297440946,0.057128481567,0.088853724301,0.411600828171,0.530360579491,0.532628417015,0.557566583157,0.643963098526,0.511748552322,0.338185787201,0.353723257780,0.245598971844,0.321644067764,-0.187301561236,-0.411777824163,-0.075748741627,-0.166351720691,-0.259457170963,-0.227394416928,-0.154477402568,-0.130074307323,-0.414140343666,-0.331427514553,-0.280098319054,-0.724284648895,-0.546618342400,-0.354159533978,-0.430315762758,-0.318919360638,-0.352476149797,-0.266277194023,-0.451368510723,-0.450866371393,-0.204501852393,-0.238227427006,-0.162643298507,-0.275826036930,-0.341219216585,-0.428043782711,-0.286140441895,-0.412679195404,-0.550548970699,-0.422594368458,-0.320191144943,-0.407620757818,-0.379011273384,-0.149904638529,-0.030967919156,-0.034396450967,0.019011272117,-0.015327556059,-0.041792694479,0.016969794407,-0.034968558699,0.125345155597,0.118368737400,0.248611792922,0.232424005866,0.292861670256,0.373030900955,0.770761191845,0.433859556913,0.451603144407,0.475520551205,0.114302240312,0.129395186901,-0.139857769012,-0.125991359353,-0.006906454451,-0.184296980500,-0.161075145006,0.072863511741,0.059075295925,0.267923533916,0.480397850275,0.517708361149,0.744707643986,0.865229010582,0.806734025478,0.764307498932,0.661422669888,0.416177690029,0.224455669522,-0.069932997227,0.006680081133,-0.303863435984,-0.486505836248,-0.121414490044,-0.409295946360,-0.156049668789,0.066335715353,0.014570231549,-0.042529437691,0.220977753401,0.043031577021,-0.117730766535,-0.037351656705,0.064347743988,-0.259568274021,-0.024127317593,-0.375237017870,-0.291322320700,-0.032684240490,0.092216402292,-0.169940769672,-0.076304391026,-0.070974320173,-0.187017589808,-0.236766293645,-0.138417199254,-0.529574453831,-0.316338688135,-0.442840427160,-0.310193687677,-0.018521482125,-0.389515012503,-0.486258864403,-0.371331006289,-0.414798855782,-0.178246632218,0.021637206897,-0.223583102226,-0.110783159733,0.107157059014,-0.220623791218,0.061614796519,0.307357817888,0.320174694061,0.153271436691,0.243413433433,0.265824407339,0.252003282309,0.220508530736,0.222953364253,0.341173917055,0.661175787449,0.555924355984,0.467399895191,0.311802983284,0.337379097939,0.213289275765,0.473915308714,0.394890367985,0.466741323471,0.446734040976,0.188478723168,0.103782042861,0.012257104740,0.081490404904,-0.083922892809,0.071287125349,0.088158138096,-0.200962185860,-0.205102771521,-0.229271247983,-0.722115516663,-0.644420027733,-0.612690627575,-0.733318984509,-0.496285170317,-0.364148795605,-0.354966253042,0.138260811567,-0.054963525385,0.032568998635,0.290420949459,0.235930755734,-0.046892277896,0.172756031156,-0.282925933599,-0.592168867588,-0.516296565533,-0.604051411152,-0.766176104546,-0.462641924620,-0.470680266619,-0.349874913692,0.023793930188,0.201847106218,0.235243394971,0.449487537146,0.486271202564,0.661208689213,0.463316917419,0.177221775055,0.296808809042,0.293203294277,0.263054430485,0.083214960992,0.138981088996,0.188017740846,-0.075933963060,0.011293988675,-0.116125576198,-0.174192488194,-0.063252918422,-0.321936279535,-0.454615950584,-0.313860923052,0.005424736533,-0.022904900834,0.161301523447,0.047797769308,0.452957242727,0.459122836590,0.223052144051,-0.140355795622,0.034927397966,-0.089899159968,0.051279813051,0.014286235906,0.082671664655,-0.338745564222,-0.421627134085,-0.197443127632,-0.399742960930,-0.548886179924,-0.552771568298,-0.450619429350,-0.452018827200,-0.463115245104,-0.275706678629,-0.120558388531,0.152287736535,0.264359176159,0.507175803185,0.599688529968,0.567790448666,0.432036191225,0.549030244350,0.351496577263,0.160535976291,0.187820181251,0.252209067345,0.246804922819,0.397051155567,0.075481213629,-0.042838130146,-0.301472127438,-0.354793399572,-0.149097934365,-0.367527931929,-0.346701562405,-0.298529267311,-0.324932634830,-0.330468505621,-0.541107118130,-0.569700181484,-0.435263067484,-0.150649622083,-0.077572077513,-0.102666631341,-0.159708693624,0.015813229606,-0.005186014809,-0.050921726972,-0.076925888658,0.099797859788,0.096715062857,-0.102835386992,-0.312848418951,-0.138606533408,-0.136931374669,-0.022114649415,0.046591818333,-0.040154572576,0.110334530473,-0.050102666020,-0.166014224291,-0.069574922323,0.165668487549,0.194582566619,0.159206539392,0.368244141340,0.469457834959,0.561312019825,0.462794214487,0.350710451603,0.300615996122,0.555442750454,0.501129567623,0.422458529472,0.149756476283,-0.112643532455,-0.079881094396,0.063746824861,-0.136890217662,-0.138310194016,0.167936339974,-0.280234158039,-0.265046536922,-0.032848879695,0.107111781836,-0.029947178438,0.151929661632,0.144035398960,0.224468022585,0.248385429382,0.423919677734,0.187910735607,-0.065352022648,0.035573594272,-0.122566930950,-0.155321151018,-0.016710491851,-0.164635390043,-0.284559935331,-0.150768980384,0.060013718903,0.053210161626,-0.133383482695,-0.107185870409,-0.123056724668,-0.349401593208,-0.171224936843,0.150423243642,-0.359559565783,-0.495247960091,-0.407168030739,-0.507500946522,-0.379447549582,-0.107292890549,0.018229253590,-0.168738931417,-0.072608321905,0.115755148232,-0.090656481683,-0.124365583062,0.095130451024,0.107564538717,0.074518091977,0.086001418531,-0.112676471472,0.096649214625,0.335230588913,0.410839408636,0.542897582054,0.891685843468,0.479307115078,0.405426979065,0.005684037227,-0.248467728496,-0.185865119100,-0.096056520939,-0.291573405266,-0.006075046491,-0.133235305548,-0.337181538343,-0.247125953436,-0.204296052456,-0.030881484970,0.120286740363,0.547375619411,0.447248518467,0.250496864319,0.168401435018,0.151291698217,0.057391896844,0.149139091372,0.193590641022,0.168224439025,0.005251869094,0.370828866959,0.239281088114,-0.157407894731,-0.282839506865,-0.119196027517,-0.251229494810,-0.585999131203,-0.304266810417,-0.255526483059,-0.501376509666,-0.326056301594,-0.451623708010,-0.392984718084,-0.040471497923,0.238387942314,0.479982137680,0.534081339836,0.466955393553,0.655767440796,0.850617527962,0.679824829102,0.492819607258,0.300010949373,-0.071529962122,-0.212108016014,-0.311099171638,-0.764171600342,-0.779437422752,-1.042644262314,-1.204036235809,-1.092001795769,-0.779914915562,-0.578594624996,-0.269788026810,0.113034546375,0.052485760301,0.266783446074,0.510180413723,0.557546019554,0.673264086246,0.786714375019,0.437074065208,0.190318524837,0.026098825037,0.141236588359,-0.137219488621,-0.112005576491,-0.487036764622,-0.124773055315,-0.267293810844,-0.317301809788,-0.282493770123,-0.471947968006,-0.389922469854,-0.174015507102,-0.211733460426,-0.024098504335,-0.096126496792,-0.023316487670,0.092401616275,0.074863828719,0.379702717066,0.675083339214,0.205938294530,0.274986386299,0.688167691231,0.475425869226,0.441259920597,0.463498026133,0.277385950089,0.579541325569,0.392490804195,0.235753759742,0.298850297928,0.243944391608,-0.065829463303,0.053152538836,-0.144274115562,-0.279781371355,-0.351953417063,-0.213799640536,-0.205901250243,-0.210243523121,-0.084206886590,-0.062824867666,-0.077362172306,0.023180663586,0.232539266348,0.097822241485,0.245290279388,0.186733588576,0.205185100436,-0.058746024966,-0.201764792204,0.001382937306,-0.246166959405,-0.278612494469,-0.851646602154,-0.950090289116,-0.895089745522,-0.942372977734,-0.816636860371,-0.626659929752,-0.706084191799,-0.310337722301,-0.220710203052,-0.137285336852,0.235029384494,0.054712455720,0.237342506647,0.242046967149,0.306896835566,0.285605370998,0.422363877296,0.360921949148,0.045879766345,0.141804575920,0.025860104710,0.065718330443,0.392865300179,0.306575804949,0.237782910466,0.384724110365,0.329653561115,0.464967429638,0.454373091459,0.223949402571,0.009433608502,0.017282601446,0.055794935673,-0.223780661821,-0.303711146116,-0.211889877915,-0.374092757702,-0.126263007522,-0.232300549746,-0.004445155617,0.029593212530,-0.047044564039,-0.026139985770,0.032717168331,0.136046454310,0.174719318748,0.133745685220,-0.164972901344,-0.234634250402,-0.021760683507,-0.121258087456,0.000987812411,0.206304624677,0.014405597933,0.082753978670,0.282238572836,0.080095119774,0.199352890253,0.287827938795,0.028132073581,-0.137589916587,-0.046966366470,-0.014817185700,0.127386644483,0.029856627807,-0.139215692878,0.100793905556,0.385329157114,0.337864756584,0.521610200405,0.491263777018,0.288955688477,0.151423409581,0.102884776890,0.070546269417,0.190137416124,0.211502984166,-0.247883290052,-0.111873865128,-0.021624859422,-0.288194268942,0.003597283270,0.241709455848,0.108725212514,0.108572930098,-0.018307456747,-0.311733007431,-0.063952624798,-0.002617702819,0.001461139182,-0.148171856999,-0.076925888658,-0.299212485552,-0.281542986631,-0.411489695311,-0.423042982817,-0.501372396946,-0.772880852222,-0.759598910809,-0.587143301964,-0.632660925388,-0.639818429947,-0.478673279285,-0.578656375408,-0.566765606403,-0.154749050736,-0.001242997241,0.207415908575,0.494840472937,0.846489310265,0.778145074844,1.129283547401,1.281419038773,1.207189083099,0.794308125973,0.355855286121,0.207061946392,-0.119455330074,-0.215351328254,-0.317725747824,-0.510579645634,-0.537814438343,-0.389716684818,-0.244648203254,0.122496969998,0.135326176882,0.213997215033,0.245142117143,0.363687843084,0.493457525969,0.313873261213,0.089643977582,0.300764173269,0.381373763084,0.000749091036,-0.108432985842,-0.037804402411,-0.255193084478,-0.191870212555,0.095076948404,0.080239176750,0.090730562806,-0.090458914638,-0.226147308946,-0.039718288928,-0.068117894232,-0.373063802719,-0.443470120430,-0.479475885630,-0.589682877064,-0.350838035345,-0.383962661028,-0.286584943533,-0.168080389500,-0.301291018724,-0.427335858345,-0.127485424280,0.031066700816,0.055531520396,0.172727227211,0.257670849562,0.248484209180,0.401401668787,0.509073197842,0.310502350330,0.086565293372,0.347487717867,0.292445987463,-0.003000480123,-0.289577186108,-0.342342823744,-0.323553830385,-0.343067228794,-0.362535357475,-0.391519427299,-0.403521329165,-0.306863933802,0.225727468729,0.604998052120,0.564250767231,0.730647802353,0.779198706150,0.823226392269,0.917780578136,0.931560575962,0.894525885582,0.612414896488,0.430595636368,0.115145996213,-0.068340152502,-0.256621301174,-0.240771040320,-0.164548963308,-0.303884029388,-0.125472754240,0.060408841819,-0.007503258530,0.006955845281,0.405892103910,0.364708572626,0.115623436868,0.089565768838,0.093228906393,-0.164071530104,-0.523643434048,-0.366832345724,-0.372845679522,-0.701301574707,-0.909474790096,-0.537620961666,-0.543428540230,-0.500310480595,-0.226921081543,-0.071665793657,-0.151736214757,0.119121938944,0.022505659610,0.052148260176,-0.066767878830,0.108046099544,0.040487959981,-0.271360307932,-0.542136132717,-0.394491106272,-0.290256321430,-0.432583630085,-0.218771636486,-0.237959891558,-0.312239259481,-0.196912169456,-0.225492864847,-0.099649690092,-0.168483749032,-0.192862138152,-0.095196299255,-0.123723499477,-0.115738674998,-0.040220428258,0.027094868943,0.050077971071,0.312399774790,0.060915097594,0.159264162183,0.457851022482,0.359728336334,0.318989306688,0.594399631023,0.539530813694,0.414004504681,0.615909278393,0.709097027779,0.530076622963,0.594148576260,0.693950533867,0.666308283806,0.578516423702,0.375846147537,0.172356799245,0.164627164602,0.144726857543,-0.028942903504,-0.054741267115,-0.227180376649,-0.274340182543,-0.048686806113,-0.344454288483,-0.465107351542,-0.215380147099,-0.049094274640,-0.254176467657,-0.212531939149,-0.134342491627,-0.165787845850,-0.227192744613,-0.187437400222,-0.173274636269,0.024382501841,-0.204505965114,-0.561052739620,-0.417704701424,-0.407633155584,-0.328785121441,0.166701570153,0.029498547316,0.254629224539,0.290960133076,0.077275738120,0.202386289835,0.410580098629,0.129436343908,-0.048851437867,0.160305485129,0.087651886046,-0.029992451891,0.045752175152,-0.330945968628,-0.435892790556,-0.296479523182,-0.593317151070,-0.455879539251,-0.437539160252,-0.630821108818,-0.662044167519,-0.553747057915,-0.646399676800,-0.454434841871,0.104724578559,0.128172770143,-0.037767361850,0.309740900993,0.418387919664,0.316071152687,0.360288113356,0.561793625355,0.545367121696,0.376270085573,0.462518453598,0.184012979269,-0.132510915399,-0.341433227062,-0.165380373597,-0.222294822335,-0.156983956695,-0.468910425901,-0.204909339547,-0.192467018962,0.211058467627,0.433003425598,0.602647900581,0.517276167870,0.605697751045,0.539139807224,0.351513057947,0.174476474524,-0.004766194616,-0.078987948596,-0.439761728048,-0.480801194906,-0.343861609697,-0.633595228195,-0.479303002357,-0.319981247187,-0.580829560757,-0.549038469791,-0.249895960093,-0.146842420101,-0.193162590265,-0.193022653461,-0.177501663566,0.121410369873,0.045459948480,0.045608121902,0.082881569862,0.033355131745,0.063438132405,0.024411315098,-0.127250805497,-0.202592089772,-0.156675279140,-0.274583011866,-0.321425914764,-0.319067537785,-0.350800991058,-0.154506206512,-0.094336085021,-0.218664601445,-0.209815472364,-0.094990506768,-0.206041187048,0.101999856532,0.342095881701,0.129605099559,0.070480413735,0.161058694124,-0.131885290146,-0.487012088299,-0.425936460495,-0.212346747518,-0.066771999002,0.044998969883,0.003461459186,0.119957469404,0.243145912886,0.327118188143,0.420540541410,0.639941930771,0.402866929770,0.494144886732,0.238573163748,0.103884935379,0.053905744106,0.037215828896,0.031111974269,0.108223080635,-0.055420391262,-0.201641321182,-0.187881916761,0.106362693012,-0.043723043054,-0.094023272395,0.009215466678,0.123863436282,0.003296823939,0.045719251037,0.286613762379,0.234556049109,0.052020668983,-0.191228121519,-0.125925496221,-0.312354505062,0.114129371941,-0.098707146943,-0.445655673742,-0.056696314365,0.171249628067,0.103028833866,0.236511081457,0.480068564415,0.384744673967,0.288363009691,0.017418425530,-0.312790811062,-0.211280718446,-0.196665212512,-0.334370374680,-0.381711304188,-0.185247749090,-0.034314133227,-0.032404359430,-0.059383988380,-0.057379551232,0.010236205533,0.097855165601,-0.231827214360,-0.123184315860,-0.274899959564,-0.269602805376,-0.208625972271,-0.187927186489,-0.046126719564,0.094340197742,0.033988978714,0.095249801874,0.337885349989,0.194294467568,0.356670230627,0.372989714146,0.577656209469,0.461822867393,0.296405464411,0.058252118528,0.115211844444,0.031679965556,-0.321936279535,-0.264741957188,-0.176303938031,-0.171463653445,0.012586376630,0.346100658178,0.314651161432,0.112672343850,0.360460937023,0.463300466537,0.412572175264,0.481089293957,0.460596352816,0.238190367818,0.072781190276,-0.214466407895,-0.485711485147,-0.327694416046,-0.630096733570,-0.366359055042,-0.665748536587,-0.935627102852,-0.608249604702,-0.435440033674,-0.716011643410,-0.424331277609,-0.066463306546,-0.192536979914,0.087808288634,0.264058709145,-0.036705464125,0.115108951926,0.324549883604,0.025045158342,0.248331919312,0.162396356463,0.099394507706,0.053609400988,-0.322463124990,-0.451870650053,-0.489786207676,-0.571803390980,-0.750054180622,-0.494605898857,-0.166014224291,-0.178497701883,-0.108568817377,0.084066949785,0.625919103622,0.656677126884,0.824522912502,0.996002972126,0.627705395222,0.487028539181,0.376541733742,0.159700453281,0.037936110049,-0.032770674676,0.021077446640,-0.118290536106,-0.177662178874,-0.256353765726,-0.177155926824,-0.150913044810,-0.068780556321,0.151958480477,0.027222463861,0.029333913699,-0.117870710790,0.039306700230,0.125513911247,0.254271149635,0.254267036915,0.228262856603,0.260132163763,0.277571171522,-0.070151142776,0.070426903665,-0.165705531836,-0.221438720822,-0.186260253191,-0.007540300954,-0.337630152702,-0.411012232304,-0.384287804365,-0.515469312668,-0.700005054474,-0.440185666084,-0.256308495998,-0.098970569670,-0.035326641053,0.219244956970,0.027127798647,-0.164647743106,0.062335077673,0.126448214054,0.244709938765,0.063627466559,0.179753050208,0.385757178068,0.041442845017,-0.127526566386,0.074435777962,-0.309477508068,-0.516341865063,-0.223167404532,-0.290626734495,-0.318063229322,-0.395791739225,-0.331234067678,-0.508003056049,-0.657459080219,-0.424088448286,-0.315663665533,-0.650672018528,-0.447092086077,-0.324154764414,-0.278954088688,0.060713421553,0.103502161801,0.069496713579,0.420902758837,0.615736365318,0.110606178641,-0.030881484970,0.065306745470,0.039895270020,-0.029959525913,-0.106634341180,-0.391029655933,-0.214133039117,-0.213803753257,-0.386111170053,-0.234996452928,-0.265301704407,0.052769757807,0.186490744352,0.276072978973,0.272422194481,0.292067319155,0.496087610722,0.557871162891,0.355797678232,0.356699049473,0.327328085899,0.147628560662,0.162795588374,0.451105117798,0.578800439835,0.466971844435,0.377229094505,0.077958971262,-0.126271232963,-0.283646196127,-0.605631887913,-0.705273330212,-0.801733255386,-0.886759161949,-0.798366427422,-0.939096808434,-0.710940897465,-0.548363447189,-0.058103945106,-0.002160839504,-0.203501686454,0.216211542487,0.640024185181,0.319388538599,0.416618108749,0.635072827339,0.508262395859,0.469581305981,0.554277956486,0.451537281275,0.063018314540,-0.214161843061,-0.088121093810,-0.104028992355,-0.094076775014,0.041027139872,0.411308586597,0.433933615685,0.219837650657,0.397931963205,0.556183636189,0.349833756685,0.150756627321,0.370701283216,0.247434660792,-0.162458091974,-0.062277454883,-0.348245024681,-0.447376102209,-0.045682210475,0.137742206454,-0.308045178652,-0.392725378275,-0.145130217075,0.113244451582,-0.014640202746,-0.115718111396,-0.059532158077,0.193660616875,0.148044273257,0.454389601946,0.411942452192,0.050876449794,0.315655440092,0.023155968636,-0.253328591585,-0.080798931420,0.027024900541,-0.187857210636,-0.313115954399,-0.572569012642,-0.524635374546,-0.449504047632,-0.421841144562,-0.366733551025,0.103411607444,0.212079197168,0.271845966578,0.492424458265,0.316560924053,0.379204690456,0.356155753136,0.294931948185,0.201497256756,-0.044945459813,0.007025815547,-0.119196027517,-0.442951530218,-0.731528580189,-0.570375204086,-0.323920130730,-0.111659839749,-0.131292611361,-0.311770051718,-0.040475614369,0.287984341383,0.290507405996,0.307794094086,0.621506869793,0.738657295704,0.613711357117,0.498244315386,0.051337432116,0.003980060574,-0.127720028162,-0.057885807008,-0.267837107182,-0.448442131281,-0.507871389389,-0.444227486849,-0.602734267712,-0.580455005169,-0.614497482777,-0.494387745857,-0.157922387123,-0.147109955549,-0.483781099319,-0.427961468697,-0.195302858949,-0.302254110575,-0.296944648027,0.031906340271,0.285630077124,0.128633752465,0.267120927572,0.217075899243,0.311239123344,0.295726329088,0.339334130287,0.835174798965,0.543144524097,0.305057018995,0.648700535297,0.688068926334,0.134984567761,0.568074464798,0.390408158302,0.223517253995,0.208012714982,0.055914297700,-0.195097073913,-0.439638257027,-0.614024162292,-0.448816686869,-0.501664638519,-0.883445858955,-0.387168943882,-0.498581856489,-0.419342815876,-0.033696752042,-0.210790917277,-0.022303979844,0.386460989714,0.118269950151,0.067298837006,0.153160303831,-0.026004159823,-0.193574175239,-0.272837877274,-0.095048129559,-0.475598722696,-0.551232218742,-0.526969134808,-0.566000044346,-0.408258736134,-0.107782676816,-0.046521846205,0.074242331088,0.153917625546,0.387983918190,0.393499195576,0.221570432186,0.245969399810,0.312976002693,-0.218051344156,-0.313704520464,-0.201015695930,-0.421096205711,-0.319512009621,-0.355217337608,-0.373072028160,-0.194701939821,0.005453547463,0.062573798001,0.002197882626,0.006630690303,-0.179678946733,-0.148064836860,-0.025028696284,0.089450530708,0.199962034822,0.294096440077,0.418721318245,0.527154266834,0.467165291309,0.414247363806,0.439259588718,0.219932317734,0.239030018449,0.371273398399,0.348014533520,-0.014813069254,-0.121447421610,-0.233288362622,-0.203365877271,-0.121467992663,-0.182514801621,-0.188742130995,-0.030799167231,0.113783635199,0.151773259044,0.144175335765,0.051522646099,0.473289728165,0.444639056921,0.491695970297,0.377735346556,0.168323233724,0.205353841186,0.056284725666,-0.360234588385,-0.213548570871,-0.400290399790,-0.415259867907,-0.719658374786,-0.648416519165,-0.654009997845,-1.008544087410,-0.823950767517,-0.358386576176,-0.619350135326,-0.195784404874,-0.074299953878,0.001926234108,0.254896759987,0.323269844055,0.626343011856,0.853091180325,0.739291131496,0.598807752132,0.758928000927,0.323269844055,0.075761094689,0.148377656937,-0.212128579617,-0.580586731434,-0.339309453964,-0.562048733234,-0.562402725220,-0.606648504734,-0.254295825958,-0.185823976994,0.010907094926,0.139668449759,0.202242240310,0.523042559624,0.304637223482,0.278558969498,0.528191506863,0.175381973386,0.384497761726,0.611562848091,0.363424390554,0.329517751932,0.452097058296,0.506731331348,0.316824376583,0.595683813095,0.435773432255,0.227065145969,0.152612894773,0.049448244274,0.077864311635,-0.155514597893,-0.510859549046,-0.046884045005,-0.294351637363,-0.346981465816,0.138013854623,0.283506274223,0.229995653033,0.547824263573,0.227386176586,0.221208229661,0.160021483898,0.110565014184,-0.060371797532,-0.276702702045,-0.198636725545,-0.098217368126,-0.152472957969,-0.299023151398,-0.171908169985,-0.325504750013,-0.286049872637,-0.243890866637,-0.248768195510,-0.316861391068,-0.200196638703,-0.055852558464,-0.130860447884,0.021822420880,0.231971263885,0.264865428209,-0.035178467631,-0.107161179185,-0.100217685103,-0.158762037754,-0.136964306235,-0.154732584953,-0.356768995523,-0.248776420951,-0.364473968744,-0.333407253027,-0.481616169214,-0.382662057877,-0.285234928131,-0.049069579691,-0.217248752713,-0.042216632515,0.142150312662,0.086396545172,0.373072028160,0.527059614658,0.296487778425,0.339828044176,0.175608351827,0.093986235559,0.219146177173,-0.154991880059,-0.534953951836,-0.498034417629,-0.399512469769,-0.257399201393,-0.157901808619,-0.164013892412,0.026168797165,0.160379573703,0.424269527197,0.692320644855,0.955000519753,0.814554214478,0.890335917473,0.773140192032,0.419881969690,0.542745292187,0.537534594536,0.284736931324,-0.065619550645,-0.416153013706,-0.111264720559,-0.539855957031,-0.365449398756,-0.037866141647,-0.379101783037,-0.449845641851,-0.166059494019,-0.336288362741,-0.002897582948,-0.317231833935,-0.328723371029,-0.328151285648,-0.153102695942,-0.140462800860,-0.232016548514,-0.055568564683,-0.055708501488,-0.274961709976,-0.068455398083,0.146319702268,0.193471282721,0.071892164648,0.025423821062,-0.092471584678,-0.226340740919,-0.062162209302,0.108700521290,0.161243900657,-0.042167238891,-0.071464106441,0.156070247293,0.037442207336,0.564291954041,0.650206923485,0.469544291496,0.471449941397,0.532311499119,0.481513261795,0.455204546452,0.162692695856,0.063619233668,-0.181321188807,-0.605681300163,0.188589841127,0.096855007112,-0.357361704111,0.003239201615,0.308633744717,-0.051201604307,-0.006869412027,0.225320011377,0.233988061547,-0.315980613232,-0.335481673479,-0.187490910292,-0.384263128042,-0.386107057333,-0.398108959198,-0.212857112288,-0.066249281168,-0.049188941717,0.246195778251,0.568436622620,0.331732094288,-0.141993910074,0.381130963564,-0.234893545508,-0.519634604454,-0.413057863712,-0.617148101330,-0.698622107506,-0.489473372698,-0.638443708420,-0.387234807014,-0.061293758452,0.026926118881,0.379994928837,0.382682621479,0.537151813507,0.622457623482,0.523417115211,0.561908841133,0.490012556314,0.714385926723,0.715604245663,0.709479749203,0.436946481466,0.160029709339,0.375735044479,0.243372276425,0.022085838020,-0.195706218481,-0.089701600373,0.019575148821,0.074110627174,0.080667227507,0.208045631647,0.129823252559,0.071517616510,0.140907317400,0.235893711448,0.116063840687,-0.071772798896,-0.024596527219,-0.081585071981,-0.111182399094,-0.078609287739,-0.133634552360,-0.170414105058,-0.033581502736,-0.128386795521,-0.222245424986,-0.663443565369,-0.894492864609,-0.765114247799,-0.750177621841,-0.594564318657,-0.467992573977,-0.613061070442,-0.309456914663,-0.019929114729,0.088779635727,0.245936483145,0.543395578861,0.577158212662,0.294903159142,0.422343283892,0.283852010965,-0.024353690445,0.175744161010,-0.067323528230,-0.385481417179,-0.327891975641,-0.196648746729,-0.308176875114,-0.421301990747,-0.197587177157,-0.231502056122,-0.148748084903,-0.104362376034,-0.109680093825,-0.114071756601,-0.204559475183,0.254843235016,0.439074367285,0.464741021395,0.371508002281,0.626277208328,0.603742718697,0.547890126705,0.667036771774,0.816225230694,0.479751676321,0.316363364458,0.255403012037,0.255547046661,-0.091492012143,-0.266853392124,0.204814672470,-0.299685806036,-0.438012450933,0.045332353562,0.010520202108,0.118389315903,0.292618840933,0.143640264869,0.023349415511,0.034626938403,0.353027671576,0.214260622859,-0.068706467748,-0.219084441662,-0.089862115681,-0.171607702971,-0.167932212353,-0.348228573799,0.031540028751,0.175723582506,-0.486658096313,-0.523322403431,-0.124583713710,-0.385720163584,-0.219570115209,-0.177728027105,-0.275883644819,-0.264700800180,-0.147393941879,-0.140948474407,-0.202209308743,-0.157885342836,0.040475614369,0.339758068323,0.179267361760,0.344347298145,0.328846871853,0.384040862322,0.357184737921,0.516399502754,-0.039701823145,-0.086503550410,-0.107268199325,-0.249723076820,-0.355069130659,-0.354966253042,-0.300418436527,-0.051687281579,-0.096978485584,-0.338934898376,0.262996822596,0.213606193662,0.093578755856,0.246335715055,0.245821222663,0.204460710287,0.629899144173,0.616946458817,0.132395669818,0.538695216179,0.463814944029,0.507756173611,0.559805631638,0.192734539509,0.368532210588,0.440609574318,0.205415591598,0.136812016368,0.121307477355,-0.059816155583,-0.025987697765,-0.306267112494,-0.198155164719,-0.139582008123,-0.137803941965,-0.168368503451,-0.329649448395,-0.037635650486,0.276258200407,0.146768331528,-0.089380554855,-0.019081242383,0.266166031361,0.200258374214,-0.294079959393,-0.097958058119,-0.167450666428,-0.435810476542,-0.483657628298,-0.340712964535,-0.317330628633,0.078086569905,0.154535010457,-0.007540300954,-0.001107173041,0.185428857803,0.175480753183,0.063631579280,-0.050814714283,-0.033285163343,0.077942512929,0.103172883391,-0.140969067812,-0.016574669629,0.120060361922,0.031836368144,-0.048295792192,-0.084437377751,-0.267026275396,-0.342737972736,-0.415626198053,-0.365268349648,-0.146780684590,-0.215215504169,0.023448197171,0.206098809838,0.203176543117,0.229501739144,0.515613377094,0.693621277809,0.977794349194,0.738208651543,0.373170822859,0.560171961784,-0.046361327171,-0.173406347632,-0.054967645556,-0.635900080204,-0.610163450241,-0.299895733595,-0.849452793598,-0.813196003437,-0.377109706402,-0.387934505939,0.080482013524,0.377842366695,0.664670169353,0.552668690681,0.488086342812,0.500532746315,0.363827764988,0.227620780468,0.244862228632,0.244549423456,0.053543545306,0.092854358256,-0.254419326782,-0.055729083717,-0.186099737883,-0.297747224569,-0.235482126474,-0.157860651612,-0.522342860699,-0.493815630674,-0.349068194628,-0.625404596329,-0.385370284319,-0.262630492449,-0.312272191048,-0.201472580433,-0.167644113302,-0.350517004728,-0.014985936694,-0.121933087707,-0.000246953103,0.350615769625,0.254468709230,-0.072501316667,0.037421625108,-0.024559484795,0.015278165229,0.038236569613,-0.190293818712,-0.239692673087,-0.217178791761,-0.271561980247,-0.086211323738,-0.039043284953,0.116380758584,0.292705267668,0.512542903423,0.120389632881,-0.002053826582,0.040693756193,-0.225599884987,-0.116142041981,0.031449478120,-0.179399073124,-0.059272859246,0.004399881233,-0.089137718081,-0.125579759479,0.326348513365,0.347430080175,0.264457941055,0.268326878548,0.347261309624,0.222632333636,-0.004004755989,-0.300760060549,-0.189812272787,-0.287844419479,-0.296496003866,-0.294495701790,-0.325747609138,-0.287045925856,-0.015611551702,-0.048686806113,0.286988317966,0.263700634241,0.253616720438,0.326529622078,0.445947915316,0.361769825220,0.472075551748,0.442358851433,0.138491287827,0.071134842932,-0.079523012042,-0.461979269981,-0.386806756258,-0.528664827347,-0.758001923561,-0.336276024580,0.036442045122,-0.164845302701,-0.092809095979,-0.137898609042,-0.344293773174,-0.099908985198,-0.019126517698,0.070307545364,0.308633744717,0.254760950804,0.184572756290,0.344409018755,0.247471690178,0.113466709852,0.216326802969,-0.054284408689,-0.436407268047,-0.433925390244,-0.604117214680,-0.604812800884,-0.703701078892,-0.713953733444,-0.475586384535,-0.380945742130,-0.349879026413,-0.318359583616,-0.085914984345,0.164466634393,0.523495316505,0.627108573914,0.798642218113,0.885244548321,0.594284415245,0.202629134059,-0.054000411183,-0.168146252632,-0.084955982864,-0.525647878647,-0.328200668097,-0.166890904307,-0.101139642298,0.117278024554,0.185511156917,0.166092425585,0.397820860147,0.164022132754,0.243240550160,0.451936513186,0.285078555346,0.117203935981,0.032881803811,0.114870235324,0.325447142124,0.176102265716,0.011359842494,0.248278424144,0.078300595284,-0.161112204194,0.213359236717,-0.013121440075,-0.278571307659,-0.041990257800,0.101789951324,-0.267602473497,-0.166499897838,0.000456863199,-0.364021211863,-0.390893846750,-0.361687511206,-0.312399774790,0.038347698748,-0.116738848388,-0.246319249272,-0.331044733524,-0.290293365717,-0.153991714120,0.036796011031,-0.107601575553,-0.321335375309,0.000596803322,0.124789521098,0.014516725205,0.168339699507,0.308748990297,0.972348988056,1.182748913765,1.168318629265,1.095319271088,0.893513381481,0.764772534370,0.512378275394,0.169101133943,-0.021237967536,-0.323681414127,-0.409279465675,-0.662439286709,-0.860627472401,-0.763875305653,-0.512810468674,-0.339737474918,-0.326241493225,-0.375619739294,-0.047818351537,-0.005288911983,-0.142578363419,0.082132481039,0.212215021253,0.477026969194,0.325866967440,0.218438252807,0.343882173300,0.229205399752,-0.138474836946,-0.188688620925,-0.301459759474,-0.289252042770,-0.287786781788,-0.378019362688,-0.461254864931,-0.297846019268,-0.286037534475,-0.251073092222,-0.380772858858,-0.411662578583,-0.488551408052,-0.422820746899,-0.394536375999,-0.356995403767,-0.041047718376,0.168220326304,0.252221435308,0.189363643527,0.336152553558,-0.047023985535,0.168627798557,0.059964329004,0.108889855444,-0.074369922280,-0.049320653081,-0.098917067051,-0.230888798833,-0.302278816700,-0.000477442663,-0.369149625301,-0.575853466988,-0.234708324075,-0.180930167437,0.045711018145,0.382040560246,0.571873426437,0.580590844154,0.695843815804,0.700959861279,0.524034440517,0.507167577744,0.665888428688,0.705442070961,0.748329579830,0.527257204056,0.079490080476,0.186416670680,0.093154817820,0.087524294853,-0.190310299397,-0.299228966236,-0.325241327286,-0.634270191193,-0.700889885426,-0.696210145950,-0.727346837521,-0.893826127052,-0.455435007811,-0.121986597776,-0.487728238106,-0.216310322285,0.171381339431,0.053679369390,0.090631783009,-0.043126240373,0.065212085843,-0.056354697794,-0.119364775717,0.061705343425,-0.161585524678,0.035071454942,0.087569564581,0.082486450672,-0.019785057753,-0.029951294884,-0.177839145064,-0.167117282748,-0.199669793248,-0.351484209299,-0.510925412178,-0.440864771605,-0.538423597813,-0.539337337017,-0.460085988045,-0.302957922220,-0.232592776418,0.097871631384,0.312058150768,0.045542266220,0.118331693113,0.188754469156,0.286667287350,0.273434698582,0.130638182163,-0.165252774954,-0.173035919666,-0.446421235800,-0.555496275425,-0.415305167437,-0.287934958935,0.269574016333,0.333913505077,0.315527856350,0.431542277336,0.460489332676,0.579224407673,0.414263814688,0.596243560314,0.905375301838,0.702655673027,0.751379489899,0.481484442949,0.470816075802,0.421602457762,0.607484042645,0.198430940509,-0.023637525737,-0.036931835115,-0.070175841451,-0.575487136841,-0.721152484417,-0.721802771091,-0.762373030186,-0.870406806469,-0.617004096508,-0.751667618752,-0.606492102146,-0.293487280607,-0.512629389763,-0.497137159109,0.198558524251,0.179341465235,-0.049707543105,0.256057441235,0.147500976920,0.233094915748,0.027284201235,-0.069006927311,0.109778881073,-0.248130246997,-0.526236474514,-0.316363364458,-0.477265655994,-0.362424224615,-0.053288362920,0.230279639363,0.374360322952,0.468111932278,0.617473244667,0.464292407036,0.594975888729,0.434485167265,0.474746763706,0.477055758238,0.332242459059,0.064759328961,0.085964374244,-0.002922278363,-0.178003787994,-0.323792546988,-0.229308292270,-0.289972335100,-0.219191446900,-0.255699336529,-0.308444410563,0.037281684577,0.163153678179,-0.269182980061,-0.068599447608,-0.055342189968,-0.147484496236,0.086540594697,0.209140449762,-0.227929472923,0.042113732547,0.238346770406,-0.176686704159,-0.273195981979,-0.126851573586,-0.220146328211,-0.284634023905,-0.513427853584,-0.441473931074,-0.026633890346,-0.303916960955,-0.408563315868,-0.334288060665,0.060083687305,0.489580422640,0.528878867626,0.530064225197,0.710681617260,0.608776390553,0.577602684498,0.317091882229,0.077263392508,0.049654033035,-0.158663257957,0.029597328976,-0.249307379127,-0.640678644180,-0.283736765385,-0.297323286533,-0.342042386532,-0.184955522418,-0.084741957486,-0.073851324618,0.134725257754,0.082823954523,-0.005153087899,0.369417130947,0.348175048828,-0.004934946075,0.272360473871,0.023110693321,-0.098052725196,-0.095574960113,-0.370684832335,-0.138544797897,0.080309145153,-0.205584332347,-0.166775658727,-0.123863436282,-0.423244655132,-0.234173282981,-0.099699079990,-0.290746092796,-0.318203181028,0.015393409878,0.078526966274,-0.115483492613,0.044492714107,0.007853108458,0.357600450516,0.344627141953,0.167327180505,0.318647682667,0.278246164322,0.096904397011,0.145582973957,0.417754083872,0.374553769827,0.517169177532,0.218738704920,-0.126069560647,0.263647139072,0.290243953466,0.179271474481,0.433336824179,0.032935313880,-0.069081008434,-0.166878551245,-0.435728132725,-0.252015620470,-0.262136608362,-0.198961868882,-0.256843566895,-0.191791996360,-0.250175833702,-0.183185696602,-0.194903612137,-0.303929299116,0.190581932664,0.043517250568,-0.157831832767,0.026897309348,-0.041735075414,-0.569119870663,-0.162779137492,-0.347244858742,-0.499977141619,-0.159177735448,-0.138059124351,-0.381209164858,0.057918731123,0.279513865709,0.236021310091,0.402286589146,0.202077612281,0.409024327993,0.564575970173,0.323883086443,0.515613377094,0.471993207932,-0.170018970966,0.007445636205,-0.121780805290,-0.114479221404,-0.000341618463,-0.310000240803,-0.375352233648,-0.133572816849,-0.667061507702,-0.482698649168,-0.289482533932,-0.569782555103,-0.298957288265,-0.314000874758,-0.342030018568,0.001354126143,0.056984424591,-0.032589577138,0.463514477015,0.370388478041,0.483809947968,0.586019694805,0.432081490755,0.471392303705,0.173768550158,-0.081770285964,-0.168430238962,-0.533575117588,-0.655750989914,-0.875222384930,-0.787187695503,-0.929864823818,-0.698992490768,-0.439527094364,-0.337868869305,-0.103629752994,0.172089263797,-0.115553468466,-0.005811629817,0.173566877842,0.193043217063,0.032066859305,0.031684082001,0.042105503380,-0.159704566002,-0.125485107303,0.304517865181,-0.203003674746,-0.039389017969,0.039174992591,-0.023769237101,-0.008174147457,-0.114989586174,-0.012360001914,0.045439369977,0.134338364005,-0.131938800216,0.309864401817,0.204049110413,0.141808688641,0.339227110147,0.081165254116,0.118800900877,0.666279435158,0.394985020161,0.622231245041,0.627993524075,0.317832738161,0.385790139437,0.248710572720,0.148879781365,0.126592278481,0.124176248908,0.158185794950,-0.164133250713,-0.018344499171,0.029671415687,-0.236721009016,-0.191454514861,-0.252542465925,-0.164870008826,0.156111389399,0.123958103359,0.538193106651,0.227538451552,0.035087920725,0.217273458838,0.031758170575,-0.074756823480,-0.469560742378,-0.672675549984,-0.787035465240,-0.756009876728,-0.523223638535,-0.592592775822,-0.710784494877,-0.490950971842,-0.547515630722,-0.383555203676,-0.032223261893,0.228316366673,0.105243176222,0.200665846467,-0.005041958764,0.182000309229,0.334390968084,0.078242972493,0.210893839598,0.212799489498,-0.024316646159,-0.115849815309,-0.260757774115,-0.541897416115,-0.443470120430,-0.316178172827,-0.625128805637,-0.704359591007,-0.426549732685,-0.080119818449,0.091438502073,0.622288882732,0.612674176693,0.899086236954,1.219742536545,1.384847044945,1.301730871201,1.114124774933,0.726984620094,0.538386583328,0.569354474545,0.373281955719,0.413321286440,0.415622055531,0.371261060238,0.169590920210,0.143096968532,0.132185757160,0.182020887733,-0.219603031874,-0.346331119537,-0.328513473272,-0.448627352715,-0.725552320480,-0.654573857784,-0.648387670517,-0.861956894398,-0.684113562107,-0.706207633018,-0.542802870274,-0.061022106558,-0.071743987501,-0.080222710967,0.334386855364,0.295392960310,0.184403985739,0.507826149464,0.382448017597,0.198574975133,0.045303545892,0.249854788184,-0.240347087383,-0.548507511616,-0.295602858067,-0.364412218332,-0.546005010605,-0.498528301716,-0.012388813309,0.004687992856,0.120846495032,-0.007680241019,0.042014952749,0.285802930593,0.314153134823,0.683129906654,0.605331420898,0.401578664780,0.733817040920,0.533122301102,0.068159051239,0.497495234013,0.324183553457,0.121056407690,-0.115705758333,-0.367017567158,-0.434797972441,-0.557257890701,-0.437086403370,-0.255258947611,-0.212939426303,-0.476961106062,-0.333172649145,0.093261837959,0.241026222706,0.165919557214,0.459382146597,0.700103759766,0.362029105425,0.133313521743,-0.055564448237,0.171838194132,-0.160379573703,-0.309008300304,-0.359378516674,-0.594893574715,-0.681491732597,-0.619592964649,-0.538267195225,-0.508805692196,-0.295853912830,0.280308216810,0.376669317484,0.258950918913,0.362465411425,0.786520898342,0.517473757267,0.362663000822,0.580463230610,0.480817675591,0.288095474243,0.389519125223,0.414177358150,0.184058248997,-0.093718700111,-0.486769229174,-0.333213806152,-0.325747609138,-0.069550223649,-0.231074005365,-0.111738041043,-0.025596689433,-0.003864815924,-0.036940068007,-0.023155968636,-0.365124255419,-0.099287487566,0.223220899701,0.146957665682,-0.099419206381,-0.236383497715,-0.292993366718,-0.092767931521,-0.098344959319,-0.164783567190,-0.202164024115,-0.587299764156,-0.647683858871,-1.009387850761,-1.027501821518,-0.990520656109,-0.946702957153,-0.627034485340,-0.453113675117,-0.317799806595,0.051288038492,0.282930046320,0.261070579290,0.235152855515,0.696304857731,0.610974311829,0.551989555359,0.746670961380,0.655590534210,0.268565595150,0.387527018785,0.454307258129,0.318491280079,0.540860235691,0.333320826292,0.135066881776,0.198402121663,-0.019015388563,0.153551325202,0.153497815132,0.013467174955,0.012997964397,0.040533233434,-0.078806847334,0.192874476314,0.110355101526,-0.044986624271,0.004519241396,0.039372555912,0.395380139351,0.714167773724,0.657446742058,0.446552932262,0.099682614207,0.129646256566,0.134605899453,-0.380303621292,-0.143064051867,0.000917842321,-0.102744832635,-0.240112498403,0.007968353108,0.048941988498,0.213573262095,0.041912056506,-0.082136601210,0.160033836961,0.305834949017,0.155473440886,0.271516710520,-0.031379505992,-0.367647320032,-0.105946995318,-0.319067537785,-0.455793112516,-0.326212704182,-0.328735709190,-0.295915663242,-0.229472920299,-0.373388946056,-0.308526724577,-0.193347811699,-0.148978576064,0.196002557874,0.175645381212,-0.068245485425,-0.064183108509,0.221994370222,-0.496803760529,-0.388531297445,0.174151316285,0.148110121489,0.175628915429,0.491745352745,0.128427967429,0.127407222986,0.466181606054,0.179168581963,-0.031029656529,-0.003864815924,0.019768595695,-0.528784215450,-0.567913889885,-0.830910742283,-0.792015552521,-0.416354686022,-0.470931291580,-0.242549106479,-0.000423936144,-0.024065578356,0.364815562963,0.265458106995,0.092142321169,0.294853776693,0.417005002499,0.412074148655,0.330118656158,0.245656594634,0.248764082789,0.178291916847,0.133795067668,0.136667951941,0.069686047733,0.104535244405,0.168438479304,0.092800855637,0.066953100264,0.165812537074,0.464403539896,0.346952646971,0.413934558630,0.583805382252,0.352525562048,0.381410837173,0.457916885614,0.125818490982,0.017574828118,-0.000835524639,-0.414712458849,-0.564608871937,-0.481319814920,-0.361531078815,-0.568584799767,-0.540473282337,-0.472042620182,-0.646519124508,-0.642609000206,-0.412547498941,-0.685480058193,-0.325274258852,-0.018990691751,0.461024373770,0.778124451637,0.615592300892,0.593815207481,0.666386485100,0.679635524750,0.458460181952,0.392392009497,0.254262924194,-0.174768701196,-0.292692899704,-0.131753593683,-0.329929322004,-0.673819720745,-0.745197415352,-0.764328062534,-0.760076344013,-0.739616274834,-0.595848381519,-0.842583358288,-0.535081505775,-0.304991185665,0.108478263021,0.348183304071,0.481612056494,0.577380418777,0.653841257095,0.928103208542,1.040442109108,0.919999063015,0.620975911617,0.738986611366,0.863154530525,0.426026999950,-0.045394092798,-0.149818211794,-0.057317811996,-0.488329172134,-0.464028984308,-0.337321460247,-0.445663899183,-0.505035579205,0.085100032389,0.032046280801,0.053819309920,-0.003691948717,0.373380720615,0.265178233385,0.230966985226,0.373495966196,0.435674667358,0.319335043430,0.189462423325,0.085659794509,0.201937660575,0.104909792542,0.036931835115,-0.046093795449,-0.506615996361,-0.340675920248,-0.107543960214,-0.301323950291,-0.394063025713,-0.356983065605,-0.161243900657,-0.018167516217,-0.114285774529,-0.128983601928,-0.138919338584,-0.209515005350,0.188392281532,0.118092969060,0.261008858681,0.380270719528,0.186700657010,0.260156869888,0.207370638847,0.187206894159,0.204209625721,0.165051102638,-0.183033406734,-0.348887085915,-0.330270946026,-0.390852659941,-0.454085022211,-0.142574250698,-0.405879765749,-0.288671702147,-0.017278485000,-0.176188677549,-0.006256144959,-0.081210523844,-0.049777511507,0.027374750003,0.008137104101,-0.104716338217,-0.238017514348,-0.466383278370,-0.092566251755,-0.196644634008,-0.226739972830,-0.023028377444,-0.280032455921,-0.281559437513,-0.204571828246,-0.395013809204,-0.241223782301,-0.036861866713,0.149233758450,0.266565293074,0.359152108431,0.374561995268,0.376821637154,0.299772232771,0.188079476357,0.128082230687,0.183444991708,0.251019567251,0.003774266690,0.223916485906,0.304365575314,0.009544736706,0.102761298418,0.156494185328,-0.106918349862,0.110939562321,0.201703056693,0.262153059244,0.436090350151,0.397927850485,0.411691367626,0.570132374763,0.280201226473,0.473347365856,0.265219390392,0.053617630154,0.195109412074,0.056218869984,-0.222554117441,-0.239285200834,-0.322068005800,-0.390107691288,-0.610167562962,-0.533192336559,-0.444157481194,-0.439004391432,-0.350747466087,-0.460575759411,-0.374533206224,-0.204814672470,-0.162663891912,-0.348249137402,-0.355172038078,-0.346257060766,-0.258559882641,-0.487510114908,0.028914090246,-0.225690424442,-0.176925420761,0.031284842640,-0.006729471963,0.473030447960,0.339342355728,-0.060034297407,-0.132696136832,-0.111857406795,-0.255707591772,-0.550013959408,-0.571935176849,-0.721205890179,-0.732289969921,-0.280345261097,-0.160630643368,-0.230184987187,0.252390176058,0.526294112206,0.802860915661,0.537999629974,0.721909701824,0.678536534309,0.616567790508,0.623453676701,0.496260493994,0.332695215940,0.157078623772,0.201797723770,0.365004897118,0.163277164102,0.251007229090,0.345619082451,0.222986295819,0.147760272026,0.003206274239,0.043212674558,0.105593025684,-0.240178346634,-0.496058821678,-0.144879147410,-0.095035783947,-0.237165525556,-0.146290898323,-0.194776013494,-0.129493966699,0.166643947363,-0.005058422685,-0.042611755431,-0.138985201716,-0.213951930404,-0.199212938547,-0.353801488876,-0.467683881521,-0.343194842339,-0.478529244661,-0.472672343254,-0.343528211117,-0.181148335338,0.054128002375,-0.003836004762,0.257670849562,0.300171464682,0.399183213711,0.477413803339,0.355628907681,0.309691518545,0.492535591125,0.231654345989,0.112182557583,-0.109215006232,-0.134667634964,-0.433637261391,-0.408040612936,-0.307785868645,-0.387786358595,-0.347528845072,-0.424775809050,-0.647045910358,-0.640406966209,-0.781487226486,-0.511917293072,-0.180518597364,-0.300875306129,-0.056955613196,-0.158683821559,0.055095236748,0.265198826790,0.118648611009,0.472149640322,0.332114875317,-0.092911988497,0.092097043991,0.024423662573,-0.171397805214,0.172463804483,-0.066903710365,-0.379282891750,-0.328439384699,-0.179316759109,-0.312239259481,-0.095513224602,0.044451557100,0.477940678596,0.511695027351,0.231794297695,0.235836088657,0.461440086365,0.654396891594,0.681014358997,0.821802258492,0.855647206306,0.855503082275,0.536913037300,0.477171003819,0.677808046341,0.394622802734,0.189248383045,0.587538480759,0.120620116591,0.127757072449,0.272080570459,0.266009628773,-0.035948138684,0.116603016853,0.353599816561,0.124805971980,-0.343104273081,0.075954541564,-0.228859663010,-0.259893447161,-0.076497837901,-0.198377415538,-0.264676094055,-0.186408415437,-0.307950526476,-0.359156221151,-0.406694710255,-0.541234791279,-0.502541363239,-0.451105117798,-0.623350739479,-0.547762513161,-0.587797760963,-0.490251272917,-0.936499655247,-1.003703832626,-1.130777597427,-0.896468520164,-1.094631910324,-1.311477303505,-1.186963558197,-0.724667370319,-0.681660532951,-0.641176640987,-0.106502637267,0.323405653238,0.012672808953,0.392890036106,0.774119794369,0.906622469425,1.239128232002,1.253850817680,0.793225705624,0.758977413177,0.732479333878,0.623647093773,0.303307771683,0.156654700637,-0.034384101629,-0.082379437983,0.072719454765,0.254653900862,0.191660299897,0.329172015190,0.439963400364,0.490452945232,0.536855459213,0.640806198120,0.589258909225,0.843904554844,0.491794764996,0.155950874090,0.342993140221,0.312403887510,0.103576250374,0.176517963409,-0.023526398465,-0.023098345846,0.116249054670,-0.146080985665,-0.092759706080,0.117010489106,0.039100907743,0.023477008566,0.106103397906,0.170286506414,0.078477576375,-0.059585664421,-0.212960004807,-0.146068632603,-0.347829341888,-0.590250790119,-0.584624409676,-0.627063274384,-0.882281124592,-0.720769643784,-0.660714745522,-0.658924341202,-0.891706466675,-0.651227653027,-0.569016933441,-0.727169871330,-0.365412384272,-0.036030456424,-0.125287547708,0.077893123031,0.179366141558,0.564814627171,0.427179485559,0.268631458282,0.431698709726,0.203756868839,-0.307254940271,-0.338762044907,-0.400932461023,-0.259724676609,-0.467404007912,-0.364502757788,-0.325599431992,-0.365519374609,-0.117504395545,0.120546035469,0.236157119274,0.427080690861,0.461312502623,0.308971256018,0.360271662474,0.551878392696,0.274410158396,0.169356316328,-0.036483205855,-0.203518167138,-0.178678795695,0.186416670680,0.156605303288,0.032519608736,-0.064668782055,-0.027024900541,0.136021763086,0.271619588137,-0.086384192109,-0.529508590698,-0.322471350431,-0.427504628897,-0.364774435759,-0.123501241207,0.236930921674,0.113351471722,-0.241635367274,-0.027819264680,0.271952956915,0.243059471250,0.293232113123,0.595864892006,0.344429582357,0.242392688990,0.366865307093,0.169442743063,-0.133420526981,-0.453932702541,-0.569239258766,-0.666489362717,-0.521095752716,-0.367795467377,-0.285037368536,-0.122912667692,-0.019377585500,-0.099608525634,0.128786042333,0.296837627888,0.320512205362,-0.151485145092,0.070694439113,0.138939917088,0.001827452797,0.122505195439,-0.210206478834,-0.128032833338,-0.029539706185,-0.381373763084,-0.145447134972,-0.047143347561,-0.116191431880,-0.300961732864,-0.247002482414,-0.607265889645,-0.670588791370,-0.492115765810,-0.477216303349,-0.226472452283,-0.435526460409,-0.646934807301,-0.304484933615,0.039405483752,0.229440018535,0.644675135612,0.724692046642,1.020154953003,0.900436222553,1.190194487572,0.882301628590,0.727350950241,0.545058429241,0.421692997217,0.222521200776,0.050291996449,0.004078842234,-0.038290075958,-0.206959053874,-0.121278665960,-0.275220990181,-0.400401502848,0.048785585910,0.424734622240,-0.044842563570,0.107667438686,0.528845906258,0.398438215256,0.644259452820,0.864072382450,0.387518793344,0.363506734371,0.557615995407,0.664554893970,0.422754883766,0.427735090256,0.202172279358,-0.464502304792,-0.351447165012,-0.313441097736,-0.549441814423,-0.481838405132,-0.884347259998,-0.960968554020,-0.479327738285,-0.743662178516,-0.871715605259,-0.550742447376,-0.460765093565,-0.113252691925,-0.448215752840,-0.175431355834,-0.107852645218,-0.325241327286,-0.160803496838,-0.230674758554,-0.383699268103,-0.235412150621,-0.464086622000,-0.294141709805,-0.305213451385,-0.350504666567,-0.182078525424,0.010462579317,0.035096149892,-0.000559760316,-0.029490316287,-0.020509455353,-0.242186889052,-0.381999373436,-0.359345555305,-0.071295358241,0.152370050550,-0.026432212442,-0.257843703032,0.379402250051,0.512394726276,0.601478934288,0.817204833031,0.875000119209,0.939010381699,1.056300640106,0.826856613159,0.622811615467,0.672988355160,0.395417183638,0.147435113788,-0.113376170397,-0.383081853390,-0.036771316081,-0.241232007742,-0.405089497566,-0.259131997824,-0.159704566002,-0.010071570054,-0.282703667879,-0.243573948741,-0.208625972271,-0.147480383515,0.101374246180,-0.066932521760,-0.035845238715,0.277492970228,0.283403366804,0.235004678369,0.004436923657,0.146718949080,0.037219945341,0.388263761997,-0.046303704381,-0.126645773649,-0.010606635362,-0.164499580860,0.007231609896,-0.087828874588,-0.218413546681,-0.200221329927,-0.158568590879,-0.480031549931,-0.530562281609,-0.453866839409,-0.405842721462,-1.039898872375,-1.039849519730,-0.596045970917,-0.817694664001,-0.462073951960,-0.504405796528,-0.648902177811,-0.201386138797,0.137458205223,0.160750001669,0.390564531088,0.298833817244,0.718551218510,0.866492509842,0.436946481466,0.442725181580,0.537229955196,0.271924167871,0.073694914579,-0.102481424809,-0.330221563578,-0.338654994965,-0.214742183685,-0.584690213203,-0.481163412333,-0.277805775404,-0.424537062645,-0.007783138193,0.194294467568,0.253666102886,0.902222514153,0.897892594337,0.777638852596,0.889483928680,0.471330553293,0.237116143107,0.276867359877,0.076547227800,-0.265433430672,-0.051518533379,-0.351521283388,-0.149204939604,-0.227591976523,-0.329213172197,-0.301048159599,-0.408896684647,-0.679232120514,-0.487316668034,-0.326187998056,-0.120031557977,-0.206991955638,-0.291293501854,0.031795211136,0.255501776934,0.237033814192,0.423343449831,0.462872445583,0.602149844170,0.751387715340,0.711924612522,0.897394597530,0.795633494854,0.310597032309,0.201336741447,0.139137491584,0.044990736991,-0.170154795051,-0.363053947687,-0.432394295931,-0.325784623623,-0.336741119623,-0.128773689270,-0.010104496963,-0.099316306412,-0.044834338129,0.174686387181,0.263424873352,0.173307567835,0.348854184151,0.268981307745,0.059762645513,-0.091611362994,0.103477470577,0.311358451843,0.076172679663,0.361349970102,0.341136872768,0.330822467804,0.181399390101,0.071052521467,0.086166054010,-0.280485212803,-0.336061984301,-0.712895929813,-0.838187634945,-0.876066148281,-1.025974869728,-1.211593031883,-1.040656208992,-0.870447933674,-0.778112173080,-0.510855376720,-0.033009395003,0.029432691634,0.128148078918,0.176999524236,0.111359387636,0.409674614668,0.496099948883,0.233584702015,0.220858380198,0.104432351887,0.180963113904,0.366256147623,0.217890828848,0.072707109153,0.068665310740,0.046785261482,0.226455986500,0.287840306759,0.149246111512,0.067792743444,-0.031120205298,0.024127317593,0.244137823582,0.411452680826,0.469128549099,0.579919993877,0.553561806679,0.730009794235,0.736220717430,0.732845664024,0.742859542370,0.279674381018,0.023958565667,0.324833869934,0.079391300678,-0.287506908178,-0.378879547119,-0.475734561682,-0.710932672024,-0.400874853134,-0.480138570070,-0.276064753532,-0.142298489809,-0.425450772047,-0.259498327971,0.196722835302,0.070616237819,0.021373789757,0.303793460131,0.323331564665,-0.008976744488,-0.264433264732,-0.161178052425,-0.486686944962,-0.400479733944,-0.051864266396,-0.418885946274,0.038681086153,0.179851830006,-0.185449421406,-0.003305055434,0.086734041572,0.265186458826,0.107099443674,-0.107445180416,-0.018686117604,-0.202205181122,-0.175135016441,-0.142389044166,-0.165483266115,0.162659779191,0.025168636814,0.243351697922,0.029165159911,-0.006568952464,0.109791234136,-0.058490838856,-0.077559731901,0.225311771035,0.511789679527,0.473450243473,0.475376486778,0.291812121868,0.429739534855,0.502668917179,0.300484299660,-0.099999539554,0.399063855410,-0.040627900511,-0.349430412054,-0.100514031947,-0.805820345879,-0.624178051949,-0.594593107700,-0.419902592897,-0.472338974476,-0.548964381218,-0.641954600811,-0.161585524678,0.038537029177,0.329958140850,0.229563474655,0.531632363796,0.617452681065,0.539818882942,0.295528769493,0.305526256561,0.176624968648,0.051995974034,-0.128835424781,-0.479875117540,-0.519494652748,-0.498120844364,-0.630961060524,-0.339070707560,-0.267540752888,-0.266079634428,-0.118998460472,-0.011450391263,0.068891681731,0.095570847392,0.180020570755,0.612826466560,0.704738259315,0.445507466793,0.595943093300,0.125266954303,0.249920636415,0.569230973721,0.313317626715,0.277966290712,0.235811382532,0.353982537985,0.187297448516,0.442712783813,0.119764022529,-0.275945395231,-0.319330930710,-0.416231215000,-0.654191136360,-0.590172588825,-0.623840570450,-0.082321815193,0.210297033191,0.264947742224,0.274455457926,0.474981337786,0.417745858431,0.471713334322,0.666341185570,0.507768511772,0.235794931650,0.059062946588,-0.235017016530,-0.235889598727,-0.367330372334,-0.354916870594,-0.061775315553,-0.233671128750,-0.458221465349,-0.465185552835,-0.345619082451,0.005659341812,-0.169368669391,-0.071044288576,0.323632031679,0.373331367970,0.177139446139,-0.127592429519,0.061631258577,0.135910645127,-0.187256291509,0.098579555750,0.298459261656,0.122554592788,0.254213511944,0.319577902555,-0.040883086622,0.231152206659,0.189680561423,0.045920930803,-0.077119335532,-0.050814714283,-0.350265920162,-0.355036228895,0.072270825505,0.196212470531,0.181506410241,0.269779801369,0.278929382563,0.187425062060,0.314169615507,0.445091784000,0.334168672562,0.129452809691,-0.219969362020,-0.119624078274,-0.037775591016,-0.054979991168,-0.127666518092,-0.222142532468,-0.232094749808,-0.179386734962,-0.067669264972,-0.210576891899,-0.368733882904,-0.366210848093,-0.300459593534,-0.314313650131,-0.398207753897,-0.484246194363,-0.589859783649,-0.158338099718,-0.012792170979,0.193660616875,0.578269481659,0.661735475063,0.286383271217,0.211342468858,0.415346294641,0.306789815426,0.014796606265,0.230954647064,-0.175847083330,-0.390428721905,0.020381862298,-0.380114346743,-0.404945462942,-0.119969807565,0.294931948185,0.333300232887,0.242335066199,-0.064812839031,0.380130797625,0.173105880618,0.250957846642,0.363774269819,0.476133823395,0.274500727654,0.275776624680,0.503623783588,0.212408468127,-0.063981428742,-0.097748152912,-0.031593531370,-0.173538044095,-0.346121221781,-0.315910637379,-0.163960382342,-0.467613905668,-0.541378796101,-0.308930099010,-0.422474980354,-0.290544420481,-0.119393587112,-0.127386644483,0.133667483926,0.076024509966,-0.002835844876,0.251776903868,0.322710067034,0.311288475990,0.358526498079,0.148974448442,0.040146343410,0.034009557217,-0.175340801477,-0.355542480946,-0.012726316229,-0.323047578335,-0.384366005659,-0.125283420086,0.150760754943,0.350442916155,0.520926952362,0.489773809910,0.644428253174,0.681969165802,0.459213405848,0.223175629973,0.076382592320,-0.070332244039,-0.149299606681,-0.232205882668,-0.358448296785,-0.472618818283,-0.371796101332,-0.405957967043,-0.311255574226,-0.313523411751,-0.184910237789,-0.172603756189,0.234630137682,0.206279918551,0.208749458194,0.394808024168,0.105033263564,0.142294377089,0.236725121737,0.352970033884,-0.013858184218,0.032840643078,0.228760883212,0.089722178876,0.031918685883,-0.039751216769,-0.387131899595,-0.329525977373,-0.417149037123,-0.549310147762,-0.511201143265,-0.811652481556,-0.862039148808,-0.558480322361,-0.563946187496,-0.402348339558,-0.191577970982,-0.049966841936,0.009635286406,0.492119908333,0.563896834850,0.496174067259,0.479833990335,0.566946685314,0.320322871208,0.137211248279,0.218928039074,-0.026411633939,-0.081107623875,0.237000882626,0.126847460866,0.033676169813,0.455953598022,0.554290354252,0.381558984518,0.261720895767,0.192355886102,0.075324811041,-0.059861429036,-0.283193469048,-0.439420074224,-0.589892745018,-0.499347358942,-0.462415546179,-0.355069130659,0.141355946660,0.139116898179,0.283658564091,0.142039194703,0.470272779465,0.320524543524,0.177164152265,-0.041080649942,-0.269104778767,-0.020686438307,-0.067068345845,-0.312066406012,-0.116253167391,-0.007622618694,0.213071122766,0.310193687677,0.404616177082,0.346014201641,0.315527856350,0.216265052557,0.551783740520,0.360584467649,0.222541779280,0.308963030577,0.022756727412,-0.104177169502,0.229917436838,-0.040393292904,0.094611845911,0.254950255156,0.174328297377,0.213585630059,0.216343253851,-0.036758966744,-0.217697381973,-0.235408037901,-0.257921934128,-0.358308374882,-0.483316034079,-0.499907135963,-0.550882339478,-0.637097835541,-0.808116912842,-0.729989171028,-0.321088403463,-0.073863670230,-0.109997026622,-0.041619826108,0.131428435445,0.106399744749,0.493852674961,0.405583411455,0.402500599623,0.445635110140,0.411403268576,0.431834518909,0.491922318935,0.196031361818,0.076880611479,0.101975157857,0.155885025859,0.418647229671,0.051119290292,-0.423919677734,-0.208403721452,-0.373812884092,-0.489559799433,-0.233802840114,-0.007404476870,-0.212745979428,-0.046505384147,0.291165947914,0.454274326563,0.240791603923,0.679985344410,0.664855360985,0.593238949776,0.648124277592,0.515884995461,0.041669219732,-0.062985390425,-0.116952866316,0.013635926880,-0.060503508896,0.113833025098,-0.183914199471,-0.420635193586,-0.286868959665,-0.220434442163,-0.348697751760,-0.297331541777,-0.189285427332,-0.500750899315,-0.440016895533,-0.331641554832,-0.561122715473,-0.695576310158,-0.536847233772,-0.395849317312,-0.407077491283,-0.284609317780,-0.099456243217,0.065240889788,0.123361296952,0.314074933529,0.547692537308,0.472153753042,0.560225427151,0.664554893970,0.559159398079,0.454648882151,0.334880739450,0.095208652318,-0.148369416595,-0.357946157455,-0.365083128214,-0.292874008417,-0.196537628770,-0.446911036968,-0.462613105774,-0.288260132074,-0.395828753710,-0.067726880312,0.304731875658,0.130099013448,0.506105661392,0.627166211605,0.525318622589,0.616930007935,0.708878874779,0.749650835991,0.519609928131,0.365181893110,0.394972681999,0.497466444969,-0.040224540979,-0.398557603359,-0.329435437918,-0.757401049137,-1.005494236946,-1.102147579193,-1.149912357330,-1.212527275085,-0.877531349659,-0.821748793125,-0.500368118286,-0.151452213526,0.152880430222,0.439337790012,0.469766527414,0.418783038855,0.679285645485,0.577005863190,0.411794275045,0.404245764017,0.270681172609,0.184231132269,0.058021631092,0.227184489369,0.343997448683,0.264573186636,0.228283435106,0.158473908901,0.118813253939,0.126518189907,-0.038335353136,-0.487876385450,-0.839076697826,-0.741497218609,-0.555076479912,-0.669584512711,-0.829453706741,-0.672156929970,-0.495688378811,-0.247484058142,0.023970913142,0.125069394708,0.231930121779,0.178086102009,-0.013882880099,0.062347427011,-0.073056958616,-0.167442426085,-0.001469370909,-0.402755826712,-0.507027626038,-0.438938558102,-0.351632386446,-0.445861458778,-0.137721613050,0.138676509261,0.279332756996,0.111738041043,0.211186051369,0.179205626249,0.127234354615,0.224130511284,0.310074299574,0.233609393239,0.189445942640,0.212116241455,0.371137589216,0.113721907139,0.300809442997,0.288951575756,0.312161058187,0.193471282721,0.163075476885,0.109976440668,0.276134699583,0.244125470519,0.116911716759,0.285700023174,0.349327504635,0.421820580959,0.312477976084,0.216005757451,0.266009628773,0.469280838966,0.549466490746,0.473483175039,0.438428163528,0.516177237034,0.218401193619,0.382460355759,0.168969422579,0.182469516993,-0.084169849753,-0.162062972784,-0.360670894384,-0.131650701165,-0.120871186256,-0.240803971887,-0.362798780203,-0.339795112610,-0.204353675246,-0.300208538771,-0.139631390572,-0.347076088190,-0.500960826874,-0.244129598141,-0.563530504704,-0.278867661953,0.005079002120,-0.251122504473,-0.340906411409,-0.366070926189,-0.472087889910,-0.260696053505,-0.223924726248,-0.662669837475,-0.374426186085,-0.338177561760,-0.447643637657,-0.373755276203,-0.166549280286,-0.278797715902,-0.050415471196,0.105074428022,0.115849815309,0.428537696600,0.341206878424,0.361687511206,0.412839740515,0.326768338680,0.438629835844,0.310839861631,0.209169268608,0.569342136383,0.433122783899,0.135733649135,-0.190767154098,-0.003971829079,-0.345425635576,-0.272986054420,-0.150151595473,-0.250270485878,0.128600835800,0.146566659212,0.130913943052,0.653347313404,0.603224098682,0.484320312738,0.522906720638,0.354348868132,0.320339322090,0.675145089626,0.696049630642,0.232736825943,0.248747617006,0.290811955929,0.268462687731,0.195154681802,-0.032371435314,-0.179156243801,-0.248702347279,-0.509274899960,-0.730709552765,-0.596399962902,-0.639513850212,-0.800716578960,-0.838150560856,-0.895888209343,0.056087162346,0.238128632307,0.313000708818,0.528059780598,0.391461789608,0.580121636391,0.537588059902,0.374265640974,0.082387670875,-0.083729445934,-0.269989699125,-0.452195823193,-0.922316312790,-0.968171358109,-1.232077717781,-1.163811683655,-0.598202705383,-0.490337699652,-0.042163122445,0.198702573776,-0.038018427789,0.172698423266,0.281361877918,0.390375196934,0.295664578676,0.459736108780,0.347351878881,0.367342710495,0.365132480860,0.357172369957,0.193677082658,0.226044386625,0.203958556056,-0.212005123496,-0.331229954958,-0.550013959408,-0.676877856255,-0.590954601765,-0.754573404789,-0.204082041979,-0.357122987509,-0.696938633919,-0.352212756872,-0.103757344186,-0.056379392743,0.196228921413,0.220133990049,0.275566726923,0.528668940067,0.521013438702,0.499223887920,0.306464672089,0.118656851351,-0.009248393588,-0.219475448132,0.017418425530,0.028140304610,0.008186494932,0.132622048259,0.353394001722,0.246043488383,0.397672683001,0.487645924091,0.286971837282,-0.083605974913,-0.061248484999,0.176674351096,-0.101851686835,-0.267528414726,-0.014714288525,-0.052897356451,-0.415358632803,-0.428566545248,-0.485303997993,-0.685414195061,-0.351603597403,-0.181769818068,-0.436646014452,-0.346862077713,-0.090862274170,0.014175107703,-0.180535063148,0.017134429887,-0.059593897313,-0.153065636754,-0.287428706884,-0.243343472481,-0.026279924437,-0.199167668819,-0.114528611302,-0.045735713094,-0.298035353422,-0.374389111996,-0.063516341150,-0.278781235218,-0.380789309740,-0.416461706161,-0.131934687495,0.279386281967,0.305707365274,0.516321301460,0.632887303829,0.565666675568,0.728585720062,0.662822127342,0.577273428440,0.301797270775,0.118142358959,0.089833304286,0.108260117471,-0.076781831682,0.057107899338,-0.136585637927,-0.204921677709,-0.026386938989,0.081988431513,0.018105776981,0.118302874267,0.286000490189,0.343766927719,0.627874135971,0.627215564251,0.205436155200,0.038858070970,-0.053522970527,0.073168084025,-0.117319181561,-0.022954290733,0.100983232260,-0.232382863760,-0.135038062930,-0.122332334518,-0.244590580463,-0.182193771005,-0.076934121549,-0.043311458081,-0.097069025040,0.238173916936,0.511542737484,0.136466279626,-0.004140580073,-0.131564259529,-0.638999342918,-0.470182240009,-0.602565586567,-1.028522610664,-0.918130397797,-0.458048582077,-0.611258327961,-0.626165986061,-0.449746847153,-0.491189718246,-0.092780277133,-0.028366677463,0.171076759696,0.509624779224,0.378286868334,0.345520287752,0.372779816389,0.295870393515,0.473705410957,0.514765501022,0.455867171288,0.226217269897,0.176303938031,-0.391223102808,-0.308600813150,-0.266820460558,-0.639225721359,-0.185848668218,0.098505474627,-0.067969724536,-0.161762505770,0.012034847401,0.137952119112,0.102325014770,0.336173146963,0.750239372253,0.864167034626,0.512514114380,0.346874415874,0.303381890059,-0.173011213541,-0.185383573174,-0.404525607824,-0.577890813351,-0.509122610092,-0.423335224390,-0.317380011082,-0.358090221882,-0.341803669930,0.358789920807,0.399380773306,0.604578197002,0.860409259796,0.478640377522,0.591358006001,0.654409229755,0.214779227972,0.307230234146,0.119751669466,0.106469713151,0.131049782038,0.019529873505,-0.043278530240,-0.357341110706,-0.200995117426,-0.188964396715,-0.453833937645,-0.583488404751,-0.617864310741,-0.683471500874,-0.720370411873,-0.736175417900,-0.770765244961,-0.865373015404,-0.289433151484,-0.225484639406,-0.352142751217,0.034956209362,0.343828678131,0.671111464500,0.489596873522,0.261564493179,0.358110815287,0.406764686108,0.236004829407,0.151575684547,0.287045925856,0.107494570315,-0.364050000906,-0.285671234131,-0.289836496115,-0.126118943095,0.068928726017,-0.141298323870,-0.082988590002,0.014170991257,-0.047888323665,0.086845174432,0.100147709250,0.174048423767,0.214565187693,0.165606737137,0.354320079088,0.134186089039,0.132914274931,-0.037059426308,-0.156741127372,-0.214536398649,-0.154847830534,0.111309990287,0.041125923395,-0.439584732056,-0.318902879953,-0.213042318821,-0.230213791132,-0.442346513271,-0.161515548825,-0.340828210115,-0.205020457506,-0.021509615704,0.262338280678,0.319664329290,0.350924462080,0.274871140718,0.104683414102,0.342305809259,0.643535077572,0.563719809055,0.026716208085,0.030107699335,-0.204452455044,-0.121702603996,-0.176159873605,-0.127884656191,-0.036919489503,0.017533669248,0.089450530708,0.190795958042,-0.072838820517,-0.296043246984,-0.120274387300,-0.242339178920,-0.520404279232,-0.324315279722,-0.620300889015,-0.568794727325,-0.575055003166,-0.585949718952,-0.408806145191,-0.052304666489,0.208387240767,0.443704724312,0.361280053854,0.348874747753,0.402360677719,0.473359704018,0.454216718674,0.362399548292,0.350916236639,0.223155051470,0.083284929395,-0.263675928116,-0.656607151031,-0.577141761780,-0.369569420815,-0.332168370485,-0.332950383425,-0.482472240925,-0.223982334137,0.097044326365,-0.181975603104,0.095258042216,0.419095873833,0.352290958166,0.588538587093,0.575166106224,0.370026260614,0.294779658318,0.321726381779,0.095155149698,0.168887108564,0.263149112463,0.221232935786,0.186120316386,-0.059618592262,-0.164993479848,0.167446538806,0.132502675056,0.312971889973,0.329332530499,0.041982024908,0.141162499785,0.068257838488,-0.059993140399,-0.086450047791,0.002094985452,-0.368766844273,-0.153119146824,-0.134614139795,-0.177806228399,-0.099094048142,-0.196883365512,-0.246664986014,-0.026950813830,0.077609121799,0.012808633968,-0.081778518856,0.083256125450,0.032140944153,-0.026843801141,-0.129160583019,-0.228143513203,-0.410003870726,-0.833026289940,-0.768806159496,-1.132638096809,-1.110049962997,-0.822551369667,-1.086618304253,-1.089960336685,-0.734310925007,-0.441305160522,-0.230275526643,0.110342755914,0.697062194347,1.149019241333,0.920447707176,1.333978891373,1.309728145599,0.929868936539,1.153464436531,0.944085240364,0.700350701809,0.620613694191,0.102205656469,-0.011886675842,-0.172336220741,-0.237037926912,-0.302612185478,-0.694337427616,-0.952740967274,-0.908042371273,-0.639793694019,-0.462839484215,-0.469803571701,-0.190614864230,0.335329383612,0.490522921085,0.705664336681,0.996048271656,0.930782675743,0.879334151745,0.709879040718,0.406278997660,0.338198155165,0.170883312821,-0.225439354777,-0.344301998615,-0.501701653004,-0.895447790623,-0.555187642574,-0.717526316643,-0.863759636879,-0.442264169455,-0.331205248833,-0.441939026117,-0.236284717917,0.178736403584,0.273780435324,0.308012247086,0.610221087933,0.439308971167,0.164705365896,0.356024056673,0.198998913169,0.169113487005,0.066796697676,-0.122509315610,0.108210727572,0.250237584114,0.056527566165,-0.040430337191,0.192689254880,-0.404904276133,-0.165672600269,-0.103662677109,-0.197089150548,-0.639987170696,-0.624342679977,-0.454426616430,-0.003852468217,-0.270701736212,-0.623610079288,-0.153670668602,0.077930167317,0.341820120811,0.552273511887,0.923695087433,0.711348354816,0.739509284496,0.700107932091,0.314416557550,0.198649063706,0.151106476784,-0.112437739968,-0.440584897995,-0.724873185158,-0.554788351059,-0.596614003181,-0.427377045155,-0.428397774696,-0.398948580027,-0.456027686596,-0.355867624283,-0.312292784452,-0.467605680227,0.070879653096,-0.110956028104,-0.094290807843,0.293462604284,0.276698589325,0.441391617060,0.553623557091,0.534266591072,0.545128405094,0.466963618994,0.444116353989,0.337374985218,0.062507942319,-0.074620991945,-0.124110393226,-0.225739821792,-0.200497105718,-0.058194499463,-0.372318804264,-0.473610758781,-0.591053426266,-0.784808695316,-0.126810416579,-0.231197491288,-0.105259642005,0.222825780511,0.501755177975,0.252896428108,0.546013295650,0.627820611000,0.427430510521,0.096924975514,0.467959672213,0.495033919811,-0.027004322037,-0.143014654517,-0.015088833869,-0.204341337085,-0.538921594620,-0.418754249811,-0.475569933653,-0.366363167763,-0.288758158684,-0.436584264040,-0.272928446531,-0.323562055826,0.011318683624,0.264910697937,0.011557403952,0.140520423651,0.107078857720,0.204827010632,0.482813894749,0.483423054218,0.596276462078,0.644638121128,0.255822837353,0.200332477689,0.278945863247,0.030013034120,-0.105864673853,-0.223760083318,-0.271277964115,-0.488683164120,-0.392655402422,-0.223912373185,0.007684357464,-0.045830376446,-0.256259113550,-0.049921568483,-0.011075845920,-0.102069832385,-0.174793392420,-0.597083210945,-0.372866243124,-0.255049020052,0.005935105961,-0.093228906393,-0.384337216616,-0.080560214818,0.274043828249,0.472260743380,0.304707169533,0.832635283470,0.727025806904,0.572610139847,0.343190699816,0.184856727719,-0.079037338495,-0.257683217525,-0.406982809305,-0.546869397163,-0.706084191799,-0.832441806793,-0.857544660568,-0.576520264149,-0.199217051268,-0.053255435079,0.099851369858,0.295113056898,0.485411018133,0.287939071655,0.278966456652,0.470634996891,0.464012503624,0.441115826368,0.378764301538,0.353282839060,0.333876490593,0.168882995844,0.277674049139,-0.004622138571,-0.283921986818,-0.070307545364,-0.106803096831,-0.428187876940,-0.573569118977,-0.241804122925,-0.250920832157,-0.076967045665,-0.117121621966,-0.073151625693,0.082848645747,0.498627096415,0.596321761608,0.714620471001,0.522577404976,0.563835084438,0.472956329584,0.470960140228,0.057169638574,-0.266433596611,-0.333415478468,-0.574709236622,-0.499894797802,-0.474224060774,-0.738714873791,-0.599388062954,-0.454303145409,-0.783450484276,-0.635155141354,-0.563950300217,-0.602911293507,-0.261099398136,-0.248747617006,-0.307864069939,0.003091029357,0.096072979271,0.021579584107,0.227291524410,0.355719476938,0.574063062668,0.530907988548,0.715937614441,0.633858621120,0.443910509348,0.357781559229,0.121163420379,-0.174616426229,0.013557725586,0.022530354559,-0.291499316692,-0.509530127048,-0.567708134651,-0.504422247410,-0.396236240864,-0.437876641750,0.054383188486,0.361703962088,0.137573450804,0.500450491905,0.823674976826,0.443741798401,0.387897461653,0.597223103046,0.481636732817,0.577520430088,0.247327625751,0.212733611465,0.150546729565,-0.003967713099,0.079020872712,0.004568632226,-0.032437290996,-0.025872452185,-0.096957899630,-0.488613158464,-0.551298081875,-0.371302187443,-0.854000806808,-0.845921337605,-0.436032712460,-0.339906245470,-0.436934083700,-0.342651546001,0.082671664655,0.204654142261,0.204436004162,0.248121991754,0.261774390936,0.400850176811,0.581817388535,0.169512718916,0.124069236219,0.353138804436,0.218039005995,-0.137244179845,-0.129251137376,0.005605835468,-0.156959265471,-0.196895703673,-0.235091120005,-0.337942957878,0.010845356621,0.209803119302,0.306431740522,0.345874279737,0.307386636734,0.892426729202,1.055679202080,0.873876512051,0.722724676132,0.872390627861,0.671041548252,0.599725604057,0.736574590206,0.451138019562,0.136330455542,0.054342027754,-0.331464558840,-0.654466867447,-0.438391119242,-0.405978530645,-0.497902721167,-0.261185824871,-0.289359062910,-0.506266176701,-0.355451941490,-0.320438116789,-0.212124466896,-0.071122489870,-0.162281110883,0.010705417022,-0.156514748931,-0.097455926239,0.021744219586,0.061923488975,-0.164664208889,-0.151267006993,-0.170652821660,-0.218705773354,-0.373619437218,-0.601269066334,-0.382810235023,-0.154732584953,0.231032863259,0.568416059017,0.441704392433,0.194360315800,0.130037263036,-0.008865616284,0.081823796034,-0.012038962916,-0.073102235794,-0.027967438102,-0.477339774370,-0.602763116360,-0.513304352760,-0.355254352093,-0.213630884886,-0.355406671762,-0.257106989622,-0.309489846230,-0.224723204970,-0.033540345728,-0.165816664696,-0.186610102654,0.049250680953,0.061236139387,0.013142020442,0.093479976058,0.069854795933,-0.054510779679,-0.117430306971,0.222027301788,0.247241213918,0.069496713579,-0.038010198623,-0.100711591542,-0.162758558989,0.000954885327,0.087256759405,0.276126474142,0.138614773750,0.237112030387,0.624758362770,0.504302918911,0.574227690697,0.789731323719,0.763076841831,0.545317709446,0.350500553846,0.236926808953,0.127621248364,-0.179897099733,-0.280686885118,-0.437954872847,-0.551129341125,-0.239684432745,-0.321537047625,-0.681755185127,-0.313506960869,-0.255530595779,-0.117850132287,-0.088306315243,0.093940958381,0.071287125349,-0.021892391145,-0.114343389869,-0.139676675200,0.263210833073,0.227472603321,0.143084630370,-0.032676011324,-0.155790358782,0.139721944928,0.140886738896,-0.045320011675,0.162844985723,0.205617263913,-0.196167185903,-0.319454401731,-0.479545861483,-0.544124126434,-0.534353017807,-0.790924966335,-0.723856568336,-0.767464399338,-0.726490736008,-0.771250963211,-0.368433415890,-0.501088380814,-0.247611626983,-0.007099901792,0.067644566298,-0.121537961066,0.232424005866,0.513193190098,0.307440131903,0.430747926235,0.603750944138,0.592452824116,0.548824429512,0.533492743969,0.531014978886,0.752404332161,0.531023204327,0.404908388853,0.266705214977,0.140018299222,0.179699540138,0.189573541284,-0.165100485086,-0.798963189125,-0.433727830648,-0.031935151666,-0.275858968496,-0.235284566879,-0.248908132315,0.071480572224,0.479014933109,0.637097835541,0.493346422911,0.459649652243,0.612015664577,0.587904751301,0.291063040495,0.037676807493,0.043323803693,-0.088775523007,-0.267882376909,-0.220726683736,-0.324706286192,-0.471281170845,-0.191853746772,-0.016418265179,-0.321545273066,0.002288432093,0.154810771346,0.002226693556,0.100789792836,0.001218301943,-0.017179703340,-0.362078517675,-0.001452907454,-0.195232883096,-0.337835937738,-0.222237199545,0.016764000058,-0.359057426453,-0.194105133414,-0.186214998364,-0.301385670900,-0.020274847746,0.000288111944,-0.209379181266,0.098871789873,0.152143687010,-0.000263416645,-0.078494042158,-0.311650693417,-0.307003855705,-0.425767689943,-0.243331104517,-0.125217571855,0.193125545979,0.103605061769,-0.165380373597,-0.011331031099,0.060038413852,-0.010137423873,0.202740252018,0.266186624765,-0.021188575774,0.094130292535,0.104712225497,0.021962363273,0.421598345041,0.451496124268,0.162618607283,0.256654232740,0.276126474142,0.129675075412,0.367359220982,0.099279262125,0.197718873620,0.363370925188,0.326957672834,0.052996132523,0.190297931433,-0.121690250933,0.048402808607,-0.077308662236,-0.296306669712,0.045529916883,0.349590897560,0.131152674556,0.181148335338,0.075818717480,0.011540940963,-0.106934800744,0.104687534273,0.027720486745,0.006527793128,-0.087075658143,-0.209502667189,-0.012248872779,0.133391723037,0.280600458384,0.144175335765,0.105230830610,-0.021805956960,0.197764143348,-0.224998980761,-0.538386583328,-0.491811215878,-0.414391398430,-0.633500516415,-0.176876038313,-0.292762905359,-0.557393729687,-0.158206388354,0.017801202834,-0.223208561540,0.101209610701,0.187935426831,0.098513700068,-0.050003882498,-0.321462959051,-0.254699170589,-0.005922758486,0.013627694920,0.295413523912,0.334267467260,-0.111565172672,0.131819456816,0.226632967591,-0.023946218193,0.209082826972,-0.051637887955,0.037540987134,-0.071200691164,-0.112137287855,-0.027391213924,-0.189458310604,-0.170866847038,0.038039010018,-0.208909973502,0.046888157725,0.408262848854,0.578216016293,0.893414556980,0.667271375656,0.559068918228,0.468194246292,0.278122693300,0.509851157665,0.122546359897,-0.343980967999,-0.288169562817,-0.595547974110,-0.691143512726,-0.504055976868,-0.473680734634,-0.477796614170,-0.126489371061,0.058182150126,0.085766807199,0.275883644819,0.161799550056,0.534785151482,0.401150614023,0.195064127445,0.334884852171,0.260868906975,0.039961125702,0.120039783418,-0.114709712565,-0.323022872210,-0.281234294176,-0.444248050451,-0.525339186192,-0.847304284573,-0.576059281826,-0.653384387493,-0.610937297344,-0.535809993744,-0.595408022404,-0.205119252205,-0.148455858231,-0.277826339006,-0.259395420551,-0.148274749517,0.081272259355,0.606306850910,0.521754264832,0.476528942585,0.650235712528,0.204403072596,-0.029350373894,-0.018607914448,-0.331715613604,-0.458608359098,-0.378204524517,-0.491840004921,-0.429389715195,-0.209502667189,0.082177758217,0.208617746830,0.234737157822,0.359300285578,0.406711161137,0.509077310562,0.731372117996,0.374792456627,0.669065892696,0.746860265732,0.627232015133,0.546453714371,0.387555837631,0.170401751995,0.188993200660,0.225945621729,0.035433653742,-0.415049940348,-0.082939192653,-0.143035233021,-0.337910056114,-0.344104439020,-0.499754875898,-0.526273548603,-0.222159013152,-0.365893930197,-0.299204260111,-0.127658292651,-0.286819577217,-0.149690628052,-0.157132133842,0.131868839264,0.365243613720,0.563909173012,0.461806416512,0.393795520067,0.465144366026,0.253270983696,-0.259687632322,-0.496807873249,-0.266219556332,-0.286638468504,-0.695033013821,-0.516551792622,-0.568420171738,-0.576121032238,-0.324500501156,-0.279098153114,0.028103262186,-0.011438043788,-0.030177667737,0.147109955549,-0.048312257975,0.100505791605,0.309465169907,0.007824297063,0.114824958146,0.161478519440,0.262317687273,-0.078531078994,-0.161577299237,-0.001843916485,-0.245269700885,-0.445742100477,-0.433468550444,-0.393606185913,-0.394429355860,-0.352772474289,-0.363362699747,-0.206045314670,0.131053894758,-0.096571005881,0.199620410800,0.410917609930,0.249690160155,0.314861088991,0.055012915283,0.503516793251,0.758401155472,0.343552917242,0.205983579159,0.214326471090,0.037717968225,0.166643947363,0.027687557042,0.037878490984,0.226431280375,0.241503670812,0.060009602457,0.269804477692,0.142257332802,0.043743625283,-0.109634831548,-0.307621240616,-0.342997282743,-0.321285963058,-0.247442886233,-0.050477210432,0.110565014184,-0.166907355189,0.181922107935,-0.107626274228,0.164684787393,0.285296678543,0.342272877693,0.450384795666,0.705351531506,0.509402453899,0.633451163769,0.274797052145,0.043587218970,0.264507353306,0.348257362843,0.181992083788,-0.153703615069,-0.245113298297,-0.246442735195,-0.180144056678,0.063277609646,0.059182308614,0.082400016487,0.286099284887,-0.480369031429,-0.322780042887,-0.391758143902,-0.590901136398,-0.630623519421,-0.794040679932,-1.098994731903,-1.018306970596,-0.709516823292,-0.164511919022,0.171286672354,0.040701985359,0.581162929535,0.828404128551,0.420310050249,0.452837884426,0.563489317894,0.267409026623,0.477405577898,0.524264931679,-0.007215146441,-0.085108265281,-0.080519057810,-0.869093835354,-0.795423626900,-0.810853958130,-0.778857111931,-0.378422707319,-0.733804643154,-0.725597560406,-0.424471199512,-0.264264494181,0.122534006834,0.486855655909,0.486374109983,0.766612350941,0.865076661110,0.818093836308,0.784956932068,0.649778842926,0.471886187792,0.309823244810,0.094451323152,-0.191907256842,-0.335028916597,-0.633405864239,-0.967504620552,-0.855997085571,-0.632652699947,-0.262721031904,-0.413712292910,-0.464979767799,0.307588309050,0.527952790260,0.483665853739,0.915401577950,1.001217842102,0.916702270508,0.743707478046,0.530084848404,0.432344883680,0.385855972767,0.192866250873,-0.026654472575,-0.133733332157,-0.465502470732,-0.428550034761,-0.326048076153,-0.797053456306,-0.978033065796,-0.482274681330,-0.488197475672,-0.489012420177,-0.368585735559,-0.823786079884,-0.524227917194,-0.389399766922,-0.271706014872,0.072311982512,-0.080412045121,-0.401833832264,0.061285529286,0.410436064005,0.472240179777,0.627487242222,0.621897876263,0.391856908798,0.514041125774,0.405229419470,0.237095549703,0.195146456361,0.139746636152,-0.072674177587,-0.350940942764,-0.505895733833,-0.420803964138,-0.279703199863,-0.124015733600,-0.129185274243,0.048159968108,0.220315098763,0.307736486197,0.191079959273,0.221463426948,0.460678666830,0.418717205524,0.359501987696,0.375533342361,0.488493829966,0.276706844568,0.167018488050,0.156457126141,0.095640815794,-0.081107623875,-0.499894797802,-0.396997690201,-0.427496403456,-0.642172694206,-0.627890586853,-0.305863767862,-0.219080328941,-0.232267603278,-0.069965928793,-0.207514688373,-0.053271900862,0.319997698069,0.389543801546,0.731384515762,0.663645267487,0.469157397747,0.232292309403,-0.216001644731,-0.366017401218,-0.555195868015,-0.710340023041,-1.037198901176,-0.999703168869,-0.959857285023,-0.768921375275,-0.438288241625,-0.067080691457,0.098563089967,0.453492343426,0.833557188511,0.629108905792,0.520140826702,0.379278779030,0.261922568083,0.326883584261,0.478195846081,0.168220326304,0.225295305252,0.085396379232,0.202349245548,0.018616147339,0.202674403787,0.342972576618,0.159667521715,0.009631169960,0.063446365297,-0.242083996534,-0.530097186565,-0.166059494019,-0.166528701782,-0.028704179451,0.075040809810,-0.134288981557,0.047666065395,0.147101730108,0.278682440519,0.260350316763,0.466918319464,0.132490336895,0.178382441401,0.265054762363,-0.337523132563,-0.275521457195,-0.468223065138,-0.697712481022,-0.525553226471,-0.398936241865,-0.395178467035,0.132860764861,0.093940958381,0.034770995378,0.376916289330,0.317869812250,0.317972689867,0.307324886322,-0.067068345845,-0.172961831093,-0.289169728756,-0.336724668741,-0.154584407806,-0.264285087585,-0.074225865304,-0.057013239712,-0.105206131935,-0.145430684090,0.117957137525,-0.046472456306,-0.131358459592,-0.089985586703,-0.131716549397,-0.338844329119,-0.386102944613,-0.102666631341,-0.463884919882,-0.580681383610,-0.468309491873,-0.446009665728,-0.326397925615,-0.183420285583,-0.303756415844,0.066611483693,-0.321532934904,-0.082770444453,0.275505006313,0.220512658358,-0.007898382843,0.378463834524,0.308489680290,0.164767116308,0.126678705215,0.034548737109,-0.105156742036,0.079444810748,0.189701125026,0.207856312394,0.196710482240,0.079383075237,0.111721575260,-0.029259826988,0.131823569536,0.182560071349,0.223332032561,0.404472142458,0.393544435501,0.483332484961,0.695625722408,0.449100673199,0.486419409513,0.253258615732,0.115948595107,0.143837824464,-0.034190654755,0.026687398553,-0.256971150637,-0.193500101566,0.214264735579,0.169113487005,-0.015953170136,0.213458016515,-0.090351909399,-0.022966638207,0.290589690208,-0.154847830534,-0.088454484940,-0.088470943272,-0.297887176275,-0.249990627170,-0.545453548431,-0.509266674519,-0.171109676361,-0.441025316715,-0.343643486500,-0.429027497768,-0.502010345459,-0.098633065820,-0.102588430047,-0.255415350199,-0.141323029995,0.102337367833,0.011582099833,-0.131210297346,-0.167421847582,-0.212708935142,0.110112272203,-0.237268418074,-0.463037043810,0.088236339390,-0.013104977086,-0.525260984898,-0.035063222051,-0.008989091963,-0.261593312025,0.237799361348,0.085174120963,-0.153621286154,-0.232000082731,-0.241281405091,-0.267717719078,-0.218746930361,-0.234695985913,-0.070780873299,0.040475614369,0.040829576552,0.167722314596,0.372508138418,0.513353765011,0.598795413971,0.775103449821,0.740176022053,0.710006654263,0.687373340130,0.546667695045,0.130090773106,-0.166652172804,-0.091245055199,-0.353760302067,-0.732853889465,-0.935606479645,-0.563015997410,-0.408287554979,-0.498079717159,-0.156033203006,0.251896262169,-0.030111812055,0.521108090878,0.721802771091,0.585443496704,0.715431332588,0.827288746834,0.700074970722,0.834079921246,0.582319498062,0.482641011477,0.614929676056,0.339074820280,0.044496830553,-0.107712700963,-0.427356421947,-0.408509790897,-0.830322146416,-0.961585938931,-0.799387156963,-0.786887228489,-0.663768768311,-0.573960185051,-0.447425514460,-0.181424081326,0.027061942965,0.519729256630,0.821197271347,0.946567118168,0.873448371887,0.622860968113,0.502380788326,0.536316275597,0.368840932846,0.081807330251,-0.498264938593,-0.387029021978,-0.422223925591,-0.544498622417,-0.743411123753,-0.601162016392,-0.551931917667,-0.338445097208,-0.128967136145,-0.400813102722,-0.235358640552,-0.032305579633,-0.263363122940,0.109219126403,-0.024209635332,-0.176542639732,0.015574508347,-0.027378866449,-0.286782503128,0.037520404905,0.139660209417,0.196570545435,-0.019270572811,-0.244248971343,0.020921044052,-0.174665808678,-0.371676743031,-0.409773379564,-0.335061848164,-0.218985661864,-0.192084223032,-0.180263414979,-0.122933246195,0.000588571536,0.345207512379,0.377039760351,0.530208289623,0.521877706051,0.401265859604,0.376455307007,0.344219684601,0.165261000395,0.139594361186,0.189836949110,0.119875140488,0.337872982025,0.370832979679,0.042253673077,0.161696657538,0.200550600886,0.305522143841,0.575495362282,0.838940799236,0.563337028027,0.441087037325,0.358950436115,0.119303032756,-0.230040937662,-0.209984213114,-0.304003357887,-0.595198094845,-0.907116293907,-1.155328869820,-0.964006125927,-0.690818369389,-0.577820897102,-0.408662110567,-0.152501761913,0.142817094922,0.143911913037,0.299533516169,0.392935305834,0.159375295043,0.083721213043,0.132601469755,0.024316646159,-0.100884459913,-0.382834911346,-0.409526437521,-0.684051811695,-0.887956917286,-0.725107789040,-0.497886270285,-0.326332032681,0.025995928794,-0.161108091474,0.042257793248,0.245384931564,0.144768014550,0.241931706667,0.334831357002,0.262791037560,0.511291682720,0.476421922445,0.510583758354,0.468264251947,0.303978681564,0.364350467920,0.535777091980,0.216005757451,0.093130126595,0.217841446400,-0.089063629508,0.187861338258,0.229575827718,-0.000835524639,0.008240001276,0.426821380854,0.354398280382,0.319372087717,0.274714738131,0.049571719021,-0.117780156434,-0.372615158558,-0.562587976456,-0.474919587374,-0.499857783318,-0.486353546381,-0.288223087788,-0.299710512161,-0.440539628267,-0.119965694845,0.080305032432,0.231580272317,0.434295833111,0.490905702114,0.487283706665,0.542806982994,0.331929653883,0.096962012351,-0.013483638875,-0.166602790356,-0.227295637131,-0.426327466965,-0.345890730619,-0.407670170069,-0.431916832924,-0.132926613092,0.350014865398,-0.069591380656,-0.227604329586,0.152938053012,0.171957552433,0.251455873251,0.509200811386,0.638019740582,0.101473025978,0.090895205736,0.409600496292,0.404859036207,0.049641687423,0.347903400660,0.043463744223,-0.248916357756,-0.382871955633,-0.375673264265,-0.526479303837,-0.319828957319,-0.099810205400,0.096278779209,0.052477534860,0.354690521955,0.172048106790,0.179958835244,0.097472392023,0.342630952597,0.422228068113,0.601075589657,0.584295153618,0.111404657364,0.108745798469,0.179308533669,-0.162655651569,-0.217376351357,-0.412452816963,-0.617345690727,-0.337214469910,-0.486880362034,-0.543333888054,-0.454035609961,-0.135350868106,-0.044982504100,0.027107218280,-0.028654791415,0.537917315960,0.710167109966,0.536629080772,0.577034711838,0.741357266903,0.520577132702,0.470437437296,0.438033074141,0.432414859533,0.346195310354,0.303365409374,0.204431891441,0.268540918827,0.006927034352,-0.210317596793,-0.377080917358,-0.309271693230,-0.616901218891,-0.432896435261,-0.539678931236,-0.899123251438,-0.467058300972,-0.212062731385,-0.432423084974,-0.021871812642,0.128415614367,-0.032659545541,0.371573865414,0.272891402245,0.166528701782,0.385477304459,0.175966426730,0.030383462086,-0.083276696503,-0.122204743326,-0.148488774896,-0.125802025199,-0.443243771791,-0.240478813648,-0.195920228958,0.009441840462,0.040755491704,-0.033560924232,-0.012874487787,0.389704346657,0.406768798828,0.580368578434,0.353595703840,0.174900427461,0.089923858643,0.400257468224,0.313795059919,0.146862998605,0.147764384747,0.189038470387,0.087709508836,0.285025030375,-0.147151112556,0.058717217296,-0.109346717596,-0.612353146076,-0.463028818369,-0.349578559399,-0.280522257090,0.005560560152,-0.251818090677,-0.286375045776,-0.157914161682,0.060133077204,-0.114565655589,-0.090730562806,-0.423602759838,-0.513090312481,-0.336662918329,-0.352295070887,-0.275801330805,-0.123151391745,-0.275072813034,-0.189499452710,-0.002251388971,-0.247327625751,-0.003617862938,-0.090705871582,0.123085536063,0.349471539259,0.168862417340,0.055790822953,0.261704415083,0.403838306665,0.106873072684,-0.086396545172,0.085655681789,-0.211511209607,-0.105712383986,-0.018698465079,0.027662862092,0.117331527174,0.186009183526,0.370055109262,0.094097360969,-0.038919806480,0.120364934206,0.041842088103,-0.475878596306,-0.595572650433,-0.289313793182,-0.343404740095,-0.357835024595,-0.476899325848,-0.259572386742,0.232489883900,0.095019318163,0.263231396675,0.578162491322,0.257901370525,0.553290188313,0.647622168064,0.250735610723,0.104041337967,-0.119965694845,-0.086256600916,-0.288482367992,-0.548709213734,-0.541444659233,-0.255501776934,-0.357020080090,-0.299883365631,0.062721967697,0.008832689375,-0.134642943740,0.333543092012,0.258852124214,0.074509866536,-0.073163971305,0.008523997851,0.139158070087,0.118846178055,0.038940384984,0.080576680601,0.058215074241,0.107745639980,0.072299629450,0.220504418015,0.167397156358,0.240071341395,0.306793928146,0.059610359371,0.121253974736,0.166948527098,0.314626455307,0.178682908416,0.136968418956,0.238219186664,-0.216828942299,-0.199315831065,0.212651312351,0.144772127271,-0.006029771641,-0.298698008060,-0.348693639040,-0.121727295220,-0.275743693113,-0.228888481855,-0.024934029207,-0.212247952819,-0.342947900295,0.031161366031,-0.130946889520,-0.038339469582,0.169360429049,-0.044253993779,0.212918832898,0.343100160360,0.455953598022,0.415667325258,0.316482752562,-0.019011272117,0.127637714148,-0.073682568967,0.205423817039,0.329892307520,-0.027811033651,-0.054300867021,0.106230989099,0.174624651670,0.331365764141,0.148653417826,0.333576023579,0.151950240135,-0.019859144464,-0.001950929407,0.002020899439,-0.030885601416,0.176320388913,0.049888640642,0.035293713212,-0.137968569994,0.024621222168,0.236321777105,0.655244767666,0.686595499516,0.550812423229,0.612241983414,0.419034123421,0.434485167265,0.416362911463,0.153024479747,-0.122966170311,-0.149826437235,-0.066813156009,-0.245574265718,-0.134540051222,-0.514353930950,-0.459694951773,0.011224017479,0.233123704791,0.088051132858,0.124225638807,-0.126641660929,-0.255732268095,-0.265647441149,-0.265622735023,-0.241462513804,-0.292902827263,-0.228435724974,-0.150200992823,-0.183008700609,-0.176666125655,0.094443097711,0.204505965114,0.451018691063,-0.249286800623,0.065207965672,0.236675739288,-0.202769085765,-0.088261038065,-0.078938558698,-0.412568062544,-0.169595032930,-0.085219398141,0.197702422738,0.484320312738,0.146891817451,0.377085030079,0.505599439144,0.233354210854,0.387243032455,0.426570326090,-0.061964645982,-0.239894345403,-0.014792490751,-0.484365552664,-0.535826444626,-0.251410603523,-0.433163970709,-0.478179395199,-0.164684787393,0.105918176472,0.213733792305,0.285070300102,0.236461699009,0.266828715801,0.127658292651,0.125271067023,0.432534217834,-0.146488457918,-0.201818317175,-0.308353871107,-0.445968478918,-0.532237410545,-0.410522490740,-0.597898125648,-0.527549445629,-0.142179131508,-0.230798244476,-0.159996792674,0.165256887674,-0.006762398873,-0.188470497727,-0.100867994130,0.139265075326,0.024366037920,-0.042928680778,-0.008561041206,-0.381163865328,-0.384995788336,-0.089981473982,-0.355114430189,-0.090788185596,0.056852716953,-0.156835794449,0.032359085977,0.089479342103,-0.170825690031,0.334139883518,0.083889961243,0.123303681612,0.415704399347,0.278624832630,0.136556833982,0.649066805840,0.492115765810,0.660031557083,0.891768217087,0.832133114338,0.828050196171,0.757075905800,0.593716382980,0.646119832993,0.584109961987,0.458896487951,0.377809405327,0.321915715933,0.147752031684,-0.184136465192,-0.468721061945,-0.295343548059,-0.288844555616,-0.709228694439,-0.714299499989,-0.770806491375,-0.593942761421,-0.548264682293,-0.587958276272,-0.530475854874,-0.393984854221,-0.132375091314,0.011182858609,-0.167714074254,-0.204242557287,-0.041232936084,0.342375755310,0.298339933157,-0.083350785077,0.039047397673,-0.239157617092,-0.442132502794,-0.568288445473,-0.851625978947,-0.738253951073,-0.708154439926,-0.871209323406,-0.451726615429,-0.419577419758,-0.203353524208,-0.126826867461,0.214865654707,0.071711063385,0.302603960037,0.361839771271,0.359444320202,0.297743111849,0.471507519484,0.369034349918,0.423030644655,0.692263007164,0.653730094433,0.403257966042,0.466955393553,0.332184851170,0.449174731970,0.324162989855,-0.173324033618,-0.242178663611,-0.184305205941,-0.451990008354,-0.380550593138,-0.385308593512,-0.352854818106,-0.332016080618,-0.180526822805,0.052218232304,0.354287147522,0.562501549721,0.510678410530,0.556418240070,0.795966863632,0.595782577991,0.387860417366,0.709027051926,0.269726276398,0.096324056387,0.006058582570,-0.410205543041,-0.729906916618,-0.534566998482,-0.519046008587,-0.300883531570,-0.300813555717,-0.190219745040,0.070315778255,0.177448153496,0.053415954113,0.226455986500,0.291132986546,0.173040032387,0.228225812316,0.205769553781,-0.089001893997,-0.093484096229,0.040928360075,-0.165479153395,-0.314700573683,-0.156547680497,-0.248554170132,-0.150172173977,-0.460608690977,-0.207568198442,-0.134371295571,-0.184630364180,-0.058457914740,0.338622093201,-0.084754303098,0.134107872844,0.477327406406,0.356768995523,0.595082879066,0.625725626945,0.589143633842,0.479566454887,0.203106567264,0.232642158866,0.142459020019,-0.131605416536,-0.428858727217,-0.420544654131,-0.732491672039,-0.481933087111,-0.431970357895,-0.259535342455,-0.120237343013,0.012207713909,0.385390907526,0.363078683615,0.254810333252,0.260049849749,0.074793860316,-0.108260117471,0.051699627191,-0.161560833454,-0.481801390648,-0.465720593929,-0.554413795471,-0.275665521622,0.056395854801,-0.107375204563,-0.190380260348,-0.165326863527,-0.284403532743,-0.022106418386,0.274117946625,-0.208148524165,-0.015788534656,0.238622546196,-0.033165797591,0.011857864447,0.398763418198,0.158095255494,-0.114783793688,0.303027927876,0.084820158780,-0.100378200412,-0.176447987556,-0.131123870611,-0.080506712198,0.032881803811,-0.199171781540,0.142026841640,-0.042405962944,-0.359703660011,-0.339264154434,-0.343993335962,0.061129122972,0.590596556664,0.242104589939,0.321462959051,0.553199648857,0.539312601089,0.595008790493,0.458373785019,0.186260253191,0.029918367043,-0.010717764497,-0.165507957339,-0.013154367916,-0.255884557962,-0.213396295905,-0.136486858130,-0.124937690794,-0.066607370973,0.050032697618,0.086347155273,-0.254818558693,-0.178201362491,0.338881373405,-0.216944172978,0.024999884889,0.290861368179,0.091076299548,-0.000827292854,0.077921934426,-0.159819811583,-0.010088033974,0.118401661515,-0.123468317091,-0.027345940471,-0.112668231130,-0.183107480407,-0.081264033914,-0.410892903805,-0.488995939493,-0.164795920253,-0.328509360552,-0.442774534225,-0.158971935511,-0.279546797276,-0.272006481886,0.344380199909,0.558015227318,0.630520641804,0.584151089191,0.209502667189,0.158733218908,0.016574669629,-0.221702128649,-0.075728163123,-0.063969083130,-0.029403882101,0.039331395179,-0.250188171864,-0.188861504197,-0.079675301909,-0.116096764803,-0.056428782642,-0.084194540977,-0.504344105721,-0.377159118652,-0.649494826794,-0.748856425285,-0.385592579842,-0.395199030638,-0.221492230892,-0.221002429724,-0.344018012285,-0.020258385688,-0.052736833692,0.169862568378,0.504998505116,0.286523222923,0.479467660189,0.670564115047,0.286325663328,0.423207640648,0.275122225285,0.091660752892,-0.011306336150,-0.131852373481,-0.016072530299,-0.035729996860,-0.092558011413,0.035701185465,0.123381882906,0.004502777942,0.130238950253,0.312811374664,0.360415697098,0.248311325908,0.174089595675,0.164433717728,-0.013314887881,0.009865775704,0.198784902692,0.015537465923,-0.111770965159,0.243100628257,0.055938992649,-0.188923239708,-0.030679807067,-0.172756031156,-0.362132012844,-0.367774903774,-0.471116513014,-0.526042997837,-0.488814830780,-0.207864537835,-0.091446734965,-0.179711878300,0.035396609455,0.203596353531,0.240096017718,0.335275888443,0.459657907486,0.373249024153,0.229131311178,0.406863451004,0.125896692276,-0.407246232033,-0.627886474133,-0.469252049923,-0.468046098948,-0.589966833591,-0.323615580797,-0.131058007479,-0.101077899337,0.218150123954,0.360065817833,0.482546359301,0.711492478848,0.653861820698,0.778367340565,0.710117757320,0.510180413723,0.638036251068,0.376870989799,0.035787619650,-0.331085890532,-0.205736622214,-0.240610525012,-0.415687888861,-0.478949069977,-0.284090727568,-0.566568017006,-0.649568974972,-0.336609393358,-0.381781250238,-0.054514892399,-0.025218026713,-0.181053668261,0.113643690944,0.103683255613,-0.133432865143,0.043257951736,-0.097369484603,-0.104057803750,0.018146935850,0.042628221214,0.010668373667,-0.024715887383,-0.003305055434,-0.114030592144,-0.276114135981,-0.456023573875,-0.531352519989,-0.627693057060,-0.904329895973,-0.731022298336,-0.914236843586,-0.809862077236,-0.186474293470,0.047694873065,0.089919738472,0.496272832155,0.593786358833,0.855276763439,0.646654903889,0.553368389606,0.632973730564,0.601203203201,0.375018835068,0.460098326206,0.308786034584,0.172879517078,0.364095300436,0.232588663697,0.066269867122,0.185749888420,0.370491385460,0.124530211091,-0.169891387224,0.093179516494,0.085445769131,0.125159934163,0.152905121446,0.034762766212,0.233341872692,0.450594753027,0.478265821934,0.529241025448,0.463477462530,0.372104793787,0.504039525986,0.482171803713,0.508484661579,0.298936724663,0.092685617507,-0.378225147724,-0.345149874687,-0.475100696087,-0.706466972828,-0.787154793739,-1.085490584373,-1.183884859085,-0.908610403538,-1.175179839134,-0.969846487045,-0.692481160164,-0.791418790817,-0.536908924580,-0.482850909233,-0.286111623049,0.046386022121,0.150456175208,0.092483930290,0.046698831022,0.367857217789,0.499100446701,0.232012420893,-0.021213270724,-0.136791437864,-0.214400559664,-0.065088607371,-0.062260992825,-0.273010760546,-0.265700936317,-0.174196600914,-0.116714149714,0.013837604783,-0.081441015005,-0.279797852039,-0.030799167231,0.023036608472,-0.146122142673,-0.113890647888,0.033581502736,0.338017046452,0.324080646038,0.268166363239,0.498894631863,0.301612049341,0.334872514009,0.460369974375,0.339288860559,0.251254200935,0.460818588734,0.813582897186,0.504549860954,0.493753880262,0.554985940456,0.364803224802,0.109589554369,0.195167034864,-0.202419221401,-0.157819494605,-0.047608438879,-0.339490532875,-0.195364594460,-0.104028992355,-0.049497634172,-0.050082091242,-0.045040126890,0.046254310757,-0.034536387771,-0.120624236763,-0.093475855887,-0.190499603748,-0.325784623623,-0.405291169882,-0.489827334881,-0.532402038574,-0.307658284903,-0.275188058615,-0.407423198223,-0.120373167098,-0.092364579439,0.243080034852,0.302822113037,0.453191876411,0.314210772514,0.218446478248,0.294014126062,0.230551302433,0.131733015180,0.409547030926,0.300179719925,0.071875698864,-0.145175486803,-0.123916953802,0.228909060359,0.124575488269,0.216857746243,0.353344589472,0.326862990856,0.375339895487,0.387292444706,0.355456054211,0.099032305181,-0.439893424511,-0.179864168167,-0.062886603177,-0.327274590731,-0.351854652166,-0.296216130257,-0.228542745113,-0.385629594326,-0.215775251389,-0.163532346487,-0.457830458879,-0.550577819347,-0.388667106628,-0.333802372217,-0.502660691738,-0.145895764232,0.029305100441,-0.281917542219,-0.420363545418,-0.061598334461,0.239705026150,-0.193590641022,-0.191084071994,-0.012380582280,-0.090998098254,-0.007931309752,0.304690718651,0.101695284247,-0.156811103225,0.215301945806,-0.082255959511,-0.541259467602,-0.342836737633,-0.053206041455,0.039035052061,0.042969837785,0.120274387300,0.442840427160,0.272619754076,0.177781522274,0.421055018902,0.306345313787,0.110458008945,0.007931309752,-0.078662790358,-0.253966569901,-0.202822580934,-0.239153489470,-0.070291079581,0.005000799894,0.134918704629,0.118344038725,0.088211648166,0.012232409790,0.224476248026,0.275463819504,-0.172735452652,-0.034581664950,0.177966743708,0.225068941712,-0.156152561307,-0.127864077687,-0.203164204955,-0.340511292219,0.084540277719,0.150509670377,0.391330093145,0.434637427330,0.421664148569,0.500228166580,0.397969037294,0.039409600198,0.099550910294,0.058902427554,0.058408524841,-0.221961453557,-0.101892843843,-0.050958771259,0.054774194956,0.402488261461,0.305777311325,0.388844102621,0.430583298206,0.473878294230,0.570844411850,0.468054324389,0.295932114124,0.355476617813,-0.006700660568,-0.096077106893,-0.422409147024,-0.214873880148,-0.030107699335,-0.413411855698,-0.194327384233,-0.186371386051,-0.550758898258,-0.373504191637,-0.318573623896,-0.688513457775,-0.446388274431,-0.580689609051,-0.911355674267,-0.726297259331,-0.674276590347,-0.597963988781,-0.467700332403,-0.173418700695,0.153938204050,0.290993064642,0.088594421744,0.128185123205,0.136297523975,0.004169391468,0.083717100322,-0.215507730842,-0.307007968426,-0.214972659945,-0.296681195498,-0.167816981673,-0.002704136306,-0.260169208050,0.025588454679,0.339675754309,0.378443270922,0.379867374897,0.462456703186,0.430476307869,0.488386809826,0.504875004292,0.343676388264,0.595226943493,0.528911769390,0.520996987820,0.442733407021,0.048781465739,0.147472158074,0.203616946936,0.114429831505,-0.134679988027,-0.059285204858,-0.106494411826,-0.078296482563,-0.364506870508,-0.387843936682,-0.262202441692,-0.061791777611,-0.090129643679,0.054041568190,0.214836850762,0.581763863564,0.751881659031,0.670341849327,0.538802266121,0.709558010101,0.684043586254,0.435522347689,0.234259694815,-0.157115682960,-0.480723023415,-0.812208175659,-0.519873261452,-0.713315784931,-0.938055455685,-0.708380818367,-0.689859330654,-0.675371408463,-0.517934739590,-0.486398816109,-0.347228378057,-0.023551095277,0.452438652515,0.537090063095,0.007544416934,0.498697072268,0.639180481434,0.198398008943,0.201871812344,0.223229140043,0.124937690794,0.309757381678,-0.079852283001,0.116265520453,0.140232309699,-0.224011152983,-0.355159699917,-0.387107223272,-0.491173267365,-0.095784872770,0.267927646637,0.209988325834,0.133054211736,0.123818166554,0.175036236644,0.177798002958,0.341676056385,0.425730675459,0.184082955122,0.139437943697,0.278167963028,0.264429122210,0.207823380828,0.341371506453,0.189598232508,0.340951681137,0.010170351714,0.103646211326,0.164911150932,0.105634182692,0.393248081207,0.339260041714,0.613139271736,0.786562085152,0.421491324902,0.265318155289,0.242948353291,0.171307250857,0.012174787931,-0.268750816584,-0.196167185903,-0.238371476531,-0.344330817461,-0.432303726673,-0.394396454096,-0.328900367022,-0.096715062857,0.033330436796,-0.110392145813,-0.083457797766,-0.024604760110,-0.110437422991,-0.300830036402,-0.502426028252,-0.850477695465,-0.749222755432,-0.534616410732,-0.906466007233,-0.812138199806,-0.292902827263,-0.745057463646,-0.427286475897,-0.255435943604,-0.447277307510,-0.042080808431,-0.116520702839,-0.474499791861,-0.204765275121,-0.120998792350,-0.397080004215,-0.209070488811,-0.408102333546,-0.373681187630,-0.206041187048,-0.058531999588,-0.046316049993,0.432756513357,0.432340770960,0.711447179317,0.878070533276,0.803585350513,0.766468346119,1.026921510696,0.961511850357,1.083807229996,0.598894178867,0.638192653656,0.715126752853,0.593955099583,0.412670969963,0.200204864144,0.199641004205,0.214882135391,0.061532478780,-0.020744059235,0.066146388650,0.275155156851,0.049715772271,-0.168261498213,-0.392968237400,0.082239493728,-0.004790890031,0.115915670991,0.438510477543,0.607735097408,0.310868680477,0.326122134924,0.187198668718,-0.039640087634,0.182428374887,0.061063271016,-0.323685526848,-0.600651681423,-0.667983412743,-0.789529621601,-0.578635811806,-0.847596526146,-0.855132758617,-0.625532209873,-0.244281873107,-0.185692265630,-0.536357462406,-0.383291751146,-0.303151369095,-0.415840208530,-0.180164620280,0.138631239533,-0.131868839264,-0.259243130684,-0.125052928925,-0.049756936729,-0.000152287743,0.173813819885,0.021196806803,-0.091096885502,-0.257288068533,-0.519445240498,-0.211638808250,-0.074365809560,-0.342935532331,-0.200793445110,-0.245504304767,-0.110400378704,-0.008219421841,0.300838261843,0.600215375423,0.673659265041,0.886384665966,0.949641644955,0.537954390049,0.853412270546,0.735891401768,-0.071044288576,-0.023773351684,0.006062698551,-0.168039232492,-0.077868424356,-0.599672079086,-0.358752876520,0.212873563170,0.416494607925,0.697049796581,0.729750514030,0.882083535194,0.783969104290,0.645177304745,0.700465977192,0.246874883771,-0.014788375236,0.085532203317,-0.263630658388,-0.589254796505,-0.590773582458,-0.619959294796,-0.533809661865,-0.170072481036,-0.344528377056,-0.432056814432,-0.306785702705,-0.083556585014,-0.293997675180,-0.220990091562,0.418955922127,0.292606502771,0.161416769028,0.480076819658,0.204905211926,0.218458816409,0.184951394796,0.089611046016,0.108305394650,0.203386455774,-0.117063999176,-0.169520944357,-0.015590972267,-0.410386651754,-0.298743277788,-0.361753344536,-0.266775190830,-0.580948948860,-0.150670200586,-0.011606794782,-0.116022683680,0.108976282179,0.256008058786,0.583838284016,0.682496011257,0.488921850920,0.561139166355,0.343561142683,0.208975821733,0.091401457787,-0.093796901405,0.033540345728,-0.031647041440,-0.085454002023,-0.203464657068,-0.114952549338,0.007980700582,-0.031692314893,-0.073024027050,-0.319088101387,-0.217487484217,0.102003969252,-0.005704616662,0.070040009916,0.163042545319,-0.114853769541,-0.087269105017,-0.206510409713,-0.189874008298,-0.198237493634,-0.075193107128,-0.107515148818,-0.346026539803,-0.249472007155,0.119405940175,0.158218726516,0.394701033831,0.555842041969,0.546918809414,0.436123251915,0.276752114296,0.296903461218,0.258658677340,0.038467060775,0.073884248734,0.655627548695,0.633039534092,0.737422525883,0.742151677608,0.530895650387,0.645926415920,0.674626469612,0.368071258068,0.279464453459,0.161161586642,0.071093678474,0.080576680601,0.173715040088,-0.176135167480,-0.373784095049,-0.268429785967,-0.403500765562,-0.504759788513,-0.526158273220,-0.778914749622,-0.937302291393,-1.014351606369,-0.741394340992,-0.727256298065,-0.459003478289,-0.443494826555,-0.847551286221,-0.956630468369,-0.535863518715,-0.100571647286,0.065175041556,-0.098489008844,-0.095714904368,0.092920221388,0.273858636618,-0.061483085155,-0.063368164003,0.065850041807,0.071064867079,-0.107659198344,-0.304439663887,-0.045027781278,0.174562916160,0.021106258035,0.189487099648,0.223369076848,0.513761222363,0.868147134781,0.318902879953,0.426253378391,0.628890752792,0.349010586739,0.735208213329,0.946711182594,0.591847777367,0.402348339558,0.317540526390,0.493404060602,0.296631813049,0.219516620040,-0.085997298360,-0.301949530840,-0.020723480731,-0.288140743971,0.020604120567,0.004222898278,-0.126909196377,0.176604390144,-0.041763883084,-0.005795165896,0.121871359646,-0.268800199032,-0.015858504921,0.285704135895,0.192413508892,0.475450575352,0.458386123180,0.573643267155,0.218660488725,0.045303545892,-0.364877313375,-0.563283562660,-0.715484857559,-0.669448673725,-0.932531893253,-0.907758355141,-0.726630687714,-0.389519125223,-0.306567579508,0.038384743035,-0.293158024549,-0.203250616789,0.189347162843,0.219298467040,0.267536640167,0.050098549575,0.261984288692,0.399895250797,-0.017010953277,-0.043509017676,0.361876845360,0.204436004162,0.236264124513,0.003140420187,-0.265170007944,-0.339132457972,-0.259288400412,-0.162902608514,-0.143072277308,-0.136021763086,-0.093677535653,-0.179020404816,-0.138009741902,0.296891123056,-0.068718813360,0.145356595516,0.205798357725,-0.360864311457,-0.290005266666,-0.369631141424,-0.442041933537,-0.316276967525,-0.405822128057,-0.309996098280,-0.215491279960,-0.225505217910,-0.245603084564,0.130037263036,-0.013319003396,0.252740025520,0.467354625463,0.474861979485,0.769793987274,0.688521683216,0.295713990927,0.330978870392,0.199542224407,-0.090347789228,0.136330455542,0.219158515334,0.146360874176,-0.190713644028,0.168047457933,0.307604789734,0.180835530162,0.317363530397,-0.026139985770,0.057181987911,0.436287909746,0.083264350891,0.212832406163,0.253382116556,0.031502984464,0.164491340518,0.159951522946,-0.281407177448,-0.182934626937,-0.184132352471,-0.242001697421,-0.110272787511,-0.238066911697,-0.522030055523,-0.284510523081,-0.206411629915,-0.440728962421,-0.235140502453,-0.075641736388,-0.179567828774,-0.377002686262,-0.348088622093,-0.369985133410,0.054144468158,-0.029189854860,-0.059046484530,0.236696302891,-0.022312212735,-0.017583061010,-0.147208735347,-0.435160189867,-0.192886829376,-0.359888881445,-0.106230989099,-0.357283532619,-0.374113351107,0.130852207541,0.142524868250,0.288243651390,0.396120995283,0.496725559235,0.867011129856,0.699161291122,0.258580476046,0.108107827604,0.427805066109,0.226637080312,0.107803255320,0.224599733949,-0.173394009471,0.020299544558,0.007873687893,-0.463720291853,-0.385143935680,0.187713176012,0.403755962849,0.501261293888,0.400743126869,0.514316856861,0.543605506420,0.394260585308,0.217121154070,0.347944557667,0.209029331803,0.134247824550,-0.111750386655,-0.193961083889,-0.413798689842,-0.340227276087,-0.287663310766,-0.439144343138,-0.548375785351,0.100991472602,0.095369167626,-0.184782654047,0.033976629376,0.078494042158,0.092660918832,0.205991804600,0.145657047629,-0.115397065878,0.072250239551,0.226097911596,0.117302715778,-0.164553076029,-0.238647237420,-0.177686855197,-0.358320713043,-0.553792357445,-0.786294579506,-0.706401109695,-0.585163593292,-0.534566998482,-0.526088297367,-0.449602812529,-0.124661915004,0.016545858234,0.058490838856,0.538098454475,0.448738485575,0.303900480270,0.616131484509,0.514786064625,0.133906200528,0.230835303664,0.119056090713,-0.383481085300,-0.369989246130,-0.425664812326,-0.700799345970,-0.547124564648,-0.558064579964,-0.451376736164,-0.064709939063,-0.139244511724,0.004663297441,0.062754891813,-0.031260147691,0.143590882421,0.457834571600,0.152917474508,0.231621414423,0.459863692522,0.084918938577,0.145397752523,0.340819954872,0.382777273655,0.582624077797,0.415724962950,0.091623716056,0.224546208978,0.260856568813,0.341791301966,0.120842374861,0.051818989217,-0.207741051912,-0.150040477514,-0.367453873158,-0.132708474994,-0.241256713867,-0.213211074471,-0.188684508204,-0.384040862322,-0.358551174402,-0.008964397013,0.102399095893,0.070188187063,0.071073099971,0.364185839891,0.425022751093,0.209214553237,0.450220197439,0.027934510261,-0.362934589386,-0.132799029350,-0.178431838751,-0.138923466206,-0.142973497510,-0.093517020345,-0.017043879256,0.019295267761,-0.128596708179,-0.211391851306,-0.136795550585,-0.208638310432,0.029967756942,0.020344819874,-0.226357206702,0.050403125584,-0.021571353078,0.127308443189,0.274430751801,0.262803375721,0.371944308281,0.330209225416,0.436753034592,0.345948368311,-0.058087483048,-0.110799618065,-0.370705395937,-0.674642920494,-0.402529418468,-0.728272855282,-0.700140833855,-0.583772420883,-0.588151693344,-0.455447345972,-0.402953386307,-0.344178527594,-0.365379452705,-0.278764754534,-0.067117735744,0.061598334461,-0.087413161993,0.166948527098,0.195236995816,0.104868628085,0.174455910921,0.241767078638,0.311617761850,0.318631231785,0.338963717222,0.292832851410,0.474244624376,0.168422013521,0.142747119069,0.102592550218,-0.020571192726,-0.171249628067,0.107404015958,-0.060709301382,-0.017101502046,0.220607310534,0.406929314137,0.159523472190,0.407805979252,0.678104341030,0.400627881289,0.412605106831,0.316227555275,-0.043327920139,0.014652550220,0.149427205324,0.020978664979,-0.151929661632,-0.383917421103,-0.197331994772,0.141734614968,0.008890311234,-0.125028237700,0.160251975060,-0.053070217371,-0.024617109448,0.161527901888,-0.083453677595,-0.204633563757,-0.114635623991,-0.346594572067,-0.372611045837,-0.458266735077,-0.334946602583,-0.126785725355,0.051131639630,-0.135033950210,-0.280308216810,-0.492082864046,-0.416169464588,-0.361391156912,-0.450174897909,-0.466757833958,-0.531994581223,-0.406793475151,-0.723947107792,-0.643773794174,-0.441428661346,-0.381653666496,-0.356406837702,0.039714172482,-0.002934626071,0.146793037653,-0.234531357884,0.058671940118,0.198089316487,0.192487582564,0.020785218105,0.073106348515,0.072567164898,0.284658700228,0.676334559917,0.316548585892,0.202760830522,0.734940648079,0.706541001797,0.683372735977,0.590901136398,0.526269435883,0.579985797405,0.462625443935,0.259099066257,0.393099933863,0.297047525644,-0.036112774163,-0.064874581993,-0.023308256641,-0.302007168531,-0.240347087383,0.059680331498,0.064508266747,0.326080977917,0.338889598846,0.325451254845,0.577763199806,0.335209995508,0.396993577480,0.469634801149,0.213219299912,0.151258781552,0.040508538485,-0.226283118129,-0.472100228071,-0.703248322010,-0.341848939657,-0.356711417437,-0.828511178493,-0.542350172997,-0.426372766495,-0.858565390110,-0.530726909637,-0.797143995762,-0.967092990875,-0.630471289158,-0.336769938469,-0.403838306665,-0.378459721804,0.012051311322,0.156667053699,0.200649380684,0.238231539726,0.073781348765,0.032976470888,0.160605952144,-0.123851090670,-0.203518167138,-0.625421047211,-0.799123764038,-0.552129507065,-0.425327301025,-0.208037391305,-0.333468973637,0.069768361747,0.157086864114,0.424841642380,0.536122798920,0.832194864750,0.639806091785,0.812282204628,0.695205867290,0.962944209576,0.980856537819,0.565423786640,0.577738523483,0.521289169788,0.241499558091,0.135667800903,0.212379649282,0.208148524165,0.174143090844,-0.048666223884,-0.086577638984,-0.056198291481,0.066677331924,-0.095167487860,-0.177135333419,-0.143977761269,-0.299525290728,-0.298368722200,-0.100308224559,-0.194714277983,-0.016825737432,0.175744161010,0.224192246795,-0.152703449130,-0.126604616642,0.024699425325,0.000139940079,-0.190536662936,-0.328937411308,-0.382682621479,-0.078662790358,-0.195187598467,-0.214775100350,-0.261823773384,-0.362362533808,0.011495666578,0.058618433774,-0.170237109065,0.176308050752,0.038635808975,0.068056158721,-0.118479855359,-0.203658089042,-0.174859255552,-0.166429921985,-0.456933200359,-0.615666389465,-0.254028290510,0.051061667502,0.022147575393,0.012578143738,0.443424880505,0.503360390663,0.600915074348,0.731516242027,0.521721363068,0.333991706371,0.261301070452,-0.016323599964,-0.098365530372,-0.286506742239,-0.305600345135,-0.078234739602,-0.154802545905,0.019517526031,-0.141738727689,0.009268973023,-0.030836211517,-0.047003407031,0.232638046145,0.108581155539,-0.040623784065,0.301908373833,-0.041307020932,-0.139643743634,-0.002885235241,-0.127897009254,0.058943588287,-0.216857746243,0.038215991110,0.101987510920,0.114047057927,-0.109680093825,-0.015385177918,0.086742274463,0.030720964074,0.120155028999,0.041183542460,-0.058486726135,-0.039133831859,-0.093763977289,-0.209708452225,-0.066870786250,0.210087105632,0.014302700758,-0.191878437996,-0.111244134605,0.175912931561,0.087631307542,0.206012398005,-0.131514862180,-0.173747971654,-0.276669770479,-0.398775756359,-0.308065742254,-0.306230068207,-0.258987933397,-0.051168683916,-0.131560146809,-0.008692748845,0.163351237774,0.144998505712,0.134523585439,0.012248872779,-0.086787551641,-0.332370042801,-0.145405977964,-0.556998610497,-0.469972312450,-0.763657152653,-0.647601544857,-0.624811887741,-0.231814861298,-0.175834715366,0.072295516729,0.276702702045,0.370536684990,0.705088138580,0.674873411655,0.419951975346,0.548758566380,0.585003077984,0.439066141844,0.449471086264,0.443000912666,0.179300293326,-0.175340801477,-0.345610857010,-0.265289366245,-0.320014178753,-0.498787641525,-0.430780857801,-0.612513661385,-0.684928536415,-0.245598971844,-0.427451103926,-0.456583350897,0.079226665199,0.284020751715,0.440144509077,0.580586731434,0.457369446754,0.489720344543,0.453064262867,0.507105827332,0.521655499935,0.357847362757,0.244714051485,0.178328946233,-0.294030576944,-0.393190503120,-0.357221782207,-0.416362911463,-0.454739421606,-0.466407954693,-0.655071854591,-0.328447610140,-0.241487190127,0.052135910839,0.026880845428,0.314461827278,0.291947960854,0.081613883376,-0.074316419661,0.105053849518,0.139067515731,-0.017282601446,0.022209314629,0.127703562379,-0.153399020433,-0.283567994833,-0.147060573101,-0.423792093992,-0.535731792450,-0.500129401684,-0.778276801109,-0.712887704372,-0.685027301311,-0.449742734432,-0.335317045450,-0.097295410931,-0.112483017147,0.319866001606,0.475751042366,0.196817502379,0.518840193748,0.685204327106,0.684660971165,0.619897544384,0.257045239210,0.279904872179,0.421120882034,0.144072428346,0.110046416521,-0.023209474981,-0.384082019329,-0.185716971755,0.067661032081,0.011405117810,0.403862982988,0.502833545208,0.144895613194,0.122031874955,0.258374661207,0.145397752523,-0.107453405857,0.144430518150,0.147550359368,0.068134360015,-0.051930122077,-0.036425583065,0.033528000116,-0.157218575478,0.202040553093,0.485513895750,0.467214673758,0.379105895758,0.434456348419,0.421972841024,0.030992614105,-0.231473237276,-0.020167835057,-0.295088380575,-0.270240783691,-0.103452771902,-0.422018140554,-0.724704444408,-0.442840427160,-0.275126338005,-0.313268214464,-0.091138035059,-0.127983450890,-0.194915965199,0.012240641750,0.047682527453,-0.058441448957,-0.094463676214,-0.049254793674,0.165137529373,0.453508794308,0.385650187731,0.675083339214,0.742275178432,0.936174511909,0.881132721901,0.894373536110,0.814348340034,0.478405743837,0.101670585573,-0.134811699390,-0.620366752148,-0.608735263348,-0.383970886469,-0.474261075258,-0.166285857558,-0.191211670637,-0.266100198030,0.049448244274,0.159478187561,0.186062678695,0.235124051571,0.264758408070,0.044513296336,-0.015932591632,0.070719137788,-0.008211190812,-0.234947055578,-0.264186322689,-0.359131544828,-0.398911565542,-0.360683232546,-0.383328825235,0.066372759640,-0.207539379597,-0.468893945217,-0.162285223603,-0.166162386537,-0.168874755502,0.203983262181,-0.010265016928,-0.161457940936,0.007783138193,0.115001939237,-0.065570160747,-0.094570688903,0.078633986413,0.178580000997,0.369096100330,0.416017204523,0.091516703367,-0.013080282137,0.269627511501,-0.180839642882,-0.111956186593,-0.126567572355,-0.080543749034,-0.343079566956,-0.428772330284,-0.285428404808,-0.417531847954,-0.446536481380,-0.283728539944,-0.292042613029,0.078893281519,0.301196336746,0.344125002623,0.216828942299,0.412798553705,0.260403811932,0.337156832218,0.511489212513,0.566391050816,0.648256003857,0.546177923679,0.463827282190,0.671490132809,0.225826248527,0.148200675845,0.287387549877,-0.138450145721,-0.088841371238,-0.039586581290,-0.605491936207,-0.660200297832,-0.638143301010,-0.889199912548,-0.463382810354,-0.261939048767,0.009651750326,0.064442411065,0.226410716772,0.599071204662,0.717983245850,0.803889989853,0.901856243610,0.475491702557,0.369116663933,0.426080524921,0.308325052261,-0.076275579631,-0.611208915710,-0.702239930630,-0.760833680630,-0.818172037601,-0.826959490776,-0.803000926971,-1.123410224915,-0.786652624607,-0.703886330128,-0.815978348255,-0.473182708025,-0.045702785254,-0.249311491847,-0.136482745409,-0.081836141646,0.281658232212,0.473795980215,0.221870899200,0.463605046272,0.490634053946,0.363082796335,0.667370140553,0.407896518707,0.269071877003,0.059104111046,-0.173254057765,-0.510744273663,-0.722490131855,-0.576199173927,-0.561130940914,-0.799313127995,-0.704503715038,-0.323961317539,0.054037451744,0.212116241455,0.598359107971,0.473927706480,0.609122157097,0.796999931335,0.549145460129,0.956202328205,0.962170362473,0.527442395687,0.683051705360,0.642633676529,0.208387240767,0.373849958181,-0.019673930481,0.074415199459,-0.032531954348,-0.396590203047,-0.142718315125,-0.281736433506,-0.571482360363,-0.892817795277,-0.470136970282,-0.361839771271,-0.552623391151,-0.591954767704,-0.356517940760,-0.384617120028,-0.227694883943,-0.042414195836,0.127090290189,0.096023589373,0.208724752069,0.336621761322,0.093940958381,-0.062462668866,-0.034417029470,0.082943312824,0.266799896955,0.043076850474,0.187807813287,0.101851686835,0.242145732045,0.393017619848,0.086079619825,0.167487710714,0.396688997746,0.110639102757,0.142162665725,-0.318548917770,-0.345985412598,-0.389868944883,-0.514699637890,-0.225517570972,-0.275319784880,0.152168378234,0.523771047592,0.439724653959,0.735648572445,0.839010775089,0.503113389015,0.788813412189,0.422335058451,0.244430050254,0.319281548262,-0.228229925036,-0.547437369823,-0.553981602192,-0.449010133743,-0.385279744864,-0.568053841591,-0.615954518318,-0.121488571167,-0.323743164539,-0.379620432854,0.093903906643,-0.067241206765,-0.053057871759,0.375076472759,0.222089037299,0.220405623317,0.206839680672,0.008540460840,0.100365854800,-0.155543401837,-0.502660691738,0.133177682757,0.054165042937,-0.330200970173,-0.124843023717,-0.067632220685,0.121385678649,0.522326350212,0.566806733608,0.313696295023,0.424730509520,0.603104710579,0.330390334129,0.262527585030,0.094797059894,0.075094319880,0.081045888364,0.125110551715,-0.040652595460,0.205477327108,-0.120439022779,0.109260283411,0.156267806888,-0.029342144728,0.020278966054,0.411477357149,0.268796086311,0.121624402702,0.147402182221,0.062861911952,0.275328010321,0.326957672834,0.441082924604,0.133453443646,0.086400657892,-0.340424835682,-0.382950156927,-0.178851664066,-0.433727830648,-0.448680818081,-0.339227110147,-0.818266689777,-0.591333270073,-0.306711643934,-0.318688839674,0.071200691164,0.240618750453,0.132095217705,0.520811736584,0.480821818113,0.483394205570,0.535521864891,0.458085656166,0.393816113472,0.468922764063,0.254797965288,0.106152787805,0.082173645496,-0.102032788098,-0.086334802210,-0.097579397261,-0.083638899028,-0.052695672959,-0.402027279139,-0.309642136097,-0.372504025698,-0.661673784256,-0.300080955029,0.050003882498,0.083927005529,-0.112087890506,0.066636174917,-0.011647954583,0.064607046545,0.202019989491,0.301562637091,0.253517925739,0.241330787539,0.162816166878,0.304316192865,0.169109359384,-0.090211965144,-0.115578167140,-0.462341457605,-0.420787513256,-0.490695804358,-0.822987616062,-0.662484586239,-0.335671007633,-0.253801912069,0.289317905903,0.203563451767,0.332057237625,0.413284212351,0.044941347092,-0.099048770964,0.315704822540,0.073838979006,-0.031614109874,0.244347751141,0.295121282339,0.327587395906,0.457398295403,0.712159216404,0.402323633432,0.451677203178,0.519136548042,0.276521623135,-0.188030093908,-0.119591154158,-0.510501444340,-0.443848788738,-0.764488518238,-0.824399411678,-0.860154092312,-0.969710707664,-0.838191747665,-0.407019853592,-0.586694717407,-0.377788841724,-0.420499384403,-0.309247016907,-0.238396167755,-0.090755261481,0.301780790091,0.356641411781,0.027909815311,0.031494751573,-0.077333360910,-0.216684877872,-0.151633322239,-0.324060082436,-0.180041164160,-0.471478730440,-0.312580883503,-0.356838971376,-0.233605280519,-0.132729053497,-0.031844601035,-0.118669189513,0.228205248713,0.370730072260,0.375504523516,0.046077329665,-0.026930235326,0.179324984550,0.613970637321,0.679026365280,0.486542880535,0.438740998507,0.513559520245,0.354056656361,0.239067062736,0.269211798906,0.246080517769,0.216594323516,0.220397397876,0.281682938337,0.251525849104,0.339708685875,0.174851030111,0.053333640099,0.158737331629,0.240845113993,0.324208259583,0.487711787224,0.422470867634,0.324837982655,0.243240550160,0.201048627496,0.175480753183,-0.154341563582,-0.687118172646,-0.422672539949,-0.717131197453,-0.380962193012,-0.411971271038,-0.314079046249,-0.135128617287,-0.328826278448,-0.319660186768,-0.238840684295,-0.405439376831,-0.312486231327,-0.186186164618,-0.230975225568,-0.505780518055,-0.170949175954,-0.078103028238,-0.311893522739,-0.352550238371,-0.369363635778,-0.264346837997,-0.404015243053,-0.209844291210,-0.090619444847,-0.341778963804,-0.273278295994,0.086100198328,-0.053391259164,0.001695744577,0.285823523998,0.405521661043,-0.023378226906,0.111873865128,0.346969097853,0.146023362875,-0.164446070790,0.236371159554,0.219282001257,0.069101594388,0.176933661103,0.006256144959,-0.241594210267,-0.080156862736,0.006721240468,-0.142257332802,-0.023818625137,0.150962427258,0.366140872240,0.566391050816,0.576536715031,0.653594315052,1.123805284500,0.996599733829,1.013055086136,0.708817124367,0.438168883324,0.422413259745,0.119722858071,-0.108922779560,-0.484530210495,-0.810948669910,-0.276212930679,-0.336378931999,-0.688303530216,-0.472804039717,-0.113351471722,-0.145019084215,-0.149139091372,-0.127156153321,-0.270500063896,-0.035655912012,-0.064557656646,0.090162567794,0.218211859465,0.238371476531,-0.031042004004,0.047460269183,0.168133899570,0.090047329664,0.098172090948,0.188717439771,0.108021400869,0.075328923762,-0.099546797574,-0.225480511785,-0.353282839060,-0.643226385117,-0.627339065075,-0.654302239418,-0.455784887075,-0.305225789547,-0.100316464901,-0.234675422311,0.113705433905,0.139256849885,0.211251914501,0.148175969720,0.267079770565,0.021093910560,0.336716443300,0.350327670574,0.140586271882,0.269290000200,0.150435596704,-0.224328070879,-0.017480162904,-0.139676675200,-0.218829259276,-0.493745654821,-0.796374380589,-0.638777077198,-0.784158408642,-0.597758233547,-0.321582317352,-0.358872264624,-0.274677693844,-0.033462144434,0.305546820164,0.232959076762,0.283448636532,0.724033534527,0.800650775433,0.303653508425,0.465325474739,0.500582158566,0.426191657782,-0.063771523535,-0.176657900214,-0.232148259878,-0.340029716492,-0.516634106636,-0.705125153065,-0.619942784309,-0.415239274502,0.226830527186,0.148410573602,0.259156703949,0.403130322695,0.491588950157,0.693629503250,0.530484080315,0.403187960386,0.538069665432,0.513497769833,0.214367628098,0.090598858893,-0.149056762457,0.311383157969,0.393902540207,0.054362606257,0.145998671651,0.077259272337,-0.186844706535,0.112960457802,-0.288124293089,-0.519362926483,-0.656166732311,-0.438391119242,-0.451175063848,-0.551359832287,-0.758022546768,-0.813488185406,-0.444507330656,-0.267907053232,0.006239681039,0.222619980574,0.096924975514,0.127242580056,0.284510523081,0.039491917938,0.202415093780,0.172570824623,-0.009754647501,-0.286074578762,-0.195714443922,-0.234144464135,-0.233136072755,-0.495676040649,-0.267948210239,-0.123567104340,-0.090652361512,-0.047452040017,0.064923971891,0.252711206675,-0.116117350757,-0.165705531836,0.032939426601,0.166569858789,-0.154378607869,0.027881003916,0.204563602805,0.288577049971,0.305295765400,0.487427800894,0.421832919121,0.379579246044,0.276077091694,0.489506304264,-0.020538264886,-0.065516658127,0.055189900100,0.023328835145,0.193541243672,-0.017871173099,0.161692529917,0.179691314697,0.282078057528,0.387156575918,0.427726864815,0.256201475859,-0.175439581275,-0.084330365062,0.027868656442,-0.216347381473,-0.543729007244,-0.680606842041,-1.191124796867,-1.135757803917,-1.169738650322,-0.619588851929,-0.521079242229,-0.272730886936,0.403134435415,0.617189288139,0.778145074844,1.015537023544,1.317037820816,1.140668034554,1.013314366341,0.672683775425,0.229073688388,0.047110415995,-0.491802990437,-0.667057394981,-0.732446372509,-0.928753554821,-0.736936807632,-0.773992180824,-1.020891666412,-0.934840917587,-0.764850735664,-0.385098665953,-0.310374766588,-0.222854584455,-0.213437452912,0.023468775675,0.287177652121,0.283465087414,0.280752748251,0.171261966228,0.398475289345,0.165730223060,-0.062787823379,-0.069867148995,-0.080086886883,-0.020818145946,0.037438087165,-0.121134608984,-0.264420896769,-0.291528135538,-0.049485284835,0.196220695972,-0.288704633713,0.142088577151,0.163836911321,0.411551445723,0.585962057114,0.741810083389,0.793242156506,0.640769183636,0.335329383612,0.802136600018,0.391708761454,0.017932910472,0.248817577958,0.101320736110,-0.094591267407,0.114861994982,-0.022764958441,-0.284666925669,-0.259946942329,-0.363025158644,-0.394787460566,-0.550524294376,-0.631784200668,-0.621473908424,-0.402936875820,-0.606545627117,-0.337095081806,-0.408423393965,-0.454554200172,-0.262334138155,-0.216207429767,-0.059717375785,0.414350241423,0.291363507509,0.214865654707,0.547943651676,0.400010496378,0.241573631763,0.263684183359,0.221220582724,0.037195250392,-0.035972833633,-0.113256804645,-0.270137876272,-0.522211134434,0.017640681937,0.022209314629,-0.136980772018,-0.142603054643,-0.055539753288,-0.124542564154,-0.255452394485,-0.110338643193,0.297850131989,0.412761509418,0.271039247513,0.604277789593,0.729013741016,0.299866914749,0.301797270775,0.504265904427,0.304649561644,0.306390583515,0.442963868380,0.173529818654,-0.335218250751,-0.277332425117,-0.269290000200,-0.071484692395,-0.457501202822,-0.412209957838,-0.022126996890,-0.320166468620,-0.386835545301,-0.312506794930,-0.048699151725,0.205143928528,0.285041481256,0.393408626318,0.540102899075,0.429727196693,0.318013846874,0.240528196096,0.155115351081,-0.179740697145,-0.301455646753,-0.341848939657,-0.758965075016,-0.447602450848,-0.182852298021,-0.177374050021,-0.017788855359,0.072575397789,0.289264410734,0.339527577162,0.127724140882,0.371355712414,0.615929841995,0.516835808754,0.278690695763,0.284518778324,0.143450930715,-0.221681565046,0.204514220357,0.159185975790,0.207247138023,0.507743835449,0.126822754741,-0.248047918081,-0.120920576155,-0.130580559373,-0.196323588490,-0.088886648417,-0.187779024243,-0.331476897001,-0.375903755426,-0.284304738045,-0.510880112648,-0.331184685230,-0.532764256001,-0.288058429956,0.002485994482,-0.160433083773,-0.487522453070,-0.495161563158,-0.436320841312,-0.206745013595,-0.007548533380,0.160811737180,0.015998445451,0.034421145916,0.171241387725,0.258724510670,0.290844887495,0.550133287907,0.622605800629,0.333551317453,0.479570567608,0.603866159916,0.337704241276,-0.037401046604,-0.027440605685,-0.026753250510,-0.110606178641,-0.094257883728,-0.013619462959,-0.293302088976,0.021394370124,-0.104284174740,-0.105070307851,-0.266277194023,-0.170920342207,-0.055482130498,-0.249043971300,-0.530389428139,0.158815532923,0.187256291509,0.036849517375,0.224229291081,0.197344332933,0.100699238479,0.153777688742,0.210815623403,0.171109676361,0.367544382811,0.206600949168,-0.120714783669,-0.334831357002,-0.331361651421,-0.513180851936,-0.614073574543,-0.971990942955,-0.905519366264,-0.609661340714,-0.779453873634,-0.665464520454,-0.314342468977,0.042484164238,0.158687949181,0.128246858716,0.264322131872,0.431315928698,0.609233319759,0.247903868556,0.263852924109,-0.103658564389,-0.105765894055,0.042031414807,-0.144187688828,-0.342453986406,-0.273422360420,-0.323714345694,-0.354863345623,-0.164664208889,-0.286659032106,-0.163079589605,-0.244290113449,-0.270434230566,-0.153510153294,-0.018784899265,0.214314118028,0.248525351286,0.269265323877,0.402673482895,0.731228113174,0.889994204044,0.805046498775,0.785347878933,0.469922900200,0.199180021882,0.491560131311,0.329443663359,-0.123620606959,-0.159848615527,-0.323841929436,-0.607755661011,-0.568700015545,-0.682635962963,-0.645078539848,-0.198373302817,-0.054823584855,0.017821781337,0.487337231636,0.681648135185,0.801391661167,0.861425936222,0.977674961090,1.077559232712,0.841422677040,0.660735368729,0.423042982817,0.151575684547,0.305040568113,-0.063281729817,-0.160420730710,-0.511423408985,-0.792809963226,-0.572169721127,-0.933005273342,-1.004086613655,-0.601524233818,-0.607302904129,-0.456595718861,0.049411199987,-0.010594287887,-0.411942452192,-0.123669996858,0.146443188190,0.271088629961,0.607603371143,0.374393224716,0.081490404904,0.125493332744,0.098949991167,-0.155494004488,-0.372294127941,-0.552273511887,-0.624972462654,-0.596210598946,-0.754063069820,-0.525458574295,-0.657726645470,-0.708726584911,-0.417478293180,-0.316120535135,-0.037582144141,0.223422586918,0.292091995478,0.161898329854,0.545646965504,0.306324750185,0.101073786616,0.349134057760,0.388901740313,0.339638710022,0.499211549759,0.413317173719,0.910865962505,0.740381836891,0.362440705299,0.421907037497,0.191372185946,0.134494766593,0.193393066525,-0.307201415300,-0.151670351624,-0.097151346505,-0.217932000756,-0.152938053012,-0.177946180105,0.135280907154,0.000860219996,0.181885078549,0.316474527121,0.319507896900,0.542090833187,0.466399729252,0.283008247614,0.177748605609,-0.001518761623,-0.013693548739,-0.147274598479,-0.391700536013,-0.403599560261,-0.384831130505,-0.479220718145,-0.052905581892,-0.130992144346,-0.252818226814,0.071138955653,0.139594361186,-0.103061757982,-0.198546171188,-0.124526098371,-0.153600707650,-0.451800704002,-0.198286876082,0.019929114729,-0.343515872955,-0.092850245535,0.009334826842,0.005869252142,0.151295810938,0.173175856471,0.415461540222,0.619889318943,0.291211217642,0.464222431183,0.414691865444,0.019768595695,0.197920545936,0.231510296464,0.010824777186,0.280102431774,0.274484246969,0.117426194251,0.106251567602,0.060655795038,0.182518914342,-0.018529713154,0.179917678237,0.103271663189,-0.042167238891,0.132259845734,0.151007696986,0.035054992884,-0.064269542694,0.002078521764,0.111618682742,0.167940452695,0.350014865398,0.278591901064,0.104790426791,-0.024353690445,0.345322728157,0.433645486832,0.329525977373,0.269446402788,0.297553777695,0.372450560331,0.365288913250,0.187898367643,0.077539153397,-0.323101073503,-0.319306224585,-0.255353599787,-0.462687224150,-0.354958027601,-0.664110362530,-0.841887772083,-0.835384666920,-0.899176776409,-0.871756732464,-0.574997365475,-0.608537733555,-0.459056973457,-0.157457292080,-0.011162280105,0.412477523088,0.826062202454,1.002794146538,1.038252472878,0.926814973354,0.745390892029,0.397717952728,0.077555619180,0.000695584517,-0.385349720716,-0.771320998669,-0.724659144878,-0.904659092426,-1.108609437943,-1.199620008469,-0.871616840363,-0.683771967888,-0.337827712297,0.176653787494,0.322780042887,0.396758973598,0.496676206589,0.561740100384,0.649247944355,0.612060904503,0.522470414639,0.700688242912,0.539946496487,0.186429008842,0.237700581551,0.102716021240,-0.214803919196,-0.248311325908,-0.341865390539,-0.455982446671,-0.470248103142,-0.440980017185,-0.290770798922,-0.357250571251,-0.319783687592,0.021246196702,0.266865730286,0.302966177464,0.447174429893,0.615172505379,0.458978801966,0.423664480448,0.807725965977,0.282946497202,0.135379686952,0.016459424049,-0.050645966083,-0.146648988128,-0.017294948921,-0.227698996663,-0.162688583136,-0.245014518499,-0.205082193017,-0.250529795885,-0.100016005337,-0.082025468349,0.232329368591,0.191343367100,0.208617746830,0.254559248686,-0.123649418354,-0.130634069443,-0.142697721720,-0.317878037691,-0.079387187958,-0.045682210475,-0.184885546565,0.029124001041,0.211700543761,0.343277156353,0.198900133371,0.337412029505,0.236811548471,0.254839122295,0.180139943957,-0.198554396629,-0.444943636656,-0.360868453979,-0.581805050373,-0.597873449326,-0.696839869022,-0.702910840511,-0.615345358849,-0.451636046171,-0.042969837785,-0.146212697029,-0.108449451625,0.051123406738,0.170887425542,0.165573820472,0.352365016937,0.391852796078,0.414844155312,0.431875705719,0.478636264801,0.491753578186,0.386572122574,0.766974568367,0.772391080856,0.308950662613,0.376846313477,0.368593961000,0.201472580433,0.051637887955,-0.109754182398,-0.104329451919,0.079341910779,-0.163985088468,-0.015883199871,0.094047971070,-0.033112294972,0.116500124335,0.412831485271,0.361049532890,0.414506673813,0.450627654791,0.165907204151,-0.000214026004,0.062656119466,-0.187445625663,-0.337066292763,-0.334934264421,-0.261778503656,-0.224809646606,-0.341079264879,-0.287066519260,-0.234272062778,0.082605808973,0.123513586819,0.056305304170,0.256143867970,0.262910366058,0.113726019859,0.008989091963,-0.060733996332,-0.226406604052,-0.100723937154,-0.244014352560,-0.708615481853,-0.801012992859,-0.451973527670,-0.125411018729,0.188643351197,0.472651779652,0.704207301140,1.038174271584,0.832783401012,0.826749563217,1.074324131012,0.724478065968,0.208593040705,0.080329723656,-0.206312850118,-0.282312661409,-0.471009522676,-0.504212379456,-0.550808310509,-0.377607733011,-0.384765267372,-0.333403140306,-0.439230799675,-0.440477877855,-0.402031391859,-0.196673437953,-0.109239704907,0.082527607679,0.173624485731,0.206041187048,0.402052015066,0.668576121330,0.130226597190,0.261198192835,0.484797745943,0.124933563173,0.114561535418,0.021950015798,-0.213811993599,-0.466589063406,-0.732590436935,-0.699259996414,-0.888047456741,-0.917426586151,-0.782997727394,-0.940492033958,-0.575215458870,-0.008437563665,0.187046378851,0.503059923649,0.830618560314,0.745061576366,0.991961240768,1.082152605057,1.180744528770,0.918253898621,0.690085768700,0.818542480469,0.576400876045,0.064833417535,0.148097768426,-0.004671529401,-0.266713440418,-0.406982809305,-0.443186134100,-0.572478413582,-0.581611573696,-0.787105321884,-0.719403147697,-0.433686673641,-0.249451428652,0.111503444612,0.156074360013,0.097875744104,0.067788623273,0.010384378023,0.080580793321,0.054119773209,0.051650237292,0.202674403787,-0.223945289850,-0.122480504215,-0.143702000380,-0.258934438229,-0.374821275473,-0.246261626482,-0.457604080439,-0.607093036175,-0.447923541069,-0.438226491213,-0.234197959304,-0.004325794987,-0.095340356231,-0.107185870409,0.046497151256,0.068599447608,0.311720669270,0.185614049435,0.065397299826,0.077950745821,0.265832662582,0.301665544510,0.577808499336,0.418601959944,0.553191423416,0.874559700489,0.767443776131,0.592806816101,0.409053117037,0.408983141184,0.003737223567,-0.127160266042,-0.109461963177,-0.107864998281,-0.257263392210,-0.554290354252,-0.710002481937,-0.442642867565,-0.474627405405,-0.032770674676,-0.056128323078,-0.053732879460,0.130889251828,0.432768851519,0.550330877304,0.574466407299,0.188754469156,0.315313816071,0.312408000231,-0.141104876995,-0.297282159328,-0.415305167437,-0.370960593224,-0.576800107956,-0.526911497116,-0.416058331728,-0.309893220663,-0.383394658566,-0.240042522550,-0.162943765521,-0.141030788422,0.087857678533,0.404233396053,0.223311454058,0.288519412279,0.469988793135,0.433106333017,0.540580332279,0.650676131248,0.420639306307,0.309020638466,0.287243485451,-0.122274711728,-0.444651395082,-0.670210123062,-0.468367129564,-0.765838563442,-0.758265316486,-0.565193295479,-0.215507730842,-0.252752363682,-0.013417785056,0.232074156404,0.433159857988,0.762027263641,0.976715922356,0.910195052624,1.170442461967,1.144746899605,0.878687918186,0.597531795502,0.463786154985,0.324068307877,-0.123801700771,-0.359728336334,-0.565415561199,-0.836339533329,-0.759475409985,-0.519420564175,-0.695860326290,-0.593177258968,-0.576898872852,-0.511917293072,-0.548894405365,-0.336378931999,-0.039500147104,-0.098830625415,0.068126127124,0.129374608397,0.137688696384,0.399388998747,0.351834088564,0.340354889631,0.446503520012,0.389938920736,0.148159503937,0.199402272701,0.010791850276,0.160383686423,0.173883780837,0.286325663328,-0.129115313292,-0.305896669626,-0.081971958280,0.049761049449,-0.054984107614,0.148340597749,0.082408241928,-0.013220221736,0.044332195073,-0.169401586056,0.059252277017,0.041920285672,-0.065866507590,-0.040545582771,0.080543749034,-0.389885455370,-0.224879607558,-0.232938513160,-0.324401706457,-0.279299825430,0.171665325761,0.479858666658,0.565242707729,0.282753050327,0.614509880543,0.475240677595,0.074600413442,0.156037315726,0.176970705390,-0.129950836301,-0.454068511724,-0.380657613277,-0.455443233252,-0.308259218931,-0.462057441473,-0.374664902687,-0.461435973644,-0.388193815947,-0.448923707008,-0.420400619507,-0.372339427471,-0.231271564960,0.040590856224,0.163865715265,0.135223284364,0.056749824435,0.446297734976,0.435283631086,0.378052264452,0.322887063026,0.157008662820,-0.009079641663,-0.058210961521,-0.312354505062,-0.653466701508,-0.319886565208,-0.198328018188,-0.377727121115,-0.363547861576,-0.360041141510,-0.093438819051,0.104708112776,0.136268720031,0.182580664754,0.555372774601,1.143508076668,1.153789520264,0.876959204674,0.794485151768,0.640686869621,0.703482866287,0.530553996563,0.247558131814,0.282633721828,0.155218243599,0.030017148703,0.054440807551,0.052115336061,0.125678539276,-0.064059630036,-0.337630152702,-0.370400816202,-0.481723189354,-0.309230536222,-0.226299598813,-0.607434630394,-0.981235206127,-0.855811774731,-0.892797172070,-0.589246511459,-0.402364790440,-0.369544744492,-0.687970161438,-0.301533848047,-0.087178565562,-0.026481604204,0.210593372583,0.410724163055,0.349714398384,0.239935502410,0.448944270611,0.356785506010,-0.092039421201,-0.418083339930,-0.522194683552,-0.674951612949,-0.972929298878,-0.577149987221,-0.382089912891,-0.584295153618,-0.416914463043,-0.344013899565,-0.184683874249,0.191154047847,0.303056716919,0.202213421464,0.541753351688,0.645136177540,0.863204002380,0.833458483219,0.861718177795,0.509501278400,0.432011514902,0.135297372937,-0.014685477130,-0.234597206116,-0.327072918415,-0.626388311386,-0.660690069199,-0.518778443336,-0.248089089990,-0.178057298064,0.023793930188,0.278563082218,0.414156794548,0.511608600616,0.592382848263,0.778161525726,1.143199443817,0.824559926987,0.566275775433,0.362057924271,0.235914275050,0.273257732391,-0.050629504025,-0.065549582243,-0.234922364354,-0.598363220692,-0.560213088989,-0.739056468010,-1.052361845970,-0.429937094450,-0.344425469637,-0.270018517971,-0.143883109093,-0.360460937023,0.087507829070,-0.047246243805,-0.017990533262,0.141998022795,-0.089561656117,-0.136791437864,-0.042615871876,-0.236725121737,-0.129765614867,0.013524797745,-0.194837749004,0.108836352825,0.450080245733,0.218821033835,0.084486767650,0.153765335679,-0.065689526498,0.019533989951,0.093801014125,-0.062544986606,-0.136758506298,-0.103889048100,-0.355949938297,-0.361317068338,0.020797565579,-0.006107973401,-0.123316019773,-0.283403366804,-0.128646090627,-0.224443316460,-0.166656285524,-0.022608555853,-0.098048612475,-0.259317219257,0.131642460823,0.048686806113,0.138104408979,0.438222378492,0.408748537302,0.582508862019,0.651425242424,0.718629360199,0.877103328705,0.584772586823,0.379583358765,0.368042409420,0.226986929774,-0.048493355513,0.066121689975,-0.136540368199,-0.109770648181,-0.052152380347,-0.046764682978,0.237091436982,0.399911731482,0.288823992014,0.083959937096,-0.114125259221,-0.356538534164,-0.473351478577,-0.391251891851,-0.530945003033,-0.640773296356,-0.473837137222,-0.445593923330,-0.655693411827,-0.613867759705,-0.074411086738,-0.082280650735,-0.208724752069,-0.009166075848,0.030313493684,-0.019044198096,0.203575789928,0.096550434828,-0.218224227428,-0.389041662216,-0.256654232740,-0.554817199707,-0.501215994358,-0.451006323099,-0.314700573683,-0.173624485731,-0.210227042437,-0.010668373667,0.303908705711,0.256267338991,0.530578732491,0.701791346073,0.487592428923,0.517132103443,0.481533855200,0.387082487345,0.055502709001,0.063133560121,-0.037545099854,-0.269121259451,-0.238618433475,-0.281958699226,-0.384242564440,-0.164528384805,-0.766702950001,-0.542959332466,-0.386670917273,-0.365486472845,-0.136511549354,0.287659198046,-0.069327965379,0.211478278041,0.528553664684,0.517720699310,0.722201943398,0.634780585766,0.681096613407,0.405879765749,0.533295214176,0.501117229462,0.373195499182,-0.060890402645,-0.278032124043,-0.181271791458,-0.120957627892,-0.238350883126,-0.501158416271,-0.468840479851,-0.358901053667,-0.412214130163,-0.020859304816,-0.126942127943,-0.431155413389,-0.417877554893,-0.220644354820,-0.484727770090,-0.320730328560,-0.303316026926,-0.358427733183,-0.327365130186,-0.271751284599,-0.240684598684,-0.122472278774,0.103917859495,0.063038893044,0.018517365679,0.196891590953,0.088071703911,0.248002648354,0.001074246014,-0.168384969234,-0.195475712419,-0.244948670268,-0.282876551151,-0.229291841388,-0.070500992239,-0.063302308321,-0.416144788265,-0.223813593388,-0.131165012717,0.034511692822,0.275830149651,0.228620946407,0.208510741591,0.280703365803,0.279789626598,0.278641313314,0.341268599033,0.142722427845,-0.060367684811,-0.036907140166,0.195623889565,0.234103292227,0.176826640964,0.188947916031,0.079650603235,0.235692039132,0.294256955385,0.325941026211,0.796806573868,0.741435468197,0.224657356739,0.571449458599,0.536044657230,0.303892254829,0.628289818764,0.382345139980,0.206391036510,0.011676765978,-0.194541424513,-0.041615713388,0.031836368144,-0.273838043213,-0.058013398200,-0.184692099690,-0.272870838642,0.020781103522,-0.201867684722,-0.714184224606,-0.693510115147,-0.460859715939,-0.704532444477,-0.778968274593,-0.551528573036,-0.571622312069,-0.627577781677,-0.319256842136,-0.463535070419,-0.534727513790,-0.327002942562,-0.449491649866,-0.325513005257,-0.425224423409,-0.417177855968,0.080082774162,0.443544238806,0.187536180019,0.443383693695,0.725087165833,0.361876845360,0.498363703489,0.698897898197,0.234897673130,0.122019521892,0.092504508793,-0.011652070098,0.114388667047,0.270059674978,0.282452613115,0.246899589896,0.150657847524,0.198336273432,0.347862243652,0.298998445272,0.065273821354,-0.047908898443,-0.084124572575,-0.232181191444,-0.408876121044,-0.398792207241,-0.398783981800,-0.035149656236,0.066372759640,-0.192224174738,0.088203415275,0.369795799255,0.356476783752,0.399331361055,0.338976055384,-0.033877849579,-0.029280405492,0.098789468408,-0.252867639065,-0.185453534126,0.265260547400,0.101024396718,0.042397730052,0.060878053308,0.100394666195,0.479286551476,0.191676765680,0.051205724478,0.214548736811,0.305077612400,-0.023155968636,-0.081272259355,0.076547227800,-0.252398401499,-0.180786132813,0.119595266879,-0.166228249669,-0.162145286798,-0.029074611142,-0.371911346912,-0.238046318293,-0.084960095584,-0.401092976332,-0.128296241164,-0.164738282561,-0.389407992363,-0.131325542927,-0.172817781568,0.070278733969,0.364712685347,0.174669921398,-0.127682983875,0.115960940719,0.139022246003,0.007799602114,0.075621150434,-0.010606635362,-0.146064519882,-0.267524302006,-0.256757140160,-0.118150591850,-0.511485099792,-0.422116935253,-0.576347351074,-0.653989434242,-0.582397699356,-0.397775590420,-0.137445852160,-0.005420620553,-0.047698989511,0.216977119446,0.289947628975,0.375442802906,0.110750228167,0.130411818624,0.190050974488,0.080202132463,0.062355652452,0.079411886632,-0.169356316328,-0.068257838488,0.181037202477,0.267972916365,-0.059820272028,0.163301855326,0.267384350300,-0.041356410831,0.209811344743,0.174476474524,0.032951775938,0.450006186962,0.216680765152,0.164721831679,0.277674049139,-0.220685511827,0.005177782848,0.207650512457,-0.029823701829,0.278904706240,0.332036674023,0.186239674687,0.382958382368,-0.040841925889,-0.365926861763,-0.378414481878,-0.533760309219,-0.730343163013,-0.791427016258,-1.057708263397,-1.079625487328,-0.971797466278,-0.848736584187,-0.534583508968,-0.305637389421,-0.093430586159,0.002749411156,-0.035186700523,0.186354920268,0.374726653099,0.094809412956,0.169294580817,0.613361537457,0.479726970196,0.293997675180,0.248714685440,0.366107970476,0.380567073822,0.271738946438,0.459612637758,0.532801270485,0.361514627934,0.207773983479,-0.146060407162,0.038998007774,-0.032606042922,-0.180959001184,-0.167376577854,-0.305188745260,-0.194961234927,-0.077152267098,-0.277711093426,0.173031806946,0.040393292904,0.235860779881,0.221027135849,0.212766557932,0.314754068851,0.071245968342,0.088339239359,0.195603311062,-0.159898012877,-0.168981775641,0.187869578600,-0.078926205635,0.327801436186,0.372886806726,0.279254555702,0.298981994390,-0.020521802828,-0.213009387255,-0.222117856145,-0.343985080719,-0.027185419574,0.025646079332,-0.188783288002,0.054720692337,0.297282159328,0.091673105955,0.193808794022,0.538925707340,0.206568032503,0.268203407526,0.455620229244,0.099443897605,0.064298354089,-0.212404355407,-0.538040816784,-0.479648768902,-0.415733188391,-0.460192978382,-0.366079151630,-0.612036228180,-0.559480488300,-0.293351471424,-0.314301311970,-0.032634850591,0.217512160540,0.012565796264,0.024876408279,0.530652761459,0.687216937542,0.497820377350,0.385666638613,0.370166242123,0.389198094606,0.229044884443,-0.079304866493,0.136268720031,0.074444010854,0.243051245809,0.339457631111,0.259136110544,0.433316230774,0.441877275705,0.411320984364,0.248393654823,0.067591063678,0.007861339487,-0.102967090905,-0.267281442881,-0.709282219410,-0.643069982529,-0.246664986014,-0.590629458427,-0.986396551132,-0.384423673153,-0.451253265142,-0.451681315899,-0.258996188641,-0.572807669640,-0.263964056969,0.111663959920,0.123892255127,0.332888662815,0.301998943090,0.049736354500,0.438440531492,0.590320765972,0.636994898319,0.587723672390,0.273759871721,0.050238490105,-0.026415748522,-0.152435913682,-0.294429808855,-0.445141196251,-0.610661506653,-0.498042643070,-0.475928008556,-0.332608759403,-0.060948025435,0.066286325455,0.354978591204,0.715447783470,0.739916741848,0.678227901459,0.733129680157,0.334329217672,0.139075756073,-0.017410192639,-0.168882995844,-0.089051291347,-0.191746726632,-0.378776639700,-0.370042771101,-0.280464619398,-0.099238097668,-0.180514469743,-0.201410815120,0.129205867648,0.076008044183,-0.015586856753,0.373442471027,0.080926530063,0.021069213748,0.201151520014,0.037368118763,-0.077296316624,-0.103646211326,-0.475294142962,-0.635443270206,-0.508064806461,-0.204213753343,-0.085437543690,-0.139405027032,0.161787196994,0.177752733231,0.342844992876,0.136453941464,0.255925714970,0.354805767536,-0.132539734244,-0.196010783315,-0.276431053877,-0.562921345234,-0.393005281687,-0.246158733964,-0.643839657307,-0.549997508526,-0.274171441793,-0.256110936403,-0.329809963703,-0.132630273700,-0.228007674217,0.107716828585,0.394902706146,0.498524188995,0.365836292505,0.536880135536,0.570585131645,0.827461600304,0.571692287922,0.434411078691,0.161861285567,0.246216341853,0.147896096110,-0.098143279552,-0.387391209602,-0.329505413771,-0.169014692307,-0.470235764980,-0.672165155411,-0.096513383090,0.033791415393,-0.023114807904,0.250645041466,0.280682772398,0.150361508131,0.260128051043,0.312185734510,0.021287355572,-0.225369393826,-0.236502856016,-0.449627518654,-0.789817690849,-0.908285260201,-0.651906788349,-0.636245846748,-0.432085603476,0.141080185771,0.122085377574,0.156811103225,0.664307951927,0.681598722935,0.522807955742,0.213392168283,0.107120022178,0.296006202698,-0.044159326702,-0.204172596335,-0.235938981175,-0.483826398849,-0.641028523445,-0.717695057392,-0.533706784248,-0.413094878197,-0.324121832848,-0.232226446271,-0.198579102755,-0.446577608585,-0.350113660097,-0.115257121623,-0.016661101952,0.008618663065,0.210679799318,-0.025711933151,-0.154983639717,-0.093665197492,0.186132669449,0.191512122750,0.120994664729,0.540798425674,0.297718405724,0.265861451626,0.341647237539,0.201044514775,0.095089286566,0.234724804759,0.304283261299,0.281151980162,0.437436282635,0.544239342213,0.592456936836,0.677013695240,0.830527961254,0.892525553703,0.745024502277,0.522528052330,0.226933419704,0.398676961660,0.426232814789,0.125806137919,0.382904917002,0.054387301207,-0.431776911020,0.056017193943,0.052037131041,-0.154403313994,-0.097229547799,-0.167388930917,-0.543095111847,-0.113409094512,-0.120352596045,-0.371079951525,-0.329707086086,-0.477195680141,-0.418816000223,-0.190540775657,-0.349710285664,-0.161634922028,-0.312552064657,-0.442815691233,-0.435110777617,-0.325603544712,-0.301908373833,-0.571235477924,-0.392824172974,-0.536163985729,-0.367960125208,-0.270747005939,-0.332226008177,-0.126295924187,-0.231493830681,-0.206852018833,0.018155168742,0.215709403157,0.123077310622,0.126830995083,0.243594542146,0.035713531077,0.015319324099,0.274949342012,0.127682983875,0.038076050580,0.117693729699,-0.225830376148,-0.428788781166,-0.212890043855,0.009071410634,0.084976561368,0.165277481079,0.126086026430,0.113544911146,0.494239568710,0.360786139965,0.136820241809,0.453833937645,0.748432457447,0.579351961613,0.488489687443,0.215816423297,0.249809518456,0.482990831137,0.179802432656,0.383065402508,0.563102424145,0.302159458399,0.099476821721,-0.076999977231,-0.188318207860,0.179539024830,-0.123353071511,-0.220055773854,-0.351360738277,-0.598873615265,-0.281966924667,-0.295561701059,-0.295569926500,-0.291075378656,-0.064639970660,0.241767078638,0.206625655293,0.030054191127,0.106189824641,0.097147233784,0.207177177072,0.231024608016,0.228456303477,0.080712497234,0.342009454966,0.235025271773,0.030539866537,0.302003055811,0.625869691372,0.421878188848,0.224015265703,0.023168316111,0.002078521764,-0.233107253909,-0.398742794991,-0.464321196079,-0.666184782982,-0.435547083616,-0.522416949272,-0.433682560921,-0.562250435352,-0.344898819923,-0.031593531370,-0.009129032493,-0.124439671636,0.127905249596,0.016447076574,0.007190451026,0.188976734877,-0.270796418190,-0.333147943020,-0.054132118821,-0.475532889366,-0.499079853296,-0.842739820480,-1.044945001602,-0.522812068462,-0.531175553799,-0.437526792288,0.007025815547,0.183576703072,0.479549974203,0.747992157936,0.357843250036,0.624326229095,0.752643048763,0.593909859657,0.420651674271,0.197257906199,0.080111585557,-0.027037248015,0.054877091199,0.092187590897,-0.065352022648,-0.180069953203,-0.149484813213,-0.109210893512,-0.135157436132,-0.148616373539,-0.291375845671,-0.150620803237,-0.148126587272,0.084729604423,0.184634491801,0.346396982670,0.478714466095,0.564674735069,0.605401396751,0.691966652870,0.727927207947,0.576075732708,0.501722216606,0.454348415136,0.436995834112,0.253089874983,-0.050695355982,0.216355606914,0.022213431075,-0.321059614420,-0.614810347557,-0.395915210247,-0.064302474260,0.066825509071,-0.209840148687,-0.194866567850,-0.119109593332,0.051255114377,0.195636227727,-0.051024623215,-0.256818860769,-0.317013680935,-0.145311310887,-0.333538979292,-0.443214923143,-0.686056256294,-0.330419123173,-0.422997742891,-0.367103993893,-0.381381988525,-0.291840940714,-0.351862877607,-0.385814815760,-0.547762513161,-0.157086864114,-0.106469713151,0.019233530387,0.252155572176,0.112046733499,0.086799897254,0.399125576019,0.475088357925,0.539003908634,0.448594391346,0.436008036137,0.401039451361,-0.005379461218,-0.001148331910,-0.022106418386,-0.314140796661,-0.050003882498,-0.288247764111,-0.288074910641,-0.234568387270,-0.169467449188,-0.014158643782,0.122270599008,0.075682893395,0.550717771053,0.368421077728,0.323969542980,0.351764082909,0.326653093100,0.076555460691,0.216557279229,0.038590535522,-0.063948504627,0.031902223825,-0.203407019377,0.169981926680,0.167318955064,0.160387799144,0.330567300320,0.325731128454,0.340873479843,0.527919828892,0.278558969498,0.131193831563,0.248801127076,-0.029008755460,-0.286119848490,-0.390198260546,-0.348586648703,-0.630816996098,-0.662089467049,-0.493025392294,-0.763862967491,-0.458291441202,-0.285638302565,-0.365737527609,-0.352891862392,-0.242174550891,-0.124484933913,-0.125909045339,-0.062923647463,-0.002103217179,0.009964557365,-0.192578136921,-0.188684508204,0.192825093865,0.089693367481,-0.216038689017,0.188396394253,0.198484435678,0.189375981688,0.322084456682,0.253056943417,0.068566530943,-0.029169276357,0.156963378191,-0.051530878991,0.056276496500,0.384736448526,0.327924907207,0.119373008609,0.305987238884,0.479500561953,0.305789679289,0.008202958852,-0.164293780923,-0.139553189278,-0.042282488197,-0.394223570824,-0.304513752460,-0.005556444637,0.268466800451,0.107675664127,-0.019822102040,0.112705275416,0.328608125448,0.317058950663,0.548363447189,0.447853565216,0.369227796793,0.241207331419,-0.084548503160,-0.059268742800,-0.194232717156,-0.200921043754,-0.359724223614,-0.624511480331,-0.500639736652,-0.213828444481,-0.035651795566,0.027296550572,-0.034861546010,0.496824353933,0.655545234680,0.518852531910,0.747070133686,0.467235237360,0.235757887363,0.286391496658,-0.038738708943,-0.316219300032,-0.280188858509,-0.395363688469,-0.561484932899,-0.499289780855,-0.401344060898,-0.477422088385,-0.581039488316,-0.659525275230,-0.590357840061,-0.653371989727,-0.368186473846,-0.438061863184,-0.169101133943,0.033766720444,-0.137643426657,0.272446870804,0.329052656889,0.013891112059,0.310971558094,0.016241282225,-0.164598360658,0.239754423499,0.074217632413,-0.251459985971,0.154238671064,0.087503716350,0.103481583297,0.366371393204,0.178489476442,0.257572084665,0.239807933569,0.345919549465,0.318898767233,0.463563889265,0.290593802929,0.131560146809,0.442399978638,0.445285230875,0.277665823698,-0.263840585947,-0.100065395236,0.070299312472,-0.113623119891,-0.070640929043,0.235572680831,0.107420481741,0.474738538265,0.402286589146,0.243841469288,-0.037816751748,0.123702920973,-0.230012103915,-0.607134222984,-0.402908086777,-0.074036538601,0.031235450879,-0.179230317473,-0.090854041278,-0.021987058222,0.085956141353,0.397273451090,0.454385489225,0.236222982407,0.154851943254,-0.029576750472,-0.064911626279,-0.141236588359,-0.270512431860,-0.564835190773,-0.747823357582,-0.701713144779,-0.658442795277,-0.805363416672,-0.749008715153,-1.055876731873,-0.485871970654,-0.104362376034,0.109523698688,0.680907309055,0.575055003166,0.564781725407,0.794542729855,0.592440485954,0.783816754818,0.506480216980,0.568732976913,0.532591402531,0.069171562791,-0.321919828653,-0.130613490939,0.044328082353,-0.338288694620,-0.273290634155,-0.303435385227,-0.272286355495,-0.194821298122,-0.039088558406,-0.191553294659,-0.075090199709,0.193998128176,0.012417625636,0.121286898851,0.248570635915,0.205493777990,0.141434147954,0.156699970365,0.024501862004,-0.042319528759,0.079671181738,-0.264219224453,-0.673469901085,-0.553644120693,-0.716657876968,-0.581961452961,-0.534546434879,-0.514448583126,-0.272870838642,-0.180185213685,-0.230407238007,0.177542820573,0.330098092556,0.070340469480,0.225949749351,0.231300383806,-0.025061624125,0.184642717242,0.178242519498,-0.068323686719,-0.144969701767,0.028239086270,-0.103316940367,-0.236334115267,-0.388831764460,-0.256078004837,-0.032441403717,0.046336632222,0.249488487840,0.408308118582,-0.014652550220,0.437794327736,0.439955174923,0.225962087512,0.110923096538,0.203300014138,-0.054214436561,-0.188182368875,-0.018435047939,0.230781793594,-0.014603159390,0.025991812348,0.205991804600,0.447639524937,0.342762678862,0.270421862602,-0.112968690693,-0.168640151620,0.216697230935,0.266680538654,-0.002605355112,-0.282567828894,-0.336074352264,-0.051242768764,0.016961561516,0.287354618311,0.057136714458,0.036013994366,0.224270448089,0.073925413191,-0.104712225497,0.171389564872,-0.032153293490,0.019319964573,0.053699951619,-0.153691262007,-0.191722035408,-0.322347879410,-0.236399963498,-0.224348649383,-0.286395609379,-0.212733611465,-0.277995109558,-0.451364398003,-0.643753230572,-0.808248698711,-0.715332508087,-0.943805336952,-0.594296753407,-0.628997743130,-0.492626130581,-0.046250198036,0.188449904323,0.438123583794,0.799811124802,0.881552636623,0.963059484959,1.092606902122,0.892677843571,0.709558010101,0.925703644753,0.486024260521,0.023275328800,-0.135943561792,-0.476487755775,-0.596214711666,-0.130185440183,-0.406011462212,-0.517848312855,0.054033339024,0.019056547433,0.160544201732,0.282921791077,0.506307363510,0.366889983416,0.317663997412,0.582895696163,0.538123130798,0.317758649588,0.474870234728,0.497828602791,0.339865088463,0.437584429979,0.667156159878,0.220290392637,-0.053136076778,0.273669302464,-0.042714655399,-0.350130110979,-0.320425748825,-0.321500003338,-0.450886934996,-0.656985819340,-0.775313377380,-1.020591259003,-1.267746090889,-0.871748507023,-0.860915541649,-0.788545966148,-0.540580332279,-0.380106061697,-0.409900963306,-0.316733807325,0.112532414496,0.375549823046,0.305913150311,0.533451616764,0.207428246737,-0.043706580997,0.188309982419,0.189153715968,-0.022563280538,0.081539794803,-0.044628538191,-0.265289366245,0.183288589120,0.287461638451,0.325582951307,0.431155413389,0.329982846975,0.245347902179,0.350282371044,0.447157979012,0.211120203137,0.284391194582,0.323566168547,0.224714964628,0.318594187498,0.464959174395,0.140503957868,-0.109182074666,0.008400521241,-0.015928473324,0.055910177529,0.004811469465,-0.033437449485,0.259922236204,0.128514394164,0.287050038576,0.096463993192,0.177999675274,0.246352180839,0.009091989137,-0.451249152422,-0.342762678862,-0.278546631336,-0.417778760195,-0.577997803688,-0.571494758129,-0.285243183374,-0.072229668498,0.085334643722,0.164392560720,0.353677958250,0.507015287876,0.729186654091,0.843200743198,0.345125168562,0.311045676470,0.685833990574,0.373331367970,0.349874913692,0.092097043991,-0.171628281474,-0.209926590323,-0.293874174356,-0.645613610744,-0.744703531265,-0.739772677422,-0.193269610405,-0.342474550009,-0.544428706169,-0.342968463898,-0.289659529924,-0.276439279318,-0.160828202963,-0.350298881531,-0.106531448662,-0.087524294853,-0.237527728081,-0.157683670521,-0.006589531898,0.149139091372,-0.080766007304,0.196936875582,0.247858583927,0.370627194643,0.540996015072,0.488584369421,0.159132450819,0.014352089725,-0.004770310596,-0.294882565737,-0.343437671661,-0.387786358595,-0.552598714828,-0.633311212063,-0.223566636443,0.017710652202,0.130535289645,0.271969437599,0.512555241585,0.257185190916,0.268890768290,0.538473010063,0.614197015762,0.630759358406,0.189063176513,-0.154502093792,0.255168408155,0.155502244830,-0.235062301159,-0.191137567163,-0.461003810167,-0.302249997854,-0.071641094983,-0.304102152586,-0.101814649999,-0.220878973603,-0.400681406260,-0.321611136198,-0.269071877003,0.215890511870,0.326690137386,0.272718548775,0.341235667467,0.338556230068,0.394960284233,0.448405086994,0.318413078785,0.021805956960,-0.188478723168,-0.499952435493,-0.524511933327,-0.683623790741,-0.848213911057,-0.862142026424,-0.970801413059,-1.169331073761,-0.797563791275,-0.551689088345,-0.346166491508,-0.096887931228,0.173291102052,0.307571858168,0.517609596252,0.464370608330,0.642143905163,0.609332084656,0.340984582901,0.322059780359,0.344697147608,0.249620184302,0.278744190931,0.277118414640,0.180279865861,0.203621059656,0.306896835566,0.452002376318,0.398294180632,0.115174807608,-0.067249439657,0.017476046458,0.195060014725,0.241108551621,0.447610735893,0.237428933382,-0.059363406152,0.061738274992,0.035734113306,-0.055589143187,0.237700581551,0.258403480053,0.400113403797,0.379517525434,0.197043880820,0.083017393947,-0.083305507898,0.082762211561,-0.374397337437,-0.430772632360,-0.616291999817,-0.811084568501,-0.445215284824,-0.512859821320,-0.666049003601,-0.166043028235,-0.449656307697,-0.495573133230,-0.297907739878,-0.285317271948,-0.376521170139,-0.316515654325,-0.593333601952,-0.396116882563,0.146747767925,-0.026699746028,0.137532293797,0.152024328709,0.203662201762,0.319487333298,0.345322728157,0.350298881531,0.306534647942,0.108642898500,-0.256621301174,-0.445869684219,-0.257016450167,-0.146616056561,-0.415498554707,-0.421100318432,-0.287741512060,0.075641736388,0.152398869395,0.291478723288,0.572770655155,0.487802356482,0.505644679070,0.769024252892,0.616394877434,0.711233139038,0.809347629547,0.376286536455,0.228036478162,0.364757984877,0.186667740345,0.137079551816,-0.100958533585,-0.007272768766,0.354920983315,0.556669294834,0.445207029581,0.637809872627,0.247179463506,-0.040343903005,0.116701796651,-0.086697004735,-0.235638529062,-0.174830436707,-0.197204396129,-0.093031339347,0.105848215520,0.166767433286,0.171076759696,0.189343050122,0.490617603064,0.222545892000,0.060626987368,-0.044575035572,0.104148343205,-0.549931645393,-0.657376825809,-0.616370201111,-0.629841506481,-0.934964418411,-0.672165155411,-0.738286852837,-0.565621376038,-0.365898042917,-0.033906657249,0.411213964224,0.509283125401,0.427216500044,0.139540836215,0.101551227272,0.507603824139,0.332645833492,-0.122377604246,-0.205189213157,-0.244899272919,-0.327052325010,-0.366087377071,-0.297179222107,-0.442972123623,-0.309761494398,-0.090985745192,-0.069015160203,0.073406808078,0.155712157488,0.247591063380,0.554887175560,0.553866386414,0.521507322788,0.383176535368,0.068389542401,0.115532889962,0.227830693126,0.093158945441,0.155037149787,-0.039784144610,-0.195356369019,0.035260785371,0.119393587112,-0.127411335707,0.298018872738,0.173377528787,0.273669302464,0.334934264421,0.010372029617,0.051353897899,0.257053494453,-0.117887176573,0.183074563742,0.233469441533,-0.106230989099,0.141553506255,-0.067138314247,-0.461345404387,-0.436448454857,-0.500302255154,-0.629956781864,-0.482394039631,-0.499656111002,-0.547527968884,-0.256028622389,-0.088475063443,0.187186330557,-0.009499462321,0.588308155537,0.657500267029,0.454175531864,0.429356753826,0.552314698696,0.007828412578,-0.144833877683,-0.358547061682,-0.559217035770,-0.748918175697,-0.524170279503,-0.619420111179,-0.373878747225,-0.391634672880,-0.331637442112,-0.010507853702,0.074304066598,-0.066368639469,-0.020916927606,0.153222039342,-0.335329383612,-0.283757328987,-0.213470369577,-0.130033150315,0.013211990707,-0.138997554779,0.062623187900,0.239058837295,0.063100628555,0.148509353399,0.094385474920,-0.258419960737,-0.008178262971,0.129707992077,-0.069953575730,-0.017006836832,0.156201943755,-0.081996656954,0.029045799747,0.089602813125,0.279538571835,0.451788306236,0.255403012037,0.548993170261,0.586270749569,0.580438554287,0.407859504223,0.273916274309,0.094471901655,0.045081283897,0.100201219320,0.035968717188,-0.446211338043,-0.301472127438,-0.174579367042,0.080251522362,-0.091706030071,-0.533282876015,-0.588892579079,-0.368182361126,-0.292804062366,-0.382287502289,-0.253345072269,-0.248072609305,-0.310642302036,-0.057095553726,-0.022806119174,-0.266310095787,-0.166401103139,-0.285403698683,-0.417572975159,-0.484493166208,-0.287860870361,0.080860674381,0.220413878560,0.001333546708,-0.066619716585,0.192804515362,0.047797769308,-0.248418346047,-0.153407260776,0.005976264831,0.199455782771,0.250439256430,0.106947153807,0.414560168982,0.711245477200,0.330888330936,0.141166627407,0.407764822245,0.319931864738,0.110853120685,-0.168236792088,-0.076333202422,-0.211474165320,-0.179633677006,-0.109680093825,0.028893511742,-0.030445201322,0.433991253376,0.571770489216,0.248274281621,0.267026275396,0.462053328753,0.238441437483,0.136067032814,0.252575397491,0.281695276499,-0.057437174022,0.360168755054,0.463284015656,0.286918342113,0.768653810024,0.811496138573,0.826317429543,0.630199611187,0.151884391904,0.090002052486,-0.296936422586,-0.627219676971,-0.692123115063,-1.093751192093,-1.065380334854,-0.875465154648,-0.593827545643,-0.622408211231,-0.721148312092,-0.160169661045,-0.075789906085,0.045159492642,0.185367092490,0.149468362331,0.303999245167,0.564814627171,0.428492426872,0.214894473553,0.407871842384,0.226311936975,-0.024246677756,0.043484322727,-0.015298743732,-0.051876615733,-0.104712225497,0.128641977906,0.026358127594,-0.041121806949,-0.263704746962,-0.041315250099,-0.312724918127,-0.364021211863,-0.189227804542,-0.238009288907,0.047394413501,-0.184745609760,-0.224698498845,0.073546744883,0.119751669466,0.347804635763,0.407657831907,0.362395435572,0.327929019928,0.512703418732,0.003144535935,-0.084396220744,0.083684176207,-0.162449866533,-0.374446749687,-0.367828398943,-0.783417522907,-0.725185990334,-0.199270561337,-0.211511209607,-0.275826036930,0.012866256759,0.048011794686,0.011207554489,0.222537666559,0.227736026049,0.449956774712,0.796320796013,0.553426027298,0.340614169836,0.490082561970,0.129251137376,0.137705162168,0.036705464125,-0.023155968636,-0.087297916412,0.242347434163,0.485978990793,0.209247484803,0.021192692220,0.170994430780,0.429229170084,0.199554562569,0.069093361497,0.044961929321,0.350558131933,0.415029376745,0.288708746433,0.557858765125,0.372619271278,0.296409577131,0.445194691420,0.458917051554,0.124838910997,0.071110144258,0.182189643383,0.197858810425,-0.252110302448,-0.267853558064,-0.342688560486,-0.449244737625,-0.883050739765,-0.588760852814,-0.322738885880,-0.364408105612,-0.249233305454,-0.328694581985,-0.589518189430,-0.231917753816,-0.161499083042,-0.281703501940,-0.089479342103,-0.326891809702,-0.541848003864,-0.420108377934,-0.470071107149,-0.794616878033,-0.664501368999,-0.369186639786,-0.518428623676,-0.559912621975,-0.463744968176,0.001103057177,-0.278978794813,-0.174739882350,0.139306247234,-0.076222069561,0.133688062429,0.623070895672,0.216610789299,0.212840646505,0.428208440542,0.527845740318,0.687768459320,0.471569299698,0.354283004999,0.585213005543,0.521527886391,0.459974855185,0.396190971136,-0.089273549616,-0.165754914284,-0.112400703132,-0.243619233370,-0.494140774012,-0.249476134777,-0.119187794626,0.105362534523,0.291701018810,0.488629639149,0.692962706089,0.614242315292,0.501713991165,0.336996316910,0.297043412924,0.211140796542,0.131889417768,-0.084371522069,-0.210231170058,-0.111355267465,-0.065199732780,0.075946308672,0.154851943254,0.030576908961,-0.158074676991,0.107741519809,0.026205839589,-0.379208803177,-0.047682527453,0.025835409760,-0.343952149153,-0.139911279082,-0.119492366910,0.060816314071,0.092047646642,0.095439136028,0.025930074975,-0.135136857629,0.001288271975,0.368709206581,-0.332831054926,-0.676676154137,-0.614485144615,-0.623194396496,-0.721156537533,-0.249282687902,-0.128415614367,-0.208605408669,0.090339556336,-0.128786042333,-0.030181784183,0.339688092470,0.773885130882,0.754071295261,0.877469599247,0.809660375118,0.799313127995,0.641394793987,0.324150651693,0.081054121256,0.210173547268,-0.176711410284,-0.369820475578,-0.395437747240,-0.696930408478,-1.119833469391,-0.902625918388,-0.775054037571,-0.572206795216,-0.564534783363,-0.572737753391,-0.636966109276,-0.541518747807,-0.332806348801,-0.091957099736,0.370260894299,0.445342868567,0.376163065434,0.373253136873,0.227752491832,0.556109547615,0.422355622053,0.574668109417,0.658800899982,0.462213873863,0.500392794609,-0.018002880737,-0.136799663305,0.442823946476,0.107288770378,0.120953515172,0.160935223103,-0.079370722175,0.100077740848,0.363095134497,0.248529493809,0.268791973591,0.227810114622,0.577833235264,0.546321988106,0.307674735785,-0.134346604347,-0.306390583515,-0.161824241281,-0.172669604421,-0.023863902315,-0.048604484648,-0.215956360102,-0.349660873413,-0.051119290292,0.014158643782,-0.149871721864,0.368528097868,0.170912116766,-0.243643939495,-0.277525871992,0.141985684633,-0.072604209185,-0.156000271440,-0.053893394768,-0.176007598639,-0.615320682526,-0.616975247860,-0.469103872776,-0.546593606472,-0.512337148190,-0.695469319820,-0.242730185390,-0.452450990677,-0.464724540710,0.222759932280,0.149377807975,0.113705433905,0.595008790493,0.392997056246,0.662348747253,0.621412217617,0.790418624878,1.082090854645,0.795201301575,0.557801187038,0.786487936974,0.380328357220,0.203320607543,0.126670479774,0.031914573163,-0.187984809279,-0.314782887697,-0.135424956679,-0.092010602355,0.273586988449,0.332781642675,0.179658383131,0.278484880924,0.675828337669,0.165927782655,0.214145377278,0.186219111085,-0.004157043528,-0.208481907845,-0.121064640582,-0.197208508849,-0.361210048199,-0.625021815300,-0.487884670496,-0.091673105955,-0.537839174271,-0.000119360666,0.015269933268,0.013269612566,0.120352596045,0.119994506240,0.019945578650,-0.242590248585,-0.192063659430,-0.120356708765,-0.437222212553,-0.260218590498,-0.608694076538,-0.532155096531,-0.495840638876,-0.318470716476,-0.053749341518,0.197615981102,0.275315672159,0.374162763357,0.452636212111,0.529780268669,0.457904547453,0.491012722254,0.234370842576,0.386148214340,0.069299153984,-0.017603639513,0.010289711878,0.009174306877,-0.415140509605,-0.247833907604,-0.480035662651,-0.711171388626,-0.491086810827,-0.572708904743,-0.326319694519,-0.295565813780,-0.128835424781,-0.214882135391,-0.000860219996,0.231827214360,0.229793980718,0.446659952402,0.298973768950,0.129428118467,0.221994370222,0.219714179635,-0.216750726104,-0.082095436752,-0.158226966858,-0.661579132080,-0.593885183334,-0.576001644135,-0.745658457279,-0.203448191285,-0.318594187498,0.000596803322,0.318199068308,0.158766150475,0.328850984573,0.821868181229,0.856663823128,0.936520218849,0.797358036041,0.466181606054,0.399166762829,0.507632672787,0.221195876598,0.194516718388,0.177905008197,-0.230905264616,-0.326525479555,-0.107725054026,-0.238062798977,-0.111161820590,-0.091047488153,-0.152604669333,-0.230131462216,0.359234422445,0.495149165392,0.136281073093,0.206111177802,0.016998603940,-0.222578823566,-0.161696657538,-0.093640498817,-0.109346717596,0.016599364579,0.001403516741,0.009906935506,0.000296343700,-0.271759539843,-0.125032350421,-0.388420164585,-0.369581758976,-0.463176995516,-0.486522287130,-0.549129009247,-0.686266183853,-0.649980545044,-0.081580951810,0.070789106190,0.004708572291,0.227604329586,0.387905687094,0.467029452324,0.271792441607,0.137207135558,0.160647094250,0.008639242500,-0.145735248923,-0.371796101332,-0.461505949497,-0.168887108564,0.033198729157,-0.156020849943,0.022472729906,0.035729996860,-0.358831077814,-0.077502116561,0.073266863823,-0.131914108992,-0.261819660664,-0.305950194597,0.010141540319,-0.096529848874,-0.275492638350,-0.041846204549,0.033388059586,0.044011153281,0.301529735327,0.431052476168,0.626038432121,0.632586836815,0.478961408138,0.379686266184,0.499190986156,0.511489212513,0.641851663589,0.587015748024,-0.055803168565,-0.278925269842,0.067899748683,0.025370312855,-0.150859534740,0.150966539979,-0.036042802036,0.002918162150,0.274356663227,-0.006161479745,0.002309011528,0.290672034025,0.180893152952,0.203353524208,0.588950216770,0.609439074993,0.406176090240,0.150221571326,0.231991857290,0.019645119086,-0.123542405665,-0.220282167196,-0.495643079281,-0.552269399166,-0.853716790676,-0.415906071663,-0.431764572859,-0.295997977257,-0.240178346634,0.017862940207,0.007173987105,0.035367798060,-0.271068066359,0.048995491117,0.231024608016,-0.122332334518,-0.370096236467,-0.152230128646,-0.562209308147,-0.847736477852,-0.719469070435,-1.044146537781,-1.003469109535,-0.740674078465,-0.847950518131,-0.893776774406,-0.809145867825,-0.233514726162,0.020093750209,0.032112132758,0.309839695692,0.349977791309,0.432221412659,0.404702603817,0.347594708204,0.373800545931,0.478652715683,0.352122187614,0.445157647133,0.438658684492,0.052012439817,0.080053962767,0.003543776926,-0.051218073815,0.005552328657,0.239898458123,0.187951877713,0.088804334402,0.269104778767,0.495984733105,0.805437505245,0.829663634300,0.790842592716,0.986425280571,0.672675549984,0.796230316162,0.994768261909,1.059527635574,0.573527991772,0.382452130318,0.292413055897,0.097632907331,-0.307485401630,-0.466938883066,-0.491164982319,-0.450244873762,-0.810726404190,-0.773391246796,-0.438802719116,-0.432999312878,-0.417733520269,-0.234588980675,0.261959612370,0.559455752373,0.534818053246,0.673062443733,0.573984861374,0.307481288910,0.366811782122,0.038104861975,-0.134021446109,-0.155580446124,-0.388889402151,-0.567720472813,-0.887158453465,-0.980712473392,-1.125225305557,-1.316453456879,-1.309563398361,-1.478746771812,-1.389777898788,-1.233497738838,-1.128443956375,-0.886005997658,-0.416840374470,-0.380139023066,-0.054062146693,0.365556448698,0.646502614021,0.608097314835,0.927601039410,1.245903015137,0.836384832859,0.720744967461,0.844962358475,0.694539129734,0.357110649347,0.391605883837,0.043546061963,-0.039076212794,-0.308600813150,-0.311967611313,-0.380299508572,-0.094327844679,0.083601854742,0.299652874470,0.650099933147,0.878770291805,0.369849324226,0.838734984398,1.081778049469,0.919332265854,0.957811713219,0.747572302818,0.763196170330,0.367355078459,0.473273247480,0.702227592468,0.404373347759,0.096529848874,-0.093286536634,-0.339704573154,-0.685397744179,-0.982420563698,-0.883717477322,-0.768575608730,-0.724910259247,-0.690452039242,-0.698202311993,-0.229456469417,-0.387053698301,-0.365054309368,-0.161857172847,-0.441243439913,-0.403496652842,0.001638122136,-0.064314819872,-0.065673060715,-0.124036304653,-0.080704271793,-0.102773644030,-0.455760151148,-0.618633985519,-0.468684047461,-0.836092650890,-0.670704007149,-0.268746703863,-0.487234354019,-0.227867737412,0.421939939260,0.290577352047,0.252180278301,0.361349970102,0.310300678015,0.358917504549,0.224476248026,0.165536776185,0.399137914181,0.291931480169,0.287922620773,0.503158688545,0.298949062824,0.229933917522,0.267787694931,0.488963007927,0.231905415654,0.015451031737,0.000547412666,-0.433962464333,-0.238667830825,-0.273661077023,-0.313819766045,-0.136330455542,-0.443692386150,-0.494021415710,-0.252139121294,0.513250827789,0.200069040060,0.117895409465,0.608014941216,0.785603046417,0.876045525074,0.751815736294,0.058075137436,0.038100745529,-0.077567964792,-0.413889259100,-0.404694378376,-0.486937999725,-0.662344634533,-0.645592987537,-0.593671143055,-0.192442312837,-0.180819049478,-0.025938307866,0.020418904722,0.017204398289,-0.138306081295,-0.018764318898,0.381847113371,-0.071525849402,-0.089853882790,0.314186096191,0.108173690736,0.039767678827,0.220603197813,-0.100415244699,-0.021377906203,-0.257938385010,-0.335592776537,-0.163635239005,-0.114380441606,-0.327912539244,-0.514773726463,-0.802572846413,-0.603466928005,-0.210650995374,-0.325311303139,-0.556377112865,-0.461719959974,-0.174291267991,-0.173900246620,0.194607272744,0.011841401458,-0.094447210431,-0.109737724066,-0.051555573940,0.001140100183,0.245368480682,0.114248737693,-0.081823796034,-0.191071733832,-0.190149754286,-0.121838420630,-0.070752061903,0.039286121726,0.269310563803,0.361407637596,0.496128767729,0.570099473000,0.570190012455,0.707347691059,0.675219178200,0.569831907749,0.455208659172,0.295195400715,0.248957529664,0.197764143348,-0.141870439053,-0.185959786177,-0.033988978714,0.017122082412,-0.342680335045,-0.171056181192,-0.098098002374,-0.297401487827,-0.154378607869,0.043336153030,-0.050312574953,0.056469939649,0.127909362316,0.274599492550,0.360057592392,-0.080527290702,-0.134387761354,0.081733241677,-0.065689526498,-0.164561301470,-0.574849188328,-0.500187039375,-0.405974417925,-0.433863669634,-0.515613377094,-0.677017807961,-0.835919737816,-0.559114158154,-0.434398710728,-0.561188578606,-0.347841680050,-0.097690522671,0.177427560091,0.309868514538,0.095793105662,0.446491181850,0.423495769501,0.255514144897,0.595967829227,0.439621776342,0.227336779237,0.125106438994,0.030111812055,-0.050851754844,-0.466971844435,-0.087697155774,0.030506938696,-0.357081830502,-0.020867537707,-0.079255484045,-0.361996203661,-0.327443361282,-0.243792101741,-0.018821941689,0.507612049580,0.443107932806,0.393318086863,0.855083286762,0.645543634892,0.632858455181,0.912199437618,0.682063877583,0.734154462814,0.475870370865,0.173299342394,0.355077385902,0.110058769584,-0.199879720807,-0.325566500425,-0.397977262735,-0.470021694899,-0.588785588741,-0.673828005791,-0.913335442543,-0.605566024780,-0.220171034336,-0.283510386944,-0.064833417535,0.233012586832,0.016237165779,0.020822262391,-0.114318706095,-0.152950391173,0.008766834624,0.028856469318,0.106910109520,0.051106944680,0.207992121577,0.538740515709,0.580825448036,0.251114249229,0.010993529111,-0.159457609057,-0.239104092121,-0.564226090908,-0.534587621689,-0.573503255844,-0.762908101082,-0.432427197695,-0.208424299955,-0.246689692140,-0.075481213629,0.036800127476,-0.005000799894,0.405303537846,0.554014563560,0.450755238533,0.503500282764,0.509830534458,0.410514235497,0.273290634155,0.011586216278,-0.073394455016,-0.287642717361,-0.659796953201,-0.381818294525,-0.468601733446,-0.459616750479,-0.571605861187,-0.332328915596,0.097073152661,0.004930830095,0.016924519092,0.248945191503,0.240474686027,0.272154659033,0.521009325981,0.922884285450,0.680199325085,0.433970689774,0.502817094326,0.227933585644,0.195763826370,0.125061154366,0.174106046557,-0.394824475050,-0.685904026031,-0.738105773926,-0.561863601208,-0.656570076942,-0.643695592880,-0.497347056866,-0.814298987389,-0.587382018566,-0.163659930229,-0.203641638160,-0.088178724051,0.234597206116,0.024518327788,0.216306209564,0.310848087072,0.176900744438,0.044772598892,-0.128477349877,-0.318544805050,-0.268248677254,-0.369231909513,-0.526508092880,-0.671835899353,-0.703330636024,-0.557076811790,-0.220273926854,0.031144900247,0.296734720469,0.479101330042,0.580014646053,0.686360836029,0.889940798283,1.009824156761,0.869130790234,0.663966357708,0.860433936119,0.608850538731,0.163799881935,0.212774783373,0.041076529771,-0.102571964264,-0.045068938285,-0.223574861884,-0.245520755649,-0.513859987259,-0.701700747013,-0.662558734417,-0.753009319305,-0.794740319252,-0.475269466639,-0.199089467525,-0.043303225189,-0.161005184054,0.195714443922,0.183276250958,0.263935238123,0.669642150402,0.579327285290,0.531583011150,0.416367024183,0.175365507603,0.205600798130,0.069937117398,-0.500495731831,-0.636307537556,-0.891825795174,-1.001312494278,-1.056292414665,-1.271857738495,-0.932783007622,-0.567679286003,-0.587822437286,-0.386827319860,-0.040804881603,0.033787298948,0.112585917115,0.227991223335,0.371960759163,0.356196910143,0.544819712639,0.468255996704,0.267894715071,0.333995819092,0.292717605829,0.587707221508,0.421647697687,-0.216804236174,0.063631579280,-0.117965377867,-0.251052498817,-0.106601417065,-0.267351418734,-0.351023256779,-0.168352037668,-0.190577819943,-0.070533923805,0.045583426952,0.069150984287,0.133725106716,0.393667936325,0.473713636398,0.684479892254,0.467107653618,0.542988121510,0.566642105579,0.383674561977,0.390766203403,0.214058935642,-0.014706056565,-0.271306782961,-0.399705916643,-0.597852885723,-0.386428087950,-0.538983345032,-0.122229434550,-0.159601673484,0.014170991257,-0.029679646716,0.097797542810,0.245932340622,0.169907853007,0.098645418882,0.360300451517,0.147562697530,0.243573948741,0.325747609138,-0.090825229883,0.010795965791,0.200254261494,-0.044710859656,-0.170018970966,-0.351159065962,-0.395841091871,-0.606393337250,-0.499454408884,-0.439169049263,-0.688608109951,-0.392606019974,0.012672808953,-0.250344574451,-0.329797625542,0.002181418939,0.229769274592,0.367416799068,0.580644369125,0.328229457140,0.446976870298,0.248961642385,-0.091788351536,-0.034005440772,-0.065743029118,0.087713621557,0.036927718669,-0.070414558053,-0.513168513775,-0.098900601268,-0.287268191576,-0.121554434299,-0.004321679007,0.052860312164,0.126267120242,0.220899537206,0.368375808001,0.396302103996,0.378163397312,0.505718767643,0.542572438717,0.463057637215,0.651454031467,0.438255310059,-0.234181508422,-0.073797821999,-0.093521133065,-0.386703878641,-0.138087943196,-0.265416949987,-0.879255890846,-0.563637495041,-0.338535636663,-0.689423084259,-0.830515623093,-0.504652798176,-0.283399254084,-0.429204493761,-0.387646377087,0.033112294972,0.685920476913,0.702762603760,0.532541990280,0.513213813305,0.620728969574,0.543206214905,0.722642362118,0.383509933949,-0.061651840806,-0.100966773927,-0.167849898338,-0.500783860683,-0.618321180344,-0.589489400387,-0.394943833351,-0.535587728024,-0.082531720400,0.093982122838,0.257736712694,0.395729988813,0.257839590311,0.587917149067,0.651964366436,0.748914062977,0.510431468487,0.317482888699,0.408583879471,0.180086433887,-0.153555437922,-0.156679391861,-0.059268742800,-0.451668977737,-0.327562689781,-0.328064829111,-0.628557324409,-0.679816603661,-0.365313589573,-0.295899212360,-0.128399148583,-0.240729868412,-0.001909770654,0.064598813653,0.121278665960,0.327435106039,0.736949205399,0.434575706720,0.247623980045,0.258901506662,0.179888874292,0.314885795116,-0.001757482882,0.050950538367,0.116656519473,-0.107976123691,0.034087758511,-0.063104748726,-0.234720692039,-0.010166236199,-0.325677633286,0.165092259645,0.213346898556,0.057391896844,0.320726215839,0.125098198652,0.095690205693,0.235778465867,-0.035326641053,0.230843529105,-0.013010312803,-0.399483680725,-0.172632560134,0.029938947409,0.426446825266,0.508402347565,0.085618637502,0.050073854625,-0.105889365077,-0.139067515731,-0.221652746201,-0.365844517946,-0.438876807690,-0.477076321840,-0.398187190294,-0.511085867882,-0.353068828583,-0.325455367565,-0.381266772747,-0.166376411915,-0.132342174649,-0.395092040300,-0.174863368273,-0.031959846616,-0.042648799717,-0.015121761709,0.045101866126,0.068652965128,0.166001871228,-0.005819861311,0.175797685981,0.239141136408,-0.052119448781,0.156131982803,0.401772111654,0.397182911634,0.206152319908,0.304838895798,0.314572960138,-0.018426816911,0.010536665097,0.004976104945,0.013006197289,-0.316742032766,0.044352777302,0.194002240896,-0.081486292183,0.243528679013,0.251114249229,0.379011273384,0.321047246456,0.144792720675,0.226176097989,0.020126678050,-0.089927971363,-0.054362606257,-0.482575148344,-0.508904457092,-0.257995992899,-0.364346355200,-0.408954322338,-0.215820536017,-0.019571032375,0.165866047144,-0.036347378045,-0.013183179311,0.295215964317,0.269281774759,0.455723136663,0.093702234328,-0.231662571430,-0.312831938267,-0.352850705385,-0.148311793804,-0.371487408876,-0.539892971516,-0.243705660105,-0.009511809796,-0.276299357414,-0.071221269667,-0.056095395237,0.082111902535,0.158873155713,0.201925322413,0.388341963291,0.786677300930,0.755684733391,0.953152537346,0.787669241428,0.777655303478,0.755017876625,0.879424631596,0.835183024406,0.324195891619,0.206683278084,0.146513149142,-0.110811971128,-0.611496984959,-0.829132676125,-0.853000700474,-0.952518641949,-0.619679391384,-0.732841491699,-0.669526875019,-0.384580045938,0.113005734980,-0.048061184585,0.189433604479,0.478175282478,0.449150055647,0.106552027166,0.070517450571,-0.118689775467,0.024053230882,-0.232761517167,-0.606348037720,-0.787278234959,-0.897942066193,-0.864093005657,-0.543951213360,-0.483851075172,-0.105288445950,0.393552660942,0.274842321873,0.509517788887,0.814607679844,0.728095948696,0.790044128895,0.801128149033,0.673720955849,0.084136918187,0.044513296336,-0.205658435822,-0.167425960302,-0.309456914663,-0.307419568300,0.113055132329,0.107663311064,0.009289552458,0.206111177802,0.298907905817,-0.148661643267,0.171196117997,-0.134507119656,-0.014471451752,0.092109382153,0.144759789109,0.183267995715,0.250270485878,0.262951552868,0.469289094210,0.770114958286,0.719625413418,0.623754084110,0.286683738232,0.481109917164,0.516313076019,-0.068788789213,-0.329151421785,-0.015710331500,-0.296726495028,-0.426467448473,-0.101164340973,-0.236618116498,-0.271298557520,0.097888089716,0.042377151549,-0.059943746775,0.135692492127,0.046332519501,-0.033704981208,-0.157226800919,-0.306221842766,-0.123962216079,-0.012133628130,-0.220343902707,-0.134745836258,0.106782518327,-0.025444399565,-0.158560350537,0.012722199783,-0.218228340149,-0.410633623600,-0.181321188807,-0.007655545603,-0.609484374523,-0.478961408138,-0.249023377895,-0.090063787997,-0.126098364592,0.064487688243,-0.037709739059,0.153938204050,0.273056060076,0.301710814238,0.260243296623,0.360563844442,-0.045365281403,0.178003787994,0.093945071101,0.000567992101,0.064989820123,-0.320261120796,-0.463065892458,-0.354303628206,-0.425656557083,-0.399582475424,-0.036055151373,-0.080053962767,-0.087977044284,0.079675301909,-0.107543960214,-0.056943267584,-0.042327761650,0.108136638999,0.421853512526,0.310164868832,0.475006043911,0.799399554729,0.554537296295,0.509698808193,0.692608773708,0.727947711945,0.563032448292,0.703120768070,0.655635774136,0.096501037478,0.095640815794,0.023546978831,-0.469988793135,-0.508151292801,-0.457497090101,-0.343326538801,-0.525643765926,-0.364634454250,0.005778701976,-0.092623874545,0.048139389604,0.466856598854,0.434003591537,0.497071325779,0.533575117588,0.615110754967,0.230156168342,0.235486239195,0.271360307932,0.088104635477,0.168059810996,0.056848604232,0.012676925398,0.042508859187,-0.096867345273,-0.256584256887,-0.147122308612,-0.363959491253,-0.222813442349,-0.248887568712,-0.081235215068,-0.194454982877,-0.364420443773,-0.388996422291,-0.465868800879,-0.298335820436,-0.250064700842,-0.355097979307,-0.006083277985,-0.044089362025,-0.104296520352,0.087952345610,-0.214783340693,-0.342680335045,-0.290371567011,-0.456608057022,-0.534793376923,-0.658134102821,-0.881392061710,-0.744645833969,-0.372442334890,-0.250381618738,-0.234428465366,0.067747466266,0.276167660952,0.147414535284,0.145673513412,0.486649870872,0.221418157220,-0.001687512849,0.162318155169,-0.198669642210,-0.052012439817,-0.006511330139,-0.077695555985,0.585871517658,0.260053962469,0.259127885103,0.685196101665,0.658105313778,0.587052762508,0.748905837536,0.429566681385,0.443988740444,0.358271300793,0.323771983385,0.395688831806,0.134198427200,0.050580110401,0.070538036525,-0.015965517610,-0.159190088511,0.017624219880,0.041323486716,-0.321450591087,-0.296384871006,-0.387024879456,-0.250846713781,-0.073258630931,-0.255950421095,-0.346804469824,-0.096303477883,-0.061557173729,0.159227117896,0.424467086792,0.461839318275,0.718831062317,0.760290324688,0.682969331741,0.801021218300,0.747864544392,0.449800372124,0.415399789810,-0.255337148905,-0.718485295773,-0.805256366730,-0.995072782040,-1.116153955460,-1.463184833527,-1.107292413712,-0.787409961224,-0.797888934612,-0.298467516899,0.134280741215,0.253501474857,0.394528150558,0.318462461233,0.235087007284,0.256563693285,0.265334635973,-0.153287902474,-0.088977202773,-0.215170219541,-0.134869322181,-0.122978523374,-0.227744266391,-0.391519427299,-0.161774858832,0.001333546708,-0.239281088114,-0.443227320910,-0.207950979471,-0.165960714221,-0.304476708174,-0.056848604232,-0.135741889477,-0.056124202907,0.056725125760,0.370911180973,0.343326538801,0.424224257469,0.527788162231,0.674264252186,0.542584776878,0.253896594048,0.395042628050,0.538979232311,0.151608631015,0.111141242087,0.163005501032,0.034100104123,0.001127752475,-0.111832708120,-0.044435095042,0.039973475039,0.302274703979,0.493902087212,0.096291124821,0.011293988675,0.081045888364,0.068743512034,0.309271693230,0.503689646721,0.349232852459,0.450199633837,0.081576839089,0.148023679852,0.491778284311,0.504525125027,0.280106544495,0.142430186272,-0.096007131040,-0.043414354324,-0.140512183309,-0.202563270926,-0.590320765972,-0.801926672459,-0.681454718113,-0.521931231022,-0.721551656723,-0.784384727478,-0.831935584545,-0.450866371393,-0.642489612103,-0.666361808777,-0.301270425320,0.131527215242,-0.085264675319,0.024913450703,0.113845378160,0.174414739013,0.311778277159,0.480282604694,0.218919813633,0.483719378710,0.186046227813,0.133494615555,0.441593289375,0.413296580315,0.299220710993,0.235358640552,0.354768693447,0.273706346750,0.147616207600,0.062133401632,-0.016706377268,0.010894747451,0.175274953246,0.212560757995,0.038973312825,0.081017076969,0.215190812945,0.342709153891,0.516811072826,0.261008858681,0.263321965933,0.634204328060,0.666007816792,0.344742417336,0.462847709656,0.298850297928,0.127999901772,-0.016331830993,-0.102407336235,0.271944731474,0.002662977669,-0.122505195439,0.108346551657,-0.153394907713,-0.227711334825,0.008606315590,-0.148682221770,-0.355526030064,0.044640887529,-0.109914705157,-0.363897740841,-0.227336779237,-0.411008119583,-0.559431076050,-0.190754815936,-0.213602080941,0.215750575066,0.360617369413,0.156741127372,0.141759306192,0.061680648476,0.024999884889,-0.059038251638,-0.256489604712,-0.090685285628,-0.143146365881,-0.470828413963,-0.360872566700,-0.493766278028,-0.653820693493,-0.660451352596,-0.526804447174,-0.500561594963,-0.459974855185,-0.531969904900,-0.475458800793,-0.397458672523,-0.426747292280,-0.006494866218,0.215762913227,-0.009577664547,0.499779552221,0.401051849127,0.241330787539,0.140726223588,0.221800908446,0.294742643833,0.350146561861,-0.023332953453,-0.183107480407,-0.351829975843,-0.463831394911,-0.069142751396,-0.045682210475,-0.338362783194,0.058178033680,-0.201122730970,-0.147789075971,0.172163352370,0.219623625278,0.566391050816,0.679092168808,0.510345041752,0.579697668552,0.411481469870,0.113306194544,0.363370925188,0.050761207938,0.147184044123,0.085116498172,-0.150871872902,-0.173204675317,0.300015062094,0.052288204432,0.142393156886,-0.007832529023,0.111326448619,0.208477795124,-0.206683278084,-0.520321965218,-0.452735006809,-0.901461124420,-0.947377920151,-0.700680017471,-0.474997788668,-0.641164302826,-0.377332001925,-0.492358595133,-0.499767214060,-0.124320305884,0.282917678356,0.562065243721,0.248212546110,0.315437316895,0.348282068968,-0.080831862986,-0.297990083694,-0.315643101931,-0.183292701840,-0.563267111778,-0.738327980042,-0.502603054047,-0.880284845829,-0.503216326237,-0.115890972316,0.041372876614,0.310452967882,0.514514446259,0.357530444860,0.273290634155,0.217322841287,0.272146433592,0.532072782516,0.585035979748,0.429636627436,0.592070043087,0.404686152935,0.320425748825,0.327500969172,0.331489264965,0.192886829376,0.040220428258,0.158177569509,0.048719726503,-0.079749383032,-0.125699117780,0.121937207878,-0.038244802505,-0.106169253588,-0.192475244403,0.419569164515,0.345030516386,0.164660096169,0.225443467498,0.308045178652,0.365527600050,0.216923609376,0.477788358927,0.239412799478,0.047369718552,-0.155773892999,-0.083424873650,-0.308555543423,-0.182457178831,-0.438967376947,-0.375829696655,0.159696340561,-0.232909694314,-0.328011333942,0.012820981443,-0.348557829857,-0.338309288025,-0.031161366031,0.008738023229,-0.000230489561,-0.066051721573,-0.037248760462,0.102777756751,0.201106250286,-0.059153500944,-0.189437717199,-0.196138381958,-0.309316992760,-0.184527471662,-0.125732049346,-0.403352618217,-0.341853052378,-0.256189137697,-0.445038288832,-0.244500026107,-0.306983262300,-0.171006783843,-0.119673468173,-0.118599221110,0.050892919302,-0.092265792191,-0.009182539769,0.360592693090,0.030210593715,0.130852207541,0.476224362850,-0.095422670245,0.232621580362,0.462781876326,0.288638770580,0.487119108438,0.225534021854,0.112524181604,0.363185703754,0.254028290510,0.253933638334,0.257399201393,0.327714979649,-0.012376465835,0.128452658653,0.400364488363,0.339548140764,-0.146533727646,0.068455398083,0.114993713796,-0.283802598715,0.039491917938,0.298739165068,-0.173723265529,0.011042919010,0.251995056868,0.030432853848,-0.072966411710,0.200826376677,0.026543343440,-0.094681821764,-0.155152395368,-0.385082185268,-0.547091662884,-0.555216431618,-0.644699871540,-0.643617391586,-0.691073536873,-0.513534843922,-0.204160228372,-0.096394017339,-0.132589116693,0.088314540684,0.215413063765,0.017883520573,-0.085947908461,0.091055721045,-0.358781695366,-0.541436433792,-0.534571111202,-0.552462875843,-0.335609257221,-0.282366156578,-0.371672630310,-0.034449957311,0.299871027470,0.724292874336,0.858330726624,0.824539363384,0.500413417816,0.665057063103,0.692711651325,0.800523161888,0.664937674999,0.342688560486,0.298426330090,0.177345260978,0.089269429445,0.120048008859,0.161058694124,0.139215692878,-0.243112981319,-0.242639645934,-0.194043397903,-0.311864703894,-0.130502358079,0.034775111824,-0.090648248792,0.049353573471,0.350195944309,0.205469101667,0.067714534700,0.094047971070,0.086878098547,-0.035211395472,0.160268440843,-0.002086753724,-0.231061667204,-0.256370246410,-0.280176520348,-0.548721551895,-0.519498765469,-0.609706580639,-0.497108340263,-0.586604177952,-0.485991358757,-0.434826761484,-0.127979323268,0.227423220873,0.131539568305,0.074028305709,0.523651659489,0.082412362099,0.315918862820,0.485089957714,-0.050386663526,0.192495808005,0.397080004215,0.159902125597,0.168306767941,0.283119380474,0.058540228754,0.303262501955,0.283946663141,0.225875645876,-0.112651772797,-0.265614509583,-0.510242164135,-0.814780533314,-0.756734311581,-0.466667264700,-0.631631910801,-0.902864575386,-0.759570062160,-0.933499217033,-0.681314766407,-0.332691103220,-0.056161247194,0.329735904932,0.529537379742,0.354073107243,0.495643079281,0.485678523779,0.531023204327,0.495494931936,0.325513005257,0.067418195307,-0.252595961094,-0.481290996075,-0.700910508633,-0.671313166618,-0.427792727947,-0.509517788887,-0.397133499384,-0.106449134648,-0.080794818699,0.090265467763,0.229118958116,0.433275103569,0.620325624943,0.732586383820,0.886289954185,0.789698362350,0.613921284676,0.599367499352,0.463600933552,0.321989774704,0.007231609896,-0.203518167138,-0.565580189228,-0.432102054358,-0.278402566910,-0.538617014885,-0.470527946949,-0.083667710423,-0.276159405708,0.004729151726,0.034400567412,0.092508621514,0.335847973824,0.293372035027,0.454097360373,0.609850645065,0.116672992706,0.108025513589,0.208449006081,-0.200575307012,-0.488168627024,-0.142356112599,-0.319602578878,-0.346524566412,-0.119504719973,-0.161449700594,-0.257263392210,-0.157864764333,0.059976678342,0.172603756189,0.225566953421,-0.225447610021,-0.211564719677,-0.136943712831,-0.550758898258,-0.597593545914,-0.239507466555,-0.253201007843,-0.607298791409,-0.498688846827,-0.425446659327,-0.091187424958,-0.176357448101,0.138429552317,0.475499927998,0.455245673656,0.494111984968,0.587505519390,0.275105744600,0.366721212864,0.332802206278,0.253324478865,0.293989419937,-0.015241121873,0.224476248026,0.138804107904,0.151213496923,0.473610758781,0.212820053101,-0.063269384205,0.015294628218,-0.116281978786,-0.315050423145,-0.276496917009,-0.241544812918,-0.614262878895,-0.458130925894,-0.147599756718,-0.323669075966,-0.053341869265,0.111104205251,0.323533236980,0.390634506941,0.438843905926,0.445692688227,0.444215118885,0.187844872475,0.255658209324,0.213725551963,0.087618954480,0.054111540318,0.305234014988,0.056424669921,-0.104732811451,-0.051399167627,0.107239373028,-0.018105776981,0.080403812230,-0.281279593706,-0.213363349438,0.078922092915,-0.099579714239,-0.176258653402,-0.663945734501,-0.464769840240,-0.310420036316,-0.305295765400,-0.029062263668,0.029971873388,0.516362428665,0.548725664616,0.536357462406,0.590946376324,0.434752702713,0.169751435518,0.080654881895,0.047081608325,-0.259971648455,-0.392474353313,-0.260239154100,-0.480142682791,-0.739484608173,-0.716707229614,-0.695008337498,-0.379731565714,-0.066870786250,-0.075077854097,-0.045995015651,0.272837877274,0.297417968512,0.304361462593,0.440383225679,0.259901672602,0.229044884443,0.558402121067,0.398458838463,0.028523081914,0.249126285315,0.102773644030,-0.170586958528,0.069669581950,-0.029605560005,-0.537505745888,-0.486818641424,-0.631384968758,-0.738850712776,-0.409752815962,-0.505710542202,-0.385798364878,-0.397462785244,-0.131074473262,0.419211119413,0.509945809841,0.543626070023,0.708356142044,0.504549860954,0.714517593384,0.816212892532,0.740089595318,0.335271775723,0.076362013817,0.293536663055,-0.164997592568,-0.130539402366,-0.120101526380,-0.477232754230,-0.767460227013,-0.379455775023,-0.183877170086,-0.135704845190,-0.075901031494,0.150081619620,0.099587954581,0.170105412602,0.370837122202,0.302542239428,0.125007659197,0.228295788169,-0.286877185106,-0.409563481808,-0.169636204839,-0.287803232670,0.003144535935,-0.158399835229,-0.304509639740,-0.146142721176,0.088742591441,0.135573133826,-0.127016201615,-0.461176693439,-0.514979481697,-0.559188246727,-0.636402249336,-0.525330960751,-0.173081189394,-0.461370140314,-0.458550721407,-0.086594097316,0.125028237700,0.168813019991,0.574861526489,0.494144886732,0.136902570724,0.311243236065,0.229118958116,0.275278598070,0.379867374897,-0.142220288515,-0.076790064573,0.011158163659,-0.172484382987,0.163565263152,0.393672049046,0.207452952862,0.219705924392,0.184465721250,0.111898556352,0.293260931969,0.008758602664,-0.139487341046,-0.379636883736,-0.150151595473,0.085338756442,-0.106206290424,-0.259683519602,0.047320328653,0.223974108696,0.262227147818,0.544366955757,0.252966403961,0.072949945927,0.188355237246,0.159659296274,0.088684968650,-0.080375000834,-0.221092984080,-0.355237901211,-0.489876747131,-0.536069333553,-0.400385051966,-0.046451874077,0.016512930393,0.150715470314,0.224834322929,-0.209584966302,-0.043628379703,0.236313521862,0.231226295233,0.278999388218,0.186733588576,0.059598013759,-0.046892277896,0.204341337085,0.128683149815,0.135634869337,0.342293441296,0.355830609798,0.389901906252,0.598190367222,0.435938030481,0.318400740623,0.184889674187,0.182634174824,-0.049386505038,-0.079510666430,0.219668895006,-0.131107389927,-0.210889697075,0.187672004104,0.249344423413,0.168240919709,0.318367809057,0.295327097178,0.138590067625,-0.207535266876,-0.255592346191,-0.489695638418,-0.408600360155,-0.397940188646,-0.371470957994,-0.686747729778,-0.818151533604,-0.468618184328,-0.464539349079,-0.628717899323,-0.542453050613,-0.604351878166,-0.331571578979,-0.395178467035,-0.254974961281,-0.039372555912,-0.210626289248,-0.327249914408,-0.355279058218,-0.379665672779,0.110363341868,0.320376366377,-0.117323301733,0.545696377754,0.721753358841,0.579812943935,0.859075725079,0.792435467243,0.490399479866,0.504117667675,0.363115698099,0.200599998236,0.194825410843,0.367066979408,-0.047925367951,-0.049497634172,0.217182904482,0.127423673868,-0.088281616569,0.189054936171,-0.057346627116,0.070480413735,0.409843355417,0.306868046522,0.218413546681,-0.106815442443,0.018344499171,0.161190405488,0.296907603741,0.114602699876,-0.194755449891,0.158984288573,0.351475983858,0.219940543175,0.414045691490,0.648412406445,-0.118422240019,-0.048612717539,0.185190126300,-0.218162477016,-0.370487272739,-0.514765501022,-0.720345735550,-0.485616803169,-0.581121802330,-0.578541159630,-0.413819313049,-0.245142117143,-0.098114460707,-0.358625292778,-0.021974710748,0.241536587477,0.476232588291,0.332884550095,0.303756415844,0.277398288250,0.218520566821,-0.058235656470,-0.062536753714,-0.362831711769,-0.429743647575,-0.390696257353,-0.463176995516,-0.694744884968,-0.440531402826,-0.572231471539,-0.418688386679,-0.234243243933,-0.179646030068,-0.097455926239,0.399006217718,0.429718971252,0.594597220421,0.484801858664,0.854317724705,0.969295024872,0.767756581306,0.910297930241,0.795851647854,0.570099473000,0.215618848801,0.154535010457,0.093117780983,-0.217763230205,-0.373076170683,-0.442087203264,-0.484752446413,-0.354126632214,-0.573976635933,-0.344219684601,0.144442871213,-0.131173253059,0.322133839130,0.551771402359,0.537283480167,0.633957445621,0.357530444860,0.055659111589,0.168294414878,0.010104496963,-0.036223903298,0.089248850942,-0.226966351271,-0.538896918297,-0.351957529783,-0.320771485567,-0.207769870758,-0.092224635184,-0.305575639009,-0.268808424473,-0.043825943023,-0.281933993101,0.015183499083,0.101283699274,-0.257469177246,-0.194529056549,-0.191326916218,-0.257403343916,0.015298743732,-0.116512477398,-0.121204584837,-0.096352867782,-0.361967414618,-0.484287351370,-0.242367997766,-0.159416452050,-0.305929601192,-0.117981836200,-0.250591546297,-0.045250039548,0.172496736050,-0.261819660664,-0.284876853228,0.032108020037,0.144311159849,0.230670645833,0.299780488014,0.053473576903,-0.087927654386,0.085639216006,0.343886286020,0.273146569729,0.520420730114,0.791735708714,0.670679330826,0.875399291515,0.779853165150,0.915455102921,1.102209329605,0.914500236511,0.735718548298,0.496165841818,0.159416452050,-0.171747654676,-0.320532768965,-0.891895830631,-0.726766526699,-0.820888578892,-0.816142916679,-0.787632226944,-0.685438871384,-0.660595417023,-0.224332183599,-0.037717968225,0.292273104191,0.308506160975,0.365663468838,0.325364828110,0.165203392506,0.296434283257,-0.017327876762,-0.105078540742,-0.129485741258,-0.334111064672,-0.780614614487,-0.579401314259,-0.485493332148,-0.055189900100,-0.014562000521,0.052226465195,0.402969837189,0.538670539856,0.394429355860,0.525240421295,0.387852162123,0.273121893406,0.120175600052,-0.000600919186,0.102049246430,-0.413444757462,-0.489440441132,-0.465461313725,-0.479364752769,-0.393890202045,-0.429344415665,-0.595420360565,-0.618654549122,-0.458480775356,-0.546075046062,-0.304196804762,0.123250171542,0.231794297695,0.347858130932,0.535172045231,0.638102114201,0.707812845707,0.973357379436,0.923081874847,0.950361967087,0.673692166805,0.252332568169,0.300537794828,0.086096078157,-0.366157382727,-0.260276198387,-0.305472761393,-0.479825764894,-0.390033602715,-0.092315182090,-0.034701026976,-0.085256442428,0.147142887115,0.304703056812,0.373825222254,0.284292399883,0.591415643692,0.221348166466,0.057046163827,-0.089553423226,-0.272426307201,-0.404414504766,-0.338399827480,-0.471795648336,-0.364305198193,-0.292153745890,-0.296413689852,-0.183309167624,-0.387584656477,0.024962842464,0.086635261774,-0.570124149323,-0.383057177067,-0.178205475211,-0.580998301506,-0.297644346952,-0.714990913868,-0.644646346569,-0.414877086878,-0.421557158232,-0.292643517256,-0.540032923222,-0.457920998335,-0.106119863689,0.003370909719,-0.008989091963,0.326607823372,0.324887365103,0.500438094139,0.206185251474,0.305361628532,0.148221254349,-0.171632394195,-0.242388576269,-0.029741384089,-0.257275730371,0.100867994130,0.158461570740,0.055552102625,0.044776711613,-0.234436690807,-0.121505036950,-0.005457662977,-0.227867737412,-0.033696752042,0.369001418352,0.134865209460,0.559653341770,0.604290127754,0.731973052025,0.977794349194,0.829778850079,0.560143113136,0.709031105042,0.703334808350,0.280135363340,0.483171939850,0.033523883671,-0.056589301676,0.050452515483,-0.318437784910,-0.375866740942,-0.333810597658,-0.413436532021,-0.360769689083,-0.539888858795,-0.411403268576,-0.305941939354,-0.419194668531,-0.286218643188,-0.031651154160,-0.423627465963,-0.273113667965,-0.131967619061,0.029268058017,-0.206732660532,-0.248924598098,-0.091121576726,-0.134482413530,0.068661190569,0.399627715349,0.501730442047,0.307995766401,0.184346362948,0.311580717564,-0.265947908163,-0.392157375813,0.007178103551,-0.123225480318,-0.226410716772,-0.139516144991,0.128263324499,0.174114286900,0.059556856751,-0.172101616859,-0.080716617405,0.017294948921,0.157794803381,-0.045468177646,-0.381233841181,-0.263651251793,-0.208103269339,-0.287004768848,-0.048937872052,-0.001399400877,0.114993713796,0.423429876566,0.443766474724,0.256036847830,0.552450537682,0.579253196716,0.672926604748,0.528249144554,0.426253378391,0.710714519024,0.312037587166,-0.194269761443,-0.111231796443,-0.391963928938,-0.738579094410,-0.571186065674,-0.357098311186,-0.050588339567,0.238252103329,0.401553988457,0.563505828381,0.495424956083,0.383312374353,0.481982469559,0.571375370026,0.493786841631,0.481887787580,0.081412203610,-0.167257204652,-0.624709010124,-0.757475078106,-0.694329202175,-0.630281925201,-0.985560953617,-0.646177470684,-0.950436055660,-0.752379655838,-0.712805449963,-0.840653061867,-0.543000459671,-0.359971195459,-0.311214417219,-0.096307590604,0.049151897430,0.095303319395,0.220615550876,0.093945071101,0.319911271334,0.075728163123,-0.024053230882,0.069175675511,0.073019914329,-0.160387799144,-0.579648315907,-0.594362616539,-0.830688416958,-0.656915843487,-0.103037066758,-0.206530988216,-0.258193582296,0.362164974213,0.431015461683,0.609710693359,1.080547332764,0.755684733391,0.703733980656,0.751046121120,0.709520936012,0.628499746323,0.188297614455,0.068772315979,0.184338137507,0.037236411124,-0.254991412163,0.051065787673,0.091681331396,0.439580619335,0.256357908249,-0.070344589651,0.226616501808,0.093163058162,-0.069895952940,0.164417251945,0.232481643558,0.152205422521,0.186741814017,0.070822030306,0.117422081530,0.021493149921,-0.218903332949,0.065100952983,0.174476474524,-0.270249009132,-0.322319060564,-0.140285819769,-0.297183364630,-0.491255551577,-0.670107185841,-0.446260690689,-0.396997690201,-0.546198487282,-0.491313189268,-0.413024961948,-0.555451035500,-0.230506017804,0.104724578559,0.120068594813,-0.053049642593,0.006050351076,-0.098855324090,-0.321672886610,-0.122464038432,0.002477762755,-0.028341982514,-0.079411886632,-0.077975437045,-0.132309228182,-0.289774775505,0.055325724185,-0.054691880941,0.116500124335,-0.116100884974,-0.063676856458,0.047250356525,-0.283460974693,-0.402072578669,-0.336206048727,-0.554965317249,-0.573198676109,-0.427031278610,-0.540580332279,-0.390004813671,-0.110062882304,-0.047398529947,0.388514846563,0.367811918259,0.214198887348,0.242326840758,0.325558274984,0.272010624409,-0.040310975164,-0.184457495809,-0.145381286740,-0.278587788343,-0.411176890135,-0.360057592392,-0.355447798967,-0.672445058823,-0.049604643136,0.565193295479,0.250846713781,0.511164069176,0.540119349957,0.529500365257,0.659002542496,0.702252268791,0.470766693354,0.518457412720,0.438572227955,0.116203777492,0.368128836155,0.248673528433,0.054914135486,0.166886791587,-0.333267301321,-0.428817570210,-0.570741534233,-0.854453623295,-0.880033791065,-0.816583335400,-1.104724168777,-0.803902268410,-0.489321082830,-0.378076940775,-0.246463298798,-0.084141038358,0.357896775007,0.361424088478,0.665489196777,0.929943084717,0.760862529278,0.531945168972,0.788743495941,0.594160914421,0.209531471133,0.381859451532,0.182634174824,-0.354801625013,-0.316264599562,-0.318680614233,-0.236951485276,-0.174188360572,0.134745836258,0.450627654791,0.133881494403,0.311794757843,0.438823282719,0.561793625355,0.188289389014,0.239532157779,0.471330553293,0.311765938997,0.011483319104,-0.023444078863,-0.489218205214,-0.530438780785,0.183296814561,-0.184947282076,-0.614600360394,-0.187704920769,-0.065360255539,-0.202073499560,-0.135519623756,-0.053494155407,-0.092607408762,-0.075872220099,0.147887855768,0.153938204050,0.048135273159,0.021950015798,0.135462000966,-0.037524521351,-0.133663371205,-0.094060324132,-0.131181478500,-0.216606676579,-0.469070941210,-0.526306450367,-0.126444101334,-0.697975873947,-0.411913663149,0.173015326262,-0.279312193394,-0.215647682548,0.274895817041,0.232045367360,0.478545725346,0.516090810299,0.261309295893,0.175139129162,0.238581389189,0.321590542793,0.251587569714,0.181325301528,0.069739557803,-0.035071454942,-0.012001920491,-0.148060724139,0.053094912320,0.376685768366,0.374257415533,0.449364066124,0.475779831409,0.283053517342,0.165528535843,0.540267527103,0.142850011587,-0.161523789167,0.088977202773,-0.364362835884,-0.310753434896,-0.190112724900,-0.930424630642,-0.583657145500,-0.449442297220,-0.612390160561,-0.279769033194,-0.243207648396,-0.160852894187,-0.180769652128,-0.097628794611,-0.204230204225,-0.082153059542,-0.366585403681,-0.464868634939,-0.464226543903,-0.538040816784,-0.554257392883,-0.140475153923,-0.161462053657,-0.158115833998,0.066002331674,0.198871314526,0.311683595181,0.477833658457,0.578705728054,0.383160054684,0.394478768110,0.715233802795,0.457834571600,0.278052717447,0.415696114302,0.052452836186,0.291845053434,0.154967173934,-0.185675799847,-0.072608321905,-0.229806318879,-0.234288513660,-0.485081702471,-0.651449918747,-0.411642014980,-0.537966728210,-0.211457699537,0.037899069488,0.118800900877,0.326093316078,0.485427469015,0.549857497215,0.612678289413,0.454788833857,0.227777183056,0.176419168711,-0.243261143565,-0.311720669270,-0.224093466997,-0.576153934002,-0.699581086636,-0.724478065968,-0.537505745888,-0.446223676205,-0.194969460368,0.227213308215,0.509793519974,0.390844434500,0.654713809490,0.440947115421,0.340260207653,0.223525479436,0.044406279922,-0.048826742917,-0.069504946470,-0.606278061867,-0.580985963345,-0.838599205017,-0.611060738564,-0.627981126308,-0.676680266857,-0.244195461273,0.112577684224,-0.084828391671,0.098295569420,0.267244398594,-0.026539225131,0.002453067340,0.194858342409,-0.065430223942,-0.015290512703,0.131477832794,0.044706739485,0.038364164531,0.330209225416,0.484818339348,0.509320199490,0.168557837605,0.470301568508,0.543457329273,0.492996573448,0.521931231022,0.198035806417,-0.072970524430,-0.282485544682,-0.242783695459,-0.076847687364,-0.486114829779,-0.373187273741,-0.170397624373,-0.011186975986,-0.113417319953,-0.052234694362,0.346438169479,0.359320878983,0.536270976067,0.499240368605,0.045291196555,0.432731777430,0.511518061161,0.311239123344,0.485567390919,0.277900427580,-0.216433808208,-0.104539357126,-0.238457918167,-0.434205263853,-0.451331466436,-0.808265149593,-1.095331668854,-1.178484797478,-1.039573788643,-0.852123975754,-0.711492478848,-0.593477666378,-0.127625361085,0.158992514014,0.427842110395,0.665209293365,0.608722925186,0.769053101540,0.552252948284,0.065491959453,0.128419727087,-0.144661009312,-0.164565429091,-0.290956020355,-0.744559407234,-0.789574921131,-0.910623073578,-0.856322228909,-0.468684047461,-0.288902193308,-0.064384788275,-0.006914686877,-0.014261540957,0.454809397459,0.396380305290,0.336490064859,0.851090908051,0.773872852325,0.674638807774,0.677647531033,0.573285162449,0.310728728771,0.290104031563,0.756326794624,0.602355659008,0.176168113947,0.068043813109,-0.065989978611,0.064804606140,0.041936751455,-0.046229615808,0.034577548504,-0.064508266747,0.159153029323,0.064998053014,0.282440245152,0.700782895088,0.900432169437,0.738821923733,0.620453178883,0.256567806005,0.116924054921,-0.080827750266,-0.143459171057,-0.203324720263,-0.356114596128,-0.558970093727,-0.424590587616,-0.552915632725,-0.435966879129,-0.462777763605,-0.468601733446,0.010878283530,0.014759562910,0.017607755959,0.007597923279,0.013035007752,-0.036697227508,0.175526022911,0.109865315259,-0.146932974458,-0.387098997831,-0.455854833126,-0.404410362244,-0.360905498266,-0.449602812529,-0.301039934158,-0.421561270952,-0.212005123496,-0.092632099986,-0.345594406128,0.035396609455,0.035697069019,-0.369573533535,0.190030410886,0.055597372353,-0.180740863085,-0.369129002094,0.032140944153,0.101003810763,-0.109544277191,-0.168339699507,0.096221156418,-0.183000475168,0.037339307368,-0.035647679120,-0.261548042297,0.054259710014,-0.122925020754,-0.239742055535,0.178542986512,0.072456039488,-0.029288636521,0.249904185534,0.526084184647,0.833141565323,1.080444455147,0.994628250599,1.102596163750,1.048719167709,0.750321686268,0.665077626705,0.374142169952,0.046213153750,0.108947470784,-0.187593802810,-0.293326765299,-0.226468339562,-0.413177222013,-0.255921602249,-0.151320502162,-0.250101745129,-0.298730939627,-0.112540639937,-0.398248881102,-0.174176022410,-0.223323807120,-0.251949787140,-0.142389044166,-0.198225125670,-0.371092289686,0.039771795273,0.559719204903,0.132313340902,0.105662994087,0.324895590544,0.087758898735,-0.047591976821,-0.266063153744,-0.228448078036,-0.381188541651,-0.295705765486,-0.297590821981,-0.321993917227,-0.277604103088,-0.139565542340,-0.019616307691,-0.141504123807,-0.077106989920,0.397907286882,0.446112543344,0.429447293282,0.556883335114,0.359337329865,0.402558237314,0.768353343010,0.491337865591,0.443140864372,0.036726042628,0.117191590369,0.037343423814,-0.377747684717,-0.428344249725,-0.375636249781,-0.215380147099,-0.410139709711,-0.207584649324,-0.372697472572,-0.445293456316,-0.313243538141,-0.268248677254,-0.600585818291,-0.612451910973,-0.495593696833,-0.295796304941,-0.099159896374,0.112252533436,0.089162409306,0.446577608585,0.678470671177,0.623515427113,0.495136827230,0.658702135086,0.440304994583,0.077576197684,-0.532928884029,-0.481863111258,-0.659998595715,-1.066606879234,-1.131514430046,-0.828655183315,-0.712019264698,-0.246471524239,-0.162680357695,0.075287766755,0.565831243992,0.830083429813,0.801395714283,1.033758044243,0.759994029999,0.821435987949,1.101238012314,0.726704776287,0.455644905567,0.590703606606,0.554985940456,0.279666155577,0.046682368964,-0.083486609161,0.112248405814,0.084602013230,0.267923533916,0.118257611990,-0.245364367962,-0.112804062665,-0.101831100881,-0.090779952705,-0.475512295961,-0.232119441032,-0.252460151911,-0.447997599840,-0.288346529007,-0.206045314670,-0.140775606036,0.123357184231,0.023999726400,0.260617822409,0.058997094631,-0.082461751997,0.202987208962,-0.012265337631,-0.385090410709,-0.419412791729,-0.316927254200,-0.680479228497,-0.575767040253,-0.243878528476,-0.169483914971,-0.296734720469,-0.288062572479,-0.141849860549,-0.082412362099,-0.161651387811,0.035227857530,0.217878490686,0.149184361100,0.017834128812,0.190590158105,-0.098336718976,-0.050201445818,0.199562788010,0.333962887526,0.188540458679,0.286144554615,0.360675007105,0.326015114784,0.284946829081,-0.104395300150,0.174501180649,0.199266448617,0.130280107260,0.230909377337,0.113845378160,0.025621384382,0.053016714752,0.467539817095,0.495120376348,0.389156907797,0.476401329041,0.636834383011,0.077880769968,0.045369397849,0.163985088468,-0.131177365780,0.023361762986,-0.088355705142,-0.222916334867,-0.143788442016,0.231790184975,0.058828338981,0.127312555909,0.255213677883,0.361992090940,0.406855225563,0.305349260569,0.227941825986,0.122715108097,-0.227340891957,0.136906683445,0.024497745559,-0.281748801470,-0.047258589417,-0.077637940645,-0.024798206985,0.043953534216,-0.163194835186,-0.029333913699,-0.164223805070,-0.432081490755,-0.524322569370,-0.274904072285,-0.319215685129,-0.645802915096,-0.319252729416,-0.420787513256,-0.540720224380,-0.186478406191,-0.044122282416,-0.158457443118,-0.055292800069,0.248480096459,0.097497083247,-0.005770470481,0.059774994850,-0.013014428318,0.023217706010,-0.006293188315,-0.066652640700,0.040804881603,0.039784144610,-0.090339556336,-0.189507693052,-0.263959914446,-0.057474218309,0.181971490383,0.242483243346,0.243471056223,0.354748100042,0.467305213213,0.511345207691,0.211441248655,0.482241779566,0.566004157066,0.305089980364,0.600034236908,0.624075174332,0.216833055019,0.258214145899,0.536822497845,0.325286597013,0.120266154408,-0.106980077922,-0.187194555998,-0.082009002566,-0.256925880909,-0.236955597997,-0.245557814837,-0.006441359874,-0.236445233226,0.172509089112,0.209687858820,0.105597145855,0.237428933382,0.653968811035,0.147463917732,0.327484488487,0.412123560905,0.126954466105,-0.133251771331,-0.257094621658,-0.626038432121,-0.636583328247,-0.883248329163,-1.112334370613,-0.823839604855,-0.699029505253,-0.326476097107,0.150456175208,0.016303021461,0.212610155344,0.597914576530,0.388222604990,0.679837167263,0.444116353989,0.497384130955,0.322195589542,0.210050076246,-0.046451874077,-0.188939690590,-0.316281080246,-0.050440166146,-0.486234188080,-0.559031844139,-0.604763448238,-0.401549875736,-0.568243205547,-0.297014594078,-0.227332666516,-0.081379279494,0.292902827263,0.460933834314,0.535320222378,0.544852614403,0.577219963074,0.581286430359,0.542617678642,0.521309733391,0.453640490770,0.328414678574,0.027284201235,0.036228019744,-0.084239810705,-0.402298927307,-0.398594647646,-0.590864062309,-0.525462687016,-0.071036055684,0.139437943697,0.134149029851,0.257625579834,0.693378448486,0.627944111824,0.496869653463,0.308164536953,0.251863330603,-0.075217798352,-0.123884014785,-0.069443210959,-0.378163397312,-0.578117191792,-0.072439573705,-0.192471131682,-0.076469026506,0.311411976814,0.394326478243,0.421203196049,0.490345925093,0.178061410785,0.135634869337,-0.056832138449,-0.199517518282,-0.303863435984,-0.493004828691,-0.503257513046,-0.358197242022,-0.590518355370,-0.757664442062,-0.653433799744,-0.325418323278,-0.254069477320,0.155074194074,0.197727099061,0.233045518398,0.183486148715,0.083955824375,-0.159762188792,-0.103185236454,-0.075678780675,-0.600124835968,-0.287609785795,-0.271640181541,-0.543428540230,-0.419190555811,-0.290787249804,-0.364630341530,0.089886806905,-0.122081264853,0.057671781629,0.283386915922,0.203843310475,0.313428729773,0.602425575256,0.364202320576,0.383234173059,0.484118610620,0.187136933208,0.363519072533,0.198196321726,0.117932446301,0.186013296247,-0.051617313176,-0.199348777533,-0.063092403114,-0.390836179256,-0.234469607472,-0.149694740772,-0.156605303288,0.009515926242,-0.010347334668,0.120200298727,0.249887719750,0.584348618984,0.754445791245,0.688114225864,0.544988453388,0.696802854538,0.539061546326,0.387094885111,0.372960925102,0.101205490530,-0.047476734966,-0.384695321321,-0.582438886166,-0.426051706076,-0.506834208965,-0.620103359222,-0.579380750656,-0.150649622083,-0.032091554254,-0.118504554033,0.049127202481,0.148785114288,0.007976585068,0.057247843593,0.127147912979,-0.040644362569,-0.074814438820,0.075398892164,0.075954541564,0.001675165142,-0.052946742624,0.026712093502,0.059853199869,-0.146706596017,-0.158860817552,-0.137067198753,-0.415671437979,-0.543012797832,-0.396927714348,-0.259502440691,-0.409695178270,-0.425047427416,-0.266873985529,-0.345042884350,-0.220837801695,-0.032881803811,0.069216839969,0.366486638784,0.520297229290,0.192722201347,0.221743300557,0.369120776653,0.172237426043,0.256576031446,0.274879366159,0.093739278615,0.029901904985,-0.051049318165,-0.083552464843,0.063952624798,0.514337420464,0.322615414858,0.525730192661,0.592913806438,0.400261580944,0.445169985294,0.304698944092,-0.200694665313,-0.138705328107,0.053218390793,0.230123236775,0.427327632904,0.191804364324,0.136540368199,0.463510364294,0.189812272787,0.037569798529,0.084634937346,-0.028255548328,-0.115380600095,-0.255497664213,-0.503529131413,-0.417881667614,-0.394910931587,-0.834269285202,-0.513999938965,-0.487596541643,-0.364980220795,0.140820890665,0.428154915571,0.387436479330,0.114524498582,0.010120960884,0.276398152113,0.193133771420,0.230720043182,-0.027267737314,-0.071003131568,-0.189577654004,-0.542164921761,-0.566893160343,-0.180884912610,0.186400189996,0.486481100321,0.440103322268,0.526396989822,0.782935976982,0.803182005882,0.373771727085,0.411851912737,0.255534708500,0.337864756584,0.393770843744,0.034297667444,-0.373002052307,-0.402290701866,-0.651972591877,-0.475380599499,-0.588719725609,-0.627376139164,-0.459423303604,-0.464683413506,-0.363449096680,-0.156975731254,0.092232860625,0.151221722364,0.272776156664,0.161363273859,0.235568568110,0.191730260849,0.254649788141,0.231613188982,0.015405757353,-0.113927699625,-0.216874212027,-0.482484579086,-0.486468762159,-0.394437581301,-0.222891628742,-0.382596164942,-0.489209979773,-0.375064134598,-0.540555655956,-0.804692566395,-0.443000912666,-0.267018020153,-0.226480677724,0.078773923218,0.108840465546,0.048834975809,0.003663137555,0.245319083333,0.321113109589,0.136770859361,0.159255936742,0.309419870377,0.292882233858,0.140191167593,-0.110371567309,-0.127341359854,0.015496307053,-0.060227744281,-0.031461823732,-0.111631035805,0.104173041880,0.170006632805,0.181049540639,0.550285577774,0.810747027397,0.651688635349,0.692987442017,0.689044415951,0.247693955898,0.240890383720,0.298722684383,0.381217390299,0.351587116718,-0.032149177045,-0.037800285965,0.342433393002,-0.180506244302,-0.421878188848,0.098995268345,-0.121579125524,-0.209445044398,-0.455484420061,-0.705314457417,-0.277225434780,-0.314346611500,-0.267104476690,-0.087137401104,-0.051382705569,0.324084758759,0.580438554287,0.449611037970,0.240487039089,-0.027864541858,0.017216745764,0.061478972435,-0.302336454391,-0.447968780994,-0.288778722286,-0.318001508713,-0.464539349079,-0.339507013559,-0.225431129336,-0.299117803574,-0.274986386299,-0.148254171014,-0.399582475424,-0.672111630440,-0.628800213337,-0.975048959255,-0.817661702633,-0.505759954453,-0.476763516665,-0.413275986910,-0.418408513069,0.076119177043,0.342622727156,0.123678222299,0.310020804405,0.574536383152,0.563863873482,0.352389693260,0.555953145027,0.345870137215,-0.081494517624,-0.285387217999,-0.617839574814,-0.742970764637,-0.726087391376,-0.573964297771,-0.230053275824,-0.244537055492,-0.343602299690,0.201810061932,0.303373664618,0.267754763365,0.596482276917,0.858030319214,1.060906410217,1.032910108566,0.890706241131,0.928745269775,0.814019143581,0.661998927593,0.577940225601,0.536040544510,0.410464853048,-0.213256344199,-0.423104733229,-0.703215420246,-0.841883718967,-0.602108657360,-0.553533017635,-0.826914191246,-0.675437331200,-0.450265467167,-0.611608147621,-0.586139023304,-0.416260004044,-0.095196299255,0.457904547453,0.331094145775,0.495717167854,0.583805382252,0.330114543438,0.249381467700,0.594004511833,-0.145303085446,-0.237083196640,-0.529241025448,-0.805845022202,-0.578141868114,-0.549441814423,-0.528310894966,-0.052053596824,0.397833198309,0.437946647406,0.509797632694,0.712414383888,0.539954721928,0.463954925537,0.811454892159,0.353315800428,0.224060550332,0.482389926910,0.327328085899,0.201925322413,0.061952300370,0.056626345962,-0.374874800444,-0.055375114083,-0.203300014138,-0.480467826128,-0.148188322783,-0.203518167138,-0.367256313562,-0.257024675608,-0.338465690613,-0.401998490095,-0.348928272724,-0.175917044282,-0.066619716585,-0.203320607543,0.086240135133,0.059091761708,-0.201896503568,-0.331526279449,-0.378694325686,-0.476458966732,-0.473569601774,-0.564110815525,-0.309325218201,-0.407410860062,-0.513748884201,-0.131350234151,-0.236325889826,-0.015471611172,0.333102673292,0.558455586433,0.365218937397,0.456990838051,0.689139068127,0.318400740623,0.686677753925,0.536756694317,0.035832896829,0.190750673413,0.410765320063,0.327229321003,0.075703471899,0.098731845617,-0.076777718961,-0.047180388123,0.261416316032,-0.095735482872,0.276081204414,0.201982945204,-0.203752756119,-0.100765094161,-0.109494887292,-0.278213232756,0.224706739187,0.107819721103,-0.251435309649,-0.259704113007,-0.160272553563,0.271990031004,0.313268214464,0.183774277568,0.167693495750,0.218150123954,0.009581780061,-0.135667800903,-0.121883697808,-0.409485280514,-0.124431431293,-0.078144192696,-0.072805888951,0.173661530018,0.230123236775,0.085322290659,0.005391809158,0.054272059351,0.241371959448,0.148818060756,0.203884482384,-0.343577593565,-0.333308458328,-0.487781733274,-0.563645720482,-0.496811985970,-0.306452304125,-0.208300828934,-0.239030018449,-0.385547280312,-0.085363455117,0.059272859246,0.278834730387,0.374393224716,0.255736380816,0.261194050312,0.125155821443,0.292067319155,0.097587630153,-0.190240308642,-0.384806454182,-0.463670909405,-0.302986741066,-0.214725703001,-0.461703509092,-0.260494351387,-0.053798731416,-0.065887086093,-0.052926164120,-0.042089041322,0.155004233122,0.136869639158,0.081399857998,-0.141660526395,-0.342964351177,-0.281555324793,-0.406748235226,0.021377906203,-0.094344310462,-0.118319340050,0.242923647165,0.516675233841,0.419429242611,0.451310902834,0.627849400043,0.777367234230,0.373421877623,0.331818521023,0.535875856876,0.322726547718,0.212577223778,0.268791973591,-0.188379943371,0.152452379465,0.038936272264,-0.196245402098,-0.164100334048,-0.569461524487,-0.365729302168,-0.551590323448,-0.824588716030,-0.603569805622,-0.462061613798,-0.730499625206,-0.491387277842,-0.004296984058,0.238894179463,0.247726872563,0.370384365320,0.252600073814,0.550787687302,0.298154711723,0.309267580509,0.407900631428,0.039224382490,-0.494272530079,-0.571918666363,-0.612320184708,-0.989133596420,-0.808487355709,-0.573190450668,-0.793764889240,-0.803330183029,-0.297492057085,-0.251999169588,-0.264206886292,0.084248051047,0.447174429893,0.634941101074,0.229295954108,0.213737905025,0.238322094083,-0.158375129104,-0.105082660913,0.100369967520,-0.039438407868,-0.038858070970,0.096785031259,0.199505165219,-0.067335873842,-0.018410352990,0.086355380714,0.223048031330,0.317943871021,0.432814091444,0.522663891315,0.413913995028,0.528269708157,0.342458099127,0.112256646156,0.205934181809,0.147229313850,0.197583064437,0.464247107506,0.232020661235,0.259164929390,-0.018805477768,-0.291309982538,0.093973882496,-0.082609929144,-0.367824286222,-0.302978515625,-0.465765893459,-0.324282348156,-0.264741957188,-0.187721401453,-0.176731973886,0.301710814238,0.404924869537,0.463510364294,0.737089157104,0.856182217598,0.407670170069,0.351052045822,0.305238127708,0.188618659973,0.023900944740,-0.661982476711,-0.813331782818,-0.670284211636,-0.543358564377,-0.620399713516,-0.698313415051,-0.627079784870,-0.478060036898,-0.439885199070,-0.471738040447,-0.112256646156,0.201904729009,0.173295214772,0.165763139725,0.145969852805,0.256255000830,0.367499142885,0.213840812445,0.224517405033,0.300883531570,0.396359741688,0.021460223943,-0.312103450298,-0.335411697626,-0.342577457428,-0.343861609697,-0.517337918282,-0.651684522629,-0.477541446686,-0.096484571695,0.110355101526,0.050152055919,0.347401261330,0.776157081127,0.536789596081,0.756569623947,0.730372011662,0.374384999275,0.629195332527,0.705491542816,0.396063387394,0.627511918545,0.699367046356,0.440819472075,0.547828435898,0.199953809381,0.134597674012,0.083005048335,0.016718724743,-0.422598481178,-0.789093375206,-0.733994007111,-0.926942527294,-0.931330084801,-0.847110867500,-0.932997047901,-0.630376577377,-0.741744160652,-0.680396914482,-0.233448877931,-0.167689383030,0.067932680249,0.424051374197,0.373170822859,0.287683904171,0.472071409225,0.462036877871,0.219088554382,0.256522536278,0.066994257271,-0.174122512341,-0.397713840008,-0.413897484541,-0.632245182991,-0.733837544918,-0.319248616695,-0.322866469622,-0.248274281621,0.365642845631,0.533332228661,0.230567753315,0.325430661440,0.532603740692,0.578425884247,0.444544374943,0.369557082653,0.388959348202,0.261486262083,0.372220039368,0.002070290036,0.276027709246,0.495239734650,0.422767221928,0.131276145577,-0.107420481741,-0.392210900784,-0.049929797649,-0.268104612827,-0.560060799122,-0.327772617340,-0.650791347027,-0.384394854307,0.227336779237,-0.093648724258,0.057564765215,0.373932272196,0.646436750889,0.399751216173,0.270034968853,-0.062446206808,0.176937773824,-0.194693714380,-0.284596979618,-0.063779756427,-0.410777658224,-0.637126624584,-1.039754867554,-1.114256501198,-0.621889650822,-0.130638182163,0.172611981630,-0.022983100265,0.051057551056,0.473948270082,0.549273073673,0.286008715630,0.535324335098,0.783689141273,0.811319112778,0.808343350887,0.875605106354,0.421281367540,0.378430932760,0.355690687895,-0.058556698263,-0.280106544495,-0.169957235456,0.015743259341,-0.263873487711,-0.066183432937,0.222751677036,-0.085598058999,-0.065784193575,-0.231185153127,-0.354451775551,-0.323578536510,-0.103798493743,-0.276657432318,-0.526726245880,-0.512991547585,-0.361691623926,-0.212005123496,-0.204259008169,-0.267446070910,-0.264305651188,-0.534945666790,-0.448211640120,-0.646210432053,-0.929523229599,-0.830433249474,-0.576116859913,-0.694370388985,-0.707911670208,-0.414457261562,0.208881154656,-0.009795806371,-0.012088353746,0.141644060612,0.056066583842,0.085034184158,0.488399147987,0.468288928270,0.417070835829,0.194302693009,0.178077876568,0.499820709229,0.425751239061,0.577203452587,0.589258909225,0.626828670502,0.509678244591,0.501265406609,-0.006914686877,-0.038113094866,-0.013347814791,-0.241046786308,-0.152913361788,-0.333576023579,0.075139597058,0.159692212939,0.115417651832,0.297537326813,0.658895552158,0.866850674152,0.826235055923,0.854375422001,0.531731128693,0.267479032278,0.062775477767,0.024473050609,-0.338543862104,-0.310440599918,-0.089668676257,-0.187264546752,-0.327966064215,-0.052905581892,-0.039109136909,0.140722110868,0.319219797850,0.316560924053,0.336049646139,-0.020447716117,0.088326893747,-0.127271384001,-0.370874166489,-0.462292075157,-0.146159186959,-0.280452281237,-0.338939011097,-0.402373045683,-0.246380969882,0.131288498640,0.158194035292,-0.302398175001,0.056050118059,0.190330862999,-0.006881759968,0.325397759676,-0.147924900055,-0.516140222549,-0.217545092106,-0.202913120389,-0.429389715195,-0.381069183350,-0.425792425871,-0.174237757921,-0.022131113335,-0.131185591221,0.074987307191,0.241413116455,0.090973407030,0.065812997520,0.174674034119,-0.132910147309,-0.161091625690,-0.593642294407,-0.776708602905,-1.040660381317,-0.660348415375,-0.467568665743,-0.206942573190,-0.020036127418,0.194771900773,0.255551159382,0.461357742548,0.549359500408,0.584591448307,0.382106423378,0.534015476704,0.397429823875,0.414823591709,0.188770949841,0.259576499462,0.309526890516,0.298940837383,0.057552419603,0.086943946779,0.098147392273,-0.020929275081,-0.025111014023,0.093982122838,-0.039911735803,0.030387578532,0.281534761190,0.242046967149,0.354871571064,0.346034795046,0.299031406641,0.774465441704,0.367980688810,0.168405547738,0.174929216504,-0.045834496617,-0.100332923234,-0.123007334769,-0.477808952332,-0.518757879734,-0.698593258858,-0.864302933216,-0.904823780060,-0.814607679844,-0.761685669422,-0.835306525230,-0.539370238781,0.013701781631,0.212206795812,0.146657213569,0.392568975687,0.585299432278,0.544309318066,0.823337554932,0.530858635902,0.405307650566,0.312840193510,0.230650082231,0.274373114109,0.084474422038,-0.283872604370,-0.523643434048,-0.723765969276,-0.633270084858,-0.680285811424,-0.551363945007,-0.253925412893,-0.340268433094,-0.046604167670,0.081642694771,0.269718050957,0.484793633223,0.358053177595,0.636332273483,0.836113214493,0.915562152863,0.870925366879,0.821316599846,0.834907233715,0.747576415539,0.447100341320,0.297249197960,0.110309831798,-0.008886195719,-0.198352724314,-0.296216130257,-0.568436622620,-0.241285517812,-0.468470036983,-0.247204169631,-0.191726148129,-0.035919327289,0.117578484118,0.260745435953,0.164018005133,0.070266388357,0.037351656705,0.108037866652,-0.035635333508,0.247792735696,0.159671634436,0.048649761826,-0.113754831254,-0.056457594037,-0.079786427319,-0.132004663348,-0.308489680290,-0.143072277308,-0.437164604664,-0.317820400000,-0.320512205362,-0.683924257755,-0.495210915804,-0.341038107872,-0.392811834812,-0.096813842654,-0.180510357022,-0.016879243776,0.151711523533,0.362494230270,0.351525396109,0.363749533892,0.566559791565,0.788764059544,0.814809381962,0.451722502708,0.396038651466,0.333473116159,-0.112157866359,-0.037787940353,-0.167812868953,-0.067352339625,-0.035779386759,-0.115652248263,-0.320392817259,-0.231897190213,-0.285642415285,-0.428426563740,-0.193656504154,-0.113569609821,-0.196603477001,-0.133432865143,-0.007005236112,-0.222480043769,-0.334637910128,-0.078547552228,0.015413988382,0.148776888847,0.035203162581,0.008412868716,-0.037359889597,-0.154699653387,-0.219487801194,-0.504768013954,-0.087972931564,-0.187622621655,-0.258391141891,0.025279765949,-0.166063606739,-0.197871163487,-0.134745836258,-0.017031531781,0.087907068431,0.324574559927,0.389729022980,0.267195016146,0.158831998706,0.307193189859,0.320944339037,0.061145585030,0.056268263608,-0.081770285964,-0.047493197024,-0.054745387286,-0.127827033401,-0.068978115916,0.022933710366,0.034795690328,0.273763984442,0.326694250107,0.150838956237,0.351451307535,0.422339171171,0.036018107086,0.236609861255,0.289536029100,0.017978183925,0.038368277252,-0.010771270841,-0.270286053419,-0.128753110766,-0.154695525765,-0.032470215112,0.100472867489,-0.100843295455,-0.282036900520,-0.080947108567,-0.128411486745,-0.407299727201,-0.341145098209,-0.488539069891,-0.227629005909,-0.346586316824,-0.149163782597,0.017047995701,-0.211548253894,-0.113540798426,0.262284755707,0.274611860514,0.279287487268,0.084408566356,-0.007309811190,-0.082025468349,-0.457612305880,-0.424129575491,-0.526681005955,-0.631487905979,-0.405357062817,-0.329287260771,-0.100538723171,0.253382116556,0.088977202773,0.430101752281,0.742764890194,0.715698897839,0.724041759968,0.886866211891,0.902132034302,0.432550698519,0.286198049784,0.313350558281,0.282263278961,-0.004247593228,0.141615256667,0.394157707691,0.305587977171,0.168841823936,-0.020645277575,-0.008717444725,-0.125662088394,-0.187709033489,0.109638944268,-0.045027781278,-0.379435211420,-0.004358722363,0.253085762262,-0.115660481155,-0.097497083247,-0.287959665060,0.004840280395,0.199632778764,0.025143940002,0.059186425060,-0.176094010472,-0.203711599112,-0.063664503396,-0.190709531307,-0.452990204096,-0.144525185227,-0.232012420893,-0.465309023857,-0.346080064774,-0.304797738791,-0.004609791096,-0.008017743938,-0.128732532263,0.131506636739,0.491136193275,0.470091670752,0.328649312258,0.382098168135,0.595189869404,0.369528234005,0.142566025257,-0.106778405607,-0.153814733028,-0.015393409878,-0.214589893818,-0.457908660173,-0.439395397902,-0.723037481308,-0.520622432232,-0.214964434505,-0.603166460991,-0.651939690113,-0.373327255249,-0.270537108183,-0.280579864979,-0.372479349375,-0.107819721103,0.148818060756,0.039512496442,0.038866300136,0.219240844250,0.369511783123,0.368289381266,0.062363889068,0.348084509373,0.311527192593,0.454908192158,0.432019740343,0.091520816088,0.062405046076,0.069216839969,-0.079164929688,-0.348948836327,-0.138343125582,0.023571673781,-0.009091989137,-0.092389270663,0.054716572165,0.230806484818,0.515341699123,0.509682357311,0.618366420269,0.923160076141,0.971933245659,0.797111093998,0.956202328205,1.061264395714,0.664781272411,0.833820700645,0.805783271790,0.568864703178,0.383616954088,0.429846525192,0.124484933913,0.158074676991,0.099633224308,0.033766720444,-0.256102710962,-0.500734448433,-0.223830044270,-0.245191499591,-0.128481462598,0.008663938381,-0.061347268522,-0.026193492115,-0.285494238138,-0.169253423810,-0.264116317034,-0.594473719597,-0.546247899532,-0.505389511585,-0.792163789272,-0.922962546349,-1.017496109009,-0.805202960968,-0.912211835384,-1.382324099541,-1.453339576721,-1.134580731392,-0.882898509502,-0.858371913433,-1.059716939926,-0.618712186813,-0.258489906788,-0.702062964439,-0.229131311178,0.479764014482,0.128452658653,0.197212621570,0.499590218067,0.751120150089,0.773391246796,1.030222535133,0.933853089809,0.606315076351,0.522478699684,0.559517502785,0.269788026810,0.096369326115,0.027173072100,-0.097377724946,0.025748975575,0.250978440046,0.152913361788,0.247768029571,0.590156137943,0.382962495089,0.530195951462,0.454508960247,0.432859390974,0.971427023411,0.794094085693,0.721378803253,0.646547913551,0.509505391121,0.496034085751,0.544403970242,0.137124821544,-0.019357006997,-0.019595727324,0.017496626824,-0.000489790342,-0.038421787322,-0.029107537121,0.063442252576,-0.005988612305,0.033618547022,-0.039343744516,0.043961770833,-0.059112336487,-0.005321838893,-0.066257514060,-0.243331104517,-0.387753397226,-0.455871284008,-0.770851731300,-0.606664955616,-0.330336809158,-0.400487959385,-0.421832919121,-0.524034440517,-0.524594247341,-0.495013356209,-0.736348271370,-0.514851927757,-0.371775537729,-0.416560471058,-0.355810016394,-0.121562659740,-0.124188587070,0.125460416079,0.203180655837,0.178460657597,0.058486726135,-0.182955190539,-0.239174067974,-0.142442539334,-0.205571994185,-0.097690522671,-0.554158627987,-0.075357735157,0.232004195452,0.185428857803,0.371944308281,0.371952533722,0.243627458811,0.096212923527,-0.038265381008,0.304102152586,0.350619912148,0.071933321655,-0.123991034925,-0.257736712694,-0.247912093997,0.146253854036,0.364157050848,0.084157496691,0.186556592584,0.167253091931,0.292079657316,0.177830919623,0.107827953994,0.128699600697,-0.258971482515,-0.307131439447,-0.247525200248,0.046241965145,0.080436736345,0.114656202495,0.196924507618,0.206070020795,0.183465555310,0.673758029938,0.671794712543,0.422721952200,0.390832066536,0.381867676973,0.336415976286,0.066413916647,-0.031692314893,-0.127440139651,-0.673469901085,-0.561275005341,-0.271660774946,-0.630039095879,-0.417832285166,-0.290610283613,-0.556961536407,-0.307222008705,-0.313679814339,-0.096513383090,0.084544390440,-0.141397118568,-0.142957031727,-0.077905468643,-0.115985631943,-0.020151372999,-0.145134329796,-0.300854712725,-0.352657228708,-0.228625059128,-0.190038636327,-0.068344265223,0.480401962996,0.137853339314,0.086417116225,0.263770580292,0.271138042212,-0.120883539319,-0.123653531075,-0.210329949856,-0.290984839201,-0.520840525627,-0.309596866369,-0.139948323369,0.012903298251,0.225760400295,0.366622447968,0.688068926334,0.756133377552,0.452566236258,0.580792486668,0.380637049675,0.248665302992,0.499071627855,0.458896487951,0.438922077417,0.353023558855,0.127530694008,0.253736078739,0.081465713680,0.072826467454,0.186058565974,0.452142298222,0.641909301281,0.529162883759,0.267894715071,0.118356384337,0.303402453661,0.388107389212,0.269783914089,-0.177020087838,0.091117464006,0.269108891487,0.005103697069,0.011569751427,0.207967430353,-0.055597372353,0.135931223631,0.051629662514,-0.157827720046,-0.402434736490,-0.227089822292,-0.548091769218,-0.537205278873,-0.305839061737,-0.363045722246,-0.619008541107,-0.345166325569,-0.350722789764,-0.556220710278,-0.585200667381,-0.291746258736,-0.227480843663,-0.147179931402,-0.095290966332,-0.251295357943,-0.348459035158,-0.146755993366,-0.394771009684,-0.552211821079,-0.469066828489,-0.168245032430,0.048563327640,0.259523004293,0.153123259544,0.066903710365,0.143306881189,0.305888444185,0.465132027864,0.139219805598,-0.133758023381,0.091640181839,-0.171224936843,0.139236271381,0.118644498289,-0.134326010942,0.065133877099,0.003675485263,0.004313447513,0.426977813244,0.145792871714,-0.090372487903,-0.023127155378,-0.243491619825,-0.125242263079,0.023954449221,-0.137919187546,-0.117368578911,-0.153625413775,-0.084425032139,0.039722405374,0.158152878284,0.023991493508,0.419165819883,0.470268666744,-0.044212836772,0.123682342470,0.195932582021,0.013561841100,-0.252435445786,0.227542594075,-0.000996044138,-0.242248654366,-0.107120022178,-0.373281955719,-0.230785906315,-0.275978296995,-0.197953492403,0.158181682229,-0.011623259634,0.330159813166,0.550116837025,0.036034572870,0.208502501249,0.278995275497,0.073818393052,0.294446289539,0.392182111740,-0.140499845147,-0.315762460232,-0.214820370078,-0.473557263613,-0.522742092609,-0.349677324295,-0.802037775517,-0.550940036774,-0.362304896116,-0.548260569572,-0.069492600858,0.107272312045,-0.086561173201,0.310831606388,0.224974274635,-0.033811993897,0.481155186892,0.458690702915,0.457534104586,0.254304051399,0.337626039982,0.577573895454,0.108054324985,-0.055897831917,-0.269767463207,-0.198710799217,-0.112425401807,-0.281481266022,-0.683632016182,-0.494375407696,-0.163544684649,-0.110840782523,-0.290536195040,-0.040426220745,0.236272379756,0.707722306252,0.448092252016,0.129197627306,0.160638868809,0.408629179001,0.046468343586,0.194405600429,0.077448606491,-0.171887576580,-0.263210833073,-0.199673920870,-0.015191731043,0.247986182570,0.042945142835,0.115890972316,-0.440922379494,-0.508217096329,-0.222969830036,-0.026304619387,-0.623564779758,-0.429072797298,-0.107227034867,-0.404015243053,-0.188112407923,0.151863813400,-0.060906864703,0.497668117285,0.564452469349,0.206259354949,0.718308389187,0.706697404385,0.641324877739,0.593691706657,0.610636830330,0.235630303621,0.061598334461,-0.313712745905,-0.188458144665,-0.309728562832,-0.094537764788,-0.073052845895,-0.196796923876,-0.265174120665,0.067401729524,0.288284808397,0.177678629756,0.127666518092,0.260214477777,-0.046328399330,-0.125151708722,0.152703449130,0.018101662397,-0.102975323796,0.161342680454,0.305110543966,0.116035021842,0.220105171204,0.349459201097,0.058997094631,-0.084165729582,-0.174583479762,-0.294973105192,-0.405455827713,-0.740192472935,-0.851370811462,-0.900588512421,-1.344951748848,-1.196545362473,-1.121199965477,-0.781515955925,-0.421425461769,-0.465625941753,-0.126287698746,0.074406966567,-0.222722887993,-0.075933963060,0.454817622900,0.328027784824,0.346944421530,0.469663649797,0.215898737311,0.385395020247,0.594765961170,0.384629458189,0.462995886803,0.648325979710,0.340107917786,0.500294029713,0.183370888233,0.144261762500,-0.007145176642,0.162610381842,-0.021028054878,0.010643677786,-0.033935472369,0.230382546782,0.365955680609,0.525306284428,0.426039367914,0.637336552143,0.930922627449,0.657796621323,0.432295501232,0.372561663389,0.214927390218,0.259099066257,0.049777511507,-0.141907483339,-0.152357712388,0.045126561075,-0.341964185238,-0.361407637596,-0.218590527773,-0.307193189859,-0.564036726952,-0.151159986854,-0.365758121014,-0.253262728453,-0.053000252694,-0.044854912907,-0.164660096169,-0.441700279713,-0.412349939346,-0.496169954538,-0.659191906452,-0.599071204662,-0.407188594341,-0.339865088463,0.133939132094,0.156699970365,-0.133638665080,0.074135318398,0.287881463766,0.246043488383,0.515810966492,0.263931125402,-0.041607480496,-0.139816612005,-0.531476020813,-0.068665310740,-0.014611391351,-0.087684810162,0.215561240911,0.179164469242,-0.279147565365,-0.003716644133,-0.112050853670,-0.039450757205,0.181946814060,0.269392907619,0.404994845390,0.569922447205,0.502985835075,0.252719461918,0.435892790556,0.588674426079,0.603841483593,0.370524287224,0.386728554964,0.636986672878,0.213898420334,-0.341482609510,-0.335465192795,-0.571819901466,-0.835199475288,-0.770983457565,-0.692065477371,-0.734981775284,-0.853601634502,-0.641217827797,-0.204086154699,-0.043616034091,0.037689156830,0.182979896665,0.387321233749,0.535575389862,0.380176037550,0.304398506880,0.392091542482,-0.068496555090,-0.170656934381,-0.275323897600,-0.566987872124,-0.389729022980,-0.521910667419,-0.527516484261,-0.300080955029,-0.363292694092,-0.398158371449,-0.154263362288,-0.053317170590,-0.231711968780,0.134852856398,0.318026214838,0.319372087717,0.512621104717,0.246220469475,0.235827863216,0.260432600975,0.694181025028,0.538884580135,0.477533221245,0.458871781826,0.547610282898,0.395820528269,0.600989162922,0.577767312527,0.278534263372,-0.084318019450,-0.108581155539,-0.348574280739,-0.472610592842,-0.645580649376,-0.481109917164,-0.280456393957,0.057099673897,-0.125834956765,0.065096832812,0.476549506187,0.255530595779,0.313955575228,0.379077106714,0.242968916893,0.200085520744,0.004050030839,-0.057618271559,-0.237235486507,-0.323068171740,-0.176678478718,0.085124731064,-0.341902464628,-0.603866159916,-0.538534760475,-0.404533892870,-0.602359771729,-0.564580082893,-0.441309273243,-0.392568975687,-0.703536391258,-0.275328010321,-0.302303522825,-0.348821252584,0.202164024115,0.071875698864,0.046777028590,0.571387708187,0.305834949017,0.432855278254,0.628199279308,0.319758981466,0.259444802999,0.441988408566,0.029161045328,-0.212165638804,-0.192763358355,-0.294343411922,0.027815150097,0.165536776185,0.038697548211,0.097414761782,0.195278152823,0.035026181489,0.106778405607,0.269273549318,0.342680335045,0.204283714294,0.190561369061,0.222891628742,0.405250042677,0.324471682310,0.075501792133,-0.041372876614,-0.044052317739,-0.035721767694,-0.165252774954,-0.068089082837,-0.210943222046,-0.228559210896,-0.339828044176,-0.132449179888,-0.163499414921,-0.431208908558,-0.157753631473,-0.175855308771,-0.148052498698,0.092747353017,0.261338114738,0.100592225790,0.277550578117,0.364704459906,0.198583230376,0.151727974415,-0.125871986151,-0.363605499268,-0.219059735537,-0.470420926809,-0.523663997650,-0.486497610807,-0.454171419144,-0.246397450566,0.096706829965,0.171336054802,0.221632167697,0.382217556238,0.215087920427,0.124929450452,-0.001963277115,0.012055426836,-0.082803368568,0.138532459736,0.111223556101,0.005861019716,0.030943222344,-0.110655568540,-0.150373861194,-0.002276084386,-0.207901582122,-0.214071288705,0.152584090829,0.136276945472,-0.148966223001,0.017718885094,0.020254269242,-0.193253144622,-0.167141973972,-0.294252842665,-0.207037240267,0.176814302802,-0.013602999970,-0.028564240783,-0.090121418238,-0.137886255980,0.050168521702,-0.078564010561,-0.222455337644,-0.072505429387,0.039607159793,0.007713167928,-0.043698348105,-0.010569592938,0.047777194530,0.225608125329,0.301994830370,0.190277352929,0.450343668461,0.409633457661,0.643851995468,0.562019944191,0.414856493473,0.257934272289,0.097089603543,0.069278575480,0.083807647228,-0.095488525927,-0.326579004526,-0.514736711979,-0.402582943439,-0.456093579531,-0.222405940294,-0.295911550522,-0.354863345623,-0.033042326570,-0.146204471588,0.048159968108,-0.015558045357,0.179962947965,-0.197154998779,-0.279505640268,-0.143224567175,-0.106016956270,0.167516514659,-0.013319003396,0.327780842781,0.510810136795,0.221171200275,0.289021551609,0.369841098785,0.091047488153,0.097241893411,-0.240569353104,-0.409020185471,-0.474224060774,-0.816603958607,-0.826140403748,-0.846279501915,-0.903304994106,-0.545206546783,-0.308139830828,-0.109305553138,0.075514137745,0.331802070141,0.422121047974,0.557010948658,0.915986061096,0.667436003685,0.312584996223,0.483682304621,0.461291939020,0.163474723697,0.161519676447,0.118492208421,-0.013487754390,-0.146813616157,0.029239244759,0.175772979856,-0.082910388708,-0.383522272110,-0.202316313982,-0.193928137422,-0.384740561247,-0.333357870579,-0.332551151514,-0.246986031532,-0.535361409187,-0.430385738611,-0.074826784432,0.022773191333,0.012392929755,0.124254450202,0.012899182737,0.116611249745,0.368433415890,0.081856720150,0.081177599728,-0.053658794612,-0.252192616463,-0.028975829482,-0.111375838518,-0.287432819605,-0.126983284950,0.045077171177,0.174735769629,0.360366314650,0.237004995346,0.270895183086,0.653442025185,0.440626084805,0.498269051313,0.464539349079,0.263959914446,0.245216190815,-0.026267576963,0.137133061886,0.316289305687,0.050073854625,0.312037587166,0.346680969000,0.374170988798,0.537670373917,0.247982069850,0.019241761416,-0.004687992856,-0.289741814137,-0.310168981552,-0.255061388016,-0.725638747215,-0.570638656616,-0.673622190952,-0.833964705467,-0.581208229065,-0.429225057364,-0.365844517946,-0.234140351415,-0.089734524488,-0.053222510964,0.171912282705,0.323932498693,0.224739655852,0.214651629329,0.294458627701,0.434069454670,0.361609309912,0.087400823832,0.117047533393,-0.092590950429,-0.054379068315,0.358164280653,0.099382154644,0.000386893196,-0.121772572398,-0.226941645145,0.037767361850,-0.162318155169,-0.113343231380,-0.038178946823,0.005638762377,0.275998890400,0.217746779323,0.303418934345,0.290918976068,0.446244239807,0.840089201927,0.391317754984,0.588205218315,0.547511518002,0.319668442011,0.211383610964,0.225879758596,-0.153946444392,0.129740923643,0.277303636074,-0.254909098148,-0.366264373064,-0.404554456472,-0.128921851516,-0.189293652773,-0.197187945247,-0.408756762743,-0.200311884284,-0.197533667088,-0.290136963129,-0.563439905643,-0.694724321365,-0.573877811432,-0.547713160515,-0.786265730858,-0.425582528114,-0.397849649191,-0.032235611230,0.167821094394,0.191923707724,0.419606238604,0.427484065294,0.365494698286,0.264881908894,0.292108476162,-0.021649554372,-0.021200923249,-0.004823816940,-0.106140434742,-0.325023204088,-0.340186119080,-0.176044613123,-0.216561391950,-0.098600141704,-0.150180399418,-0.271619588137,-0.201077446342,-0.171978130937,-0.225830376148,-0.047073375434,0.344491332769,0.327970176935,0.576989412308,0.587974727154,0.571453571320,0.829573035240,0.433707237244,0.431595802307,0.470581471920,0.253995358944,0.160206705332,-0.285597145557,-0.469643056393,-0.500796198845,-0.769328892231,-0.884050965309,-0.707763433456,-0.737352550030,-0.742559075356,-0.519774496555,-0.277184247971,-0.255349487066,0.069039851427,0.536620855331,0.551244556904,0.357361704111,0.517490208149,0.756795942783,0.181391164660,0.435859888792,0.583266139030,0.224714964628,0.128567889333,0.179646030068,0.408723860979,0.612147331238,0.134679988027,0.174505293369,-0.040352135897,-0.278579533100,-0.156765818596,-0.527825176716,-1.001320719719,-0.858450114727,-0.720098733902,-0.555895566940,-0.511999607086,-0.452018827200,-0.331131190062,-0.061668302864,0.310086637735,0.403644859791,0.605829477310,0.555780291557,0.414342015982,0.289568960667,0.004350490402,-0.370643675327,-0.324018925428,-0.488432049751,-0.651519894600,-0.808997809887,-0.876016676426,-0.891307175159,-0.520544171333,-0.200340703130,-0.016541741788,0.018031690270,0.024489514530,0.145751714706,0.101802296937,-0.009199002758,0.312515020370,0.362173199654,0.152678757906,0.282020419836,0.068854637444,0.434851497412,0.549067258835,0.247459352016,0.508682191372,0.226052641869,0.035915210843,0.235848426819,0.184247583151,0.273298859596,0.345931887627,0.078242972493,0.228727951646,0.495058625937,0.255649954081,-0.056856833398,0.250340461731,0.356089919806,0.288021385670,0.420655786991,0.585258245468,0.431953907013,0.650367438793,0.856536209583,0.840809464455,0.727359175682,0.457953929901,0.185354754329,0.191582098603,0.245574265718,-0.054461389780,-0.045900348574,-0.011911370791,0.004416344687,-0.247854471207,-0.408443957567,-0.445684462786,-0.473479062319,-0.794921398163,-0.763492524624,-0.406809926033,-0.343297749758,-0.414951175451,-0.363049834967,-0.208234965801,-0.078835658729,-0.136466279626,-0.041944980621,-0.218117192388,-0.397705614567,-0.055877257138,-0.235601484776,-0.565757215023,-0.289223223925,-0.358263075352,-0.699918627739,-0.318507760763,0.009211350232,-0.151567459106,-0.145920470357,0.156477719545,0.340416610241,0.145879313350,0.575034439564,0.591316819191,0.265235871077,0.566201686859,0.323693752289,0.016957446933,-0.171179652214,-0.004379301332,-0.062388584018,-0.165833115578,-0.255160182714,0.067780390382,0.180831417441,0.262461751699,0.443461894989,0.552573978901,0.760203897953,0.957840561867,0.627721846104,0.460625141859,0.539341449738,0.577322840691,0.437819004059,0.213293388486,0.058219194412,0.236988529563,0.301369220018,0.110552661121,-0.153715953231,-0.214577540755,-0.457069009542,-0.420063078403,-0.274669468403,-0.454702407122,-0.722395420074,-0.461283683777,-0.555710315704,-0.656302571297,-0.130983918905,0.260523170233,0.542226672173,0.292655885220,0.358081996441,0.377566576004,0.441782623529,0.155312910676,-0.224044069648,-0.128905400634,-0.042270138860,-0.539102733135,-0.850798666477,-0.924650013447,-1.035696625710,-1.074986815453,-0.760512650013,-0.689299583435,-0.636110007763,-0.242059305310,-0.212898269296,-0.077572077513,0.235436856747,0.388111501932,0.234926491976,0.509698808193,0.277381837368,0.227707222104,0.551993668079,0.202258691192,0.137915074825,0.103469230235,0.152929827571,0.060380030423,-0.354785174131,-0.476685315371,-0.412769734859,-0.407505512238,-0.352109849453,-0.185054302216,-0.289943516254,-0.214071288705,-0.100649848580,-0.119307160378,0.146710723639,0.226139053702,0.268598526716,0.333720058203,0.572762429714,0.429035723209,0.433357417583,0.396800130606,0.073567323387,-0.164079755545,0.041500467807,0.228686779737,0.127584204078,0.032400246710,-0.081004731357,0.063578076661,0.395717620850,0.529755532742,0.496643245220,0.581907927990,0.609229207039,0.527878701687,0.276632726192,0.105745323002,0.120595425367,0.059215232730,-0.330258607864,-0.477730780840,-0.349129945040,-0.545930981636,-0.728849112988,-0.453080713749,-0.257740825415,-0.112005576491,-0.172686070204,-0.049049001187,-0.201320290565,-0.465658873320,-0.454212605953,-0.334744930267,-0.386703878641,-0.589596390724,-0.612332582474,-0.539909422398,-0.758742809296,-0.508562862873,0.152040794492,-0.153098568320,-0.071175999939,0.066874898970,0.331320494413,0.308090448380,0.090500079095,0.022522121668,0.415926635265,0.129815012217,0.232341706753,0.177715674043,-0.115092493594,0.189766988158,0.128856018186,0.096805617213,-0.297644346952,-0.212511375546,-0.045373518020,-0.169076427817,-0.294261068106,-0.145998671651,0.144352316856,0.136725574732,0.438979715109,0.833491384983,0.710838019848,0.655067741871,0.770950555801,0.948291659355,1.020253777504,0.659895718098,0.547173976898,0.533706784248,-0.019698625430,0.111104205251,0.230230242014,-0.065298512578,-0.394042462111,-0.234877094626,-0.064314819872,-0.352570801973,-0.400796651840,-0.127580091357,-0.227945938706,-0.620407938957,-0.210848554969,-0.406847000122,-0.221681565046,-0.009347174317,-0.068788789213,-0.328649312258,-0.384876370430,-0.343318313360,-0.425389051437,-0.762973964214,-0.935351312160,-0.665567398071,-0.411720216274,-0.258387029171,-0.213293388486,-0.162289336324,-0.015809113160,0.305036455393,0.228806152940,0.534287154675,0.440675437450,0.492268055677,0.495309710503,-0.007124596275,-0.241087958217,0.007309811190,-0.213688522577,-0.210169434547,0.021982941777,-0.311988204718,-0.296664744616,-0.089347630739,-0.414527237415,-0.188573390245,-0.033581502736,0.067167125642,0.135910645127,0.190960600972,-0.067356459796,0.144335851073,0.359250873327,0.306691050529,0.425907671452,0.449755102396,0.447557210922,0.490313023329,0.369734048843,0.120887652040,-0.021974710748,0.079983994365,-0.209836035967,-0.483904600143,-0.258675128222,-0.485505670309,-0.096566885710,0.151324629784,0.108935132623,0.306073665619,0.546400189400,0.688818037510,0.709039330482,0.436238557100,0.411551445723,0.386189371347,0.093113668263,-0.007931309752,-0.116203777492,-0.164553076029,-0.149567142129,-0.445873796940,-0.200303658843,-0.094080902636,-0.295969158411,-0.204864069819,-0.132753744721,-0.372981488705,-0.674165487289,-0.610957860947,-0.741295576096,-0.377212613821,0.072139114141,-0.161519676447,-0.083725333214,0.048213478178,0.398742794991,0.694839537144,0.498841106892,0.391079068184,0.574956178665,0.548556923866,0.130753427744,0.320232301950,0.326196223497,-0.197237327695,-0.509081423283,-0.471956193447,-0.751498818398,-0.486551105976,-0.505504727364,-0.176608502865,-0.483394205570,-0.129440456629,-0.037594493479,0.015842041001,-0.118944957852,0.255592346191,0.137211248279,0.051123406738,0.082725174725,0.333283782005,-0.079588867724,-0.300784766674,-0.244858115911,-0.371479183435,-0.523441791534,-0.224179908633,-0.285864651203,-0.264844834805,-0.480315566063,-0.407447934151,-0.368223518133,-0.413300693035,-0.467897921801,-0.289227336645,-0.227447926998,-0.286276251078,-0.181765705347,0.186359032989,0.320047080517,0.451590746641,0.475965052843,0.737109720707,0.688443481922,0.671942949295,0.624453842640,0.204724118114,-0.198830172420,0.082507029176,-0.226867571473,-0.450586467981,-0.000872567587,-0.040858387947,-0.074324652553,0.312395662069,0.192997962236,0.094200253487,0.084943629801,-0.088499762118,-0.107111781836,-0.192713961005,-0.249788939953,-0.308654338121,-0.614645659924,-0.299167215824,0.024530675262,-0.070974320173,0.157391443849,0.372380584478,0.389934808016,0.530553996563,0.720070004463,0.333353757858,0.623070895672,0.280065387487,-0.077889010310,0.016628174111,-0.219261407852,-0.342091768980,-0.269351720810,-0.737924635410,-0.791064858437,-0.420688718557,-0.515218257904,-0.592959046364,-0.415486216545,-0.449257075787,-0.285877019167,-0.093932732940,0.028947018087,0.085400499403,0.355707138777,0.367235690355,0.301109910011,0.179847717285,0.218578189611,0.183045744896,-0.215236097574,0.028753571212,0.000016463540,0.071546427906,0.168084517121,0.032359085977,0.175184398890,0.454603612423,0.478796750307,0.412835627794,0.364803224802,0.209288626909,-0.023464661092,0.024781743065,-0.104922145605,-0.181494072080,-0.052140031010,-0.076440215111,-0.123106114566,-0.223459631205,-0.262988597155,-0.367231577635,-0.286218643188,-0.034445840865,0.090232543647,-0.067661032081,0.210383445024,0.052012439817,0.122595749795,-0.005309491884,0.048073533922,0.013705896214,-0.214449957013,-0.076567806304,-0.139717832208,-0.648507058620,-0.707915723324,-0.598091602325,-0.885911285877,-1.100328326225,-1.092166543007,-0.605887055397,-0.529442727566,-0.266466498375,0.150567308068,0.314799338579,0.545494675636,0.749444961548,0.990985691547,0.953597068787,0.539773583412,0.556286573410,0.798514604568,0.336494177580,0.135754242539,0.201188579202,-0.028103262186,-0.267376124859,-0.067331761122,-0.365363001823,-0.504661023617,-0.538291871548,-0.615798115730,-0.472676455975,-0.643658518791,-0.632796704769,-0.199517518282,0.109626591206,0.071336515248,0.402377158403,0.760220468044,0.595906078815,0.547951877117,0.766991019249,0.696860492229,0.738850712776,0.421507775784,0.356826633215,0.231658458710,-0.009981021285,-0.461962819099,-0.367071092129,-0.387300670147,-0.575108468533,-0.528508424759,-0.578191280365,-0.486398816109,-0.368367582560,0.191269293427,0.219203799963,0.406616479158,0.386814981699,0.213165789843,0.489300519228,0.238021627069,0.318137317896,0.821176648140,0.668609023094,0.337922394276,0.396721899509,0.278723597527,0.200221329927,0.069307386875,-0.168899446726,-0.478722691536,-0.217837333679,-0.394017785788,-0.696111381054,-0.747321248055,-0.502582490444,-0.330896556377,-0.329748243093,-0.434476941824,-0.218578189611,-0.058573156595,0.130008459091,-0.030585139990,0.112083777785,0.443371355534,0.418178021908,0.308390915394,0.229209512472,-0.002230809536,0.004729151726,0.091092765331,0.192899182439,-0.035676490515,-0.255728155375,-0.444630831480,-0.443321973085,-0.288017272949,-0.534748136997,-0.328208893538,-0.523211300373,-0.683767855167,-0.152756959200,0.060589943081,-0.386539220810,-0.130144283175,0.063623346388,-0.049472939223,0.222167238593,0.377319663763,0.595432698727,0.583257913589,0.457361221313,0.635220944881,0.711323678493,0.443404257298,0.393474489450,0.232670962811,-0.138446018100,-0.093784555793,-0.071665793657,-0.368322283030,-0.516786396503,-0.515897333622,-0.817521750927,-0.462843596935,-0.464728683233,-0.398829221725,-0.056745704263,0.226962238550,0.149525985122,0.097756385803,0.178324818611,0.182152599096,0.179308533669,-0.031198408455,-0.103637978435,-0.079164929688,-0.446939826012,-0.287560433149,-0.101316623390,-0.425508409739,-0.168010428548,0.163351237774,-0.116076186299,-0.164783567190,-0.099567376077,-0.115565821528,-0.088738478720,-0.018896028399,-0.225838601589,-0.032787140459,-0.152431800961,-0.414053916931,0.001082477742,0.462662518024,0.566502153873,0.559957921505,0.463448613882,0.287029474974,0.194401487708,0.290449768305,0.315033942461,-0.072077378631,-0.085548661649,-0.194417938590,-0.441259920597,-0.186408415437,-0.194557875395,-0.208745330572,-0.144179448485,-0.013224339113,0.014150412753,0.160367220640,-0.003827772802,-0.144093006849,-0.156494185328,-0.262206554413,-0.150143370032,-0.092014729977,-0.194454982877,-0.389889568090,-0.158778488636,-0.065677173436,0.115290045738,0.256732434034,0.161412656307,0.142356112599,0.482521653175,0.441860824823,0.346993803978,0.047612555325,-0.156403630972,0.013179063797,-0.243853837252,-0.504290580750,-0.385810703039,-0.666802167892,-0.605660676956,-0.484497308731,-0.468568801880,-0.441012948751,-0.214536398649,0.228937879205,0.033947817981,-0.069439098239,0.171175539494,0.331666231155,0.312156945467,0.753779053688,0.415457427502,0.212552532554,0.443655341864,0.427405834198,0.276229381561,-0.090401299298,-0.161791324615,-0.008211190812,-0.268857836723,-0.295236527920,-0.407023966312,-0.582961559296,-0.666230022907,-0.554035127163,-0.403480201960,-0.478060036898,-0.039249077439,0.404126375914,0.593140184879,0.706026554108,0.757899045944,0.690629005432,0.902806997299,0.636608004570,0.486966788769,0.113195061684,0.062553219497,-0.172476157546,-0.300525456667,-0.546593606472,-0.672840178013,-0.990549445152,-0.940990090370,-0.749251544476,-0.758051335812,-0.842188239098,-0.571317732334,-0.592687427998,-0.470141083002,-0.061334919184,-0.014677246101,0.029276289046,0.332139581442,0.486098378897,0.562583863735,0.358794033527,0.598610162735,0.620955288410,0.499931842089,0.335308790207,0.357365816832,0.265301704407,-0.229086041451,-0.072554819286,0.077238701284,-0.238741904497,-0.099946036935,-0.023703381419,-0.350344121456,-0.322035074234,0.119903966784,0.070974320173,0.073769003153,0.347858130932,0.241614788771,0.144677475095,0.417021483183,0.293656051159,0.238606065512,0.244973346591,0.100028350949,0.151884391904,0.214194774628,0.205481439829,0.092772044241,0.359304398298,0.328587561846,0.131428435445,0.052172955126,-0.033585622907,-0.136445701122,-0.304884165525,-0.573458015919,-0.657796621323,-0.485806137323,-0.664431393147,-0.685813426971,-0.572754204273,-0.735891401768,-0.671103239059,-0.259724676609,-0.085277020931,0.085635095835,0.235461533070,0.194574341178,0.559439301491,0.648502945900,0.527664721012,0.359666585922,0.011993689463,0.012294148095,0.256629526615,-0.358016133308,-0.615526497364,-0.387716352940,-0.167845785618,-0.156572386622,-0.062236297876,-0.235498577356,-0.156123742461,-0.086717575788,0.176797851920,0.380192518234,0.349006474018,0.520519495010,0.570140600204,0.624404430389,0.630516529083,0.868208885193,0.684245288372,0.665937840939,0.604331254959,0.160671800375,0.048275217414,-0.128288015723,-0.139944210649,-0.245084479451,-0.288210719824,-0.097258359194,-0.089075982571,-0.073781348765,0.004231129773,0.005054306705,-0.231427967548,0.161490857601,0.416585147381,0.196554079652,0.293083935976,0.296500116587,-0.105132050812,-0.029156928882,-0.166491657495,-0.251410603523,-0.426529139280,-0.363053947687,-0.576972961426,-0.473421424627,-0.244977459311,0.041294671595,0.242857798934,0.429817736149,0.454113811255,0.568165004253,0.493280589581,0.345973044634,0.174999207258,0.080037496984,-0.085285246372,-0.311346113682,-0.527677059174,-0.505039691925,-0.749317407608,-0.795740544796,-0.927387058735,-1.005140304565,-0.914520800114,-0.769201278687,-0.711208462715,-0.331785619259,-0.158980160952,0.270055562258,0.260387331247,0.253427386284,0.333946436644,0.341807782650,0.408657997847,0.247401729226,0.138734132051,0.278982907534,-0.085062995553,-0.144619852304,-0.269689232111,-0.413317173719,-0.490609377623,-0.271100997925,-0.475627571344,-0.408349305391,-0.189322471619,0.051744904369,0.357921481133,0.601585984230,0.789414346218,0.971916794777,1.081111311913,0.956926763058,1.124122262001,0.832935750484,0.433423250914,0.289112120867,-0.154740810394,-0.112709395587,-0.467268198729,-0.493992626667,-0.776424646378,-0.796645998955,-0.449343502522,-0.118595108390,0.034828618169,0.125464528799,-0.246010556817,0.015628015622,0.122546359897,0.020357167348,0.030395809561,-0.132799029350,-0.258778035641,-0.064273655415,-0.129391074181,-0.207527026534,-0.123250171542,-0.236795082688,0.061935838312,0.243808567524,-0.293285608292,0.045641046017,0.243335217237,-0.018838403746,0.032622501254,-0.252316117287,-0.555389285088,0.029449155554,-0.565292119980,-0.586064934731,-0.557381391525,-0.661472082138,-0.182523027062,-0.227843046188,-0.217154085636,0.151085913181,0.068187862635,0.085927329957,0.110219284892,0.321170747280,0.578841626644,0.774531364441,0.516699969769,0.476994007826,0.788587093353,0.822152137756,0.902094960213,0.635278582573,0.259448915720,0.087528415024,0.179131537676,0.042566481978,-0.135519623756,-0.266746371984,-0.468523502350,-0.271652519703,-0.413152515888,-0.574606359005,-0.166997909546,-0.058832459152,0.035215511918,0.120167374611,0.299689918756,0.200344815850,0.623811781406,0.512654066086,0.222636446357,0.218944489956,0.321269512177,0.165347442031,-0.313531637192,-0.150542601943,-0.292981028557,-0.351187855005,-0.387465268373,-0.475401163101,-0.233835771680,0.053761690855,-0.151217609644,-0.106798984110,0.017068574205,-0.090430103242,-0.299858689308,-0.066957220435,-0.106774285436,-0.195891439915,-0.317684590816,-0.359831243753,-0.215791732073,-0.062079891562,0.134358957410,0.359555453062,-0.002959321253,-0.173735618591,0.623025596142,0.278542518616,0.132124021649,0.093858644366,-0.334724336863,-0.335242927074,-0.270216077566,-0.221175312996,-0.160943448544,-0.163853377104,0.016908055171,-0.162268757820,-0.235214576125,0.000683236925,0.183617845178,0.029424460605,-0.100345276296,-0.029074611142,0.297154545784,0.146270319819,0.198233366013,0.141779884696,0.020600004122,0.299043744802,0.373858183622,0.365996837616,0.211725234985,0.174085468054,0.461464792490,0.388708293438,0.328550517559,0.362008541822,0.209169268608,0.063162371516,0.041269976646,-0.066257514060,-0.201892390847,0.189536496997,-0.181736901402,-0.175237908959,0.077086403966,-0.122892089188,-0.099954262376,0.063890881836,-0.156658813357,0.263568907976,0.442177742720,0.285074442625,0.182132035494,0.198295101523,0.220483839512,0.270281940699,0.077098757029,0.085705071688,0.335942625999,0.060956254601,-0.129127666354,-0.153254970908,-0.427949130535,-0.619024991989,-0.465679466724,-0.520996987820,-0.746810853481,-0.381962358952,-0.241067379713,-0.449590444565,-0.156177252531,0.039063863456,0.133202388883,0.422487378120,0.294380426407,0.602956593037,0.596589267254,0.281172543764,0.261873185635,0.068661190569,-0.007021699566,0.030947336927,-0.073991261423,-0.079020872712,-0.156786397099,-0.324002474546,-0.171809390187,-0.244195461273,-0.122678063810,0.116043262184,0.046246085316,0.090681172907,0.139330938458,-0.052024789155,0.059667985886,-0.050629504025,-0.289564847946,-0.086083732545,0.101872265339,0.366371393204,0.649675965309,0.787875056267,0.633529365063,0.825037419796,0.994636476040,0.889257490635,0.352628439665,0.401619791985,0.144533410668,0.164544850588,-0.009194886312,-0.589505851269,-0.566259324551,-0.709520936012,-0.884310185909,-0.477685481310,-0.331481039524,-0.527693510056,-0.084791347384,-0.012886835262,0.176168113947,0.315881818533,0.131975844502,0.336786389351,0.495116263628,0.506537854671,0.322730660439,0.230152055621,0.154308646917,-0.131947040558,-0.205802470446,-0.319808363914,-0.499997705221,-0.523355305195,-0.436658352613,-0.488596707582,-0.827136456966,-0.803317844868,-0.654964864254,-0.492848396301,-0.440803021193,-0.230184987187,-0.169920191169,0.140294060111,0.569823682308,0.539522528648,0.454138517380,0.480813562870,0.415576785803,0.071628749371,0.142393156886,-0.236478164792,-0.152765184641,-0.158033519983,-0.346792131662,-0.454467773438,-0.675305545330,-0.632294595242,0.025629615411,0.027510574088,-0.062030497938,0.202386289835,0.652458310127,0.552240610123,0.634550094604,0.900777816772,0.887142002583,0.787241220474,0.768106460571,0.685558259487,0.425755351782,0.289894104004,0.065524891019,-0.282292097807,-0.445017725229,-0.225052475929,-0.231135755777,-0.544403970242,-0.717826783657,-0.746605038643,-0.515510499477,-0.380353033543,-0.307588309050,-0.296002089977,-0.267186790705,-0.418992996216,-0.102086298168,0.004560400732,-0.027374750003,0.276237607002,0.723885357380,0.517551958561,0.582434773445,0.633488178253,0.442004859447,0.057017352432,-0.101946353912,-0.202900767326,-0.353015333414,-0.748786449432,-0.802531719208,-0.521688401699,-0.490140140057,-0.432830572128,-0.091199778020,-0.057206682861,-0.013191411272,0.388271987438,0.079757615924,0.147719115019,0.220854267478,0.107519261539,0.321318894625,0.226369559765,0.012520522811,-0.074913218617,0.145315438509,0.226789370179,0.149439558387,0.122056566179,0.007297463715,0.120027437806,-0.174052536488,-0.455241560936,-0.500648021698,-0.082437060773,-0.069620192051,-0.238054543734,-0.110737882555,0.022859625518,-0.135474354029,0.110659681261,0.045484647155,0.146356746554,0.437320977449,0.289334356785,0.045122448355,0.038899227977,-0.166063606739,0.081259913743,0.168096855283,0.205650180578,0.338181674480,0.261971950531,0.415350407362,0.456624507904,0.435156047344,0.432694762945,0.135186240077,-0.195401638746,-0.099933683872,-0.234169140458,-0.335765659809,-0.455048114061,-0.549059033394,-0.268717914820,0.030622182414,-0.302595734596,-0.208560124040,-0.167615294456,-0.128851890564,0.137207135558,0.434781491756,0.386662691832,0.648860991001,0.709002375603,0.489234656096,0.411720216274,0.336346000433,0.484530210495,0.181020721793,-0.026724440977,-0.122468151152,-0.341087490320,-0.070356935263,0.009445955977,-0.268376290798,-0.232341706753,-0.157572537661,-0.093977995217,-0.261996656656,-0.315116256475,-0.199167668819,-0.750115871429,-0.594333767891,-0.704956412315,-0.833771228790,-0.383386433125,-0.095274500549,-0.256036847830,0.272599160671,0.579187333584,0.440626084805,0.624355018139,0.588814377785,0.627293765545,0.868616342545,0.551730275154,0.301891922951,0.588386356831,-0.002897582948,-0.109223239124,-0.139647856355,-0.389189869165,-0.545614063740,-0.145529463887,-0.431719273329,-0.712714850903,-0.526936173439,-0.696498274803,-0.407892405987,-0.105724737048,0.040203962475,0.441914319992,0.537666261196,0.564917564392,0.703869760036,0.957725226879,0.777280807495,0.582566440105,0.391041994095,0.340354889631,-0.030268216506,-0.171130269766,-0.338737338781,-0.650309801102,-1.088766813278,-0.956441164017,-0.848497867584,-0.887121379375,-0.618856191635,-0.282621353865,0.020702900365,-0.047213312238,0.180938422680,0.630310714245,0.745847702026,0.708269715309,0.605047464371,0.374026954174,0.446976870298,0.286523222923,0.016130153090,-0.027671094984,-0.419820278883,-0.436378479004,-0.348162710667,-0.778922975063,-0.876630008221,-0.695308804512,-0.663270771503,-0.540823161602,-0.586410701275,-0.446314215660,-0.366511315107,-0.271697789431,-0.258242964745,-0.090294286609,-0.110157549381,-0.206423982978,-0.083931125700,0.146533727646,0.226744115353,0.563320577145,0.608389496803,0.441930800676,0.678194940090,0.662871539593,0.153683021665,0.080840095878,0.288638770580,0.098727732897,-0.165841355920,-0.037137631327,-0.145508885384,-0.043570756912,0.199414610863,0.321397095919,0.454517185688,0.418182134628,0.236358791590,0.474742650986,0.037549216300,-0.006659501698,0.327439218760,-0.076147988439,-0.056967962533,0.304950028658,0.250957846642,0.011149932630,0.607636332512,0.348878860474,0.223257958889,0.167829319835,0.330192744732,-0.146965906024,-0.336308956146,-0.474355757236,-0.371561527252,-0.529261648655,-0.592391073704,-0.440403789282,-0.229761049151,-0.657780170441,-0.353229373693,0.113581962883,0.145776420832,0.377105593681,0.637056648731,0.287786781788,0.037722084671,0.093010768294,-0.282637834549,-0.436003923416,-0.863788366318,-1.046533703804,-0.955387413502,-0.824074268341,-0.980864763260,-0.753626704216,-0.431542277336,-0.028572471812,0.005470010918,0.041525162756,0.252875864506,0.200978666544,0.259580612183,0.580985963345,0.456377565861,0.222595274448,0.444433271885,0.257674962282,0.199587494135,0.077214002609,0.085495159030,0.141088426113,-0.063257038593,-0.019377585500,0.158943131566,-0.045369397849,-0.244483560324,0.004420460202,0.164516031742,0.304649561644,-0.073559090495,0.143739044666,-0.021554889157,0.047583743930,0.345252782106,0.198620244861,0.044315733016,0.241775304079,0.416568696499,0.256843566895,0.044896069914,-0.007445636205,-0.345355659723,-0.442025482655,-0.661858975887,-0.468453586102,-0.281390696764,-0.052275855094,-0.264256268740,0.179518431425,-0.058725446463,0.324949115515,0.561147391796,0.346536934376,0.201974704862,0.292729973793,0.005758123007,-0.086141355336,-0.026131754741,-0.262844532728,-0.535801768303,-0.281444221735,-0.547017574310,-0.670271873474,-0.321923941374,-0.478903770447,-0.533052384853,-0.247216507792,-0.168920025229,-0.338901966810,-0.302196502686,-0.161816015840,-0.228760883212,-0.274089127779,-0.080803051591,-0.036141585559,-0.038047239184,-0.146488457918,-0.292890489101,-0.239087641239,-0.453895688057,-0.292717605829,-0.045496992767,-0.079193741083,-0.088635578752,0.221813276410,0.436279684305,0.196290671825,0.197928786278,0.443877607584,0.150501444936,0.136984884739,0.397458672523,0.913825213909,0.566284000874,0.377669483423,0.439699977636,0.350525230169,0.409625232220,0.579195559025,0.302089482546,0.379879713058,0.381760656834,0.421108543873,0.281740546227,0.118265837431,0.400710195303,0.002457183320,0.031325999647,0.103959023952,-0.260263860226,-0.366441339254,-0.320656239986,-0.212573096156,-0.080638416111,0.018747854978,0.135412618518,0.265676259995,0.118381075561,0.079453043640,0.042936913669,0.028663022444,-0.268149912357,0.138454258442,0.279633224010,-0.019464019686,-0.074151784182,-0.214701026678,-0.338634431362,-0.245364367962,-0.773201942444,-0.909873962402,-0.708113312721,-0.983519494534,-1.102221608162,-0.779643237591,-0.567016661167,-0.635397970676,-0.160140857100,-0.357476979494,-0.370215594769,0.017583061010,0.031795211136,-0.047209199518,0.013545378111,-0.178999841213,0.012145975605,0.380595862865,0.131794750690,0.188466370106,0.432962298393,0.035046759993,0.043068621308,0.021521963179,-0.238507285714,-0.125954300165,-0.352817773819,-0.365074872971,-0.238128632307,-0.163009628654,-0.222286596894,0.055222827941,0.122937366366,0.516502439976,0.950440108776,0.744217813015,0.675585448742,0.796106815338,1.033128261566,1.057971715927,0.755396544933,0.292944014072,0.165466815233,0.393828451633,-0.021205039695,-0.351550072432,-0.477887153625,-0.407505512238,-0.174682274461,-0.236346453428,-0.344614803791,-0.104926258326,0.130802825093,0.305332809687,0.365437060595,0.326945334673,0.637525856495,0.561604261398,0.673762142658,0.613563179970,0.342495143414,0.626890420914,0.588353395462,0.121114030480,-0.117240987718,-0.170080721378,-0.518679678440,-0.545025467873,-0.999406874180,-1.011812090874,-0.686344385147,-0.717995524406,-0.654886722565,-0.653972923756,-0.546968162060,-0.257572084665,-0.235737308860,0.141899242997,0.187186330557,0.524001538754,0.597293078899,0.349224627018,0.384806454182,0.447874128819,0.185712829232,-0.097649373114,-0.392857074738,-0.342820286751,-0.410337269306,-0.684862673283,-0.678857564926,-0.597544133663,-0.673391699791,-0.233193695545,-0.099826671183,-0.044291038066,0.015331671573,0.154753163457,0.301990717649,0.270393043756,0.112454213202,0.139030471444,-0.033589739352,0.024621222168,0.012010152452,-0.175875872374,-0.060166005045,-0.113223880529,-0.212774783373,0.131877064705,0.166545167565,0.045764524490,0.027959207073,-0.173698574305,-0.351706504822,-0.243656277657,-0.212898269296,-0.444511443377,-0.429484367371,-0.046719409525,-0.025818943977,-0.081984311342,0.113536685705,0.300517201424,0.174678146839,0.182988137007,0.372405260801,0.048229940236,-0.064475342631,0.187231600285,0.268631458282,0.086692884564,0.119455330074,0.159544050694,0.075748741627,0.289523690939,0.242767244577,0.424775809050,0.660113871098,0.454138517380,0.563806235790,0.611044287682,0.371475070715,0.258498162031,0.206905543804,-0.340976357460,-0.273977994919,-0.539683043957,-0.867426872253,-0.872452318668,-0.866426706314,-0.933503270149,-0.906766474247,-0.644481718540,-0.568453133106,-0.360613256693,-0.342713266611,-0.062363889068,-0.130699932575,0.211169585586,0.143636152148,-0.013956965879,-0.007626734674,-0.023909175768,-0.013203758746,0.281374245882,0.010861819610,-0.071402370930,-0.065808884799,-0.186507195234,0.003605515230,-0.035787619650,-0.348158597946,-0.237745851278,-0.196039602160,-0.142566025257,-0.110935449600,-0.083363130689,-0.120920576155,0.194891273975,0.506418466568,0.136923134327,0.373928159475,0.581023037434,0.394458144903,0.268092274666,0.244417712092,0.123262517154,0.065652482212,0.029457386583,-0.046879932284,0.024374270812,0.182090863585,0.143389195204,0.010038643144,0.342322260141,0.280160039663,0.253900706768,-0.035676490515,-0.201147407293,-0.255258947611,-0.303085535765,-0.381949990988,-0.357304096222,-0.138264924288,0.022707337514,-0.157173305750,0.135494932532,0.372853904963,0.543309152126,0.300492525101,0.578808665276,0.477150440216,0.385547280312,0.395104378462,0.007499142550,-0.428023219109,-0.235469788313,-0.566757380962,-0.855235636234,-0.627787709236,-0.654705584049,-0.803000926971,-0.795456528664,-0.642987668514,-0.285156726837,-0.300669491291,-0.016278324649,0.279736131430,0.335642188787,0.728931486607,0.726017415524,0.421791791916,0.600198924541,0.846439957619,0.513361990452,0.473289728165,0.229752808809,0.204880520701,0.107099443674,-0.151427522302,-0.356748431921,-0.742830812931,-0.531142592430,-0.396347343922,-0.598832428455,-0.523717522621,-0.226830527186,0.005795165896,-0.087623067200,-0.206456914544,0.122587516904,0.505743503571,0.205662548542,0.221936747432,0.300908237696,0.266565293074,0.258987933397,0.309786200523,-0.028909977525,-0.115174807608,-0.143920153379,0.137581691146,0.074081808329,-0.033416870981,0.134021446109,0.366284936666,0.193635910749,0.611645221710,0.491815328598,0.380896329880,0.767554879189,0.419589787722,0.288626432419,0.327336311340,0.330328553915,0.312247484922,0.166277632117,0.011392770335,0.052971437573,-0.220623791218,-0.070805564523,0.193804681301,0.172517314553,0.201851218939,0.288029640913,-0.070159375668,-0.066434502602,-0.137898609042,-0.171364858747,-0.408308118582,-0.298418104649,-0.580796599388,-0.478121787310,-0.541201829910,-0.733051478863,-0.933746159077,-0.558640837669,-0.506558418274,-0.442614018917,-0.205539062619,-0.103049404919,-0.141685217619,-0.074279375374,-0.255238354206,-0.311700075865,-0.422935992479,-0.098484888673,-0.264597892761,-0.327085256577,-0.152983322740,0.036495551467,-0.172418534756,0.226225495338,0.340655326843,0.457480639219,0.468190133572,0.360864311457,0.599495112896,0.551108777523,0.444750189781,0.612818241119,0.275208652020,-0.133169457316,0.344705373049,0.218458816409,-0.083140872419,0.096710950136,-0.065965287387,-0.327669709921,-0.093467630446,-0.514106988907,-0.446997433901,-0.367449760437,-0.219191446900,-0.157099217176,0.250723242760,0.589151859283,0.378554403782,0.536707282066,0.751058459282,0.374166876078,0.215038523078,0.279892534018,-0.117208048701,-0.024518327788,-0.123575329781,-0.432859390974,-0.358555287123,-0.379352897406,-0.486987411976,-0.385802477598,-0.414745390415,-0.331485152245,0.096204698086,0.142697721720,0.008561041206,-0.058424986899,0.104572281241,-0.119105480611,-0.082144826651,-0.220286279917,-0.238001033664,-0.282407313585,-0.286926567554,-0.382139325142,-0.493120044470,-0.379352897406,-0.221154719591,-0.226595938206,-0.197772383690,-0.165721997619,-0.390930861235,-0.097188390791,-0.152106642723,0.105255529284,-0.008972628973,-0.054893556982,0.029033450410,-0.003836004762,0.108778722584,0.044986624271,0.065895311534,-0.084713138640,-0.140281707048,0.065747149289,0.223052144051,0.242380335927,0.248718798161,-0.066014677286,-0.091142162681,0.112968690693,-0.103736765683,-0.057507142425,0.004280520603,-0.125456288457,-0.005980380811,0.085984952748,0.104745149612,0.433941841125,0.708076298237,0.294874340296,0.535406649113,0.478237032890,0.167277798057,0.282123327255,0.170521110296,-0.105667106807,-0.122352913022,0.037820868194,0.284156560898,-0.013849952258,0.223064497113,0.214614585042,0.072526007891,0.285831749439,-0.020340703428,0.053695835173,-0.010116845369,-0.180238723755,-0.169562116265,-0.066335715353,-0.416210651398,-0.421248465776,-0.311605423689,0.135848894715,0.269347608089,0.313972055912,0.097468264401,0.304579615593,0.142154425383,-0.056037776172,-0.001749251154,-0.234243243933,-0.199867367744,-0.056655157357,-0.215935796499,-0.500569820404,-0.596128284931,-0.638929426670,-0.499672561884,-0.328953862190,-0.042031414807,-0.078687489033,-0.151065319777,0.030832093209,0.218084275723,0.295327097178,0.422833085060,0.436156213284,0.530101299286,0.587464332581,0.275970071554,0.397396922112,0.581706285477,0.566823184490,0.324685692787,0.457620561123,0.106078699231,-0.195171147585,-0.181424081326,-0.439370721579,-0.278954088688,-0.065039217472,-0.308143943548,-0.048588022590,0.063503988087,-0.002794685774,0.142755344510,0.412094742060,0.394001334906,0.716983020306,0.529348075390,0.286905974150,0.330069273710,0.440728962421,-0.002753526904,-0.170158922672,-0.117442660034,-0.062507942319,-0.249998852611,-0.208881154656,-0.506591320038,-0.359205633402,0.286325663328,0.251645207405,0.358510047197,0.400545597076,0.070426903665,0.097875744104,-0.028123840690,-0.381941765547,-0.294680893421,-0.362082630396,-0.666361808777,-0.372895061970,-0.416144788265,-0.405826240778,-0.191417455673,0.127419561148,0.131119742990,0.053848125041,-0.003914206289,0.075921609998,-0.088536798954,-0.039710059762,0.309555709362,0.296277850866,-0.087083891034,0.307230234146,0.265717417002,0.038689319044,0.100691013038,0.497668117285,0.524195015430,0.366885870695,0.094072662294,0.176279231906,-0.043648958206,-0.058630783111,-0.138404861093,-0.229217737913,-0.261687964201,-0.554664850235,-0.293088048697,-0.214408785105,-0.171373099089,0.076744787395,0.321133702993,0.371191084385,0.280518144369,0.399965256453,0.352735459805,0.402121931314,0.117397382855,-0.150950074196,-0.211832240224,-0.017949374393,-0.534793376923,-0.480352580547,-0.768822610378,-0.420223623514,-0.234486088157,-0.340182006359,-0.326624274254,0.045735713094,0.001325314981,0.045813914388,-0.063425786793,-0.156638234854,0.015809113160,-0.017784738913,-0.027333592996,-0.136795550585,-0.424611151218,-0.394100099802,-0.010050990619,-0.287313461304,-0.418614327908,0.052028901875,0.082515262067,-0.061939951032,-0.002156723756,-0.088499762118,0.002827612916,-0.260947108269,-0.456908494234,-0.111285299063,0.049464702606,-0.246282190084,0.102082185447,0.309419870377,0.430612117052,0.933634996414,0.804865419865,0.571564733982,0.792118549347,0.761599242687,0.872312426567,1.143557429314,1.272615075111,0.994850516319,0.931099593639,0.692674636841,0.118109434843,0.090668834746,-0.068772315979,-0.088018193841,-0.166738614440,-0.573248088360,-0.926609158516,-0.812895536423,-0.494733482599,-0.703795731068,-0.806199014187,-0.451594918966,-0.667596518993,-0.459653764963,-0.246236935258,-0.326591342688,-0.069171562791,0.427265912294,0.153226152062,0.183848351240,-0.008795646019,-0.149740010500,-0.120797105134,-0.384765267372,-0.760109245777,-0.628532648087,-0.728577494621,-0.707047283649,-0.537295818329,-0.564777612686,-0.290799617767,-0.018879564479,-0.035750575364,0.265923202038,0.402253687382,0.520778775215,0.442251831293,0.389412105083,0.561242043972,0.564691185951,0.175624802709,0.307534813881,0.272232860327,-0.157033354044,-0.161034002900,0.226558893919,0.306995630264,-0.025164518505,-0.316931366920,-0.511229932308,-0.274122059345,-0.396874219179,-0.283152312040,-0.100308224559,0.100369967520,0.192063659430,0.251612275839,0.199262335896,0.541695713997,0.843636989594,0.822024464607,0.718514144421,0.957050263882,0.876292467117,0.561143279076,0.470104008913,0.410897016525,0.079436577857,0.144426390529,-0.076320856810,-0.692267119884,-0.588456273079,-0.757804393768,-0.628084063530,-0.624725461006,-0.151785612106,-0.115030750632,-0.362473636866,-0.230242609978,-0.290120512247,-0.353550404310,0.007272768766,-0.081832021475,-0.132638499141,-0.011779663153,0.013627694920,0.112594142556,0.251723408699,0.250949621201,0.114940196276,0.105518937111,-0.166952639818,0.058029860258,-0.167355999351,-0.498585969210,-0.504850327969,-0.448166340590,-0.518309295177,-0.260782450438,-0.536744356155,-0.419211119413,-0.065059788525,-0.012870372273,0.270277827978,0.322985827923,0.164046823978,0.663814008236,0.543597280979,0.377047985792,0.481212824583,0.052967321128,-0.325303077698,-0.136964306235,-0.313873261213,-0.257588535547,-0.006564836483,0.162289336324,-0.020377745852,0.086347155273,0.329678267241,0.303521811962,0.278826504946,0.292824625969,0.307604789734,0.179740697145,0.183868914843,0.088034659624,0.001424096292,-0.051551461220,-0.251138955355,0.059157613665,-0.124361455441,0.044587381184,-0.038232456893,-0.141602903605,-0.025502024218,0.236753925681,0.036647837609,0.274603605270,0.371936082840,0.461382478476,0.636019468307,0.821007907391,0.594099164009,0.259453058243,0.118010655046,-0.079646490514,-0.267713606358,-0.399026811123,-0.532307386398,-0.498511850834,-0.440955340862,-0.769341170788,-0.678804039955,-0.364218771458,-0.199562788010,-0.380295395851,-0.325303077698,0.069220952690,0.447339087725,0.494589447975,0.367544382811,0.422985404730,0.295574039221,0.364453345537,0.081548027694,-0.133202388883,-0.123439498246,-0.212338507175,-0.105576567352,-0.033161684871,-0.241042673588,-0.039957009256,0.231300383806,0.053691718727,0.156169027090,0.388918191195,-0.105271995068,-0.389778435230,-0.536106348038,-0.476232588291,-0.206345766783,-0.737788856030,-0.647852659225,-0.566576242447,-0.556504666805,-0.414325565100,-0.335300564766,-0.278065055609,0.211511209607,0.451356172562,0.458180338144,0.558476209641,0.596877396107,0.444013416767,0.398034870625,0.222006708384,-0.002288432093,-0.045200649649,-0.071406491101,-0.387798696756,-0.206251099706,-0.365511149168,-0.593037247658,-0.032157409936,0.293153911829,0.243606880307,0.544329881668,0.526199400425,0.371693223715,0.562793731689,0.417494803667,0.223842397332,0.109190315008,0.011866096407,-0.060347102582,-0.157189771533,-0.370800077915,-0.589295923710,-0.305966645479,-0.387625813484,-0.499483227730,-0.452817320824,-0.237906366587,-0.370240330696,-0.529846072197,-0.294256955385,0.009701140225,-0.204481273890,0.051160447299,0.021521963179,0.004576864187,0.330250382423,0.225735694170,0.016512930393,0.391276627779,0.279205173254,0.096941433847,0.208037391305,-0.415992468596,-0.471968531609,-0.307040899992,-0.724169373512,-0.743287682533,-0.429846525192,-0.800119817257,-0.417288959026,-0.143092855811,-0.195027083158,0.199760347605,0.339519351721,0.454899966717,0.651186466217,0.632599174976,0.409020185471,0.434522181749,-0.141771659255,0.138577729464,0.198616132140,0.027819264680,0.103345751762,0.085857361555,-0.153897047043,0.059684447944,0.034264743328,0.130485892296,0.122044213116,-0.124888300896,-0.319935977459,-0.314445376396,-0.157305002213,-0.062149863690,-0.107473984361,-0.095192186534,0.068570643663,-0.182263731956,0.284741044044,0.212095677853,0.045427020639,0.358267188072,0.378233373165,0.192668691278,0.104757502675,-0.142051532865,-0.089199461043,-0.061557173729,-0.334024637938,-0.509686470032,-0.546848833561,-0.599223434925,-0.492729038000,-0.284996211529,-0.014990052208,0.369347184896,0.341198623180,0.155996158719,0.452039420605,0.167775809765,0.196278318763,0.104885093868,-0.288342416286,0.074872061610,0.312358617783,0.024514209479,0.023509934545,-0.101958706975,0.153259098530,0.127481311560,0.122916780412,0.109169729054,-0.200698778033,-0.095550276339,-0.181024834514,-0.194442644715,-0.393511533737,-0.462950587273,-0.158762037754,-0.431163668633,-0.361304730177,-0.005132508464,-0.289161503315,-0.025152171031,-0.095591425896,-0.134000867605,0.209552049637,0.308629631996,0.092520974576,0.203970909119,-0.177534565330,-0.249122157693,-0.489782094955,-0.933783113956,-0.875864446163,-0.712871253490,-0.539909422398,-0.230563640594,-0.178386554122,0.154111072421,0.317717492580,0.433295667171,0.533044099808,0.782030463219,1.077229976654,0.979448914528,0.915228724480,0.584204614162,0.308781921864,-0.061409000307,-0.018052270636,-0.060499396175,-0.411308586597,-0.427109509706,0.113511987031,-0.500001788139,-0.642683088779,-0.333790034056,0.094171442091,0.222986295819,0.340733528137,0.587612569332,0.633088946342,0.605006277561,0.624717235565,0.371960759163,0.208811193705,0.437658518553,0.709356248379,0.337099194527,0.604355990887,0.393141090870,0.202110514045,0.241915255785,0.216009870172,-0.095957741141,-0.389128118753,-0.604537069798,-0.837981820107,-0.816529810429,-1.080316901207,-0.828157186508,-0.589501738548,-1.017776012421,-0.904667377472,-0.191882550716,-0.699613988400,-0.689093828201,-0.290499150753,-0.351628273726,0.078469343483,0.018101662397,0.139606699347,0.226019710302,0.161124542356,0.038080167025,0.355258464813,-0.223957657814,-0.251678138971,0.025769555941,-0.033836688846,-0.537530422211,-0.327698528767,-0.208473682404,-0.074258796871,-0.276986688375,-0.335930287838,-0.125127017498,-0.077827267349,-0.261354565620,0.279546797276,0.594115614891,0.317507594824,0.268722027540,0.403402000666,0.384938150644,0.463135808706,0.478311091661,0.343141317368,0.141001984477,-0.118426352739,0.132045820355,0.226225495338,0.264709025621,0.488016366959,0.291116535664,0.087018035352,0.297319173813,0.571083128452,0.059581551701,-0.071287125349,-0.035734113306,0.148336485028,0.372796267271,0.271895349026,-0.001584615675,0.029395649210,0.195117637515,0.299714624882,0.151312276721,-0.018299223855,0.235276341438,-0.039253193885,-0.404015243053,-0.307551264763,-0.539028644562,-0.398355931044,-0.027461184189,-0.609319746494,-0.536600232124,-0.182280197740,-0.043904144317,-0.500853836536,-0.305089980364,-0.113532572985,-0.012997964397,0.179411426187,0.352813661098,-0.035771157593,-0.152534693480,0.027267737314,-0.092788510025,-0.138260811567,-0.049777511507,-0.411382675171,-0.293520212173,-0.158037632704,-0.234543696046,0.145780533552,0.247949138284,0.421215564013,0.666378259659,0.670280098915,0.737023234367,0.425417870283,0.046884045005,-0.087635420263,-0.014430292882,-0.048818510026,-0.054058033973,-0.003317403141,-0.229608759284,-0.195796772838,-0.200958073139,-0.140178814530,-0.555463373661,-0.504912078381,-0.298953175545,-0.640695095062,-0.535719454288,-0.201888278127,-0.435736358166,-0.751404166222,-0.414572507143,-0.081613883376,0.093150705099,-0.068298995495,0.042710535228,0.028967598453,0.337745398283,0.447219729424,0.387144237757,0.259469509125,0.317779242992,0.260873019695,0.041138269007,-0.200739935040,-0.223241478205,0.109009206295,-0.025111014023,-0.087227955461,0.177583962679,0.469091504812,0.320948481560,0.388197928667,-0.026749135926,-0.072456039488,-0.040623784065,-0.295388847589,-0.138186722994,-0.197401955724,-0.348014533520,-0.376751661301,-0.359604865313,-0.367544382811,0.039413712919,0.212700709701,0.057914614677,0.210716843605,0.234761834145,0.248718798161,-0.124443784356,0.129028886557,0.426475673914,0.456196457148,-0.019855029881,-0.097595870495,-0.217326968908,-0.050390776247,0.065417870879,0.118710353971,0.052831497043,0.143632039428,0.404258102179,0.705195128918,-0.000156403636,0.079049684107,-0.130971580744,-0.112359546125,0.101493604481,0.061260834336,0.158482149243,-0.365173667669,-0.595408022404,0.041990257800,0.008038323373,0.062791936100,0.220487952232,0.578174829483,0.378060489893,0.253480881453,0.664773046970,0.344075620174,0.025436168537,0.251402348280,0.036870095879,-0.015162920579,0.285576552153,0.317050725222,-0.011339262128,-0.406781136990,-0.322767704725,-0.284728705883,-0.055906064808,-0.566996097565,-0.671794712543,-0.823152303696,-0.792739987373,-0.730297863483,-0.560978651047,-0.536151647568,-0.466407954693,-0.452385127544,-0.065804764628,-0.021703060716,0.126538768411,0.365770459175,0.102613128722,0.004650949966,-0.074032418430,-0.192656353116,-0.221088871360,-0.278822392225,-0.202332794666,-0.304307937622,-0.067060112953,-0.154901325703,-0.277809888124,0.038166601211,0.431060761213,0.326574891806,0.736726939678,0.959869623184,0.840373218060,0.449006021023,0.520313739777,0.643176972866,0.602861881256,0.336169034243,0.174517646432,0.202258691192,0.212301462889,0.082330048084,0.121793143451,-0.098608367145,-0.425623655319,-0.222323641181,-0.277970403433,-0.326006889343,-0.300397872925,-0.318367809057,-0.321471184492,-0.373528927565,-0.137281224132,-0.016891593114,0.033231653273,0.122941479087,-0.008622778580,0.284658700228,0.398590534925,0.153999954462,0.596325874329,0.243075922132,-0.116442501545,0.092253439128,-0.129247009754,-0.397425711155,-0.311663031578,-0.529796719551,-0.863298594952,-0.859623193741,-0.479080766439,-0.526590466499,-0.557850539684,-0.375409841537,-0.241857632995,0.384843468666,0.402570605278,-0.087758898735,0.317762762308,0.415033489466,0.290832549334,0.359485507011,0.381567209959,0.408818483353,0.411423861980,0.193784087896,0.097546473145,0.214083641768,-0.004548052792,-0.097789302468,0.000498022069,-0.604829251766,-0.240371793509,0.202320441604,0.108111940324,0.078827425838,0.432591855526,0.484818339348,0.291433453560,0.492370992899,0.326677769423,0.156547680497,0.155757427216,0.455780774355,0.123550631106,-0.179971173406,0.051880728453,0.101106710732,-0.102374404669,-0.181214183569,-0.031161366031,0.214565187693,0.220652580261,0.012759243138,0.448265135288,0.446441799402,0.518124043941,0.941183567047,0.883906841278,0.490601152182,0.497231811285,0.064187221229,-0.063932038844,-0.280131220818,-0.338687926531,-0.178131371737,-0.320088267326,-0.394536375999,-0.296738833189,-0.102102749050,-0.199299380183,-0.158115833998,0.045706905425,-0.132416248322,-0.249492600560,-0.067718654871,-0.249484375119,-0.568411946297,-0.522153496742,-0.603557467461,-0.641670584679,-0.800823628902,-0.721572279930,-0.339976221323,-0.179345577955,-0.155572220683,0.039137948304,-0.192903295159,-0.172072798014,-0.044114056975,-0.327686160803,-0.209683746099,-0.322656571865,-0.460707455873,-0.525582075119,-0.463008254766,-0.554771900177,-0.119607619941,0.056437015533,0.301509141922,0.365013122559,0.537020087242,0.310794591904,0.502142071724,0.681586384773,0.448981285095,0.507237553596,0.465584784746,0.316956073046,0.385086297989,0.202431574464,0.330513775349,0.675515472889,0.315560787916,0.478685647249,0.197743579745,0.089010126889,0.162873804569,-0.116915829480,0.031037887558,0.096628628671,-0.047917131335,-0.043159168214,0.120274387300,0.193854063749,0.181152448058,0.250879645348,0.333259075880,0.164820611477,-0.014924198389,-0.073201015592,-0.146620169282,-0.181691631675,-0.063561610878,-0.327463924885,-0.506665408611,-0.543173313141,-0.810026764870,-0.656998157501,-0.762043714523,-0.780268907547,-0.263610064983,-0.076448448002,0.062351539731,0.064294241369,-0.254859715700,-0.116718269885,0.048769120127,-0.132856652141,-0.195961400867,0.217499822378,0.312107563019,0.003922438249,0.037771478295,0.366708874702,0.364527463913,0.448240458965,0.169031172991,0.275801330805,-0.194051638246,-0.234642490745,-0.264873653650,-0.529220461845,-0.385308593512,-0.525853693485,-0.366136759520,-0.342042386532,-0.321771651506,0.311654806137,0.320512205362,0.746806740761,0.937079966068,0.738706648350,1.054987668991,0.781610608101,0.584776699543,0.665563285351,0.285671234131,0.148834511638,0.107626274228,-0.727569043636,-0.442247718573,-0.200484752655,-0.239330470562,0.134416565299,0.561892390251,0.687381565571,0.490061938763,0.537513971329,0.571354806423,0.375681519508,0.368355244398,0.376414120197,0.014701941051,-0.166652172804,-0.526042997837,-0.535698890686,-0.544366955757,-0.547334492207,-0.596959710121,-0.497861564159,-0.535147368908,-0.410333156586,-0.440152734518,-0.193376615644,0.248895794153,0.218648150563,-0.009417144582,0.389189869165,0.126036629081,0.119335971773,0.354357093573,-0.082227148116,-0.108301281929,0.122287057340,-0.343297749758,-0.229143664241,-0.235309243202,-0.366675972939,-0.569996535778,-0.372096568346,-0.414222657681,-0.408159971237,-0.457295417786,-0.176690816879,-0.152205422521,-0.062195140868,0.517399668694,1.049023866653,1.001353621483,0.718876361847,0.667501866817,0.851667106152,0.637377679348,0.447487235069,0.479562342167,0.420812189579,0.178715839982,-0.383905053139,-0.647017121315,-0.452372789383,-0.580640256405,-0.432760626078,-0.424960970879,-0.576812446117,-0.442379415035,-0.321368306875,-0.065092720091,-0.028304940090,0.451751291752,0.384588271379,0.228929623961,0.199933230877,0.279604405165,0.137598142028,0.302468150854,0.235897824168,-0.076213836670,0.377476036549,0.545926868916,0.229123070836,0.455760151148,0.594333767891,0.380571186543,0.179584279656,0.417046159506,0.399154424667,0.196191892028,0.429834187031,-0.101337201893,0.103831432760,0.451084494591,0.625075340271,0.729256629944,0.585649251938,0.518420398235,0.652478873730,0.389107525349,-0.043772432953,0.080975919962,0.306921541691,-0.057778790593,-0.029440926388,-0.160889938474,-0.588867843151,-0.402899861336,-0.590732395649,-0.664764821529,-0.596992671490,-0.685957491398,-1.020932912827,-0.985375821590,-0.921842992306,-1.004922151566,-0.698469758034,-0.721642255783,-1.039092183113,-0.962528526783,-0.774856507778,-0.469552516937,-0.211498871446,-0.349504500628,-0.336452990770,0.086083732545,-0.279308080673,-0.232489883900,0.220269814134,0.342667996883,0.217652112246,0.314507126808,0.251579344273,0.165388599038,0.297636121511,0.261206418276,0.091347947717,0.123678222299,0.191800251603,0.554109275341,0.249986499548,0.204530671239,0.536065220833,0.965841829777,1.006189823151,1.075521945953,0.743867993355,0.604277789593,0.926930248737,1.027411341667,0.587291538715,0.858503639698,0.820448160172,0.611147165298,0.344388425350,0.170829802752,0.310119569302,-0.099122859538,-0.214503452182,-0.177950292826,-0.096776805818,-0.057881686836,-0.160828202963,-0.442399978638,-0.404644995928,-0.426920145750,-0.115405298769,0.329945802689,0.238490834832,0.132416248322,0.284922152758,0.260745435953,-0.190256789327,-0.433616697788,-0.592992007732,-0.627038598061,-0.757339298725,-1.203781127930,-1.118252992630,-0.996665656567,-0.690950036049,-0.528784215450,-0.605216145515,-0.452010601759,-0.143594995141,-0.026419864967,0.057972241193,0.030218828470,0.111244134605,0.341680169106,0.316182285547,0.294553309679,0.412868529558,0.382192820311,0.199266448617,0.118936724961,-0.269965022802,-0.021130952984,0.256123274565,0.056511096656,0.191960766912,0.195603311062,0.041191779077,0.396573752165,0.276826173067,0.207835718989,0.034890357405,-0.142282024026,-0.158547997475,-0.385053366423,-0.652972757816,-0.646379113197,-0.600482940674,-0.706520497799,-0.652799963951,-0.518712639809,-0.487069696188,-0.124760702252,0.204234331846,0.160540089011,0.297500282526,0.648902177811,0.771255075932,0.938409447670,0.977489709854,0.782528460026,1.005798816681,1.007605671883,0.688974440098,0.531381309032,0.474499791861,0.304357320070,0.207444712520,0.027704020962,0.107696250081,0.031791094691,-0.144245296717,-0.417943418026,-0.326146841049,-0.491436660290,-0.480908244848,-0.374170988798,-0.393190503120,-0.239116460085,0.005823977292,0.319153934717,0.271796584129,-0.036466740072,0.261626213789,0.098044499755,0.195204079151,0.401669204235,0.255896896124,0.103707954288,-0.156078472733,-0.098740071058,-0.233099028468,-0.627363801003,-0.491214394569,-0.433349192142,-0.692324757576,-0.907799601555,-0.915932536125,-0.564036726952,-0.371639728546,-0.139454409480,-0.301381558180,-0.061190862209,0.082819841802,0.386860251427,0.155251175165,0.038689319044,0.077403329313,0.028934668750,-0.152987450361,-0.115594632924,-0.246850207448,-0.011298103258,0.319351494312,0.044200491160,0.432509541512,0.435324788094,0.727112174034,0.902988076210,0.882334530354,0.659838080406,0.683496236801,0.536225676537,0.292244285345,0.024802321568,-0.255658209324,-0.276134699583,-0.320878505707,-0.317783355713,-0.372458785772,0.140606865287,0.400924205780,0.580693721771,0.826683700085,0.521811902523,0.293668389320,0.427220612764,0.316338688135,0.094706512988,0.102259166539,-0.145410105586,-0.446223676205,-0.646737217903,-0.633101284504,-0.895740032196,-0.670156598091,-0.803441345692,-0.673840343952,-0.483587652445,0.048127043992,0.252633005381,0.078448764980,0.631043314934,0.434316396713,0.460110664368,0.590641796589,0.357802122831,0.373224318027,0.377220869064,0.241293743253,0.071958012879,0.146500810981,-0.257444471121,-0.510052800179,-0.384217858315,-0.761113584042,-0.796765327454,-0.478113561869,-0.650383889675,-0.532961845398,-0.305275171995,-0.121426843107,-0.076320856810,-0.082025468349,0.052362289280,0.221545726061,0.250406324863,0.240935668349,0.227081596851,0.323916018009,-0.073452085257,-0.076534882188,-0.110980726779,-0.197105616331,-0.319828957319,-0.324076533318,-0.430887877941,-0.587118625641,-0.227394416928,-0.087503716350,0.173463970423,0.346158266068,0.305164068937,0.294483333826,0.124628990889,0.287008881569,0.374286234379,0.080753661692,0.106733128428,-0.054621908814,-0.014664897695,0.282242685556,0.196377098560,0.374343872070,0.434666275978,0.393614411354,0.213281035423,0.246899589896,0.023653989658,-0.083223193884,0.108009047806,0.049341227859,-0.269434064627,-0.229777500033,-0.119961582124,-0.327550351620,-0.294981360435,-0.364309310913,-0.310662865639,0.020032012835,0.005478242878,0.178086102009,0.423269361258,0.348911821842,0.513477206230,0.403928816319,0.283707946539,0.100711591542,-0.263272583485,-0.446322470903,-0.380357146263,-0.549734055996,-0.674667596817,-0.386856138706,-0.249805405736,-0.291326463223,-0.040306858718,0.129078269005,0.052489880472,0.331892609596,0.380233675241,0.221323490143,0.227913007140,0.149398386478,0.081449247897,-0.104391187429,-0.065195612609,0.260811269283,0.041315250099,-0.109531924129,0.255497664213,0.057235497981,-0.034515809268,-0.123986914754,-0.153892934322,-0.165079906583,-0.218063697219,-0.225241795182,-0.274706512690,-0.174476474524,0.060371797532,0.078798614442,0.082980357111,0.259391278028,-0.213367477059,-0.358258962631,0.015162920579,-0.274760007858,-0.331102371216,-0.008425216191,-0.197521314025,-0.225480511785,0.168413773179,-0.081309303641,-0.095089286566,-0.062981270254,0.023954449221,0.333666563034,0.118965536356,0.032412596047,0.070044130087,-0.012541101314,0.034215349704,0.028321404010,-0.083231426775,0.291939705610,0.371849626303,0.442321836948,0.431390017271,0.445104122162,0.342120587826,0.688727498055,0.610439240932,0.418305635452,0.387074261904,0.025864221156,-0.095525577664,-0.103226386011,0.026127638295,-0.136272832751,-0.522091805935,-0.070208765566,-0.062730208039,-0.101164340973,-0.307538926601,-0.160745888948,0.100551068783,0.023777468130,0.086375959218,0.199657455087,-0.093311227858,-0.455463796854,-0.257148146629,-0.276155292988,-0.459357440472,-0.489572137594,-0.782824873924,-0.735055863857,-0.525116920471,-0.671317279339,-0.894587576389,-0.467301100492,-0.246269851923,-0.358641743660,-0.337609589100,-0.300694197416,-0.341346800327,-0.470857232809,-0.618905603886,-0.462242662907,-0.492342144251,-0.694473266602,-0.402303040028,-0.016430612653,-0.203254744411,-0.003823657054,-0.191298082471,-0.208383128047,0.089672788978,0.036425583065,-0.230012103915,-0.172924786806,0.035660028458,0.088265150785,0.203806266189,0.243886753917,0.501298308372,0.529957234859,0.634270191193,0.628775537014,0.957408368587,1.175764203072,1.098537921906,0.821645915508,0.700618267059,0.630475401878,0.535188496113,0.440222680569,0.372051298618,0.173356950283,0.022744379938,0.379217088223,0.303221374750,0.199126526713,0.451652497053,0.269541084766,0.145286619663,0.240482926369,0.328422904015,0.311844140291,0.286136329174,0.296705901623,0.369511783123,-0.034507580101,-0.334296286106,-0.334584414959,-0.324599266052,-0.240116611123,-0.607887387276,-0.808219850063,-0.758648157120,-0.574046611786,-0.674963951111,-0.960112452507,-0.922958374023,-0.679898917675,-0.683138132095,-0.481607943773,-0.295751035213,-0.677334725857,-0.245841816068,-0.246492117643,-0.481933087111,-0.056297071278,0.043010994792,-0.243178829551,-0.277069032192,-0.455336242914,-0.700725317001,-0.563246488571,-0.584595620632,-0.449960887432,-0.310230702162,-0.372318804264,-0.280760973692,-0.021542541683,0.152674630284,0.537719786167,0.498211413622,0.829103827477,0.879305303097,1.099035859108,1.009778857231,0.722012639046,0.626367747784,0.363074570894,0.495890051126,0.473664283752,0.052522804588,0.352998882532,0.219738870859,0.207823380828,-0.033087600023,-0.105284333229,0.265091806650,0.439510643482,0.461341291666,0.477203905582,0.182930514216,0.000189330705,-0.106963612139,-0.165285706520,-0.012006036006,-0.310835748911,-0.118150591850,0.392725378275,0.063981428742,-0.063611000776,0.000168751285,0.181942701340,-0.033947817981,-0.313576906919,-0.216993570328,0.095101639628,-0.117771930993,-0.252472490072,-0.466107487679,-0.610122323036,-0.596819758415,-0.281880497932,-0.236206516623,-0.349533289671,-0.310012578964,-0.169932544231,0.237939298153,0.042998649180,0.306900948286,0.452129960060,0.146871238947,0.341585516930,0.292017906904,0.103637978435,0.493700414896,0.460160017014,0.191594436765,0.338338077068,0.393597960472,0.390428721905,0.028074448928,0.061569519341,-0.047032218426,-0.272018849850,-0.300846487284,-0.291454046965,-0.178205475211,-0.015022980049,-0.178559437394,0.206971392035,0.196105450392,0.166487544775,0.205111011863,0.303974568844,0.281575918198,0.203522279859,-0.156543567777,-0.320668607950,-0.105765894055,-0.738311529160,-0.853111803532,-0.390177667141,-0.300792992115,-0.265807956457,-0.263367235661,-0.164046823978,0.112178444862,-0.278670102358,-0.110046416521,0.205271527171,0.348862409592,0.508233606815,0.158181682229,-0.000353966112,-0.112413048744,-0.326323807240,-0.002259620698,0.035153772682,-0.184288755059,-0.080671340227,-0.094702392817,-0.208272010088,-0.086697004735,-0.052399333566,0.036730159074,0.055457431823,0.058330319822,-0.345322728157,-0.243750944734,-0.253476768732,-0.197072684765,-0.153300240636,-0.212268531322,0.013006197289,0.091446734965,0.518976032734,0.297430306673,0.200830489397,0.257654398680,0.442099541426,-0.072748266160,0.156588837504,0.142170891166,-0.393935441971,-0.482468128204,-0.642674863338,-0.838010668755,-0.890097141266,-0.643539190292,-0.208132058382,-0.348179191351,-0.154094606638,0.182041481137,0.210869133472,0.290779024363,0.279983073473,0.255645841360,0.318256676197,0.693592488766,0.680088222027,0.488720178604,0.180563867092,-0.130308911204,-0.100262962282,-0.214927390218,-0.198986575007,-0.488123387098,-0.364321649075,-0.490243047476,-0.446832835674,-0.257098734379,-0.115232430398,-0.470906615257,0.010108613409,0.126933887601,-0.089425832033,0.485596239567,0.267845332623,-0.065796539187,0.398471176624,0.366367280483,0.227896556258,0.384822905064,0.309214085340,0.174431204796,0.070735596120,0.014685477130,0.033490955830,-0.173912599683,-0.451158612967,-0.342614501715,-0.223369076848,-0.136215209961,-0.208634197712,-0.230946421623,-0.476882874966,-0.194895386696,-0.171603590250,-0.414329677820,-0.207033127546,-0.322339624166,-0.390165299177,0.033943701535,0.003008711850,-0.013989892788,0.130778133869,0.025522602722,0.040101066232,-0.048176433891,-0.112997502089,-0.118636272848,-0.203719839454,-0.390688031912,-0.142800629139,0.203579902649,0.263005048037,0.138339012861,0.134091421962,0.268516212702,0.257506221533,0.439988106489,0.491374939680,0.410534828901,0.713192343712,0.246339842677,0.145632356405,0.110202811658,-0.436378479004,-0.278274983168,-0.336901634932,-0.523198962212,-0.360967248678,-0.192343518138,0.294701486826,0.374825417995,0.663830459118,0.997118413448,0.974242269993,0.911586225033,0.822349727154,0.381229728460,0.152765184641,0.521750152111,0.388691842556,-0.050650078803,-0.234494313598,-0.257979542017,-0.375899642706,-0.461098462343,-0.212256193161,-0.196397691965,-0.227349147201,-0.007573227864,0.069632537663,-0.049542903900,-0.008042438887,-0.073447965086,-0.411440342665,-0.271899461746,-0.160622403026,-0.201686590910,-0.343495309353,-0.249809518456,-0.232658624649,-0.273953318596,0.062244530767,-0.108136638999,-0.263149112463,-0.048077654094,-0.033437449485,-0.284181267023,-0.172142758965,-0.397051155567,-0.337062180042,-0.054757732898,0.053304824978,0.041977912188,0.106901876628,0.393647342920,0.763467788696,0.666888594627,0.882968485355,0.951168656349,0.605689525604,0.627960562706,0.238873615861,0.038907460868,-0.021390253678,-0.148361191154,0.062009923160,0.031593531370,-0.243886753917,-0.160247862339,0.017681840807,-0.131469592452,0.135988831520,0.045048363507,-0.507587373257,-0.349710285664,-0.292363643646,-0.526853859425,-0.458386123180,-0.464444667101,-0.130872800946,-0.108251884580,-0.241038560867,0.019398165867,0.135124504566,0.208272010088,0.192783921957,0.264746069908,0.246434509754,0.317297697067,0.229711651802,0.013693548739,-0.274949342012,-0.241285517812,-0.213268682361,-0.367034018040,-0.428052008152,-0.531978130341,-0.363803058863,-0.291684538126,-0.000164635392,0.152423560619,0.140368148685,0.135840669274,0.033149339259,0.192779809237,0.143858417869,0.011203438975,0.145883426070,-0.418169766665,-0.397582143545,-0.285667121410,-0.524643599987,-0.543420314789,-0.482571035624,-0.307917594910,0.148373544216,0.260996490717,0.322294354439,0.458764731884,0.495396137238,0.523046672344,0.512608766556,0.688200652599,0.532496750355,0.687961935997,0.447227954865,0.462913572788,0.248751729727,0.159008979797,0.147254019976,0.203686907887,-0.099892526865,-0.225468173623,-0.343733996153,-0.456892043352,-0.659743428230,-0.539876520634,-0.576075732708,-0.654705584049,-0.651441693306,-0.341923028231,-0.206226408482,0.045089520514,0.296306669712,0.535616576672,0.451039254665,0.698704361916,0.664752483368,0.453949183226,0.349903732538,0.299632310867,0.217701494694,0.026181144640,-0.465477794409,-0.642501950264,-0.558451473713,-0.672967791557,-0.753379762173,-0.826794862747,-0.906626522541,-0.882836759090,-0.603997886181,-0.556253612041,-0.362625926733,-0.280518144369,-0.110783159733,0.050164405257,0.373747050762,0.366252034903,0.481385648251,0.462370306253,0.607047736645,0.678594172001,0.859158098698,0.653433799744,0.184366941452,0.295722216368,-0.003333866829,-0.498055011034,-0.524664163589,-0.572062730789,-0.748844087124,-0.817381799221,-0.794542729855,-0.635871291161,-0.387753397226,0.140853807330,0.238103926182,0.351303130388,0.269174754620,0.448561489582,0.646214544773,0.531311333179,0.606825530529,1.056823492050,0.739147067070,0.784401178360,0.770777642727,0.269602805376,0.096546307206,0.301595568657,0.040487959981,-0.404636770487,-0.267248511314,-0.498487174511,-1.186440944672,-0.929975986481,-0.649165570736,-0.755384266376,-0.586241960526,-0.606125771999,-0.533920824528,0.003082797863,-0.416671603918,-0.294923722744,0.181769818068,-0.140520423651,0.193434238434,0.315363198519,-0.120352596045,-0.104210093617,-0.041920285672,0.037442207336,0.164413139224,0.165030524135,0.303213149309,0.438370555639,0.423075914383,0.464280068874,0.223648950458,0.354587614536,0.738760173321,0.411008119583,0.255295991898,0.031144900247,-0.219166770577,-0.150303885341,-0.415185749531,-0.586258411407,-0.231934234500,-0.238972395658,-0.319203346968,0.271422028542,0.286486178637,0.373969316483,0.689789414406,0.408839106560,0.125983119011,0.457974523306,0.448129326105,0.000218141897,-0.071451760828,0.136968418956,-0.076390825212,-0.285757660866,-0.503891348839,-0.583426713943,-0.231296271086,-0.373590648174,-0.364947259426,-0.156230762601,0.021130952984,-0.078905627131,-0.095179840922,0.028000365943,-0.017290832475,0.261469811201,0.342976689339,-0.014282120392,-0.205078080297,-0.274500727654,-0.221648633480,-0.344915270805,-0.492934823036,-0.316951960325,0.095669627190,0.267610728741,0.156251341105,0.418828338385,0.739908516407,0.544222891331,0.382760822773,0.519358813763,0.381431400776,0.334226340055,0.310782223940,0.168072164059,0.328875660896,0.365070760250,0.028547776863,0.325796991587,0.251089572906,0.287482202053,0.334469169378,0.479377120733,0.165528535843,0.221138268709,0.090936355293,0.096904397011,0.154609099030,-0.002255504951,-0.179102733731,-0.065068021417,-0.126551106572,-0.032807718962,0.001955045387,0.034128919244,-0.027909815311,-0.183510839939,-0.334090501070,-0.526001870632,-0.509176135063,-0.617967188358,-0.782096326351,-0.542448937893,-0.751173675060,-0.531368970871,0.012178903446,0.101497717202,0.299998611212,0.502701818943,0.423779755831,0.560139000416,0.737846434116,0.449965000153,0.309617429972,0.242281556129,0.373520642519,0.365383565426,-0.203053057194,-0.107646852732,-0.123978681862,-0.161783084273,-0.272512733936,-0.309452801943,-0.303595900536,-0.365424722433,-0.179654255509,0.205024585128,0.055140513927,-0.081375159323,-0.105646535754,0.089150071144,0.051135752350,-0.069941230118,0.399767667055,0.367453873158,0.311802983284,0.342626839876,0.374051630497,0.275710791349,0.064668782055,0.001922118128,-0.241306111217,-0.430570960045,-0.384913444519,-0.370244443417,-0.631092727184,-0.587896525860,-0.385460853577,-0.257679075003,-0.040586739779,0.528520762920,0.352747797966,0.194706052542,0.371495664120,0.211074918509,0.039125602692,0.298981994390,0.231176897883,0.502907633781,0.341075152159,0.048098228872,-0.097719341516,-0.037417508662,0.238161578774,0.073945984244,-0.355365484953,-0.269841521978,-0.203168317676,-0.443840563297,-0.636850893497,-0.826675474644,-0.750317573547,-0.591259181499,-0.611855089664,-0.409781605005,-0.368005394936,-0.487670600414,-0.211181938648,0.002000320004,-0.164149731398,0.078103028238,0.167500048876,0.107346393168,0.051790181547,0.048925526440,0.097213082016,-0.260535508394,-0.191182851791,-0.294306367636,-0.602660238743,-0.302357017994,-0.254839122295,-0.538518249989,-0.324397563934,-0.000913726399,-0.225678086281,0.145422443748,0.208407834172,0.299126058817,0.663492977619,0.796337306499,0.425479620695,0.297508507967,0.574215292931,0.472190767527,0.287206441164,0.370203256607,0.374545544386,0.341708987951,0.181741014123,-0.121328055859,-0.147101730108,-0.062561452389,-0.037038847804,-0.003457343439,-0.069196254015,0.079737037420,0.454599499702,0.301521509886,0.059544507414,0.386197626591,0.526331126690,0.625318169594,0.552314698696,0.522536277771,0.621984302998,0.832890450954,0.413617640734,0.330402672291,-0.106004618108,-0.193759396672,-0.493827968836,-0.675503134727,-0.690591990948,-0.334872514009,-0.443523645401,-0.275566726923,-0.422133386135,-0.287856757641,-0.260934740305,-0.199731558561,-0.131222650409,-0.275653153658,-0.289235591888,-0.362864673138,-0.309086471796,-0.623251974583,-0.617012321949,-0.451981753111,-0.371372193098,-0.436559587717,-0.233975723386,-0.107860878110,-0.242874249816,-0.250533908606,0.015483959578,0.015179383568,0.233206033707,0.408970773220,0.481505036354,0.177234113216,0.129481628537,0.064430065453,-0.183753684163,-0.160955801606,0.116240821779,0.149200826883,0.281197249889,0.081852599978,0.136556833982,0.195850268006,-0.001913886401,-0.058050442487,-0.052407562733,0.192800402641,0.080827750266,0.049575835466,0.116072073579,0.183251544833,0.314210772514,0.467301100492,0.629495799541,0.795575857162,1.036943674088,0.759940505028,0.555327534676,0.589098393917,0.854330122471,0.642633676529,0.275920689106,0.035289596766,0.133371129632,-0.004280520603,-0.040722563863,-0.319989472628,-0.033795531839,-0.253933638334,-0.136939600110,-0.254876166582,-0.479809314013,-0.600351214409,-0.397800266743,-0.396256804466,-0.489954918623,-0.232341706753,-0.433966577053,-0.262469977140,0.110178120434,-0.170171260834,0.072616554797,0.436740696430,0.076715983450,0.150250375271,0.080128051341,-0.113462597132,-0.236733347178,-0.456249952316,-0.513082087040,-0.583644807339,-0.653684854507,-0.703388333321,-0.588867843151,-0.494511216879,0.047118652612,0.293684840202,0.251036047935,0.520959913731,0.672844290733,0.781083881855,0.704425513744,0.320796191692,0.520737648010,0.688624560833,0.195677399635,-0.029535589740,-0.120529577136,-0.285313129425,-0.324570447206,-0.322323173285,-0.575721740723,-0.768234014511,-0.786278069019,-0.662793278694,-0.546626567841,-0.371890783310,-0.009466535412,0.125427469611,0.275097519159,0.180802598596,0.198636725545,0.679524362087,0.572667777538,0.418334424496,0.672416210175,0.553619444370,0.364169389009,0.330958306789,-0.121924862266,0.041451077908,-0.366848856211,-0.442618131638,-0.600470602512,-0.720761418343,-0.547046363354,-0.352690190077,-0.044468019158,0.326360851526,0.384580045938,0.554319143295,0.693427801132,0.619045555592,0.561151504517,0.332674652338,0.268289834261,0.067805089056,0.131346121430,0.074304066598,0.019657466561,-0.179600760341,-0.031025540084,-0.027247158810,0.184720918536,-0.030490474775,0.002914046403,-0.002588891424,-0.453228890896,-0.403628349304,-0.463391035795,-0.714698672295,-0.416963815689,-0.161153361201,-0.308325052261,-0.337477862835,-0.198751971126,0.064656436443,0.163437679410,0.000699700438,0.185309484601,0.083643011749,-0.078691601753,-0.006017423701,-0.045340586454,-0.621054112911,-0.452220529318,-0.539921760559,-0.663550615311,-0.716007590294,-0.690686643124,-0.650412738323,-0.422001689672,-0.077551506460,0.146204471588,0.469910562038,0.254925578833,0.297434419394,0.290206938982,0.133062452078,0.319660186768,0.416091263294,0.307740598917,0.334423899651,0.584290981293,0.421310216188,0.604471206665,0.625614523888,0.705388605595,0.589308321476,0.815426766872,0.483694672585,0.231255114079,0.030815629289,0.224373355508,0.101263120770,-0.057470098138,-0.225336462259,-0.107111781836,-0.546840608120,-0.170940935612,-0.123521827161,-0.136630922556,0.060260668397,-0.076102711260,-0.197624206543,-0.223834171891,-0.309629797935,-0.483361274004,-0.439308971167,-0.732442319393,-0.651190578938,-0.273628145456,-0.371009975672,-0.397438079119,-0.206518650055,0.102954752743,0.165742576122,0.608068466187,0.718324840069,0.531809389591,0.401430457830,0.339741587639,0.009697024710,-0.258959144354,-0.162281110883,-0.068685881793,-0.204588294029,-0.733582377434,-0.525964796543,-0.413263648748,-0.454340189695,-0.400142192841,-0.365593492985,-0.134420678020,0.018912490457,-0.234947055578,0.078148305416,-0.175159722567,-0.368614524603,-0.145784646273,-0.016233049333,-0.029074611142,-0.117553785443,0.063689202070,-0.017253790051,-0.071019597352,0.135005131364,0.377998739481,0.349459201097,0.174064889550,0.259782314301,0.266779333353,-0.098645418882,0.023003682494,0.009960441850,-0.146653100848,-0.137478783727,0.104819238186,0.143430352211,0.792595982552,0.931642889977,0.475611060858,0.787829756737,0.750305235386,0.441062361002,0.589724004269,0.468181908131,0.272175252438,0.042249556631,0.069756016135,-0.368766844273,-0.467593342066,-0.593938648701,-0.602833092213,-0.697893500328,-0.713468134403,-0.908046543598,-0.985721468925,-0.846415281296,-0.305904924870,-0.590864062309,-0.623206734657,-0.256287932396,-0.334761381149,-0.363259792328,0.100929729640,0.370042771101,0.524227917194,0.469070941210,0.749498486519,0.606841981411,0.599252283573,0.269397020340,0.162972584367,-0.225221216679,-0.268783748150,-0.100703351200,-0.635179817677,-0.742505669594,-0.468280702829,-0.538826942444,-0.445346981287,-0.156522989273,-0.231156334281,-0.175604239106,0.228711485863,0.023081881925,0.121039941907,0.434283494949,0.567366540432,0.768526256084,0.682520747185,0.395738214254,0.481537967920,0.787862658501,0.124044544995,0.245780065656,0.458596020937,0.130704045296,0.002016783459,-0.276846766472,-0.165816664696,0.315461993217,-0.090961053967,-0.204065576196,0.123246058822,-0.069418512285,-0.196751654148,0.352727234364,0.198896020651,0.078629866242,0.492317467928,0.326768338680,0.197986423969,0.141458839178,0.309144109488,0.728795588017,0.301402121782,0.017278485000,-0.040829576552,-0.213700860739,-0.296133786440,-0.439053803682,-0.609039843082,-0.406011462212,-0.324574559927,-0.370326727629,-0.183580815792,-0.403117984533,-0.146204471588,0.141845747828,0.202645584941,0.303620606661,0.409468799829,0.201414927840,-0.018970113248,-0.023575788364,0.205781891942,0.462526679039,0.262074857950,0.504685699940,0.286638468504,0.115248896182,-0.009569432586,0.119043737650,-0.181708082557,-0.267857670784,-0.399722397327,-0.424162507057,-0.416420549154,-0.599001169205,-0.737220823765,-0.589649915695,-1.007017135620,-0.741143226624,-0.239770874381,-0.469787091017,-0.328612238169,-0.079453043640,-0.465271979570,-0.087483137846,-0.015047675930,-0.327249914408,0.177007749677,0.123077310622,-0.079403646290,0.240454122424,0.299484133720,0.419803798199,0.491947025061,0.706483423710,0.458880037069,0.560480654240,0.440329730511,0.464020729065,0.211597651243,-0.159568741918,-0.313688069582,-0.315206825733,-0.317281216383,-0.433929502964,-0.175838828087,-0.077469184995,0.186815902591,0.045175954700,0.416799217463,0.388634204865,0.464716315269,0.448985397816,0.230382546782,0.097781077027,-0.113870076835,-0.095640815794,-0.078671023250,-0.075637616217,-0.046896394342,0.199957922101,0.032556649297,0.203415274620,0.153073877096,0.241133227944,0.014911850914,-0.129263475537,-0.394573450089,-0.502537190914,-0.777099668980,-0.697971761227,-0.830799579620,-1.031444907188,-0.708903551102,-0.421713560820,-0.279172241688,0.080222710967,0.365383565426,0.409863948822,0.744423627853,0.888319075108,0.895114421844,0.886956751347,0.458040356636,0.080835975707,0.093471743166,0.035725880414,-0.353459835052,-0.295965045691,-0.741225600243,-0.766233682632,-0.683557927608,-0.896369755268,-0.684307038784,-0.586225509644,-0.842476427555,-0.418733656406,-0.120476074517,-0.140866160393,0.403208553791,0.659442961216,0.838858485222,0.821448326111,1.119343757629,1.030436515808,0.971797466278,1.032626152039,0.530636310577,0.270668834448,-0.009832848795,-0.310251295567,-0.481315702200,-0.745469093323,-0.915224611759,-0.890344142914,-0.933342754841,-0.599169969559,-0.448730230331,-0.541387021542,-0.297928333282,0.078271783888,0.475261241198,0.636328160763,1.032255768776,1.084399819374,0.908404588699,0.640464603901,0.611278891563,0.399977594614,0.329172015190,0.439992219210,0.211321875453,-0.339618116617,-0.523519992828,-0.272302806377,-0.405254155397,-0.696671128273,-0.824280083179,-0.578594624996,-0.860376358032,-0.677709221840,-0.295006066561,-0.468470036983,-0.288181900978,0.092113509774,0.199340537190,0.297640234232,0.368729770184,0.481908410788,0.665736138821,0.386362224817,0.413247197866,0.435069620609,0.009437724017,-0.514744937420,-0.383394658566,-0.431455880404,-0.946381866932,-0.932927012444,-0.945377588272,-1.122854590416,-0.942237198353,-0.752437293530,-0.374018669128,-0.221183538437,-0.069649003446,0.472343087196,0.621708512306,0.485452145338,0.517317354679,0.888808846474,0.954276144505,0.772584557533,0.840463697910,0.921085655689,0.467906147242,0.552973210812,0.531303107738,0.251328289509,0.117409735918,0.153452545404,-0.225262388587,-0.290684372187,-0.102403208613,-0.310864567757,-0.321845740080,-0.273982107639,-0.304690718651,-0.406369537115,-0.380649387836,-0.078819200397,-0.065743029118,-0.052362289280,0.090619444847,0.231201604009,0.251735746861,0.339638710022,0.173245832324,0.113051012158,0.252554804087,0.042335990816,-0.116714149714,-0.025901265442,-0.365614056587,-0.450570017099,-0.255007863045,-0.485159933567,-0.189989238977,0.011960761622,-0.045435253531,-0.165335088968,-0.100686900318,-0.336201936007,-0.226081430912,-0.176666125655,0.062075775117,-0.146257966757,-0.233206033707,0.152304202318,0.212951779366,0.249142751098,0.467560410500,0.395557105541,0.398928016424,0.739739775658,0.443112045527,0.346899122000,-0.049900989980,-0.077370405197,0.006906454451,-0.025395009667,-0.077234581113,0.103679142892,0.028218507767,0.135581374168,0.531879365444,0.457369446754,0.220175147057,0.466955393553,0.243347585201,0.182568296790,0.377821803093,0.063310541213,-0.146377339959,-0.127979323268,-0.133692175150,-0.330616682768,-0.068562410772,0.082120135427,0.026745019481,0.223624259233,0.121019363403,0.289247930050,0.449446409941,0.328805685043,0.139046937227,0.156938686967,0.144780367613,0.261231094599,0.046497151256,-0.085886172950,-0.472622931004,-0.442268311977,-0.387275934219,-0.498890519142,-0.317095994949,-0.277665823698,-0.503520905972,-0.542247295380,-0.336300730705,-0.281604737043,-0.382431566715,-0.390502810478,-0.325677633286,-0.042628221214,-0.086993344128,0.276241719723,0.785594820976,0.868669867516,0.739064693451,0.690534353256,0.529175221920,0.411592602730,0.394363492727,0.104300640523,-0.111935608089,-0.681150138378,-0.674046158791,-0.707919895649,-0.982280611992,-1.197212100029,-0.887450695038,-0.827988445759,-0.736883282661,-0.422791957855,0.100065395236,0.338222831488,0.415811389685,0.564296066761,0.613937735558,0.622918605804,0.642534911633,0.586715281010,0.257283955812,0.177164152265,-0.194611385465,0.030980266631,-0.138935804367,-0.448734372854,-0.443428993225,-0.379953801632,-0.673189997673,-0.466449141502,-0.412588626146,-0.375315189362,0.005074886139,0.182453066111,0.320722103119,0.667929887772,0.463703811169,0.484900653362,0.444902449846,0.450854033232,0.276953786612,0.358049035072,0.013952849433,-0.180144056678,-0.638966441154,-0.412761509418,-0.321339488029,-0.268129318953,-0.445890247822,-0.290149301291,-0.388938784599,-0.550651907921,-0.373858183622,-0.203900933266,0.151151761413,0.171315476298,0.540670871735,0.461258977652,0.279254555702,0.475347667933,0.270006150007,0.258461117744,0.078494042158,-0.010684837587,0.320306390524,0.172731339931,0.165084019303,0.201028063893,-0.009598243050,-0.129687413573,-0.096616283059,-0.003021059558,-0.187379777431,-0.324772119522,-0.469844728708,-0.896843135357,-0.778153300285,-0.715036213398,-0.826934814453,-0.785557806492,-0.872592270374,-0.645852327347,-0.267108589411,-0.109252043068,0.111540481448,0.191092297435,0.388716518879,0.645033240318,0.741591930389,0.681878626347,0.525919556618,0.340935200453,0.444194525480,0.124867722392,-0.044332195073,0.014985936694,0.033281046897,-0.256324976683,0.044826101512,0.252398401499,0.218767523766,0.245339676738,0.154144003987,-0.020904580131,0.274710625410,0.443445444107,0.209473848343,0.134350717068,0.187577337027,0.173533931375,0.325883418322,0.311679482460,0.441033542156,0.331266999245,-0.012878604233,-0.204715892673,-0.230464860797,-0.308057516813,-0.524244368076,-0.464860409498,-0.266219556332,-0.253983020782,0.110412731767,0.007824297063,-0.160046190023,0.115063674748,0.057951658964,-0.049880407751,0.333242624998,0.314548283815,-0.085079461336,-0.134589433670,-0.304908871651,-0.351224929094,-0.243750944734,-0.568407833576,-0.476981669664,-0.269532829523,0.017945257947,-0.040343903005,0.061701230705,0.491967588663,0.713929057121,0.752828240395,0.641114890575,0.605874717236,0.552870333195,0.440877139568,0.098110347986,-0.125472754240,-0.240861594677,-0.275747835636,-0.302892088890,-0.496951937675,-0.526569843292,-0.496704995632,-0.228950217366,-0.516029059887,-0.389922469854,-0.281394809484,-0.234901785851,-0.166956752539,-0.033054672182,-0.117306828499,-0.085503391922,-0.073131039739,0.089343510568,0.169911965728,-0.175690650940,0.152584090829,0.187713176012,0.087721846998,0.268985420465,0.354167759418,0.065405525267,-0.079160816967,-0.081786751747,-0.389823704958,-0.380455940962,-0.109400220215,-0.434777379036,-0.569860756397,-0.325282484293,-0.008416984230,0.157654851675,0.430529773235,0.617868423462,0.423364013433,0.501215994358,0.722988128662,0.638896465302,0.397775590420,0.379068881273,0.467556297779,0.394371747971,0.288951575756,0.390321701765,0.058560810983,0.091409683228,0.340153187513,0.451627820730,0.076851807535,0.132239267230,0.148933291435,0.009569432586,-0.304579615593,-0.135688379407,-0.201773032546,-0.124715432525,-0.340902298689,-0.445161759853,-0.530969738960,-0.318017959595,-0.287939071655,-0.141989797354,-0.204007938504,0.000909610535,-0.111952073872,-0.176312163472,-0.094031512737,-0.379982590675,-0.573486804962,-0.354200720787,-0.608566522598,-0.711002707481,-0.520787060261,-0.767921268940,-0.398907452822,-0.316807895899,-0.181773930788,0.044365122914,0.137820407748,0.319845408201,0.501788079739,0.426656723022,0.315676033497,0.702598035336,0.653347313404,0.387658715248,0.454941093922,0.519630491734,0.529619693756,0.526133537292,0.505451261997,0.049452356994,-0.286165148020,-0.134725257754,-0.419651508331,-0.369417130947,-0.213606193662,-0.272175252438,-0.292458325624,-0.491642445326,-0.199105933309,-0.049954492599,-0.034417029470,0.102325014770,0.557299077511,0.420404732227,0.607949137688,0.665748536587,0.359962940216,0.049131315202,0.230625376105,-0.142220288515,0.040438570082,-0.455640792847,-0.637480616570,-0.625746190548,-0.675116240978,-0.665472745895,-0.261893779039,-0.005432968028,0.254880279303,0.145484179258,-0.022542702034,0.136396303773,0.563065409660,0.307748824358,0.190133303404,0.371964871883,-0.067183591425,0.088063471019,0.101086139679,-0.036833055317,-0.174781054258,-0.168191522360,-0.134910479188,-0.055782586336,-0.275089263916,-0.130370661616,0.039524842054,-0.228546857834,-0.552825093269,-0.281275451183,0.149027958512,-0.090594746172,-0.115767501295,-0.031980425119,0.032445520163,0.336823433638,0.491099178791,0.536583781242,0.600886285305,0.709381043911,0.724836170673,0.376459419727,0.025403242558,0.086721695960,0.059367526323,-0.311020970345,-0.395676493645,-0.554417908192,-0.630598843098,-0.427031278610,-0.464646339417,-0.646049857140,-0.339206546545,-0.537616848946,-0.401434570551,-0.212112128735,-0.233774036169,-0.259568274021,-0.142125621438,0.134416565299,0.197974056005,0.280267059803,0.286008715630,0.537209391594,0.430081158876,0.391622334719,0.402130156755,0.318742364645,0.226752340794,0.021575469524,0.135708957911,-0.004408112727,-0.074135318398,-0.055807285011,-0.092364579439,0.255106657743,0.130218356848,-0.046921089292,0.354785174131,0.404797285795,0.059314016253,0.124077469110,0.319158047438,0.013006197289,0.167524740100,0.328163623810,0.090302512050,-0.265812069178,-0.177160039544,-0.280448168516,-0.384308427572,-0.460040688515,-0.578734576702,-0.116446614265,-0.013261380605,-0.218792214990,0.353854954243,0.257296293974,0.003803077852,0.376130163670,0.508826315403,0.196364745498,0.174686387181,0.115631669760,0.118125893176,0.094352543354,-0.260276198387,-0.256345540285,-0.151304036379,-0.641888678074,-0.643049418926,-0.475392937660,-0.712994754314,-0.790727376938,-0.258045405149,-0.249270334840,-0.371614992619,-0.248405992985,0.088030546904,0.047727804631,-0.128913626075,0.214223563671,0.247356444597,0.085491046309,0.290791392326,0.186128556728,0.023966796696,-0.064047284424,0.222817555070,0.062964804471,-0.164874121547,-0.290832549334,-0.102345593274,0.150320351124,-0.110425069928,-0.074065349996,0.617172837257,0.756763041019,0.713982582092,1.094245076180,1.023579359055,0.859223902225,0.940784275532,0.676157593727,0.637678146362,0.788072645664,0.371392756701,0.145508885384,0.340877592564,-0.114894933999,-0.301694363356,0.033811993897,-0.471235901117,-0.598396182060,-0.374426186085,-0.638678312302,-0.604170739651,-0.617835462093,-0.850436449051,-0.560904562473,-0.458896487951,-0.277250140905,-0.337885349989,-0.415593236685,-0.142759472132,0.072958171368,0.083338439465,0.198044031858,0.230152055621,0.302394062281,0.418647229671,0.356242179871,0.356666117907,0.146430835128,-0.207107216120,-0.456661522388,-0.720699667931,-0.706573903561,-0.718431770802,-0.819950103760,-0.572009205818,-0.096089445055,-0.391079068184,-0.213157564402,-0.068525373936,-0.140569821000,-0.044632654637,0.091166853905,0.115257121623,0.378352731466,0.562398612499,0.308695465326,0.541629910469,0.402105480433,0.313576906919,0.531204342842,0.612538337708,0.470313936472,0.125806137919,0.026930235326,-0.097525894642,-0.051390942186,-0.069459669292,-0.158560350537,0.119492366910,0.097093723714,0.076489605010,0.064043171704,0.253777235746,0.502067983150,0.694234549999,0.772498130798,0.344104439020,0.263210833073,0.220574393868,0.101123176515,-0.243578061461,-0.454706519842,-0.534986853600,-0.679339170456,-0.429023385048,-0.882503390312,-0.808722019196,-0.522272825241,-0.281283706427,-0.256481379271,-0.122361138463,0.180893152952,0.267655998468,0.218323007226,0.346248835325,0.253229826689,-0.026415748522,0.066718496382,0.151629194617,0.146048054099,0.097258359194,0.122468151152,0.231242761016,0.279205173254,-0.040870737284,0.156346008182,0.128674909472,-0.155852094293,0.109593667090,-0.062462668866,-0.404702603817,-0.191269293427,-0.191680878401,-0.346969097853,-0.558661401272,-0.145677641034,0.044179908931,-0.281151980162,-0.273171275854,0.100295886397,-0.004725035746,-0.059276971966,0.075440049171,0.094426624477,-0.006585415453,-0.002354286145,-0.060519970953,-0.181226521730,-0.095220997930,0.068871103227,0.386996090412,0.355353146791,0.462588429451,0.666114807129,0.706837415695,0.608220815659,0.503763735294,0.194858342409,0.243318766356,0.367939502001,0.207387089729,-0.084363289177,-0.169751435518,0.009454187937,0.056062467396,-0.248039692640,0.197373136878,-0.038133673370,-0.305196970701,-0.138063237071,-0.325854599476,-0.187569111586,-0.237766444683,-0.441877275705,-0.299381256104,-0.346952646971,-0.381089776754,-0.231670811772,-0.388271987438,0.195101186633,0.090956941247,0.301319837570,0.489572137594,0.241413116455,0.243973195553,0.357122987509,-0.076485484838,-0.083243772388,-0.391704648733,-0.394104212523,-0.742822587490,-0.796160340309,-0.569292724133,-0.465580672026,-0.366799443960,-0.208658903837,-0.087022155523,-0.078004248440,0.589699327946,0.823584496975,0.511324644089,0.300467818975,0.343211293221,0.252085596323,0.024135548621,0.018105776981,0.054770082235,-0.254048883915,-0.352455556393,-0.044554453343,-0.262651085854,-0.257362186909,-0.385222136974,-0.556257724762,-0.384641796350,-0.539506077766,-0.077942512929,0.108465917408,-0.196928620338,0.085713304579,0.331452220678,0.303888142109,0.388708293438,0.464218318462,0.324080646038,0.298463404179,0.212844759226,0.101366013288,0.300010949373,0.111552834511,0.054893556982,-0.007075206377,-0.144784480333,-0.202291622758,-0.293783634901,-0.258671015501,-0.380542367697,-0.277797549963,-0.004292867612,-0.379389911890,-0.273780435324,-0.025489676744,-0.209333896637,-0.110729657114,-0.019064778462,-0.259765833616,-0.001366473851,-0.072295516729,0.125958427787,0.031762283295,-0.025897147134,0.176205158234,0.111334688962,-0.029132232070,0.309041202068,-0.080387346447,0.354315966368,0.432274937630,0.143981888890,0.241758853197,0.014669013210,-0.351224929094,-0.239729717374,-0.074588067830,-0.240297704935,-0.240672260523,-0.469219088554,-0.272636204958,-0.210663333535,-0.093245372176,-0.096912622452,-0.131856486201,0.079609446228,0.394503444433,-0.197969943285,-0.135457888246,0.390753865242,0.007984817028,-0.065026864409,0.237223148346,0.080156862736,0.325430661440,0.327282816172,0.034330595285,0.343717545271,0.532081007957,0.623832345009,0.449997961521,0.534443557262,0.496252238750,0.332007855177,0.205687224865,0.147990748286,0.061618912965,0.120117984712,0.090335436165,-0.272220522165,-0.194998279214,0.200184300542,0.022427456453,-0.073945984244,-0.201694816351,-0.113586075604,-0.235087007284,-0.260292679071,-0.138857603073,-0.187388002872,-0.270010262728,-0.282526701689,-0.286111623049,-0.220862507820,-0.193022653461,-0.530105412006,-0.362992256880,-0.275295078754,-0.237037926912,-0.190787717700,-0.268857836723,-0.319709569216,-0.208086788654,-0.352327972651,-0.257065832615,-0.424895167351,-0.028625980020,0.048616833985,0.163149565458,0.478710353374,0.410715937614,0.216046914458,0.172554358840,0.216232135892,-0.109132684767,-0.019785057753,0.043196212500,-0.096299365163,-0.031651154160,0.308872461319,0.125538602471,0.260914176702,0.276698589325,0.579940557480,0.857108294964,0.736735165119,0.283098787069,0.087713621557,0.067084811628,-0.286926567554,-0.575643539429,-0.536094009876,-0.386255204678,-0.203444078565,-0.097748152912,-0.259148478508,-0.134186089039,0.229102507234,0.730343163013,0.712681949139,0.740649402142,0.767217457294,0.657092809677,0.540588557720,0.236667513847,-0.115240655839,0.018002880737,-0.223311454058,-0.620864748955,-0.852379143238,-0.632051765919,-0.321265399456,-0.439218401909,-0.297981858253,0.095941275358,0.083634778857,0.157667204738,0.206378698349,0.104666948318,0.232720360160,0.233749330044,0.282810688019,0.218458816409,0.343178361654,-0.096599824727,-0.268923699856,-0.094299033284,-0.368906766176,-0.639929592609,-0.480673611164,-0.717637479305,-0.512921571732,-0.453294783831,-0.471474617720,-0.100637502968,0.091858312488,-0.072328448296,-0.394203007221,-0.293079823256,-0.086754620075,0.072274938226,0.147978410125,-0.012858024798,0.142137974501,-0.060182467103,-0.220376834273,-0.195599198341,-0.240499377251,-0.555442750454,-0.355842947960,-0.241009756923,-0.689418971539,-0.497878015041,-0.229160130024,-0.240458235145,-0.125283420086,0.329357236624,0.107334040105,0.398923903704,0.277089595795,0.077687330544,0.361251205206,0.195512771606,0.019896186888,0.436057448387,0.234922364354,0.085248209536,-0.030165320262,-0.245133861899,-0.040504422039,0.142537221313,0.148657530546,0.298689782619,0.282567828894,0.319499671459,0.349734991789,0.565403223038,0.733067929745,0.581414043903,0.481393873692,0.245508417487,-0.032305579633,-0.052131798118,-0.000419820251,-0.139993593097,-0.343561142683,-0.296100884676,-0.257856070995,-0.557842314243,-0.554640173912,-0.458291441202,-0.724189937115,-0.880988657475,-0.724716722965,-0.876893401146,-0.934149503708,-0.265589833260,-0.363021045923,-0.237770557404,0.188079476357,0.253797799349,0.146356746554,0.246018782258,0.451105117798,0.233695834875,0.009861660190,0.213116407394,0.388033270836,0.082770444453,-0.100238263607,-0.267857670784,0.191602677107,0.125559180975,0.458386123180,0.588102340698,0.780964493752,0.387420028448,0.234481975436,0.098801814020,-0.176559120417,-0.135206818581,-0.133527532220,-0.449590444565,-0.222405940294,-0.156033203006,-0.368347018957,-0.472297787666,-0.274706512690,0.087495476007,0.292540639639,0.336350113153,0.585385799408,0.417354851961,0.299344182014,0.506517231464,0.501911580563,0.150110438466,0.269767463207,0.356472671032,0.058355014771,-0.351982235909,0.033906657249,0.180926054716,0.063413433731,0.006762398873,0.010042759590,-0.072386063635,0.071163646877,0.061705343425,-0.006404316984,0.268635571003,0.209091067314,0.122204743326,0.219273775816,-0.125596225262,0.048929639161,0.247397616506,0.132025241852,0.096385791898,-0.080412045121,-0.372956812382,-0.205806598067,-0.288305372000,-0.458661854267,-0.357456356287,-0.260300904512,-0.342062979937,-0.254596292973,-0.409777492285,-0.115298286080,-0.037973154336,-0.042282488197,0.246397450566,0.320326983929,0.272780269384,0.443346679211,0.538382411003,0.198673754930,-0.024485398084,0.256234407425,-0.080914184451,-0.360152274370,-0.450343668461,-0.463242828846,-0.333304345608,-0.090627670288,-0.137948006392,0.171640634537,0.406628876925,0.310226589441,0.560315966606,0.537390530109,0.180802598596,0.444474399090,0.368244141340,-0.311782389879,-0.059334594756,-0.204501852393,-0.408929646015,-0.451537281275,-0.308893024921,-0.296940535307,-0.410987555981,-0.315585494041,-0.143664970994,-0.064570002258,0.030070655048,0.319450289011,0.372615158558,0.396734237671,0.227085709572,0.412992000580,0.409361809492,0.361535191536,0.400549709797,0.746246993542,0.225929155946,0.291248232126,0.203077763319,0.020101981238,-0.285761773586,-0.193413659930,-0.678594172001,-0.476269632578,-0.674803435802,-0.702750325203,-0.555027067661,-0.431077212095,-0.356571435928,-0.256123274565,0.095554389060,0.106263913214,0.100168295205,0.319923609495,0.079597100616,-0.031177826226,0.101732328534,0.094772361219,0.051547341049,0.066327482462,-0.000460979121,-0.090129643679,0.142854124308,0.115697525442,0.294265180826,0.153370216489,0.203596353531,0.306102454662,0.171356633306,-0.235519170761,-0.377179682255,-0.262321799994,-0.550779461861,-0.333785921335,-0.299282461405,-0.591584384441,-0.456455737352,-0.384736448526,-0.201139181852,0.117459118366,0.268466800451,0.709014654160,0.385415583849,0.134791120887,0.362835824490,0.246273964643,-0.099213398993,0.060273017734,-0.191512122750,-0.356847226620,-0.022674409673,0.031186060980,0.068113774061,-0.039421945810,-0.041319370270,0.056840371341,0.036544941366,-0.055095236748,0.028197927400,-0.101411290467,-0.312399774790,-0.037656228989,0.011092309840,-0.072386063635,0.188964396715,0.101810529828,-0.025267418474,-0.122254133224,-0.002136144321,-0.010240321979,-0.247982069850,-0.170228883624,-0.228563323617,-0.172393828630,-0.041175313294,-0.153468996286,-0.475742787123,-0.290174007416,-0.260045737028,-0.436411380768,-0.227484956384,-0.165079906583,-0.443157345057,-0.205148041248,-0.139326825738,-0.185181900859,0.146233275533,0.039615392685,-0.131868839264,0.017484279349,-0.201933547854,-0.089236497879,-0.168228566647,-0.278764754534,-0.150711357594,-0.010598403402,0.111692763865,0.357880324125,0.465934634209,0.407484948635,0.390766203403,0.418536096811,0.430496871471,0.184103533626,0.056922689080,-0.237128481269,-0.276632726192,-0.496474504471,-0.696383059025,-0.618950903416,-0.295648127794,-0.301990717649,0.000502137933,0.114491567016,0.114664435387,0.165273353457,-0.014747215435,-0.067150659859,0.151645660400,0.278937637806,0.040804881603,0.164762988687,0.022509774193,0.157197996974,0.119796946645,0.285712361336,0.365441173315,0.432707101107,0.386230528355,0.302328228951,0.306160092354,0.085231743753,-0.213276922703,0.010927674361,0.135515511036,-0.182568296790,0.016303021461,0.375121772289,0.279439777136,0.180419802666,0.489152342081,0.758993864059,0.471161812544,0.495058625937,0.616102695465,0.025267418474,-0.066804923117,0.027008436620,0.046348977834,-0.055280450732,-0.118401661515,-0.026864379644,-0.195817336440,-0.470013469458,-0.387407690287,-0.256938219070,-0.280579864979,-0.372590482235,-0.090973407030,-0.309922009706,-0.376167178154,-0.107774443924,-0.103465117514,-0.064500033855,0.110334530473,-0.055399809033,-0.027786338702,0.027074290439,0.083260238171,0.277517646551,-0.081897877157,-0.062931880355,-0.068891681731,-0.206288143992,-0.460394650698,-0.452109396458,-0.588913142681,-0.583990514278,-0.482159435749,-0.564715862274,-0.309284061193,0.105625957251,0.166322916746,0.339683979750,0.207247138023,0.290667921305,0.544424593449,0.463991940022,0.545169532299,0.258185327053,0.093644611537,0.025069855154,-0.103082343936,-0.014669013210,0.318145543337,0.494535923004,0.168446704745,0.227061018348,0.603199362755,0.445112407207,0.300949394703,0.190071567893,0.158066451550,0.069492600858,0.277752280235,0.133827999234,-0.097962170839,-0.217981383204,0.096365213394,-0.041710376740,-0.065125651658,-0.018521482125,-0.100629270077,-0.135931223631,-0.336881071329,-0.372611045837,-0.292684674263,-0.398553490639,-0.439370721579,-0.172155112028,-0.194932416081,-0.051539111882,0.057083204389,-0.030988497660,-0.107803255320,-0.146850660443,0.108795188367,0.088590301573,-0.118356384337,0.058276813477,-0.056902110577,-0.117541439831,0.087717734277,0.216400876641,0.482538133860,0.356908977032,0.272422194481,0.449685096741,0.383485198021,0.343680500984,0.114726178348,0.142792403698,0.099970728159,-0.194138050079,-0.444272726774,-0.652845203876,-0.612254321575,-0.668473243713,-0.650622606277,-0.536641418934,-0.754779160023,-0.501360058784,-0.090467154980,-0.268631458282,-0.260741323233,0.043867100030,0.373808771372,0.128477349877,0.328785121441,0.249558448792,0.177361711860,0.241236120462,0.108589395881,-0.363284468651,-0.611517608166,-0.645720601082,-0.787039518356,-0.645761787891,-0.519280612469,-0.328583419323,0.007256305311,0.409452348948,0.329986959696,0.469713002443,0.482628673315,0.464588731527,0.408188760281,0.295236527920,0.124698966742,0.276686251163,-0.269981473684,-0.223282635212,-0.001502297935,0.007869572379,0.227682515979,0.173974335194,0.074509866536,-0.057568881661,-0.069002814591,0.016138384119,0.083610087633,0.148591682315,-0.069863028824,0.216841280460,0.630915760994,0.663492977619,0.720469176769,0.699926853180,0.853103578091,0.888088583946,0.695576310158,0.656327247620,0.561303794384,0.551894903183,0.273311227560,0.011594447307,-0.044159326702,-0.034038368613,-0.294750869274,-0.776827991009,-1.016870498657,-0.692596435547,-0.545309484005,-0.226213157177,-0.151320502162,-0.052024789155,0.008631010540,0.617757260799,0.311905890703,0.170117750764,-0.091771885753,-0.187091663480,-0.179522544146,-0.269306451082,-0.273311227560,-0.382110536098,-0.394137144089,-0.341762512922,-0.382670283318,0.111338801682,-0.053436536342,-0.224146962166,-0.120821796358,-0.302266478539,-0.483213126659,-0.282316774130,-0.336378931999,-0.540205776691,-0.295858025551,-0.236305296421,-0.285399585962,0.060816314071,0.159301206470,0.358003795147,0.419120579958,0.278427273035,0.144665122032,0.448532670736,0.156403630972,-0.034128919244,0.001773946453,-0.099896647036,-0.075065508485,0.017788855359,0.382785499096,0.465741157532,0.349911957979,0.496733784676,0.786339879036,0.801259934902,0.813002467155,0.823469161987,0.556039571762,0.763187944889,0.365474134684,0.136618569493,-0.108856916428,-0.019163560122,0.073752544820,0.073538519442,-0.097163692117,0.171138495207,0.110552661121,0.060684606433,-0.056379392743,0.242174550891,0.351204365492,0.274974048138,0.147208735347,-0.044961929321,-0.356258630753,-0.310424149036,-0.236976191401,-0.449792116880,-0.341297388077,-0.674918651581,-0.796407282352,-0.747185409069,-0.726544260979,-0.671654820442,-0.433098107576,-0.682738900185,-0.632372796535,-0.330188632011,-0.423919677734,-0.482361137867,-0.021303821355,-0.228785574436,-0.360728502274,-0.218039005995,-0.327105849981,0.269022464752,0.295841574669,0.296174943447,0.146941199899,0.289276748896,0.627668321133,0.497231811285,0.218401193619,0.204407185316,0.268973082304,0.818735897541,0.264984786510,-0.024654151872,0.465918153524,0.255127251148,0.194298580289,0.268676728010,-0.184683874249,-0.008145336062,-0.081371046603,-0.122748039663,-0.097036100924,0.078214161098,-0.031749933958,0.110017605126,0.202015846968,0.160379573703,0.456389904022,0.593238949776,0.267112702131,0.529792606831,0.593745172024,0.553969264030,0.458550721407,0.283658564091,0.059989023954,0.056852716953,-0.112758785486,-0.216565504670,-0.298018872738,-0.387045472860,-0.491259664297,-0.480340242386,-0.202131107450,-0.422038704157,-0.087960578501,0.152114868164,-0.252246111631,-0.082251846790,-0.222187817097,-0.074324652553,-0.058478489518,-0.265281140804,-0.264688462019,-0.180736750364,-0.316268712282,-0.274253755808,-0.327780842781,-0.473437905312,-0.369585871696,-0.654125273228,-0.496721446514,-0.412666857243,-0.365186005831,-0.128349751234,-0.322158545256,0.054399650544,0.304151535034,0.289338469505,0.328538179398,0.387971520424,0.481402158737,0.504138290882,0.336012601852,0.102971203625,0.013109094463,0.016204239801,-0.107264071703,-0.000214026004,-0.100830942392,0.148966223001,0.014129832387,-0.149558901787,-0.049793977290,0.032630737871,0.281983405352,0.568963468075,0.668357968330,0.800864756107,0.879103660583,0.619238972664,0.448676705360,0.382546812296,0.293018072844,0.253007560968,0.069550223649,0.149340778589,0.141804575920,0.060203049332,0.055704388767,0.048423387110,0.265375792980,0.156728774309,-0.121723182499,-0.097155466676,-0.161968305707,-0.304670155048,-0.087417274714,-0.085174120963,-0.176271006465,0.101802296937,0.206070020795,0.096003018320,0.250468045473,0.201855331659,-0.045105982572,0.007453867700,0.179576054215,0.011676765978,-0.095928929746,0.013899343088,-0.145480066538,-0.383328825235,-0.227250367403,-0.405402302742,-0.606607317924,-0.410386651754,-0.639579713345,-0.443548351526,-0.211955726147,-0.108502954245,0.356353312731,0.333209693432,0.077744945884,0.513650119305,0.558974206448,0.380735814571,0.656738817692,0.416243553162,0.209605559707,0.092282250524,-0.106086932123,-0.236445233226,-0.187828406692,-0.144685700536,-0.034120686352,-0.263988763094,-0.005313607398,0.382353365421,0.303373664618,-0.150908932090,0.039656549692,0.009256625548,-0.135470241308,0.069768361747,0.033709097654,0.059285204858,0.115718111396,0.067570485175,-0.061367843300,-0.151876151562,-0.132831946015,-0.200056701899,-0.352323859930,-0.464806884527,-0.364268183708,-0.418762475252,-0.597671747208,-0.461505949497,-0.432838797569,-0.388856440783,0.083190262318,0.225085392594,0.215544775128,0.517831802368,0.745090425014,0.400426208973,0.595412135124,0.798724472523,0.765776813030,0.445137083530,0.235387459397,0.135301485658,0.263182014227,-0.331423401833,-0.473437905312,-0.248558282852,-0.779145181179,-0.585348784924,-0.346174716949,-0.490267723799,-0.532801270485,-0.217018261552,-0.298796772957,-0.274776488543,0.117990076542,0.389132231474,0.350249469280,0.480179697275,0.690834820271,0.665583848953,0.570325791836,0.504084765911,0.919587492943,0.766200780869,0.339893877506,0.451928287745,0.272216409445,0.004120000638,-0.171447187662,-0.429825961590,-1.060519456863,-0.782384455204,-0.878778517246,-0.857338845730,-0.433740168810,-0.283444523811,-0.184519231319,0.467749744654,0.359839469194,0.376438856125,0.531220793724,0.516823470592,0.301146954298,0.274648904800,-0.166442275047,-0.093710467219,-0.189404785633,-0.549746394157,-0.597634732723,-0.074509866536,-0.298788547516,-0.335325270891,-0.026107057929,-0.415259867907,-0.868850946426,-0.412621587515,-0.517029225826,-0.580899536610,-0.640402853489,-0.702453911304,-0.580245137215,-0.297109276056,-0.374821275473,-0.256065666676,0.271553725004,0.151201143861,0.717666327953,0.810372471809,0.712204515934,0.927341818810,1.025785446167,0.594650685787,0.387078374624,0.017467815429,-0.118784442544,-0.243503987789,-0.158387482166,-0.164248511195,-0.207000195980,-0.068286642432,0.049822788686,-0.061857633293,0.235708490014,0.550120949745,0.620202124119,0.553220212460,0.732606947422,0.806071341038,0.945513427258,0.663739919662,0.632500350475,0.762759923935,0.593173146248,0.844402611256,0.828161358833,0.565016329288,0.505858719349,0.149229630828,-0.135120391846,-0.231193378568,-0.442218899727,-0.309720337391,-0.655808627605,-0.771115183830,-0.821773469448,-1.165894389153,-1.198249340057,-0.996513366699,-0.734520852566,-0.824905633926,-0.897118866444,-0.670638203621,-0.482999116182,-0.353488683701,-0.254538655281,0.124056883156,0.201489031315,-0.038746941835,0.013886995614,-0.052424028516,-0.270808756351,-0.003193926765,0.244615271688,0.144525185227,0.073810167611,0.113956503570,0.270969301462,0.202336907387,0.499516129494,0.610546231270,0.507381618023,0.347726404667,0.347911626101,0.321096628904,0.122599869967,0.113668389618,0.188112407923,0.140878513455,0.068480096757,-0.032947655767,-0.144796833396,-0.006820021197,0.011829053983,0.218117192388,0.272195816040,0.281312495470,0.745781898499,0.747905671597,0.613287389278,0.611237704754,0.960478782654,0.684162974358,0.476323157549,0.252225548029,0.222525313497,0.160540089011,0.093681663275,-0.240841001272,-0.205934181809,-0.211910456419,-0.237577110529,-0.139524385333,-0.301023483276,-0.106325656176,0.135293245316,0.386131733656,0.453265935183,0.360510349274,0.401710361242,0.384732335806,0.512448251247,0.232135921717,-0.003737223567,-0.319326817989,-0.278587788343,-0.397722065449,-0.738443255424,-1.028518438339,-1.088314056396,-0.929803073406,-0.691855549812,-0.421236127615,-0.470034033060,-0.194887146354,-0.153271436691,-0.239943742752,0.092689730227,0.143973648548,-0.178168430924,-0.056054238230,-0.034581664950,-0.194220378995,-0.159515231848,-0.245232641697,-0.273088961840,-0.014133947901,-0.171780571342,0.177756845951,0.075226023793,-0.519544005394,-0.253876030445,-0.309638023376,-0.783936083317,-0.207691654563,-0.336061984301,-0.662603974342,-0.396458506584,-0.005568792578,0.093422353268,0.137326508760,0.598445534706,0.928062081337,0.779947817326,0.436983495951,0.407888293266,0.691011786461,0.659512937069,0.356205165386,0.033811993897,-0.160824090242,0.040208078921,0.001201838371,-0.050160288811,0.040459148586,0.097332447767,0.371829032898,0.085812084377,0.121208697557,-0.017006836832,0.041611596942,0.042838130146,-0.006050351076,-0.080642536283,0.217932000756,0.067912101746,0.227694883943,0.007869572379,-0.059713255614,0.215421289206,0.158058211207,0.096867345273,0.246570318937,0.113549038768,-0.271553725004,-0.532920658588,-0.647247612476,-0.722008526325,-0.934392333031,-0.777614176273,-1.016981720924,-1.168281555176,-0.945402264595,-0.413839876652,-0.454031497240,-0.233481809497,0.064339511096,0.368211179972,0.416309416294,0.393400400877,0.458019793034,0.442247718573,0.020958086476,0.120513111353,0.114166408777,0.046451874077,0.044443324208,0.071270667017,0.270537108183,0.496840804815,0.352529674768,0.267647773027,-0.193796455860,-0.307518333197,-0.077176958323,-0.102357946336,0.105963453650,-0.169961348176,-0.236630454659,-0.334148108959,-0.017023300752,-0.032210916281,0.028288478032,0.253460288048,0.606203973293,0.655574023724,0.612719476223,0.513526618481,0.429636627436,0.580718457699,0.381237953901,0.169125825167,0.205781891942,0.158169344068,-0.166269406676,-0.625252306461,-0.352167457342,-0.417449504137,-0.301731407642,-0.277896314859,-0.245150342584,-0.189886346459,-0.340717077255,-0.464329421520,-0.460407018661,-0.447907090187,-0.205148041248,0.263099700212,0.176279231906,0.286893635988,0.338440984488,0.517835974693,0.427751541138,0.263009160757,0.230971112847,0.340832322836,0.123933404684,-0.095266267657,-0.238700732589,-0.094566568732,-0.311370819807,-0.260193914175,-0.096035942435,0.050032697618,0.040866620839,0.061935838312,0.344841182232,0.450582355261,0.140746802092,0.280822694302,0.517556071281,0.330921262503,0.277110189199,0.152435913682,0.090220198035,0.115137763321,-0.230366080999,-0.378805458546,-0.235585018992,-0.173431038857,0.330217450857,0.490662842989,0.611809849739,0.401529252529,0.464675188065,0.595395684242,0.210383445024,0.291733920574,0.177291750908,0.043900031596,0.256526648998,-0.006424895953,-0.291482836008,-0.040055792779,-0.047900669277,0.122138880193,0.318108499050,0.241376072168,0.050119131804,-0.105300799012,-0.046270780265,-0.188865616918,-0.350372910500,-0.134663522243,-0.258251219988,-0.580434441566,-0.578467011452,-0.688225328922,-0.846328854561,-0.496227532625,-0.363716632128,-0.085598058999,0.025078088045,-0.082935079932,-0.037409275770,0.109338484704,0.140520423651,0.020283080637,0.103551551700,-0.048662107438,-0.399388998747,-0.201591923833,-0.276435166597,-0.511834979057,-0.396351456642,-0.255226016045,-0.059890244156,-0.075868107378,0.196702256799,0.424104899168,0.071920976043,0.015311091207,0.009153728373,0.313058316708,0.174846902490,-0.118821479380,0.149052649736,0.289132684469,0.069669581950,0.085577480495,0.338774383068,0.132025241852,0.390531629324,0.736105442047,0.642695426941,0.312412112951,0.443214923143,0.603302299976,0.678824663162,0.340807616711,0.316425114870,0.217578023672,0.108116067946,0.247204169631,0.088380396366,-0.147472158074,-0.296306669712,-0.344968765974,-0.111404657364,-0.551252782345,-0.689023852348,-0.493642747402,-0.675231516361,-0.778536081314,-0.291371732950,-0.500594496727,-0.173060610890,0.283876717091,0.513098537922,0.341367393732,0.398113071918,0.456797391176,0.411814898252,0.000518601504,-0.027716368437,-0.171969905496,-0.369384199381,-0.599363386631,-0.684780359268,-0.759356081486,-0.786409735680,-0.586468338966,-0.316400408745,-0.332086056471,-0.011499782093,-0.305723816156,-0.438214123249,-0.237889915705,-0.224727317691,-0.472129017115,-0.348035126925,-0.448590278625,-0.517700135708,-0.247286483645,-0.334271609783,-0.695568084717,-0.294845551252,0.142845898867,0.439959287643,0.254551023245,0.516683459282,0.599544465542,0.246607363224,0.387621700764,0.464782208204,0.016920402646,0.153250858188,0.173488661647,-0.090919896960,-0.214367628098,0.170270040631,0.370808303356,0.527150154114,0.731289863586,0.662719190121,0.570671558380,0.558644950390,0.422034591436,0.223327919841,0.134552389383,0.360041141510,0.240717530251,0.066776119173,-0.124283254147,-0.299582928419,-0.423627465963,-0.596786856651,-0.479607611895,-0.437699645758,-0.350891530514,-0.303093761206,-0.373718202114,-0.409641683102,0.047657832503,-0.216367945075,-0.034363523126,-0.111466392875,0.054963525385,0.045743945986,0.110346876085,-0.144500479102,-0.035511855036,-0.085318177938,0.062927760184,-0.102930054069,-0.125127017498,-0.127752944827,-0.191874325275,-0.438358217478,0.054634258151,0.115141883492,-0.207860425115,-0.233049631119,0.214141264558,0.131259679794,0.167030841112,0.340498924255,0.154292181134,0.111289411783,0.330892443657,0.011421580799,-0.028897630051,0.037001803517,0.110038183630,0.458970576525,0.192812740803,-0.019887955859,0.555479824543,0.543453216553,0.285173207521,0.632640302181,0.312934845686,-0.023365879431,0.139429718256,0.265429317951,-0.046192578971,0.193693548441,0.304015725851,0.219158515334,0.367297440767,0.687990784645,0.423351675272,0.636278748512,0.695745050907,0.346932053566,0.321903347969,0.320252895355,-0.247023060918,-0.392186224461,-0.460205316544,-0.783483386040,-0.920822262764,-0.785714149475,-0.910660088062,-0.990055561066,-0.781631231308,-0.601256728172,-0.252867639065,-0.133083015680,0.026922002435,0.547857224941,0.317915052176,0.238976508379,0.478467494249,0.239939615130,0.091969452798,-0.023736307397,-0.201419055462,-0.157975897193,-0.184062361717,-0.373290181160,-0.241022109985,0.047600205988,0.136556833982,0.138709440827,0.218047231436,0.079374842346,-0.087199129164,0.044451557100,0.025786017999,-0.028543662280,0.028815308586,-0.127382531762,-0.186918810010,-0.170447021723,-0.191293969750,0.051448561251,0.085688605905,-0.041204120964,-0.030408157036,-0.107980236411,-0.068422466516,0.106375046074,0.235622078180,0.105202019215,-0.205263301730,-0.319824844599,-0.481826066971,-0.543379127979,-0.158111706376,0.085017718375,-0.180732637644,0.221982017159,0.222480043769,0.321751058102,0.253390341997,0.484838902950,0.392186224461,0.377422541380,0.289070934057,0.365688145161,0.336473584175,0.096023589373,-0.134186089039,-0.371446281672,-0.274447202682,0.158617973328,0.526763260365,0.477895379066,0.196249514818,0.222727000713,0.341536134481,0.178691148758,-0.053016714752,-0.081350468099,-0.096875585616,0.053588822484,0.291384071112,0.294014126062,0.174369469285,-0.069735437632,0.245759487152,0.635805428028,0.352064549923,0.361675173044,0.439333677292,0.003749571275,-0.080300912261,-0.132675543427,-0.508085429668,-0.735455155373,-0.712978303432,-0.759454905987,-0.870233893394,-0.931194245815,-0.597906351089,-0.502623617649,-0.722893476486,-0.198056384921,0.224468022585,-0.067549899220,-0.008824457414,-0.089672788978,-0.191232234240,-0.138565376401,-0.345968931913,-0.400117516518,-0.510196864605,-0.389737248421,-0.467017114162,-0.590526580811,-0.623708844185,-0.636439323425,-0.388547748327,-0.220751360059,-0.346602797508,0.071287125349,0.221294656396,0.434625089169,0.265869706869,0.212972342968,0.642168581486,0.814743518829,0.930461585522,0.862738907337,0.410468965769,0.679491400719,0.581525146961,0.516955137253,0.467967897654,0.027485879138,-0.070900231600,-0.278670102358,-0.602063417435,-0.138762935996,0.002605355112,-0.351344287395,-0.215157881379,0.102189190686,0.857252418995,1.094397306442,0.903049886227,0.605417847633,0.604129552841,0.426891356707,0.449137717485,0.499833047390,-0.089631624520,0.062693163753,-0.364486306906,-0.436172664165,-0.100781552494,-0.289630711079,-0.406283110380,-0.093027226627,-0.309201747179,-0.494926929474,-0.667020320892,-0.384098500013,-0.276883810759,-0.132547959685,-0.359839469194,-0.281094372272,0.087425515056,0.090677060187,-0.037285801023,-0.047295633703,-0.173694461584,-0.005885715131,0.190372020006,-0.161811903119,-0.082881569862,-0.300480186939,-0.160293132067,-0.034054830670,-0.196842208505,-0.193862304091,-0.021954130381,-0.001024855301,-0.100608684123,-0.045048363507,0.041220586747,0.281847566366,0.812031149864,0.754116535187,0.707677006721,0.686578989029,0.576075732708,0.666736304760,0.442873328924,0.501438260078,0.186264365911,-0.286543786526,-0.425994098186,-0.215837016702,-0.368194729090,-0.192150101066,-0.238984733820,-0.321372419596,-0.049538791180,-0.128073990345,-0.136404544115,-0.340037941933,-0.375010609627,-0.263568907976,0.026074130088,0.200056701899,-0.051292158663,-0.133045986295,-0.089174762368,-0.410987555981,-0.273496419191,-0.031482402235,0.138750597835,-0.176575571299,0.209844291210,-0.092154659331,-0.052074171603,0.268861949444,0.121229276061,0.144216492772,0.426031112671,0.031284842640,0.138919338584,0.069146864116,0.082716934383,0.824934482574,0.236066594720,-0.035301942378,0.266318321228,0.220031097531,0.001852148212,-0.074505746365,-0.147789075971,-0.285650640726,-0.225381731987,-0.356620848179,-0.597375452518,-0.519346475601,-0.119871027768,-0.074448131025,-0.106502637267,-0.096974365413,0.105584792793,0.018900142983,0.120550155640,0.219615399837,0.338654994965,0.258662790060,0.102736607194,-0.013821141794,-0.131090924144,-0.191759079695,-0.052658628672,0.135486707091,-0.168664842844,-0.052708018571,0.032404359430,0.009059062228,0.019809754565,-0.171961665154,-0.074863828719,-0.012063658796,0.153592482209,0.023748654872,0.253896594048,0.232802674174,0.529590904713,0.727643191814,0.619893431664,0.600906848907,0.633554041386,0.473018050194,0.656788229942,0.109910592437,-0.216565504670,-0.286086916924,-0.481414496899,-0.341807782650,-0.261301070452,-0.057741746306,0.093117780983,-0.109708920121,-0.190116837621,-0.044945459813,0.045348819345,-0.005609950982,0.096188232303,0.016636407003,-0.067932680249,-0.204732343554,-0.137651652098,0.005498822313,-0.171607702971,-0.196245402098,0.059330482036,0.046027939767,0.213013499975,0.532315611839,0.372750997543,0.224649101496,-0.111478745937,-0.177645713091,0.083083257079,-0.344240278006,-0.553360164165,-0.439420074224,-0.724984288216,-0.846555233002,-0.562513887882,-0.614876151085,-0.565407335758,-0.167928099632,0.143562063575,0.229048997164,0.164623051882,0.479768127203,0.615970969200,0.491333752871,0.577565670013,0.733380675316,0.585101842880,0.384584158659,0.279653787613,0.175534248352,0.063294082880,-0.140960827470,-0.132724940777,-0.326595485210,-0.515074193478,-0.328184187412,-0.624980688095,-0.698222815990,-0.426043480635,-0.412477523088,-0.518638551235,-0.408579766750,-0.368396401405,0.037664461881,0.068714700639,0.101526528597,-0.036030456424,0.014068094082,0.389934808016,0.151966705918,0.080222710967,-0.112968690693,0.092241100967,-0.014228614047,-0.353682100773,-0.418659567833,-0.317474663258,-0.362951070070,-0.165754914284,-0.038071934134,0.299879252911,0.362889349461,0.798576295376,0.855861246586,0.888977646828,1.064474821091,0.798321127892,0.496610313654,0.602405011654,0.246257513762,0.194191575050,0.209091067314,-0.092475697398,-0.354735761881,-0.343207180500,-0.178810507059,-0.173809707165,0.021875929087,0.077493883669,-0.008388173766,0.116903476417,0.357872068882,-0.057836417109,0.048773236573,0.222731113434,0.026362244040,-0.145233109593,0.045521687716,-0.183502614498,0.201011583209,0.289330244064,-0.218001961708,0.126835107803,0.135317951441,0.135322064161,0.146723076701,0.049049001187,-0.231090486050,-0.225003093481,-0.312086969614,-0.501644074917,-0.411983609200,-0.223772436380,-0.181815087795,-0.243347585201,0.247838020325,0.515815079212,0.606101095676,0.347866356373,-0.002584775677,0.199443444610,-0.268623232841,-0.385794252157,-0.122904442251,-0.261004716158,-0.444980651140,-0.414350241423,-0.135523736477,-0.280876219273,-0.437851965427,-0.291799783707,0.090109065175,0.290062874556,0.263675928116,0.321520596743,0.158111706376,-0.086182512343,-0.284555822611,-0.104741036892,0.096365213394,-0.362691789865,-0.187816068530,0.082807488739,-0.082362972200,0.126748681068,0.275315672159,0.095653168857,0.239943742752,0.295512318611,0.445124745369,0.558599650860,0.219306692481,0.061318453401,0.102901235223,-0.011606794782,0.087660118937,0.079914018512,-0.005770470481,-0.032992932945,0.004782658070,0.010902978480,0.148019567132,-0.026148216799,-0.000049390619,0.167578250170,0.052082408220,0.095365054905,0.378369182348,0.117051646113,-0.171895816922,-0.211556494236,-0.041800927371,0.180065840483,0.047439690679,-0.155856207013,0.057391896844,0.124382041395,0.008153568022,0.050115011632,0.161449700594,0.033466260880,0.056766286492,0.123579442501,-0.219977587461,-0.276048302650,-0.368363469839,-0.594461381435,-0.523672223091,-0.591703712940,-0.679088056087,-0.776939094067,-0.746226370335,-1.058580875397,-1.080510377884,-0.964236617088,-0.695584535599,-0.490605264902,-0.670843958855,-0.350307106972,-0.118525132537,0.030626298860,0.540502130985,0.645959317684,0.646712541580,0.526615142822,0.714731633663,0.543729007244,0.294886678457,0.209626138210,0.269026577473,0.094344310462,0.207098975778,0.176624968648,-0.193504214287,0.157329693437,0.039314933121,0.123291328549,0.295487612486,-0.152514114976,-0.015018863603,0.299480021000,0.379710972309,0.370561361313,0.698296904564,0.887072026730,0.918253898621,0.857165992260,0.754581630230,0.708376765251,0.502615392208,0.490329474211,0.300352573395,0.328385859728,-0.055959571153,-0.262885689735,-0.047768961638,-0.446178376675,-0.812356293201,-0.272607415915,-0.778943598270,-0.972069084644,-0.558463811874,-0.499598443508,-0.235486239195,-0.052531037480,0.043439049274,0.422549068928,0.577713847160,0.443350791931,0.803334295750,0.185902163386,-0.147702649236,0.019793290645,0.103675022721,-0.350344121456,-0.476767629385,-0.599927246571,-0.573264598846,-1.267844915390,-1.276500582695,-1.127777218819,-1.189910531044,-1.359806060791,-1.224360466003,-1.004555821419,-0.616493701935,-0.320438116789,-0.368412852287,0.194454982877,0.724445104599,0.730841219425,1.012330651283,1.240926980972,1.362905383110,1.382612109184,1.384748339653,1.429380893707,0.984227418900,0.703330636024,0.730199158192,0.297660797834,-0.105243176222,-0.277929246426,-0.502183258533,-0.389399766922,0.006857064553,0.160062655807,0.154061689973,0.405772745609,0.778071045876,0.746131718159,0.893505096436,0.715464293957,0.910359621048,0.989446401596,0.792110264301,0.507056474686,0.655117154121,0.793081581593,0.467309325933,-0.005770470481,-0.386436313391,-0.223801225424,-0.464695751667,-0.852992475033,-0.845201075077,-0.933355093002,-1.038042664528,-0.502109110355,-0.648013174534,-0.687328100204,-0.431377679110,-0.604220092297,-0.425648331642,-0.551763176918,-0.584258079529,-0.420071303844,-0.476948738098,-0.573639154434,-0.355637162924,-0.246878996491,-0.426792591810,-0.062684930861,-0.352953583002,-0.350702226162,-0.381534308195,-0.293466717005,-0.150752514601,-0.412922054529,-0.113898888230,0.223027452826,0.167730540037,0.316470384598,0.230802357197,0.035507738590,0.044546220452,-0.240342974663,-0.322257339954,0.050460748374,-0.236465826631,0.066418029368,0.138223767281,0.350315332413,0.665275156498,0.731310486794,0.811002194881,0.985182285309,0.669337570667,0.684442877769,0.404344558716,0.117257438600,0.155107125640,0.069303266704,-0.275632590055,-0.331505715847,-0.632092893124,-0.232617452741,-0.109038025141,-0.412259370089,-0.111268833280,0.248121991754,0.358769327402,0.303246051073,0.294779658318,-0.019817985594,-0.171327829361,-0.284164816141,-0.519169449806,-0.318524211645,-0.185309484601,-0.429434955120,-0.594934701920,-0.462226212025,-0.393482714891,0.153324946761,0.571272492409,0.241804122925,0.246504470706,0.338906079531,0.161865398288,-0.016023140401,-0.063166491687,-0.090306632221,-0.402875155210,-0.376364737749,-0.240223631263,-0.483246058226,-0.745415568352,-0.794472754002,-0.486703395844,-0.474499791861,-0.159980326891,-0.221944972873,-0.300825923681,-0.519930958748,-0.548425197601,-0.432344883680,-0.589777529240,-0.520070850849,-0.251394122839,-0.376340061426,-0.329040318727,-0.212383762002,-0.144039511681,-0.140882626176,-0.045529916883,0.268824905157,0.174846902490,-0.023538747802,0.233012586832,0.105831749737,-0.067241206765,-0.132589116693,-0.459460318089,-0.449524611235,-0.394495218992,-0.365605831146,-0.056350581348,0.632689714432,0.573458015919,0.854441225529,1.233057379723,1.246236443520,1.223138093948,1.228320002556,1.167816519737,0.921110332012,0.519412338734,0.487781733274,0.358682930470,-0.143627911806,-0.146904170513,-0.005811629817,-0.376364737749,-0.578890979290,-0.455570816994,-0.573058784008,-0.469490766525,-0.339799225330,0.110174007714,0.199324071407,0.287350505590,0.388090908527,0.442881554365,0.281119048595,0.390313476324,0.496227532625,0.273800998926,0.100090093911,0.196253627539,0.105782359838,-0.477804839611,-0.561262667179,-0.396009862423,-0.710862696171,-0.711463630199,-1.031490206718,-0.862528920174,-1.091034650803,-1.012618780136,-0.822036862373,-0.351842314005,-0.529471576214,-0.206901401281,0.099867835641,-0.124785393476,0.197928786278,0.299549996853,0.081268146634,0.250941395760,0.484275013208,0.427364706993,0.355583667755,0.306575804949,0.024007957429,0.216211542487,0.181843921542,0.065689526498,0.041385222226,0.085585705936,-0.099410966039,-0.231230422854,0.108815766871,0.152003735304,0.082144826651,0.487386643887,0.646198034286,0.672276318073,0.669168829918,0.542654752731,0.668378531933,0.798893213272,0.798518717289,0.824510514736,0.886413395405,0.809788048267,0.487073808908,0.283761441708,-0.048830855638,-0.018550293520,-0.389840155840,-0.568893492222,-0.494186073542,-0.365231275558,-0.593901634216,-0.521750152111,-0.373779982328,-0.168487861753,-0.398833364248,-0.320359885693,-0.565147995949,-0.368178248405,-0.060742229223,-0.079852283001,-0.100016005337,-0.165314510465,-0.020254269242,0.311761826277,0.084190420806,-0.058342665434,0.147525668144,-0.044373355806,-0.060034297407,-0.455109864473,-0.485423356295,-0.542835831642,-0.620905935764,-0.554100990295,-0.456439286470,-0.276900291443,-0.309823244810,-0.058075137436,-0.330061048269,-0.247043654323,-0.067825667560,0.049032535404,-0.131597191095,0.129230558872,-0.215137317777,0.051567923278,-0.000757322821,0.122974410653,0.305250465870,0.231604963541,-0.284609317780,0.090269587934,-0.006626574788,-0.163009628654,0.413094878197,0.320417523384,0.355028003454,0.547396183014,0.201925322413,0.289276748896,0.084873661399,0.084606133401,0.542827606201,0.438769787550,0.214886248112,0.326492547989,-0.082749865949,-0.117376804352,0.168113321066,-0.019789176062,-0.193076163530,-0.009252509102,-0.495272666216,-0.554895401001,-0.396100431681,-0.579524815083,-0.560513556004,-0.584179878235,-0.306892722845,-0.201143294573,-0.192635759711,-0.176501497626,-0.126740440726,-0.310012578964,-0.190120965242,0.030185898766,0.104098953307,-0.081152901053,-0.360728502274,-0.101452447474,-0.347685277462,-0.687702655792,-0.591621398926,-0.684162974358,-0.643716216087,-0.379373461008,-0.331505715847,0.036713693291,0.518922567368,0.735780298710,0.774539589882,0.789764225483,0.948966622353,0.981926620007,0.988458573818,1.020418405533,0.873139679432,0.394849181175,0.199929118156,-0.187025815248,-0.481612056494,-0.086096078157,-0.041809160262,-0.502792358398,-0.596058368683,-0.714801609516,-0.697107434273,-0.278908818960,-0.652705252171,-0.578611135483,0.027741065249,-0.150727823377,0.117776043713,0.280596345663,0.150332689285,0.291861504316,0.599219322205,0.766999244690,0.825346052647,0.791739881039,0.598437309265,0.099925450981,-0.024357806891,-0.309934347868,-0.716052889824,-1.039779543877,-1.154740333557,-1.150332212448,-1.585018992424,-1.487060904503,-1.130674719810,-0.841912448406,-0.442856878042,-0.112836986780,0.121575012803,0.370549023151,0.582591116428,0.342429280281,0.691073536873,0.716592073441,0.735385179520,0.619975745678,0.495042145252,0.444832503796,0.611995041370,0.196405917406,-0.151192918420,0.245162680745,-0.096496917307,-0.065413758159,-0.006836485118,-0.413271874189,-0.223484322429,-0.257477402687,-0.337461411953,0.048769120127,0.222928673029,0.279773145914,0.653944134712,0.504352331161,0.349957227707,0.636179983616,0.632833778858,0.732606947422,0.565975368023,0.484163880348,0.427010715008,0.424648195505,0.092121735215,0.041381105781,-0.227345034480,-0.268837243319,-0.359242647886,-0.722041428089,-0.658516883850,-0.175595983863,-0.417095571756,-0.509443640709,-0.309382826090,-0.050168521702,-0.064224265516,0.159231230617,0.329694747925,0.158881381154,0.272932559252,0.567584633827,0.479669332504,0.386098831892,0.509254336357,0.340807616711,0.171484231949,0.283321052790,0.039039168507,-0.035783503205,0.167360112071,-0.027107218280,-0.379085332155,-0.512349486351,-0.504891455173,-0.706306457520,-0.645975768566,-0.740550577641,-0.622926831245,-0.089561656117,0.003132188227,-0.118809133768,0.021003359929,0.215672358871,0.251357078552,0.212762430310,0.391169577837,0.660957574844,0.567123651505,0.325891643763,0.375344008207,0.008952049538,-0.295207738876,-0.102761298418,-0.057626504451,0.040348019451,-0.127703562379,0.043402004987,-0.087302036583,-0.368186473846,0.220150440931,0.187853097916,0.104666948318,0.266001403332,0.024324880913,0.289774775505,-0.141059607267,-0.191388636827,-0.041521046311,0.027749296278,-0.168566063046,-0.008643358015,-0.258144170046,-0.166927948594,-0.343532323837,-0.421742379665,-0.798922061920,-0.506027460098,-0.161128669977,-0.151559233665,-0.282983571291,-0.192462891340,-0.220891311765,0.081449247897,0.201731875539,0.409596383572,0.345779597759,0.390436947346,0.400866627693,0.398960977793,0.344730049372,0.089001893997,0.162207022309,0.235580906272,-0.167989850044,-0.445643335581,-0.229267135262,-0.294812589884,-0.110729657114,0.143101081252,0.295911550522,0.409979164600,0.266285419464,0.536497354507,0.322051525116,0.387251257896,-0.011207554489,-0.344207346439,-0.294001787901,-0.267318487167,-0.320318758488,-0.390227049589,-0.042615871876,-0.012141860090,-0.264556735754,-0.129819124937,0.059573318809,-0.125855520368,0.028893511742,0.032766558230,0.080169208348,0.094212606549,-0.047600205988,0.210292920470,-0.020414788276,-0.110338643193,0.210272327065,0.063911460340,0.120998792350,0.003519081511,-0.264832496643,-0.171072632074,-0.468482375145,-0.312996596098,-0.313354671001,-0.540189325809,-0.680396914482,-0.567494094372,-0.292775243521,-0.366005063057,-0.084684334695,0.103901401162,0.450228422880,0.370795965195,0.628310382366,0.888459026814,0.680536866188,0.643078207970,0.651375830173,0.386765569448,-0.013240802102,-0.259597092867,-0.153769463301,-0.181107163429,-0.355015665293,-0.244253084064,0.095562614501,0.009289552458,0.071801610291,0.158173456788,0.085445769131,0.147052332759,-0.022802000865,-0.119669355452,0.147344574332,-0.080144509673,0.103716179729,0.106827795506,-0.077555619180,0.053411837667,0.006482518744,-0.264696687460,-0.316211074591,-0.296360164881,-0.220228657126,-0.358526498079,-0.274801194668,-0.158827885985,-0.398380637169,-0.560324192047,-0.198554396629,-0.000724395737,-0.033515650779,0.171817615628,0.288865149021,0.256180912256,0.299352437258,0.436135619879,0.324792712927,0.265853226185,0.077242814004,0.175130903721,0.132926613092,-0.055375114083,-0.036540824920,-0.005227173679,-0.026864379644,0.142829433084,0.031412433833,0.156144335866,0.280209451914,0.018706696108,-0.179028645158,0.106576725841,0.080416157842,-0.264309793711,-0.357551038265,-0.342910826206,-0.363539636135,-0.329274892807,-0.417054384947,-0.290779024363,-0.459271043539,-0.281567692757,0.006145016290,0.333312571049,0.484044522047,0.635183930397,0.445824444294,0.680125296116,0.513822972775,0.132815495133,0.007869572379,-0.170006632805,-0.155568093061,-0.564567744732,-0.251147180796,-0.286552011967,-0.500722110271,-0.476273745298,0.003794845892,-0.126456439495,-0.146830081940,0.130514711142,0.226879924536,0.229427650571,0.649165570736,0.488069862127,0.614987254143,0.822431981564,0.785747170448,0.786566197872,0.946143150330,0.789048075676,0.686718940735,0.690970599651,0.134206652641,-0.204394847155,-0.419058799744,-0.714978635311,-0.900008201599,-0.806606411934,-0.819118738174,-0.758545279503,-0.503113389015,-0.172422647476,0.147496849298,0.332526475191,0.278472542763,0.337276190519,0.450862258673,0.131243228912,0.206901401281,0.294767320156,0.043332036585,-0.044496830553,-0.282292097807,-0.565497875214,-0.399541288614,-0.522042393684,-0.597461879253,-0.146850660443,0.072867624462,-0.036507900804,0.205971226096,0.185009017587,0.234938830137,0.462357908487,0.576561391354,0.274928748608,0.226558893919,0.094418399036,-0.016035487875,-0.306785702705,-0.618354082108,-0.266001403332,0.152221888304,0.214268848300,0.001642238116,0.404319822788,0.353171736002,0.213565036654,0.000782018120,0.291877985001,0.241063266993,0.246829614043,0.292054980993,0.241075605154,-0.074184708297,0.284679293633,0.442918628454,0.385357946157,0.359448462725,0.488514393568,0.266462385654,0.249056309462,0.245364367962,-0.075666427612,-0.402578830719,-0.497375905514,-0.386444538832,-0.522569179535,-0.480010986328,-0.558496773243,-0.475681036711,-0.276114135981,-0.124163895845,-0.034878008068,0.207843944430,0.200418889523,0.157893583179,-0.035162005574,-0.023905059323,-0.017702421173,-0.308522611856,-0.390996724367,-0.352920681238,-0.574272930622,-0.253155738115,-0.120690092444,0.110828429461,0.058474376798,-0.024555370212,0.248854637146,0.498775303364,-0.057103786618,0.109297320247,0.073275104165,-0.159758076072,-0.018764318898,-0.207041352987,-0.206563919783,-0.005338302813,-0.169442743063,0.134589433670,0.245434328914,0.031210755929,0.472643554211,0.417301356792,0.009697024710,0.201044514775,0.393704980612,0.082078978419,-0.013652390800,-0.233938664198,-0.253616720438,-0.248595342040,-0.173517480493,-0.333592474461,-0.121714949608,0.091232702136,-0.090718224645,0.076362013817,0.114191107452,0.257707893848,0.494869321585,0.309251129627,0.507385730743,0.596519291401,0.455821901560,0.621609747410,0.544720947742,0.125324577093,0.372561663389,0.230028569698,0.182366624475,0.119813412428,-0.138832911849,-0.334522664547,-0.365391790867,-0.657726645470,-0.465263754129,-0.426697909832,-0.418182134628,-0.093537606299,-0.194273874164,-0.046427179128,0.290639102459,0.289964109659,0.521527886391,0.580372691154,0.624836623669,0.670457065105,0.329435437918,-0.073275104165,0.016661101952,0.013368394226,-0.329307824373,-0.090533003211,-0.064150176942,-0.052144143730,-0.076201491058,-0.083140872419,-0.070435136557,-0.060841012746,-0.212490797043,-0.252855271101,0.041726838797,-0.160210818052,-0.250328123569,-0.068797014654,-0.141755193472,-0.239610359073,-0.479801028967,-0.535908758640,-0.106247454882,0.058494959027,0.104987993836,-0.071060754359,-0.304608404636,-0.242549106479,-0.293758928776,-0.513003885746,-0.576322674751,-0.439378947020,-0.487300217152,-0.413708180189,-0.127119109035,-0.276645094156,0.010544897057,0.323504447937,0.270331323147,0.422524392605,0.306917428970,0.190454348922,0.192199483514,0.135556668043,-0.078267663717,-0.108148992062,-0.124270915985,-0.252941697836,-0.087754786015,0.006605995353,-0.187873691320,0.073546744883,0.346446394920,0.244417712092,0.612427234650,0.718448340893,0.507550358772,0.853420495987,0.679273307323,0.578108966351,0.475327104330,0.530722796917,0.461975157261,0.259741127491,0.064504146576,0.156671166420,-0.139195114374,-0.250027656555,-0.235449194908,-0.054280288517,-0.105259642005,-0.145047903061,-0.125682651997,-0.388568341732,-0.487452477217,-0.133338212967,-0.036520246416,0.082716934383,0.357847362757,0.434526294470,0.549264848232,0.712945342064,0.833804249763,0.733981609344,0.900209903717,0.482394039631,0.291001290083,0.046772915870,-0.352348566055,-0.565670788288,-0.878066480160,-1.124109864235,-1.279315829277,-1.459488630295,-1.264692068100,-0.888656556606,-0.590983450413,-0.214540511370,0.033149339259,0.138026207685,0.258975595236,0.360551506281,0.225521683693,0.226760566235,0.282740712166,-0.151040628552,0.011590331793,-0.110560901463,-0.339605778456,-0.156292498112,-0.092488050461,-0.087734200060,0.209811344743,-0.030539866537,0.020645277575,-0.071505270898,-0.271199762821,0.186252012849,-0.075592346489,-0.328056603670,-0.028383143246,-0.073838979006,-0.088639691472,0.140722110868,-0.028749456629,0.148258283734,0.244203686714,0.103000015020,0.325179606676,0.370223820210,0.454640656710,0.352694302797,0.078827425838,0.002453067340,0.442190080881,0.208992272615,-0.117990076542,0.247800961137,0.325224876404,0.545157194138,0.534501135349,0.436053335667,0.157140374184,0.144183561206,0.291478723288,0.546894073486,0.259177267551,0.043982345611,-0.397524505854,-0.192586362362,-0.239931389689,-0.008466375060,0.136441588402,-0.054325565696,0.153147950768,0.211490646005,0.033573273569,0.002271968406,-0.059943746775,-0.083379596472,0.025687236339,-0.144422277808,-0.065895311534,-0.295792192221,-0.466560274363,-0.462522566319,-0.585920929909,-0.682302594185,-0.400426208973,-0.421618908644,-0.309703886509,-0.098641306162,-0.047155693173,-0.083342552185,0.188935577869,0.372372329235,0.485810250044,0.383028388023,0.344911158085,0.363189816475,0.142047420144,0.377113819122,0.144060090184,-0.010227974504,0.165886625648,0.184140577912,0.152102515101,0.044097587466,-0.088532686234,0.023637525737,0.203127160668,0.352706640959,0.357184737921,0.095587313175,0.241297855973,0.204110831022,0.058268584311,0.127810582519,0.017735347152,0.249011039734,0.334012269974,0.164355516434,0.101127289236,0.352352678776,0.204563602805,-0.041471656412,-0.060771040618,0.307300180197,0.441996634007,0.343927443027,0.381188541651,-0.259872853756,-0.156844034791,-0.090726450086,-0.277497082949,-0.444457948208,-0.491646558046,-0.685529470444,-0.501063704491,-0.666139483452,-0.772411704063,-0.493033617735,-0.621198177338,-0.446005493402,0.065833583474,0.156979843974,0.148171856999,0.502483665943,0.402895748615,0.324640423059,-0.012084238231,0.156683504581,-0.060116615146,-0.237449511886,-0.297245085239,-0.471116513014,-0.442391753197,-0.644811034203,-0.780993282795,-0.617181062698,-0.311984062195,-0.278838872910,-0.048258747905,-0.382234007120,-0.390124142170,-0.153592482209,-0.283399254084,-0.114331051707,0.262659311295,0.153596594930,0.256143867970,0.285938769579,0.184189975262,0.506686031818,0.750424563885,0.517947077751,0.687200486660,0.574803888798,0.222010836005,0.159185975790,0.206234648824,-0.163223654032,-0.374977678061,-0.232016548514,-0.289659529924,-0.359913557768,-0.104848057032,-0.150888338685,0.057099673897,0.478697985411,0.711319565773,0.722518861294,0.816077053547,0.835491716862,0.682668864727,0.597630620003,0.348179191351,0.287988454103,0.259839922190,0.009388334118,-0.263474255800,-0.298796772957,-0.044336315244,-0.081124089658,-0.248978123069,-0.170998558402,-0.204629451036,-0.435357749462,-0.493243515491,-0.610830247402,-0.804371476173,-0.597033798695,-0.695321142673,-0.636015355587,-0.542358398438,-0.684768021107,-0.783075928688,-0.517049789429,-0.361123621464,-0.077555619180,-0.208197906613,-0.147422775626,0.011001760140,0.228950217366,-0.148254171014,-0.153662443161,-0.303361296654,-0.473915308714,-0.521120429039,-0.535653650761,-0.468243658543,-0.286325663328,-0.217697381973,-0.149711191654,0.149357229471,0.042603526264,0.000209910126,0.164359629154,0.301813721657,0.313642770052,0.645057976246,0.639616727829,0.558336257935,0.658376991749,0.738188087940,0.575647652149,0.200348928571,0.298348158598,0.192825093865,0.267824769020,0.158897846937,-0.116812936962,-0.169520944357,-0.391256004572,-0.382822573185,-0.214931517839,-0.347146093845,0.075452402234,0.214923262596,0.111865632236,0.048736196011,-0.090179041028,0.317437618971,0.607895612717,0.512674629688,0.498322516680,0.470811933279,0.327916651964,0.198784902692,-0.030313493684,-0.014492030255,-0.079893440008,-0.384287804365,-0.549207210541,-0.638311982155,-0.410831183195,-0.502458989620,-0.538864016533,-0.468766361475,-0.361885070801,-0.152234241366,-0.107334040105,-0.007890151814,-0.163268923759,-0.158194035292,-0.076032742858,-0.059709142894,-0.199826225638,-0.122949719429,-0.269051283598,-0.270438343287,-0.185350641608,-0.086507663131,-0.327011168003,-0.160272553563,0.104251250625,0.027230694890,-0.156654700637,0.387856274843,0.166392877698,0.025950655341,0.093372963369,-0.113067470491,-0.248224899173,-0.279320418835,-0.335897356272,-0.191705584526,-0.001539341058,0.005317723379,0.095323890448,0.160235524178,0.270726442337,0.332024306059,0.671975851059,0.489687412977,0.294771432877,0.706610977650,0.668234467506,0.099460355937,0.326447308064,0.354184210300,0.284473508596,0.347714066505,0.292845219374,0.409435898066,0.240746334195,0.015603319742,0.073752544820,0.240787491202,-0.043389659375,-0.019307615235,0.431418806314,0.033960167319,0.111231796443,0.356587946415,0.230230242014,0.204711779952,0.241232007742,-0.044332195073,-0.074390500784,-0.333929985762,-0.557591259480,-0.753034055233,-0.552364110947,-0.581932604313,-0.778729557991,-0.900926053524,-0.631887137890,-0.333226174116,-0.353340476751,-0.461913406849,-0.360209912062,-0.328015446663,-0.292614728212,-0.424960970879,-0.440169185400,-0.548713326454,-0.756940066814,-0.621815562248,-0.372141867876,-0.411193341017,0.008256465197,0.182490110397,0.501327097416,0.587694883347,1.007605671883,0.834306299686,0.680281698704,0.743633389473,0.545811653137,0.433073431253,0.357411116362,0.151390478015,0.010898862965,0.026028856635,-0.211445361376,-0.232963189483,-0.049913335592,0.109338484704,0.296294331551,0.331979066133,0.180493906140,0.096299365163,0.110054641962,0.360226362944,0.479233056307,0.463880807161,0.366807669401,0.479031383991,0.306818634272,-0.074320539832,-0.086297757924,0.012195366435,0.103551551700,-0.055745545775,-0.342091768980,-0.189919278026,-0.306555241346,-0.328694581985,-0.479212492704,-0.682405531406,-0.696885168552,-0.604331254959,-0.751070797443,-0.526125311852,-0.538258969784,-0.382892519236,-0.012751012109,-0.173546284437,0.113894760609,0.238038092852,0.265182346106,0.314626455307,0.275986552238,0.380789309740,0.277752280235,0.523754596710,0.424355953932,0.309909671545,0.380797535181,-0.051674932241,0.027827497572,0.125468641520,-0.157992362976,-0.281892836094,-0.512802183628,-0.791793346405,-0.651787400246,-0.650972485542,-0.530541658401,-0.887314796448,-0.771749019623,-0.440243303776,-0.484596073627,-0.199167668819,0.104609332979,0.582784593105,0.614291667938,0.517823576927,0.432558953762,0.414803028107,0.505644679070,0.284942716360,0.209774300456,0.054770082235,-0.423121213913,-0.494260132313,-0.402261912823,-0.726202607155,-0.638871788979,-0.550363779068,-0.282913565636,-0.120340242982,-0.298998445272,-0.167294263840,0.113705433905,0.327068805695,0.290849000216,0.384670585394,0.746102929115,0.723403811455,0.515753328800,0.312399774790,0.112647652626,0.410662412643,0.275035768747,-0.160725295544,-0.407402634621,-0.349335730076,-0.220261573792,-0.331641554832,-0.146517261863,-0.246660858393,-0.075460635126,0.123048499227,0.029469735920,0.122678063810,0.132296890020,0.239202871919,0.282909452915,-0.133568704128,-0.045834496617,0.190536662936,0.021402601153,0.264791339636,0.154547363520,-0.112594142556,-0.219409584999,-0.115825116634,-0.117018721998,-0.207168951631,-0.100168295205,-0.264062821865,-0.070817910135,-0.061952300370,-0.079197861254,0.052596889436,0.048406921327,0.000946653483,0.043768320233,-0.015442800708,-0.323673188686,-0.325089037418,-0.480282604694,-0.520293116570,-0.455356806517,-0.201867684722,-0.236873298883,-0.169780254364,0.296006202698,0.300768285990,0.439765840769,0.680849671364,0.417449504137,0.499553203583,0.464918017387,0.354694634676,0.052987903357,0.348825365305,0.227262705564,0.119751669466,0.425434321165,0.501891016960,0.058486726135,-0.169166982174,-0.366107970476,-0.458394348621,-0.234514877200,-0.086836941540,-0.194508492947,-0.106247454882,-0.225003093481,-0.056568723172,-0.111054807901,-0.032128598541,0.251106023788,0.302813887596,0.345034629107,0.266087859869,0.245673045516,0.263416618109,0.013903458603,-0.073657877743,-0.142035067081,-0.218903332949,-0.000798481691,0.050855875015,-0.120648927987,-0.170619890094,-0.136120542884,-0.270067900419,0.172426775098,0.283934324980,0.061886444688,-0.009174306877,0.036820705980,-0.146109804511,-0.059042371809,-0.184198200703,-0.431665778160,-0.392811834812,-0.340095549822,-0.043533712626,0.200101971626,0.240515857935,0.241808250546,0.382089912891,0.370182693005,0.306818634272,0.515403449535,0.395129054785,-0.135239750147,-0.037837330252,-0.184729158878,-0.445145308971,-0.356028169394,-0.684290528297,-0.922328710556,-0.416725128889,-0.559920847416,-0.341071039438,0.175225570798,0.124414972961,0.377665370703,0.518387436867,0.401837944984,0.825769960880,0.784162521362,0.331390470266,0.528327345848,0.407163918018,-0.155815050006,-0.164977014065,-0.392021566629,-0.395865827799,-0.101254880428,-0.009577664547,-0.328653424978,-0.255633503199,-0.606891334057,-0.380719363689,-0.322961151600,-0.372845679522,-0.422651976347,-0.221805021167,-0.039389017969,0.222249552608,0.364967882633,0.390321701765,0.553063809872,0.574882090092,0.632759690285,0.869493007660,0.662640988827,0.432060927153,0.323319226503,0.163927465677,0.115088373423,-0.280369967222,-0.404093474150,-0.364741474390,-0.652231931686,-0.786434531212,-0.686286807060,-0.397154062986,-0.341540247202,-0.096167646348,0.030700385571,0.338634431362,0.115882739425,0.082457639277,0.005445315968,0.001185374800,0.043393775821,0.075975120068,0.011149932630,-0.019566915929,-0.211346581578,-0.299451202154,-0.343787521124,-0.369174301624,-0.157568424940,-0.279275119305,-0.488024592400,-0.431953907013,-0.528327345848,-0.254880279303,-0.249113932252,-0.399442493916,-0.103362217546,-0.187482669950,-0.491951137781,-0.208872929215,0.061874099076,-0.131234988570,0.035828776658,0.094266109169,-0.012532870285,-0.054523129016,0.211416542530,0.574466407299,0.224537983537,-0.092092923820,0.019365239888,-0.131329655647,-0.074122972786,0.193318992853,0.118990235031,0.282366156578,0.507369279861,0.407509624958,0.501899242401,0.433707237244,0.387601137161,0.380254268646,0.042492393404,-0.059285204858,-0.010487274267,-0.157584875822,-0.226534187794,-0.148093655705,-0.172039866447,-0.011948414147,0.115528769791,0.299599379301,-0.079811125994,0.015628015622,-0.059832617640,-0.292651772499,-0.220524996519,-0.274908185005,-0.494202524424,-0.594951152802,-0.547173976898,-0.608916342258,-0.550454318523,-0.634463667870,-0.376426488161,0.057824067771,0.072805888951,0.066669106483,0.455113977194,0.350813359022,0.379690378904,0.748786449432,0.370437890291,0.362370759249,0.267997622490,0.369874000549,0.202209308743,0.195595085621,0.154423892498,0.096789143980,0.456188231707,0.424779921770,0.167705848813,0.343585819006,0.300344347954,-0.007301579695,0.336617648602,0.223895892501,0.049896873534,0.285329610109,0.243195295334,0.182341933250,0.551100552082,0.644234776497,0.608047902584,0.523680508137,-0.023604599759,0.096398144960,0.069068662822,-0.576495528221,-0.362226665020,-0.594683647156,-0.840694189072,-0.681516468525,-0.732549309731,-0.688636958599,-0.524882376194,-0.376936852932,-0.587056875229,-0.599174082279,-0.360284000635,-0.343552917242,-0.189536496997,-0.222718775272,-0.773366510868,-0.207341805100,0.058396175504,-0.351364850998,-0.054502546787,-0.061762969941,0.217203468084,0.753602027893,0.399578332901,0.622420608997,0.769785761833,0.428179621696,0.340647101402,0.398631662130,0.170051902533,0.390560418367,0.254032403231,0.180444508791,-0.029407996684,0.117681376636,-0.225011318922,-0.314103752375,-0.383337050676,-0.317458182573,-0.304270923138,-0.055033497512,0.001522877370,0.005585255567,-0.071200691164,0.181395277381,0.303320139647,0.655129492283,0.424804598093,0.319524377584,0.631636023521,0.495511382818,0.484163880348,0.527849853039,0.243294090033,0.165911316872,-0.305040568113,-0.394565224648,-0.200439482927,-0.730688929558,-0.953613519669,-0.813903868198,-1.039767146111,-1.126381874084,-0.952625691891,-0.956572771072,-0.573956012726,-0.314642935991,-0.137952119112,0.127979323268,0.478714466095,0.680351674557,0.863854289055,1.071142554283,0.642008066177,0.634200215340,0.618065953255,0.431476444006,0.130765780807,-0.229452356696,-0.515238821507,-0.314461827278,-0.285868793726,-0.308975368738,-0.086528249085,0.206703871489,0.133264124393,0.146134495735,0.193631798029,0.350739240646,0.607117712498,0.602281570435,0.621498644352,0.704981088638,0.459526211023,0.710286498070,0.763932943344,0.589839220047,0.379398137331,0.291388183832,0.041846204549,0.058387942612,0.035034410655,-0.004120000638,-0.086721695960,-0.259131997824,-0.201167985797,-0.268676728010,-0.257263392210,-0.303003221750,-0.401875019073,-0.284432351589,-0.418799549341,-0.173459857702,0.000872567587,-0.184169381857,-0.060178354383,-0.277921020985,-0.394198894501,-0.005655225832,-0.096558660269,-0.261955499649,-0.186350807548,-0.283712059259,-0.183634325862,0.181794524193,0.342914938927,0.197471916676,0.185227170587,0.050645966083,-0.384938150644,-0.407460272312,-0.287580996752,-0.534575283527,-0.649840593338,-0.458694815636,-0.803712964058,-0.645510733128,-0.427162975073,-0.552771568298,-0.156346008182,0.030136508867,0.038532916456,0.276110023260,0.441848486662,0.117072232068,0.278587788343,0.202106401324,0.098423160613,0.500471055508,0.172463804483,-0.227250367403,-0.071912735701,-0.071772798896,-0.073999494314,0.032054509968,0.035544782877,0.184012979269,-0.412703871727,0.110433310270,0.333975255489,0.219681248069,0.293631345034,0.685064315796,0.649906456470,0.584912538528,0.951967179775,0.951086342335,0.878226935863,1.081704020500,0.952934384346,0.574186503887,0.463675022125,0.247521072626,-0.143298640847,-0.371244609356,-0.683562040329,-0.548733890057,-0.541214168072,-0.421075582504,-0.341700762510,-0.380464166403,-0.373495966196,-0.339597553015,-0.003971829079,-0.092171125114,0.285107344389,0.071505270898,0.067307069898,0.095278620720,-0.027469415218,-0.372113019228,-0.366836458445,-0.480706572533,-0.477059870958,-0.258107155561,-0.378439158201,-0.365107804537,-0.176670238376,-0.081428669393,-0.105473667383,0.338852554560,0.391725242138,0.279365688562,0.085853241384,-0.018714929000,-0.051370359957,-0.093051925302,-0.608480095863,-0.702087640762,-0.609467864037,-0.629133582115,-0.701811850071,-0.618786215782,-0.539246797562,-0.378768414259,-0.448545008898,-0.318939924240,0.364362835884,0.342742085457,0.220471501350,0.267532527447,0.540407419205,0.701770722866,0.670802772045,0.604080200195,0.712118089199,0.513427853584,0.517313241959,0.504195868969,0.162647426128,-0.027090756223,-0.206378698349,-0.221335828304,-0.288992732763,-0.464349985123,-0.550861775875,-0.247446998954,-0.218615218997,-0.134630590677,0.323759615421,0.586637079716,0.651808023453,0.727766633034,0.807890594006,0.801087021828,0.448298037052,0.511081755161,0.333357870579,-0.475508153439,-0.463498026133,-0.456525713205,-0.535748302937,-0.581315279007,-0.426084637642,-0.568642437458,-0.351307243109,-0.397771477699,-0.168899446726,-0.139466762543,-0.288247764111,-0.205658435822,-0.190162122250,-0.274282574654,-0.356760770082,-0.380624711514,-0.359687209129,-0.168985888362,-0.436979383230,-0.432579517365,-0.298961400986,-0.381912976503,-0.170047774911,0.055136393756,0.001613426954,0.098740071058,0.156835794449,0.229835137725,0.149023845792,0.119257770479,-0.060297712684,-0.045632816851,0.004391649272,-0.151168227196,-0.143438592553,-0.164655968547,-0.145582973957,-0.025954769924,-0.094937004149,-0.162569224834,0.105202019215,0.370396703482,0.051497951150,0.388053864241,0.609295010567,0.386370450258,0.597482442856,0.672988355160,0.385325044394,0.520922839642,0.630652308464,0.522116482258,0.235226944089,0.159469962120,-0.049616992474,0.236955597997,0.085277020931,-0.053284246475,-0.063730366528,-0.133128300309,-0.082017235458,-0.050193220377,-0.186741814017,-0.056194175035,-0.049065463245,-0.010861819610,0.107700362802,0.133165344596,0.155938521028,0.339465856552,0.075291879475,-0.228550970554,-0.039808839560,0.070698559284,-0.231102824211,-0.287041813135,-0.394577562809,-0.218417659402,0.087125055492,0.079679422081,0.093768090010,0.017360802740,-0.076979398727,-0.339198291302,-0.270063787699,-0.099373929203,-0.188034206629,-0.090656481683,-0.089528732002,-0.171739414334,-0.026185259223,-0.074925571680,-0.319083988667,-0.007260421291,-0.096542194486,0.027901584283,0.049588181078,-0.261548042297,-0.428850501776,-0.306024283171,-0.364976108074,-0.154436230659,-0.121101684868,-0.113647818565,0.233008474112,0.361144185066,0.347076088190,0.412267595530,0.578471183777,0.753095805645,0.743822693825,0.623272538185,0.789377331734,0.594041526318,0.088746711612,-0.073966570199,-0.023761002347,-0.246335715055,-0.366235554218,-0.059165846556,-0.044747903943,0.154016405344,0.374730765820,0.586530089378,0.608784615993,0.772218167782,0.784290075302,0.923929750919,0.866138637066,0.629557549953,0.369902789593,0.141825154424,-0.199999079108,-0.224089354277,-0.441910207272,-0.624692559242,-0.681001961231,-0.484921216965,-0.566378712654,-0.589789867401,-0.789846539497,-0.638373732567,-0.532229185104,-0.518605649471,-0.323018759489,-0.398820996284,-0.294894933701,0.060157772154,0.014212151058,-0.258967369795,-0.305958420038,-0.143380954862,-0.225657507777,-0.547840774059,-0.254596292973,-0.618391156197,-0.625075340271,-0.632183492184,-0.824407637119,-0.392021566629,-0.135511398315,-0.237313702703,-0.229674607515,-0.021089794114,0.169455096126,0.661949515343,0.971781015396,0.731396794319,0.744954526424,0.531056165695,0.544704437256,0.216372057796,-0.074958495796,-0.028778266162,0.157803028822,0.013689433224,-0.084396220744,-0.152353584766,0.266758739948,0.299381256104,0.363354414701,0.531414270401,0.410950541496,0.714023709297,0.701276779175,0.436185032129,0.351072609425,0.490403592587,0.241935819387,0.199723303318,0.155366420746,-0.157033354044,-0.303764671087,-0.223830044270,-0.560735821724,-0.563835084438,-0.705199301243,-0.788500666618,-0.368314057589,-0.421668291092,-0.325619995594,-0.270467162132,-0.244343638420,-0.210235282779,-0.276155292988,-0.439465373755,-0.515757441521,-0.205086305737,-0.051436211914,0.073781348765,0.163721680641,0.211725234985,0.319499671459,0.354859232903,0.052197650075,0.200077295303,0.133523419499,0.039109136909,0.041977912188,-0.256967037916,-0.607117712498,-0.327690303326,-0.396656036377,-0.470939576626,-0.209506779909,-0.339441150427,-0.024917567149,-0.144953235984,-0.061223790050,-0.064446523786,-0.162618607283,-0.200348928571,-0.246841967106,-0.124447897077,0.124818325043,-0.160169661045,0.061692997813,0.478603303432,0.505735278130,0.363626062870,0.448940157890,0.584776699543,0.281316608191,0.439691752195,-0.141763433814,-0.366943478584,-0.371824920177,-0.586970448494,-0.769061326981,-0.893319904804,-1.069187521935,-0.865788698196,-0.432554841042,-0.158445104957,0.182518914342,0.167635887861,0.729009687901,0.678149640560,0.816830277443,0.708179175854,1.058667302132,0.806836903095,0.546120345592,0.424294233322,0.333855897188,0.157852411270,0.070570968091,-0.126131281257,-0.037269338965,-0.382748484612,-1.049781203270,-0.622807502747,-0.685788750648,-1.188922762871,-1.015458822250,-0.607936799526,-0.610570967197,-0.323928385973,-0.028724761680,0.312971889973,0.292791694403,0.622268259525,0.761459290981,0.855951786041,0.795571684837,0.620362639427,0.667617082596,0.460621029139,0.239700898528,0.213951930404,0.021357327700,-0.226624742150,-0.395355433226,-0.232308775187,-0.288988620043,-0.366173833609,-0.157284423709,0.078366450965,0.155024811625,0.364548027515,0.348948836327,0.412967294455,0.421055018902,0.326780676842,0.499429702759,0.221101209521,0.099987193942,-0.114240497351,-0.111260600388,-0.038882765919,0.249533757567,0.183613732457,-0.127398982644,-0.035869937390,0.144426390529,-0.105588905513,-0.034371756017,-0.140409290791,-0.255007863045,-0.187108114362,0.004757963121,0.094175562263,-0.308209806681,0.024757048115,-0.178349524736,-0.474602669477,-0.320948481560,-0.172426775098,-0.112606495619,-0.254509866238,-0.234362602234,0.093101315200,-0.195483937860,-0.292322486639,0.220730796456,0.323582649231,0.039545420557,0.316013514996,0.237441286445,0.196208342910,0.262260079384,0.077390983701,-0.089582234621,-0.021711293608,-0.055095236748,0.003366793739,-0.341597884893,-0.410213768482,-0.373413652182,-0.131967619061,-0.014726636931,-0.272101134062,0.016438843682,0.103872582316,0.005227173679,0.226752340794,0.401060074568,0.335251182318,0.150978893042,0.290536195040,0.156613528728,0.010524317622,-0.019060663879,-0.117187477648,-0.024559484795,-0.079037338495,-0.033404521644,-0.050728280097,-0.219903498888,0.029272174463,0.118208222091,-0.151962593198,0.078238859773,0.092607408762,0.062306262553,0.214733958244,0.068286642432,-0.284350007772,-0.120665393770,0.013475406915,-0.455480307341,-0.337412029505,-0.058490838856,0.049547024071,0.281238436699,0.085165888071,0.037960804999,0.206135854125,0.246146380901,0.555418074131,0.448384493589,0.100221797824,0.232358157635,0.200200751424,-0.036586098373,0.063112981617,0.119072549045,0.325755834579,0.061956413090,-0.083898194134,-0.074015960097,-0.081185825169,-0.289766520262,-0.086808130145,-0.372619271278,-0.508159518242,-0.642242670059,-0.234741270542,-0.205164521933,-0.256411403418,-0.064191341400,-0.004753847141,-0.154917791486,0.006865296047,0.153526633978,-0.233531206846,-0.067710421979,-0.140915557742,-0.384744673967,-0.352459669113,-0.298047691584,-0.445770919323,-0.575960457325,-0.407229781151,-0.339116007090,-0.164195001125,-0.002506573917,0.460884451866,0.578269481659,0.325072586536,0.599223434925,0.417478293180,0.427977949381,0.454945206642,0.075938075781,-0.187350958586,-0.282415539026,-0.464358270168,-0.033429216594,0.049913335592,-0.154971286654,-0.020229574293,0.207152500749,0.171759992838,0.250719130039,0.323018759489,0.203374117613,-0.124394394457,-0.159013107419,0.164985239506,-0.097278937697,-0.015961401165,-0.117883063853,-0.149847015738,-0.147875517607,-0.036330915987,-0.060071337968,-0.084972441196,-0.009828733280,0.209070488811,-0.025399126112,0.030725080520,0.302678078413,0.102526687086,-0.215034410357,-0.048110578209,0.075333043933,-0.301505029202,-0.331065326929,-0.281575918198,-0.255563527346,-0.091212123632,-0.051201604307,-0.085593938828,0.467280536890,0.588020026684,0.600972712040,0.475454688072,0.116261392832,0.448026418686,0.352138638496,0.127234354615,0.069109819829,0.024497745559,-0.219306692481,-0.420548766851,-0.489366352558,-0.767838895321,-0.826395571232,-0.787064194679,-0.743386447430,-0.635430872440,-0.546194374561,-0.295380592346,0.171027362347,-0.043418470770,0.152921587229,0.473989427090,0.817101955414,0.632422149181,0.634904026985,0.558093428612,0.495470255613,0.084552623332,0.094150863588,-0.043377310038,-0.445659786463,-0.753733754158,-0.668094575405,-0.907248079777,-1.038627147675,-0.865739345551,-0.628701448441,-0.557611882687,-0.277427107096,0.330806016922,0.277509421110,0.377751797438,0.275142788887,0.215832889080,0.512670516968,0.558443248272,0.311160892248,0.262416481972,0.065726563334,0.094455450773,0.262609928846,0.301612049341,0.247323513031,0.412296414375,0.175114437938,0.340227276087,0.153794154525,0.166092425585,0.239326357841,0.104074262083,0.132840186357,0.116598904133,0.046637091786,0.234551936388,0.131160899997,0.125003531575,0.434415191412,0.014389133081,0.097200743854,0.098698921502,-0.005062538665,0.209049925208,0.285465419292,-0.130514711142,0.159128338099,0.278419017792,-0.080424390733,0.130963340402,0.138577729464,0.043846521527,0.202410981059,0.169862568378,0.018262181431,-0.046056754887,-0.103971362114,-0.051711976528,-0.361045420170,-0.189622938633,-0.339025437832,-0.478907883167,-0.150238037109,-0.274414271116,-0.171167299151,-0.175756528974,-0.144372895360,0.174357131124,-0.028292592615,0.033309858292,0.064788147807,-0.144525185227,-0.185865119100,-0.119957469404,-0.242911294103,-0.348393201828,-0.522433400154,-0.182996362448,-0.015105296858,-0.108893968165,-0.013174948283,-0.304196804762,-0.138960510492,-0.300574839115,-0.103111147881,-0.117533206940,-0.247409954667,-0.190553128719,-0.188507512212,-0.296483665705,-0.042648799717,-0.004358722363,0.181391164660,0.136297523975,-0.143162831664,0.075979240239,0.503615558147,0.555837929249,0.784755170345,0.757043004036,0.736171245575,0.841484427452,0.952185273170,0.797098696232,0.595000565052,0.185284793377,0.175538375974,0.107033587992,-0.482599884272,-0.194454982877,-0.404455661774,-0.437642067671,-0.479953348637,-0.455978274345,-0.504504561424,-0.383250623941,-0.495606064796,-0.214293554425,-0.296409577131,-0.266795784235,0.034194771200,0.257481515408,-0.031478289515,0.394244134426,0.507978379726,0.318141430616,0.346812695265,0.264330357313,0.405579298735,0.308143943548,-0.020044358447,-0.014302700758,-0.123476549983,-0.121369212866,-0.279369801283,-0.227316200733,-0.313297033310,-0.609101533890,-0.354863345623,-0.095410332084,0.005918642506,0.334218084812,0.327426880598,0.438662797213,0.637978613377,0.531389534473,0.496392190456,0.523466467857,0.242277443409,0.213857263327,0.426335692406,0.051773715764,-0.233057856560,-0.229678720236,-0.324949115515,-0.759685337543,-0.801589190960,-0.611661672592,-0.599840819836,-0.545276522636,-0.467630356550,-0.772440433502,-0.613386213779,-0.338408052921,-0.060878053308,0.266384184361,0.089532844722,0.166841506958,0.452796757221,0.443667709827,0.281744658947,0.462613105774,0.211688175797,0.334012269974,0.066940747201,-0.236877411604,-0.291063040495,-0.310444742441,-0.643716216087,-0.595762014389,-0.720041155815,-0.539720058441,-0.467601567507,-0.413436532021,-0.046303704381,0.068673536181,0.200488880277,0.147048220038,0.379291117191,0.684286415577,0.716419160366,0.921093881130,0.836635947227,0.696119606495,0.615172505379,0.736768126488,0.725185990334,0.320964932442,0.424812823534,0.500417530537,0.565460860729,0.343573480844,0.231078118086,0.269841521978,-0.199192374945,-0.274039715528,-0.185354754329,-0.334341555834,-0.384419530630,-0.472590029240,-0.816887915134,-0.738863110542,-0.282283872366,-0.181284159422,-0.126818642020,0.131617769599,0.110820196569,-0.033593852073,-0.212416708469,-0.181094825268,-0.325471818447,-0.411308586597,-0.419849067926,-0.658142328262,-0.990430057049,-0.856338679790,-0.698490381241,-0.314276605844,-0.628664374352,-0.566333413124,-0.036878328770,-0.135449647903,-0.125583872199,0.201040402055,0.309897333384,0.043134473264,0.000827292854,0.501281857491,0.307114988565,0.160112038255,0.244294241071,0.303822278976,0.446482956409,0.399459004402,0.512217760086,0.712978303432,0.098526053131,-0.012705736794,0.415152847767,-0.160445421934,0.055852558464,0.286358565092,0.004062378313,-0.140598624945,0.067364685237,0.073098115623,0.151238188148,0.172513201833,0.108124293387,0.008684516884,0.165557354689,0.322796493769,0.509402453899,0.047233894467,0.237889915705,0.269487559795,0.126415297389,0.224682033062,0.510312080383,0.383728086948,0.435477077961,0.583175599575,0.344627141953,0.152053132653,0.346569865942,0.145171374083,-0.273426473141,-0.351455420256,-0.395017921925,-0.703137218952,-0.694958925247,-0.757446348667,-0.665052950382,-0.442457646132,-0.452525079250,-0.198735505342,-0.161606103182,-0.144109487534,-0.237358957529,-0.198982462287,-0.211404204369,-0.124143324792,-0.007939542644,0.166005983949,0.092833787203,-0.106305077672,0.036022223532,0.398689299822,0.105181440711,-0.090014398098,0.295228302479,0.151402816176,0.015442800708,-0.068665310740,-0.005988612305,-0.109140925109,-0.137808054686,0.030511053279,-0.191829040647,-0.287745624781,-0.277213066816,-0.032227378339,-0.338420420885,-0.176472678781,0.166977331042,0.268186956644,0.360341608524,0.565530776978,0.515135943890,0.765513420105,0.693069756031,0.959178209305,0.897139430046,0.191372185946,0.364572763443,0.268545031548,-0.238634884357,0.031918685883,-0.148822173476,-0.456488698721,-0.348142117262,-0.660965859890,-0.579269647598,-0.325854599476,-0.311733007431,-0.180341616273,0.098657757044,-0.332612872124,0.028255548328,0.248792901635,-0.054461389780,0.174953922629,0.258419960737,0.196196004748,0.362428367138,0.305966645479,0.369347184896,0.327776730061,0.310535281897,0.051856033504,-0.216322675347,-0.417869329453,-0.611278891563,-0.859824836254,-0.866574883461,-0.488950639963,-0.385234475136,-0.367157518864,-0.218187183142,-0.040516771376,0.225838601589,0.207749277353,0.619251370430,0.383242398500,0.180382788181,0.360156387091,0.334609091282,0.249554336071,0.245232641697,0.257201671600,0.426706135273,0.166084185243,0.013290192932,0.056585185230,-0.087697155774,-0.166010096669,-0.063989661634,-0.396458506584,-0.349599182606,-0.123369537294,-0.059544507414,-0.153110921383,-0.137594029307,0.075271300972,0.182222560048,0.381575435400,0.562563300133,0.365642845631,0.264285087585,0.539242684841,-0.003881279379,-0.126670479774,0.166150048375,-0.416358798742,-0.444964200258,-0.220245108008,-0.296166718006,-0.280234158039,-0.010458463803,0.026749135926,0.083116181195,0.216783657670,0.236498743296,0.232901468873,-0.004157043528,0.221681565046,0.055095236748,0.036898910999,0.280439943075,0.375138223171,0.117615528405,-0.129485741258,0.028366677463,0.161717236042,0.182473629713,0.229221850634,0.263597726822,0.147072926164,0.076275579631,-0.097990982234,-0.265577495098,-0.488246828318,-0.222451224923,-0.218022555113,-0.692407071590,-0.622692227364,-0.831602215767,-1.077946066856,-0.759356081486,-0.290923088789,-0.106033429503,-0.164046823978,0.075061395764,0.128975376487,0.099526211619,0.098991155624,-0.041516933590,0.106333881617,-0.134935170412,-0.295631647110,0.101872265339,-0.145146682858,-0.444947749376,-0.138869956136,-0.141569972038,-0.111593984067,0.061997577548,0.037080008537,-0.046291355044,-0.092459231615,-0.027057826519,-0.021793609485,-0.098558977246,0.002527153352,0.194257423282,0.085248209536,0.020060824230,0.230263173580,0.204094380140,0.080790705979,0.344009786844,0.511464536190,0.323220431805,0.346108883619,0.307962864637,0.035692952573,-0.005766354967,0.177991449833,0.027226578444,-0.133502840996,-0.019221182913,0.029202202335,0.065858274698,-0.036857750267,-0.090380713344,0.042381264269,-0.032293230295,0.088672630489,0.240688711405,0.164470762014,0.366511315107,0.146196231246,0.046011477709,-0.002197882626,-0.276883810759,-0.242421507835,-0.232362270355,-0.097052566707,0.179901212454,0.220747247338,0.159506991506,-0.016599364579,0.106630228460,-0.066611483693,-0.221628054976,-0.259897559881,-0.132687896490,-0.347088456154,-0.328344732523,-0.260716617107,0.026810875162,-0.121216922998,-0.137272983789,0.047888323665,0.027325360104,-0.115108951926,-0.165038749576,-0.174283027649,-0.477664917707,-0.501907467842,-0.437971323729,-0.455369144678,-0.460345238447,-0.083519540727,-0.009742300026,-0.223113894463,0.139964774251,0.573869585991,0.567596971989,0.671687722206,0.431772798300,0.109651289880,0.222187817097,0.197089150548,-0.085783272982,-0.198620244861,-0.347129613161,-0.308654338121,-0.265305817127,-0.363107472658,-0.293927669525,-0.025386778638,0.246162846684,0.429048061371,0.610529780388,0.828745782375,0.807717740536,0.428393661976,0.433373868465,0.567934453487,0.416733354330,0.391025543213,0.316630929708,0.330666065216,0.226353093982,-0.091096885502,-0.109449610114,-0.329250216484,-0.162449866533,-0.194578453898,-0.360613256693,-0.437139928341,-0.473948270082,-0.434538632631,-0.404418617487,-0.632998406887,-0.504656910896,-0.260272085667,0.111787430942,0.291795641184,0.399030923843,0.092829667032,0.010149772279,0.300146788359,0.475611060858,0.316202849150,0.018081082031,0.089100681245,-0.067167125642,-0.168545484543,-0.030083002523,-0.325377166271,0.006548373029,0.616308510303,0.302410513163,0.230637729168,0.611188292503,0.431344717741,0.252575397491,0.288704633713,0.174394145608,0.088635578752,0.316742032766,0.001959161367,-0.151073560119,-0.133807420731,-0.520688295364,-0.154201626778,0.051761366427,-0.375088810921,-0.189569428563,-0.209691971540,-0.244829297066,0.346792131662,0.255110800266,0.293499648571,0.192454665899,0.019270572811,0.174410626292,0.080910064280,0.032062742859,-0.129506319761,-0.275422662497,-0.249677821994,-0.287185877562,-0.286749571562,-0.410419613123,-0.279604405165,-0.115779839456,0.060454118997,-0.107836179435,-0.144385248423,-0.137363538146,-0.200369507074,-0.230003878474,-0.107362851501,0.083161458373,0.055107582361,0.289955854416,0.289387851954,0.098785348237,0.168603107333,0.337514907122,0.285201996565,0.025143940002,0.082782797515,0.148801580071,0.139656096697,-0.212922945619,-0.090323098004,-0.146237388253,-0.287375211716,-0.280942082405,-0.311346113682,-0.149962276220,0.373858183622,0.175509572029,0.351809382439,0.482097685337,0.330114543438,0.529055833817,0.451446712017,0.317198902369,0.108865156770,0.110099919140,0.458299666643,0.233230739832,0.038269497454,0.240915089846,0.120381407440,-0.065582506359,0.042430657893,-0.089738637209,0.096085332334,0.076308503747,-0.172842472792,-0.426516801119,-0.307827025652,-0.691127061844,-0.640847384930,-0.366433113813,-0.550656020641,-0.386148214340,0.000065854161,0.196566432714,0.025213910267,-0.090944595635,-0.165927782655,-0.168372616172,-0.238676056266,-0.050880569965,-0.095562614501,-0.038858070970,-0.082885690033,-0.202781423926,-0.210157081485,-0.080263867974,-0.006815905217,0.133601620793,-0.087001577020,-0.078621633351,-0.013351930305,-0.456982612610,-0.511357545853,-0.324549883604,-0.471799761057,-0.188264697790,-0.246916040778,-0.232481643558,0.101374246180,0.096406370401,-0.064479455352,-0.072764731944,0.149715319276,0.213869601488,0.584077000618,0.295890986919,0.199225276709,0.088458597660,-0.225262388587,-0.660546004772,-0.435588210821,-0.347388923168,-0.134902238846,-0.080527290702,-0.051872495562,-0.022974869236,0.055350419134,0.088660277426,0.179399073124,0.334777861834,0.544844388962,0.669852077961,0.612756490707,0.577639758587,0.596181809902,0.642028689384,0.390362858772,0.205427929759,0.317622840405,0.286947131157,-0.009898702614,-0.417095571756,-0.931042015553,-0.852280437946,-0.877317368984,-0.601898789406,-0.518889605999,-0.707845747471,-0.738196313381,-0.682026803493,-0.676486849785,-0.460592240095,-0.213680267334,0.011759082787,0.321397095919,0.319384425879,0.185412377119,0.242281556129,0.286704301834,0.299504697323,0.221064180136,-0.019019505009,-0.154222205281,-0.169537410140,-0.022789653391,-0.106156900525,-0.053613517433,0.085807964206,0.505784630775,0.496956080198,0.707179009914,0.597387790680,0.801473915577,0.882495164871,0.781754732132,0.786599099636,0.662480473518,0.745530784130,0.598951816559,0.311304956675,0.292071431875,0.302682191133,0.190429642797,0.049966841936,-0.100905030966,-0.459452092648,-0.296504229307,-0.317717492580,-0.705450296402,-0.813323557377,-0.534011363983,-0.593996286392,-0.201991170645,-0.063364043832,-0.375327557325,-0.143957197666,-0.072130881250,0.165936008096,0.321788102388,0.138425439596,0.126818642020,-0.262622267008,-0.451446712017,-0.346545159817,-0.320030629635,-0.214466407895,-0.192985609174,-0.131259679794,0.076683051884,0.527141928673,0.432768851519,0.559167623520,0.406130850315,0.657866537571,0.475310593843,0.212865337729,-0.121920734644,-0.112013809383,-0.356172204018,-0.408855557442,-0.189351275563,-0.381645441055,-0.437213987112,-0.277443587780,-0.439119637012,-0.165479153395,0.045715130866,0.027341824025,0.295207738876,0.293289721012,0.403793007135,0.521416783333,0.348870635033,0.368322283030,0.232098862529,0.057865224779,0.135519623756,0.236284717917,-0.137515828013,0.050822947174,0.154963061213,0.008519881405,-0.012248872779,-0.188770949841,-0.178744658828,-0.330377966166,-0.386810868979,-0.062973037362,-0.124600186944,-0.136190518737,0.138124987483,0.145418331027,0.055515058339,-0.038121327758,0.132284536958,0.323619693518,0.255999803543,0.638456106186,0.224184021354,0.176110491157,0.299265980721,-0.016072530299,-0.125229910016,-0.059334594756,-0.321615248919,-0.116133801639,-0.214606359601,-0.220224544406,-0.048217590898,0.330460280180,0.187964245677,0.440370887518,0.205469101667,0.111845053732,0.464189499617,-0.139614924788,-0.150896579027,-0.384082019329,-0.695687472820,-0.654483318329,-0.590143799782,-0.859598398209,-0.876531183720,-0.441790848970,-0.219845876098,-0.336152553558,-0.192397043109,0.065611325204,0.040928360075,-0.061520129442,0.033318087459,0.172797203064,-0.006877643522,-0.363091021776,-0.445400476456,-0.295174807310,-0.597087323666,-0.353286951780,0.028782382607,-0.183506727219,0.187079325318,0.284868627787,0.256456673145,0.619201958179,0.585571050644,0.572651326656,0.657623767853,0.442733407021,0.279773145914,0.241627141833,-0.006313767284,0.027329476550,-0.116170853376,-0.301286906004,-0.652067303658,-0.459542661905,-0.467375189066,-0.519190073013,-0.414288491011,-0.545572876930,-0.480632454157,-0.006182058714,-0.358826965094,-0.161235675216,0.305974900723,0.070488646626,0.053152538836,0.265379905701,0.395997524261,0.293013960123,0.305299878120,0.409505844116,-0.049987420440,-0.316412776709,-0.408674448729,-0.543074548244,-0.726754128933,-0.912438154221,-0.847822904587,-0.891484200954,-1.057453155518,-0.810705900192,-0.109107986093,-0.056375276297,0.272689729929,0.820740401745,0.749346256256,0.607302904129,0.542609453201,0.303859323263,0.262906253338,0.396808356047,0.164639502764,0.206547439098,0.141047254205,-0.018863100559,0.028440764174,-0.066533282399,-0.074365809560,0.289889991283,0.227616667747,0.120731256902,0.378500878811,0.042208399624,0.075040809810,0.287227034569,0.239717379212,0.274315506220,0.403657197952,0.447516053915,0.235017016530,0.305583864450,0.618609309196,0.110861361027,0.136779084802,0.117553785443,0.100847408175,0.130177214742,-0.068875223398,-0.349739104509,-0.206164687872,-0.097044326365,-0.225245907903,-0.277768731117,-0.226591795683,-0.333687126637,-0.098303794861,0.026559803635,0.139651969075,0.130712270737,0.258308827877,0.289289087057,0.226007357240,-0.012364117429,0.193306654692,-0.149418979883,-0.382690846920,-0.487493664026,-0.118241146207,-0.274039715528,-0.493165314198,-0.272068232298,-0.270611196756,-0.301879584789,-0.359477281570,-0.234823584557,-0.005963916890,-0.013886995614,0.114779680967,-0.000675005140,0.144710406661,0.446293622255,0.550269126892,0.053465344012,0.444075167179,0.416893839836,0.223290860653,-0.075357735157,-0.176633194089,-0.076530762017,0.068492442369,-0.536756694317,-0.633233010769,-0.339054226875,-0.088968962431,-0.081786751747,-0.012767475098,-0.095616117120,0.106873072684,0.479582905769,0.560739934444,0.316034108400,0.494947493076,0.655734539032,0.537192940712,0.538065552711,0.651762723923,0.428212553263,0.454846441746,0.473746597767,0.145904004574,-0.078218273818,0.019505178556,-0.447581887245,-0.468194246292,-0.758849799633,-0.782898902893,-0.491942912340,-0.752494871616,-0.919669747353,-0.487736463547,-0.503080487251,-0.379978477955,-0.183514952660,0.059013556689,0.270998090506,0.104695759714,0.264536172152,0.506377339363,0.230946421623,0.396059274673,0.549816370010,0.403941184282,0.154650256038,0.323323339224,0.158440992236,-0.367075204849,-0.394165962934,-0.252727687359,-0.547182202339,-0.519404113293,-0.266355365515,-0.318129092455,0.006708892528,0.175575420260,0.164824724197,0.249681934714,0.462551355362,0.632323384285,0.369614690542,0.698169291019,0.556763947010,0.451767742634,0.402533531189,0.225007206202,0.002239041263,0.131354346871,0.399121463299,-0.119657009840,-0.330279171467,-0.422861874104,-0.333962887526,-0.503450930119,-0.959507405758,-0.762796938419,-0.811961233616,-0.775552093983,-0.341182172298,-0.179604873061,-0.470857232809,-0.258629858494,-0.148941531777,0.090413637459,0.183980062604,0.110046416521,0.705800235271,0.312284529209,-0.038989778608,0.010672489181,0.058791298419,-0.353661507368,-0.557377278805,-0.411534994841,-0.476854085922,-0.318536579609,0.029860744253,0.173752084374,0.216483205557,0.558998942375,0.687579154968,0.505521178246,0.197093263268,0.318392515182,0.448100477457,0.495737731457,0.327830225229,0.238466143608,0.176443859935,-0.342639178038,-0.104996219277,-0.120253816247,-0.046147301793,0.143566176295,0.073637299240,0.168668955564,0.181152448058,0.030321724713,-0.123711146414,-0.068599447608,-0.213540345430,-0.350788623095,-0.179057464004,-0.289239704609,-0.404212802649,-0.625429272652,-0.442655205727,-0.199752122164,-0.198142826557,-0.235017016530,-0.045649278909,-0.271660774946,-0.182115554810,-0.381328523159,-0.434250563383,-0.707944571972,-0.908198773861,-0.620761871338,-0.880762338638,-0.874563753605,-0.218397080898,-0.218923926353,-0.208580702543,0.085799738765,0.198134586215,0.258020699024,0.341532021761,0.490724623203,0.516687572002,0.770234346390,0.614596247673,0.360843747854,0.473730146885,0.524005651474,0.437823116779,0.406188458204,0.586171984673,0.768135249615,0.578652262688,0.307645916939,0.228102341294,0.338383346796,0.012429973111,0.036083962768,-0.139684900641,-0.171270191669,-0.064117252827,-0.222780495882,0.037923764437,0.244956895709,0.560291290283,0.459184587002,0.343495309353,-0.026045320556,0.076312616467,0.220368608832,0.005725195631,0.102287970483,0.313478142023,-0.032873574644,-0.275414437056,-0.214985027909,-0.190561369061,-0.029103422537,0.229456469417,-0.050291996449,0.039154414088,0.378998905420,0.111956186593,0.123645298183,0.206000030041,-0.310671120882,0.014915966429,0.189960449934,-0.080082774162,-0.045422907919,-0.011314568110,-0.146484345198,-0.293911218643,-0.202987208962,-0.214886248112,-0.096431069076,0.000024695310,-0.014035168104,-0.086170166731,-0.160680040717,-0.240256562829,-0.234877094626,-0.415757864714,-0.455751925707,-0.359193295240,-0.386749118567,-0.026411633939,0.153444305062,-0.086314223707,-0.043434932828,0.167619407177,0.146862998605,-0.002276084386,0.179785981774,-0.010215626098,-0.162976697087,-0.264124572277,-0.579957008362,-0.712871253490,-0.741093873978,-0.684702157974,-0.402936875820,-0.177073597908,-0.144735097885,0.040072254837,0.303476542234,0.239709138870,0.442461758852,0.302908539772,0.240178346634,0.487950503826,0.527343630791,0.269882678986,0.300743609667,0.125184640288,0.005437084008,0.207037240267,0.234267920256,-0.167071998119,-0.116619482636,0.160375446081,0.220426216722,-0.078802734613,-0.079152584076,-0.038557611406,0.087573677301,0.291091829538,0.105074428022,-0.058309741318,0.176349207759,-0.039701823145,0.115919783711,-0.029300983995,-0.003696064698,-0.103942558169,-0.139577895403,-0.223858878016,-0.520474195480,-0.279736131430,-0.452986031771,-0.574515759945,-0.453179478645,-0.804836571217,-0.648976266384,-0.304546654224,-0.058260351419,-0.052543386817,-0.131807103753,0.188462257385,0.536003470421,0.489617437124,0.699700415134,0.520556509495,0.239989012480,0.186350807548,-0.003885395359,-0.051633775234,-0.397129386663,-0.363317400217,-0.352830111980,-0.396326780319,-0.717229962349,-0.658689796925,-0.798708021641,-0.574668109417,-0.369013756514,-0.345125168562,-0.168743044138,0.170051902533,0.231856033206,0.328262388706,0.510410845280,0.736603438854,0.905511140823,0.757170557976,0.464242994785,0.679363846779,0.638633072376,0.384839355946,0.515440523624,0.164734169841,-0.059256397188,0.103872582316,0.036800127476,-0.270899295807,-0.122060678899,0.021760683507,-0.045743945986,0.125522136688,0.178868129849,0.040080487728,0.185342416167,0.275369167328,-0.224986612797,-0.260938853025,0.004177622963,-0.211124315858,-0.275196284056,-0.212046280503,-0.180580317974,-0.310514718294,-0.285374879837,-0.081251688302,0.102189190686,0.080354422331,0.290334522724,0.325052022934,0.024189054966,-0.094352543354,0.036018107086,-0.076831221581,-0.281061440706,-0.107963778079,-0.218063697219,-0.376772224903,-0.269281774759,-0.251665771008,-0.437061697245,-0.106696084142,0.355789452791,0.207831606269,0.146661326289,0.194582566619,0.441815525293,0.359201520681,0.071698717773,-0.077325128019,-0.324574559927,-0.500989615917,-0.440074533224,-0.707800507545,-0.764151096344,-0.443626552820,-0.121385678649,-0.108301281929,0.230431944132,0.327505081892,0.158395722508,0.361551672220,0.297940671444,0.475504040718,0.307794094086,0.144619852304,0.161770731211,0.369948089123,-0.085186466575,-0.255139589310,-0.192183002830,-0.213746145368,0.048361651599,-0.039376668632,-0.226822301745,-0.118060044944,-0.104897446930,-0.266853392124,0.067195937037,-0.139503806829,-0.044365122914,0.424816936255,0.212573096156,0.047814235091,0.298002421856,0.192162439227,0.244907498360,0.411226302385,0.513370215893,0.335016548634,0.185284793377,0.078790381551,-0.063479296863,-0.190594270825,-0.072032101452,-0.021250315011,0.028210274875,0.059054717422,0.195879071951,0.394396454096,0.440078645945,0.166504010558,0.173348724842,0.222776383162,0.333538979292,0.342737972736,0.306077778339,0.251052498817,-0.204929918051,-0.277933359146,-0.489185273647,-0.403883546591,-0.057021468878,-0.011528593488,-0.067932680249,-0.133428752422,-0.468165457249,-0.106798984110,0.067027181387,-0.400261580944,-0.499018102884,-0.358489483595,-0.450076103210,-0.516370654106,-0.366832345724,-0.149065002799,-0.187552630901,-0.287379324436,-0.050069741905,0.296989917755,0.474676758051,0.333732426167,0.183671355247,-0.030058307573,0.121430955827,-0.239046469331,-0.320240527391,-0.238400280476,-0.162976697087,-0.203822746873,-0.239054694772,-0.148291215301,0.026856148615,0.382653832436,0.410283744335,0.332193076611,0.283839643002,0.583294928074,0.613797783852,0.558426797390,0.243166476488,0.082589343190,0.238968282938,-0.075510025024,-0.255612909794,-0.026469256729,0.257958978415,0.417951643467,0.194841891527,-0.020851071924,0.121986597776,0.258201807737,0.025781903416,-0.130457088351,-0.051399167627,-0.081436902285,-0.184000626206,-0.257946610451,-0.358337163925,-0.677754521370,-0.401854425669,-0.218471184373,-0.354953914881,-0.124550789595,-0.085688605905,0.116590678692,0.118689775467,0.053753454238,0.285115569830,0.568547785282,0.281193137169,-0.105786472559,-0.120101526380,-0.340363115072,-0.338284581900,-0.307670623064,-0.113388508558,-0.104650489986,-0.201262652874,-0.114849656820,-0.314684092999,-0.029403882101,0.348347932100,0.242911294103,0.348533153534,0.308744877577,0.275875419378,0.311494290829,0.156757593155,-0.000654425705,-0.094714745879,-0.425862371922,-0.311613649130,-0.293927669525,-0.278908818960,-0.605887055397,-0.619938671589,-0.778577268124,-0.723230957985,-0.407633155584,-0.228073522449,-0.133729219437,0.149851143360,-0.202937826514,-0.036857750267,0.231078118086,0.108931005001,0.159630477428,0.126283586025,0.216244474053,0.269631624222,0.205872446299,-0.041862666607,-0.180164620280,-0.267865896225,-0.200530037284,-0.401899695396,-0.283938437700,-0.105613604188,-0.182251378894,-0.048555094749,-0.120830036700,0.108589395881,0.661920726299,0.983124375343,1.014112949371,1.326500296593,1.025015830994,0.948201060295,1.129127144814,1.082769989967,0.992035269737,0.582784593105,0.076662473381,0.458982914686,0.084881894290,0.171850547194,-0.014487914741,-0.237856984138,-0.086577638984,-0.195368707180,-0.117179237306,-0.171426609159,-0.232736825943,-0.066977791488,-0.040796652436,0.155156508088,0.142347872257,0.205942407250,0.012586376630,-0.078773923218,0.049464702606,-0.581092953682,-0.363424390554,-0.316548585892,-0.790278732777,-0.704260826111,-0.765949666500,-0.767394363880,-0.748131990433,-1.032535552979,-1.202365279198,-1.421470284462,-0.681499958038,-0.277846932411,-0.868406474590,-0.598692476749,-0.108247771859,-0.287029474974,-0.209889546037,-0.153065636754,0.248883455992,0.491868793964,0.329888194799,0.694967210293,1.025970816612,1.029279828072,1.165721535683,1.071179628372,0.756046950817,0.807417273521,1.073533892632,0.888150334358,0.193870529532,0.039150297642,0.061409000307,-0.056482288986,0.145323663950,0.135647222400,-0.047480847687,0.212643086910,0.026214070618,0.132992476225,0.530319392681,0.566860258579,0.703775107861,0.732697486877,0.562386274338,0.812397480011,0.713352799416,0.582607626915,0.361317068338,0.320433974266,0.273134231567,0.293709546328,0.031021423638,-0.062170442194,-0.313194155693,-0.167672917247,-0.188124760985,-0.522458076477,-0.022958405316,-0.046764682978,-0.172863051295,-0.399697691202,-0.178596481681,-0.340968132019,-0.105321384966,-0.428574770689,-0.479488223791,-0.236210629344,-0.471717447042,-0.208374902606,-0.041809160262,-0.808310449123,-0.819587886333,-0.503813087940,-0.650350987911,-0.610163450241,-0.370577812195,-0.281361877918,-0.261992543936,-0.285642415285,-0.067648686469,-0.044258110225,0.054819472134,0.329336643219,0.381295561790,0.096941433847,-0.196039602160,0.256176799536,0.361415863037,0.066607370973,0.009659982286,0.040496192873,-0.002708252287,0.207321241498,0.330398559570,0.318738251925,0.231493830681,0.074863828719,-0.267413139343,-0.372837454081,-0.359032750130,-0.191676765680,-0.257654398680,-0.626787543297,-0.310284197330,-0.061594214290,0.257259279490,0.480813562870,0.233555883169,0.580257475376,0.797938406467,0.496704995632,0.998698890209,1.009976506233,0.451092720032,0.459431529045,-0.023118924350,-0.172702535987,-0.003609630978,-0.270467162132,-0.472697019577,-0.173212900758,-0.440255641937,-0.390519291162,-0.105955228209,0.116738848388,-0.005453547463,0.163462370634,0.225760400295,0.392280876637,0.398499965668,0.042764045298,0.101695284247,0.002296663821,-0.432501286268,-0.487361907959,-0.483941644430,-0.726770579815,-0.799605369568,-0.706092417240,-0.574779212475,-0.237219035625,0.092072345316,0.276542186737,0.175246134400,0.110029943287,-0.036326799542,0.205230370164,-0.173307567835,-0.202398642898,-0.366099745035,-0.752523720264,-0.690320312977,-0.216565504670,-0.460411131382,-0.169051736593,-0.046237848699,0.127954632044,0.250044137239,0.151159986854,0.119866915047,-0.199949681759,-0.075962767005,-0.145175486803,-0.297603160143,-0.247973829508,-0.095196299255,0.041080649942,0.342943757772,0.203970909119,0.436547219753,0.684521079063,0.473618984222,0.584690213203,0.497194796801,0.420124828815,0.515909731388,0.687533855438,0.638764739037,0.411967158318,0.407744258642,0.351607710123,0.152962744236,0.138038545847,0.518078744411,0.696251332760,0.730635404587,0.656644165516,0.433423250914,0.566633880138,0.452829658985,0.197443127632,0.280682772398,-0.062549099326,-0.054070383310,-0.114063516259,-0.144446983933,-0.199398159981,-0.475644022226,-0.282650172710,-0.700309574604,-0.905173599720,-0.467099428177,-0.445371657610,-0.529018819332,-0.425063878298,-0.337239146233,-0.249459668994,-0.166816815734,-0.160819962621,-0.491337865591,-0.467366963625,-0.281473010778,-0.177020087838,-0.277167797089,-0.231316849589,0.063907347620,-0.159844502807,0.013125557452,0.108354784548,0.085840895772,-0.066175200045,-0.063508100808,-0.048781465739,-0.242335066199,-0.415432721376,0.067615762353,-0.046999286860,-0.112046733499,0.244117245078,0.362580657005,0.275097519159,0.503352165222,0.208399608731,0.531755864620,0.465839952230,0.546363115311,0.400327414274,0.350340008736,0.628750801086,0.463917851448,0.503175139427,0.441091150045,0.316248118877,0.470054656267,0.232535153627,-0.011059382930,-0.011676765978,-0.193705901504,-0.102316781878,-0.095533803105,-0.111840941012,-0.293075710535,0.051292158663,-0.155308797956,0.095908351243,0.076164446771,0.182667076588,-0.012956806459,0.013438363560,-0.137054860592,0.034116569906,0.128263324499,0.045896232128,-0.060779273510,-0.285115569830,-0.284605205059,-0.336889296770,-0.401339918375,-0.282522559166,-0.356456190348,-0.411572009325,-0.142808869481,-0.166804462671,0.087989382446,0.015788534656,0.017953488976,0.544082939625,0.462843596935,0.164939969778,0.640485167503,0.039767678827,0.142755344510,0.351414263248,-0.185243636370,-0.234786540270,-0.098312020302,-0.274533629417,-0.347644120455,-0.560357153416,-0.397750854492,-0.524750590324,-0.518947243690,-0.453315347433,-0.147159352899,0.068019114435,-0.045225344598,0.181831568480,0.480072706938,0.213165789843,0.595449149609,0.932317912579,0.603162348270,0.316877871752,0.355476617813,0.065121531487,-0.436263233423,-0.273595213890,-0.565432012081,-0.688846826553,-0.737167298794,-0.770370125771,-0.445630997419,-0.396853595972,0.043797127903,0.430591523647,0.520321965218,0.319569647312,0.534608185291,0.819456279278,0.755553007126,0.455784887075,0.407390266657,0.372199475765,0.149554789066,0.448116987944,0.005255985074,-0.275105744600,-0.214742183685,-0.271759539843,-0.087734200060,-0.506718933582,-0.702873766422,-0.672037601471,-0.668181002140,-0.436744809151,-0.405748069286,-0.600902736187,-0.189367756248,-0.161717236042,-0.256678938866,-0.115681059659,0.162268757820,0.382662057877,0.430636793375,0.447532534599,0.472487121820,0.349949002266,0.339659303427,0.206156447530,0.147900208831,-0.058441448957,-0.218973323703,-0.267684817314,-0.102720141411,-0.150847181678,-0.285531282425,-0.083927005529,-0.302019536495,-0.207654640079,0.240466460586,0.003263896564,0.204082041979,-0.023567557335,-0.341132760048,-0.215100258589,-0.460715681314,-0.246767878532,0.134922817349,-0.245384931564,-0.033231653273,0.305172294378,0.282242685556,0.561587810516,0.496548563242,0.490156590939,0.517654836178,0.385654300451,0.178378328681,-0.227686628699,-0.547338604927,-0.809713900089,-0.894587576389,-0.877222657204,-0.929049909115,-0.701058685780,-0.791402339935,-0.764706730843,-0.331542760134,-0.015002400614,0.168924137950,0.021703060716,0.134428918362,0.589460551739,0.550030410290,0.543457329273,0.797514438629,0.617407441139,0.531154990196,0.665760874748,0.378838390112,0.369923382998,0.607570469379,0.212873563170,-0.029309216887,0.187186330557,-0.171677678823,-0.406497120857,-0.621465682983,-0.298339933157,0.048773236573,0.099851369858,0.386481583118,0.610435128212,0.387115448713,0.519774496555,0.818217337132,0.978008389473,0.698066413403,0.379957914352,0.377665370703,0.412514597178,0.082181870937,-0.354492962360,-0.704664170742,-0.599145233631,-0.783524513245,-0.688583433628,-0.912228286266,-0.680804431438,-0.609739542007,-0.336391270161,0.194586679339,0.106975965202,0.197093263268,0.365412384272,0.132650852203,0.115602858365,-0.124443784356,-0.470157533884,-0.464983880520,-0.518634438515,-0.716662049294,-0.563324689865,-0.409328877926,-0.409472912550,0.024073809385,0.142459020019,0.100682772696,0.400751382113,0.275982439518,0.331653892994,0.410448402166,0.250760287046,-0.000395124953,0.042253673077,-0.238499060273,-0.086244247854,0.299257755280,0.078514620662,-0.069743670523,0.052605126053,0.116249054670,0.087248526514,0.413024961948,0.403978228569,0.176764905453,0.463049381971,0.583439052105,0.554454982281,0.381213277578,0.433312118053,0.236465826631,0.418951809406,0.305888444185,0.208988159895,0.420495271683,-0.082486450672,-0.163713440299,0.113479062915,-0.181070119143,-0.271487891674,-0.165973067284,-0.302254110575,-0.574696898460,-0.504969716072,-0.670000195503,-0.381266772747,-0.210305258632,-0.187993034720,0.117208048701,0.298751503229,0.001020739437,0.238087475300,0.289461970329,-0.045295316726,0.016689913347,-0.191154047847,-0.055033497512,0.019056547433,-0.127069711685,-0.172891855240,-0.038022544235,-0.208518967032,-0.119286581874,-0.138429552317,-0.262033700943,-0.219261407852,-0.206621542573,-0.328818053007,-0.185980379581,-0.207123681903,-0.427290588617,-0.235852554440,-0.213787302375,-0.344907045364,0.103539198637,0.303591787815,0.231617301702,0.543597280979,0.917747676373,0.843694686890,1.043496251106,0.808359801769,0.627009809017,-0.071999169886,-0.149797633290,-0.009627054445,-0.409332990646,-0.414020985365,-0.583369076252,-0.620156824589,-0.312412112951,-0.319232165813,-0.233539432287,-0.143599107862,-0.183589056134,-0.070896118879,0.121015243232,0.284815102816,0.134642943740,0.172360911965,-0.005498822313,0.026177028194,0.224920764565,0.433863669634,0.348845928907,0.073460318148,-0.203505799174,-0.068558290601,-0.128963023424,-0.166923820972,-0.316569149494,-0.077687330544,-0.149941682816,-0.143640264869,-0.414099156857,-0.375286370516,-0.542938709259,-0.419231683016,-0.342219352722,-0.233769908547,0.256748884916,0.306876271963,0.484464347363,0.686842381954,0.445005327463,0.399240821600,0.249179795384,0.034347061068,-0.176427409053,-0.218969196081,0.000679121003,0.162462204695,-0.142508387566,0.283802598715,0.269911497831,0.288297146559,0.135482594371,-0.085355222225,0.092689730227,0.051600847393,-0.073884248734,-0.012549333274,-0.315453767776,-0.346228241920,-0.199653342366,-0.342960238457,-0.477594912052,-0.508270621300,-0.330439716578,-0.278476655483,-0.169763788581,-0.174336537719,0.164009779692,0.222665265203,0.135038062930,0.129860281944,0.217149972916,0.005498822313,0.194133937359,0.309012413025,0.085005372763,0.179086253047,0.200933396816,-0.062116932124,-0.196224808693,-0.271203875542,-0.362728804350,-0.671457231045,-0.579314947128,-0.505722880363,-0.570070624352,-0.526779770851,-0.442309439182,-0.468255996704,-0.162766784430,-0.022065259516,0.388395488262,0.435970991850,0.380949854851,0.661467969418,0.646663129330,0.513563632965,0.511077642441,0.401739150286,0.140693292022,0.210720956326,0.030515169725,0.062425624579,-0.253641396761,-0.057964008301,-0.268248677254,-0.238762497902,-0.157008662820,-0.050501905382,-0.306250631809,-0.275488525629,-0.033593852073,-0.194228604436,-0.222047865391,-0.339782774448,-0.229983314872,-0.181732788682,-0.139985352755,-0.097958058119,-0.268689095974,-0.037602726370,0.095838382840,0.280020117760,0.580467343330,0.431439399719,0.266524136066,0.206596836448,0.167314842343,0.006799442228,0.167615294456,0.116109110415,0.024308416992,-0.182465404272,-0.112408936024,0.096266426146,0.289844721556,0.193537130952,0.430439233780,0.563357651234,0.225509345531,0.042858708650,0.308493793011,0.052255276591,0.103716179729,0.304991185665,-0.139746636152,-0.044780828059,0.113178603351,-0.078341752291,-0.170912116766,-0.030329955742,-0.181131869555,-0.050205565989,-0.225957974792,-0.314968079329,-0.359489619732,-0.190232083201,-0.440358519554,-0.510970652103,-0.150003418326,-0.204991638660,-0.221800908446,0.033355131745,0.163577616215,0.078168883920,0.503862500191,0.476681202650,0.267594248056,0.279497414827,0.449479311705,0.077819034457,-0.090553581715,-0.371483296156,-0.435810476542,-0.587176263332,-0.603051245213,-0.776733279228,-0.635982394218,-0.717382311821,-0.407439678907,-0.332777529955,-0.045402325690,0.260391443968,0.475162446499,0.303003221750,0.030581025407,-0.021242082119,0.182662963867,0.165355667472,0.187560886145,0.274504840374,0.382662057877,0.092389270663,0.415683776140,0.571638822556,0.289387851954,0.282958865166,0.464909762144,-0.155514597893,-0.167244866490,-0.177723899484,-0.459806084633,-0.582603514194,-0.684681534767,-0.863804936409,-0.462069839239,-0.489625662565,-0.658467471600,-0.485489189625,-0.309325218201,0.039635971189,0.243450477719,0.201188579202,0.066442728043,0.048966683447,0.127135574818,0.232950851321,-0.073061071336,0.033643241972,0.347989857197,-0.036149814725,0.045830376446,-0.010388493538,-0.084223352373,0.051242768764,0.160684153438,0.245413750410,0.337959438562,0.418865352869,0.390552192926,0.254028290510,0.216450273991,0.046270780265,0.094146750867,0.557426631451,0.056980308145,0.159889787436,0.397812634706,0.457521766424,0.235885486007,0.473742485046,0.194998279214,0.237618267536,0.253015816212,0.033482722938,-0.360469222069,-0.225875645876,-0.406756460667,-0.666896820068,-0.607097148895,-0.741488993168,-0.432925224304,-0.306390583515,-0.382052898407,-0.171669438481,-0.199900299311,0.098954103887,0.651643335819,0.327645033598,0.458855301142,0.733565926552,0.525705516338,0.371874332428,0.218051344156,0.068401895463,-0.151966705918,0.216442048550,0.308333277702,0.151365786791,-0.141092538834,-0.097163692117,-0.293137431145,-0.397285789251,-0.231440335512,-0.205041036010,-0.538740515709,-0.172467917204,0.003444995731,-0.172295063734,0.012965037487,0.172883629799,0.385654300451,0.622354686260,0.354966253042,0.080918297172,0.100530482829,-0.065759494901,-0.050868224353,0.044760249555,-0.029177507386,0.112474791706,-0.001020739437,-0.195129975677,-0.185721084476,-0.126588165760,-0.295187145472,-0.404752016068,-0.367038130760,-0.372063666582,-0.631006300449,-0.699568688869,-0.429871261120,-0.523701071739,-0.605808854103,-0.329200834036,-0.395783513784,-0.628857791424,-0.247525200248,-0.071595817804,-0.105148516595,0.094599492848,0.752272605896,0.651540458202,0.810755252838,0.851893544197,0.528076291084,0.099612638354,0.100645735860,0.058062788099,0.292380124331,0.051271576434,-0.102975323796,-0.282666623592,-0.498664170504,-0.218932151794,-0.425430208445,-0.413683474064,-0.133021280169,-0.277340650558,0.022361604497,0.242684915662,0.285119712353,0.235268101096,0.414255589247,0.605977594852,0.596284747124,0.862067997456,0.683924257755,0.291478723288,0.499507904053,0.534081339836,0.274360775948,-0.097990982234,-0.096237622201,-0.339807480574,-0.525191068649,-0.721144258976,-0.802630484104,-0.668983578682,-0.717402815819,-0.917854726315,-0.560184299946,-0.562349200249,-0.686990618706,0.032980587333,0.333431959152,0.279727876186,0.389790773392,0.447602450848,0.354361206293,0.321392983198,0.655487596989,0.837154507637,0.524351358414,0.569864869118,0.592794477940,0.652972757816,0.422619074583,0.459571510553,0.507698535919,0.157136246562,-0.000823176932,-0.361358225346,-0.581780314445,-0.920357108116,-1.031457185745,-0.927913904190,-1.004629850388,-0.926810801029,-0.666468799114,-0.471700996161,-0.240231856704,-0.167306602001,0.153699487448,0.335876792669,0.010277364403,0.463707953691,0.363551974297,0.217734426260,0.280044823885,-0.048653874546,-0.028630096465,-0.413560003042,-0.782466769218,-0.502442538738,-0.588094115257,-0.778865337372,-0.227011635900,-0.312564402819,-0.293639570475,-0.231786072254,-0.241293743253,-0.053551778197,-0.108256004751,-0.056268263608,0.007655545603,0.130724623799,0.260873019695,0.149563029408,0.508550524712,0.809014260769,0.642275631428,0.949308276176,0.611682236195,0.299640536308,0.536373913288,0.571461796761,0.535065054893,0.248891681433,0.218220114708,0.044628538191,0.181156560779,-0.167491823435,0.003823657054,-0.258275896311,-0.187721401453,0.065401412547,0.047830697149,-0.009289552458,0.243434011936,0.557928800583,0.435081958771,0.925991773605,0.900432169437,0.650857210159,0.557220876217,0.520437180996,0.157934725285,-0.185132503510,-0.079481855035,-0.111227668822,0.172970071435,0.124859482050,0.007486794610,-0.221199989319,-0.654063463211,-0.666835069656,-0.480035662651,-0.496914893389,-0.254933804274,-0.434065341949,-0.625301718712,-0.624153375626,-0.591279804707,-0.283148199320,-0.165166348219,-0.374557882547,0.128189235926,0.461678832769,0.112178444862,0.336868733168,0.213149338961,-0.039170876145,0.081148780882,0.160268440843,0.167952790856,0.104502320290,-0.072180271149,-0.350965619087,-0.419264614582,-0.153563663363,-0.043969996274,-0.069196254015,-0.043101545423,0.187556743622,0.351414263248,0.266536474228,0.131218537688,0.193137884140,0.170163035393,0.073015801609,0.217158198357,0.540691435337,0.501372396946,0.545437097549,0.146257966757,0.182979896665,0.441976070404,0.401652753353,0.399459004402,0.359254986048,0.109416685998,-0.047365605831,0.168936491013,0.131284385920,-0.263861149549,-0.243648052216,0.097760498524,-0.327089369297,-0.239165842533,-0.164334937930,-0.369141399860,-0.527405381203,-0.414444923401,-0.533274650574,-0.557426631451,-0.367997139692,-0.070303432643,-0.253431499004,-0.076921768486,0.343211293221,0.322677135468,0.209868967533,0.141808688641,0.225093618035,0.096624515951,-0.264511466026,-0.250274628401,-0.238066911697,-0.174871608615,-0.375590950251,-0.617695569992,-0.603742718697,-0.764846682549,-0.731466829777,-0.641826987267,-0.484023958445,-0.012158323079,0.124773055315,0.051995974034,0.676639139652,0.661101698875,0.518058180809,0.915146410465,0.494502991438,0.318026214838,0.724976062775,0.349965453148,0.050641849637,0.147891968489,-0.166376411915,-0.202147573233,-0.234251469374,-0.439699977636,-0.300624251366,-0.498244315386,-0.767736017704,-0.583760082722,-0.593049585819,-0.257905483246,-0.043027460575,0.133766263723,0.223731264472,0.429875373840,0.314416557550,0.261729121208,0.801029443741,0.802293002605,0.863541424274,0.733668863773,0.448820799589,0.425533115864,0.196278318763,-0.339593440294,-0.353249937296,-0.528784215450,-0.922159910202,-0.666781604290,-0.481402158737,-0.365762233734,-0.317503482103,-0.308329164982,-0.150740176439,0.179148018360,0.041035372764,0.526516318321,0.576870083809,0.145212531090,0.200661733747,0.197253778577,0.224517405033,-0.091767773032,-0.163845151663,-0.457274824381,-0.498869955540,-0.222233086824,-0.196772217751,-0.280102431774,-0.034701026976,-0.461670607328,-0.623642981052,-0.303007334471,-0.053815193474,-0.345734328032,-0.361955016851,-0.459756672382,-0.318392515182,-0.529286324978,-0.574449956417,-0.199809744954,-0.167565912008,-0.260189771652,0.081317536533,0.108251884580,0.045488759875,0.444840729237,0.471425205469,0.488004028797,0.529253363609,0.323224544525,0.351484209299,0.495750099421,0.180856093764,0.133527532220,-0.004366953857,-0.049423545599,-0.011417465284,0.119438864291,0.252620667219,0.188507512212,0.630343616009,0.471519887447,0.384086132050,0.606965422630,0.899781823158,0.615053117275,0.761422276497,0.773086667061,0.586587727070,0.772662699223,0.866710662842,0.320372253656,0.281781733036,0.225484639406,-0.310955107212,-0.117475584149,-0.225826248527,-0.614625096321,-0.740558803082,-0.466560274363,-0.698918402195,-0.716917216778,-0.390428721905,-0.282279729843,-0.482138872147,-0.075320698321,0.053329519928,0.093953296542,0.258280009031,0.185498818755,0.058350898325,0.121381565928,0.047937713563,-0.228061184287,-0.546313762665,-0.435497671366,-0.836627721786,-0.839438796043,-0.566526830196,-0.801572680473,-0.573935449123,-0.195064127445,-0.328097760677,-0.214688673615,0.338782608509,0.039648320526,0.321335375309,0.379953801632,0.184111759067,0.415338069201,0.559266448021,0.178193137050,0.250793218613,0.316651493311,0.290396243334,0.130094885826,-0.211519435048,-0.081157021224,-0.171360746026,-0.208230853081,-0.051567923278,-0.019068894908,0.294981360435,0.309045314789,0.198719039559,0.548832654953,0.167018488050,0.305229902267,0.539604842663,0.279369801283,0.576487302780,0.324269980192,-0.023509934545,0.186811774969,-0.249714851379,-0.108593508601,-0.007898382843,-0.171035602689,-0.216919466853,-0.393519759178,-0.452208161354,-0.277583509684,-0.080634303391,0.226340740919,0.335156500340,0.288667589426,0.125703245401,0.242516174912,0.070612125099,-0.257810801268,-0.082321815193,0.166648060083,-0.112491250038,-0.118051804602,-0.442799240351,-0.203139498830,-0.004243477248,0.082968004048,-0.176427409053,-0.220072254539,-0.377270251513,-0.174900427461,-0.383534610271,-0.405822128057,-0.368910878897,-0.152028441429,-0.255588203669,0.033956050873,0.053761690855,0.048279330134,0.328990906477,0.162482783198,0.210445210338,0.449438184500,0.415045827627,0.256699502468,0.320339322090,0.321928054094,-0.158613860607,-0.350479930639,-0.111672185361,-0.186754152179,-0.269627511501,-0.380060821772,-0.165063440800,0.055465668440,0.022810235620,0.181473478675,0.421730041504,0.105638302863,0.153831198812,0.526471078396,0.248438939452,-0.019035967067,-0.159807473421,-0.375315189362,-0.223994687200,-0.482245892286,-0.556681692600,-0.313391715288,-0.183004587889,-0.205226257443,-0.135737776756,-0.245030969381,-0.276546329260,-0.078930325806,-0.186029776931,-0.248052030802,-0.236095383763,-0.141425922513,-0.105156742036,-0.295705765486,-0.388284355402,0.000473326741,-0.065269701183,-0.029856627807,0.167775809765,0.493733316660,0.317305922508,0.273698091507,0.196405917406,0.237297222018,-0.010182699189,-0.189849302173,-0.151802062988,-0.339943289757,-0.503426194191,-0.254102379084,-0.215079694986,-0.091800697148,-0.060330640525,0.196043714881,0.200941622257,-0.036125119776,-0.047950062901,0.296088546515,-0.029029337689,-0.006840600632,-0.061590101570,-0.028716526926,-0.209305107594,-0.015735028312,0.166137695313,0.197533667088,0.427706301212,0.326064527035,0.296817034483,0.244372427464,0.126785725355,0.047081608325,-0.071044288576,-0.202456250787,-0.116652406752,-0.039479568601,-0.387592911720,-0.376587003469,-0.201678365469,-0.296154379845,-0.109610132873,0.207934498787,0.019459903240,0.139026358724,0.193269610405,0.141841635108,0.375780284405,0.389650821686,0.310399472713,0.368729770184,0.081918455660,0.074386388063,-0.043809477240,0.004099421203,-0.111729815602,-0.126345321536,0.029132232070,0.118195869029,0.213272795081,-0.008890311234,0.100818604231,0.170866847038,0.165322750807,0.097237780690,0.137133061886,0.141458839178,-0.038598768413,0.212832406163,0.237996920943,0.102884776890,0.204156115651,0.222920447588,-0.032338507473,-0.057416595519,-0.118833832443,-0.465839952230,-0.510262727737,-0.332719892263,-0.506080985069,-0.469243824482,-0.406978696585,-0.413000226021,-0.691588044167,-0.450590610504,-0.181308850646,-0.157300889492,-0.195253461599,-0.312498569489,-0.325533568859,-0.153217926621,-0.448285698891,-0.375920265913,-0.411131650209,-0.662344634533,-0.680927872658,-0.753379762173,-0.735142290592,-0.497495234013,-0.056399971247,0.166294097900,0.563736259937,0.766999244690,0.877527236938,0.938652217388,0.792542457581,0.632257580757,0.853502810001,0.737093269825,0.695761561394,0.680845558643,0.238811880350,0.022645598277,-0.392309695482,-0.258242964745,-0.283592700958,-0.615081965923,-0.647296965122,-0.607442915440,-0.404727280140,-0.365206569433,-0.371845513582,0.102411448956,0.389247447252,0.706071853638,0.731713831425,0.437880754471,0.496009409428,0.728042423725,0.536056995392,0.420705199242,0.389202207327,0.678050875664,0.084754303098,-0.402492374182,0.026028856635,-0.165088146925,-0.316910773516,-0.078708067536,-0.661710798740,-0.627437829971,-0.348985880613,-0.282448500395,-0.223965883255,0.050967004150,0.289943516254,0.232255265117,0.014623739757,0.389309227467,0.218993887305,0.231279820204,0.367400348186,0.032708935440,0.081152901053,0.277200728655,-0.053374797106,0.111421115696,0.052152380347,-0.163524106145,-0.051674932241,0.005581140053,-0.310543537140,-0.541946828365,-0.657652556896,-0.597457766533,-0.395614743233,-0.485974878073,-0.641403019428,-0.535546600819,-0.548882067204,-0.326739519835,0.081399857998,0.336815208197,0.280102431774,0.574491083622,0.571083128452,0.157984122634,0.311794757843,0.088820800185,-0.208588927984,-0.402348339558,-0.648111939430,-0.760582566261,-0.668378531933,-0.650050520897,-0.537267029285,-0.222508862615,-0.129181161523,-0.103765569627,0.042969837785,-0.165833115578,0.026670934632,0.274998754263,0.150447934866,0.238811880350,0.393309861422,0.280534595251,0.197858810425,0.333818823099,0.462086290121,0.545025467873,0.517156839371,0.662583410740,0.488032817841,0.333012133837,0.219430178404,0.325747609138,-0.062178671360,-0.164079755545,-0.371458619833,-0.367404460907,-0.597787022591,-0.556681692600,-0.605858266354,-0.485682636499,-0.396713674068,-0.291696876287,-0.024934029207,-0.036425583065,0.162577450275,0.288441210985,0.382489174604,0.419149369001,0.391264230013,0.200521782041,0.143599107862,-0.154300406575,-0.042356569320,-0.274570673704,-0.186445474625,-0.115006051958,-0.000465094985,-0.136499196291,-0.456089466810,-0.352825999260,-0.371763199568,-0.269178867340,-0.201077446342,-0.049518208951,-0.071958012879,-0.444585531950,-0.147389829159,0.060820430517,0.136326327920,0.685504734516,0.719868242741,0.509760558605,0.646630227566,0.484740108252,0.597404241562,0.217059418559,-0.091924175620,-0.248068496585,-0.607282340527,-0.521770715714,-0.485345155001,-0.395231962204,-0.470071107149,-0.586373627186,-0.253908932209,0.101168453693,0.213351011276,-0.029210435227,-0.147476270795,-0.347557663918,-0.152279511094,0.092483930290,-0.162622720003,-0.481385648251,-0.451454937458,-0.364539802074,-0.250233471394,-0.181103050709,0.241837039590,0.252879977226,0.334572046995,0.466988295317,0.419227570295,0.262231260538,0.131798863411,-0.116125576198,0.247327625751,0.382085800171,0.035511855036,-0.242664352059,-0.203188896179,-0.276657432318,-0.182062044740,-0.295524656773,-0.137482911348,-0.151559233665,-0.066673219204,-0.290828436613,-0.120805338025,-0.410287857056,-0.361275941133,-0.005169551354,0.200007304549,0.249249756336,0.308609068394,0.397899061441,0.518280446529,0.400767832994,0.444231599569,0.538584113121,0.286938905716,0.095834262669,-0.023402921855,-0.230370193720,-0.296985805035,-0.444877773523,-0.436555474997,-0.324879139662,-0.401525139809,-0.223928838968,0.056153018028,0.116471312940,0.194080427289,0.496104061604,0.434974968433,0.640048921108,0.647605717182,0.157794803381,0.042698189616,0.154353916645,-0.045163605362,-0.371532708406,-0.415226936340,-0.240248307586,-0.693209707737,-0.697630107403,-0.483217239380,-0.531146705151,-0.439502418041,-0.464419990778,-0.293334990740,-0.158144652843,-0.163841024041,0.121291011572,-0.004770310596,0.257106989622,0.623301386833,0.425384938717,0.254283487797,0.375702083111,0.339272409678,0.259630024433,0.311877042055,0.250994890928,0.122077152133,0.153399020433,0.179481387138,-0.231444448233,-0.311716526747,-0.271331489086,-0.422594368458,-0.205502003431,-0.262371182442,-0.396462619305,-0.077856078744,0.114824958146,0.137931540608,0.243643939495,0.235856667161,0.474689126015,0.418334424496,0.218709886074,0.116133801639,0.100094206631,-0.088545024395,0.078535199165,0.163067236543,-0.253517925739,0.074666269124,0.214882135391,0.144216492772,0.360419809818,0.187552630901,0.254810333252,-0.034005440772,-0.349858433008,-0.350475817919,-0.055782586336,-0.584484457970,-0.755404770374,-0.677441716194,-0.379204690456,-0.490638166666,-0.250200539827,-0.085433423519,0.125546842813,0.141701683402,0.457307755947,0.407945930958,0.712990581989,0.944323956966,0.585871517658,0.017035648227,0.181584611535,0.047262705863,-0.078144192696,-0.387403577566,-0.683072268963,-0.643835544586,-0.370758920908,-0.284601092339,-0.186050340533,-0.141524702311,0.197010949254,0.379295229912,0.567214190960,0.791579306126,0.850189507008,0.813842117786,0.969517290592,1.258822798729,0.929058134556,0.770855844021,0.614378154278,0.532665491104,-0.064364209771,-0.266021966934,-0.316688537598,-0.628475070000,-0.596371173859,-0.618691623211,-0.349306941032,-0.425796538591,-0.435337126255,-0.343285381794,-0.447590112686,-0.396553158760,-0.231839567423,0.002033247147,0.115429989994,-0.001592847519,0.241133227944,0.187914848328,0.007013467606,-0.254324644804,-0.356871902943,-0.192722201347,-0.179201513529,-0.391926914454,-0.362099081278,-0.479414165020,-0.256049185991,-0.010470811278,0.012240641750,0.245800644159,0.333740651608,0.390231162310,0.444412648678,0.078584589064,0.080803051591,0.012668693438,0.081103511155,-0.235296905041,-0.458135038614,-0.665102303028,-0.597894012928,-0.547231614590,-0.331308156252,-0.442391753197,-0.628623187542,-0.637719333172,-0.325776398182,-0.196961551905,-0.211856946349,0.033433333039,-0.083013281226,-0.025777786970,0.042521208525,0.131218537688,0.219496026635,-0.026568038389,-0.052576314658,-0.101217843592,0.162314042449,0.292182534933,0.005000799894,0.266153693199,0.443647116423,0.346236467361,0.386263430119,0.470939576626,0.432521879673,0.413275986910,0.526421666145,0.375767946243,0.318664133549,0.569284498692,0.520005047321,0.397668570280,0.114318706095,-0.217133507133,-0.353480398655,-0.260103344917,-0.554125726223,-0.257983654737,-0.069681927562,-0.375010609627,-0.051909539849,-0.203608706594,-0.225920915604,0.132741406560,0.240828663111,0.294458627701,0.056432895362,-0.263050317764,0.063697434962,0.109070949256,-0.259675294161,-0.214816257358,-0.308880686760,-0.367754340172,-0.058490838856,0.009976904839,-0.019114170223,-0.227320328355,-0.142705962062,0.310539394617,0.249583154917,0.095381520689,0.231530889869,0.366429001093,-0.048880249262,-0.241816475987,-0.239186421037,-0.499783664942,-0.952214121819,-0.786055862904,-0.699758052826,-0.840117931366,-0.531467795372,-0.226060867310,-0.243141770363,-0.035828776658,0.415309280157,0.084141038358,0.344783544540,0.650268673897,0.636270523071,0.756326794624,0.474433958530,0.576540827751,0.748181462288,0.657516717911,0.697169184685,0.443758249283,0.161910682917,0.297175109386,-0.006651270203,-0.038108978420,-0.118282303214,-0.393490970135,-0.522750318050,-0.433476775885,-0.506710708141,-0.357513993979,-0.271282076836,-0.055054079741,0.259638249874,0.483385980129,0.229534685612,0.370046883821,0.462790101767,0.614077687263,0.227937698364,0.143599107862,0.033849038184,-0.346462845802,-0.384057343006,-0.351582974195,-0.523128986359,-0.233185470104,-0.416416436434,-0.439432471991,0.153654217720,0.381369650364,0.250151127577,0.486691057682,0.524339020252,0.103584475815,0.003605515230,0.246541514993,-0.168533146381,-0.154271587729,-0.098139159381,-0.421812355518,-0.245306745172,-0.061865866184,-0.078345872462,-0.140421643853,-0.079765848815,0.173476323485,0.585040092468,0.269466996193,0.242129281163,0.320553332567,0.126172453165,-0.189384207129,-0.114606812596,-0.176394492388,-0.290643215179,-0.144245296717,-0.096562772989,-0.225196510553,-0.170619890094,-0.269174754620,0.080646649003,-0.193961083889,0.001810989343,0.529887259007,0.327698528767,0.260852456093,0.386568009853,0.320742666721,0.250583320856,0.260305017233,0.473911195993,0.498610645533,0.343227744102,0.559813857079,0.591856002808,0.178308367729,0.317153632641,0.503096938133,0.265758574009,0.230127349496,0.103860244155,0.220994204283,0.079160816967,-0.101106710732,-0.121521495283,-0.118990235031,-0.002461299300,-0.019023619592,-0.104432351887,-0.124711304903,-0.079617679119,-0.073522046208,0.030535748228,-0.157428488135,0.045702785254,0.158251658082,-0.024859946221,-0.194529056549,-0.089014239609,-0.074662148952,-0.027436489239,-0.096710950136,0.325537681580,0.120192065835,0.078564010561,0.067117735744,-0.248405992985,-0.397125273943,-0.448137551546,-0.310885131359,-0.451380848885,-0.656282007694,-0.605582475662,-0.489971369505,-0.533324003220,-0.276163518429,0.081889644265,0.137758672237,0.042154893279,0.183589056134,0.277377724648,0.070431023836,0.130794599652,0.345388621092,0.197867050767,0.256209731102,0.256427854300,-0.125452175736,-0.008174147457,-0.328422904015,-0.231152206659,0.194422051311,-0.063409321010,0.019990852103,0.234658941627,0.152962744236,-0.171204358339,0.171648874879,0.049011956900,-0.236790969968,0.405566960573,0.561941742897,0.418684244156,0.499960660934,0.592119455338,0.720991909504,0.739990890026,0.513016283512,0.229254797101,0.311103284359,-0.059091761708,-0.282172709703,-0.202608540654,-0.491202056408,-0.697527229786,-0.586793482304,-0.835380554199,-0.747280120850,-0.375018835068,-0.374101012945,-0.100386440754,-0.034663982689,-0.073065191507,0.254526317120,0.255740493536,0.443828225136,0.531171441078,0.532599627972,0.475648134947,0.374607264996,0.179954722524,0.004827932920,-0.183066323400,-0.110388033092,-0.344334930182,-0.226595938206,-0.756713688374,-1.197664856911,-1.115861654282,-1.022871494293,-0.892076909542,-0.556405901909,-0.393939554691,-0.367947787046,-0.273023098707,-0.042443003505,0.415683776140,0.311461359262,0.364029437304,0.598453819752,0.407073378563,0.304698944092,0.606763780117,-0.015158803202,-0.109815925360,0.145175486803,-0.092199936509,-0.115718111396,-0.317408800125,-0.419560939074,-0.044216953218,-0.387963294983,-0.088326893747,0.298492223024,0.457184284925,0.759837627411,0.723836004734,0.933820188046,0.972381949425,0.697086870670,0.954922318459,0.953967511654,0.588258743286,0.474553316832,0.287045925856,-0.254608631134,-0.132008776069,0.212070971727,-0.098423160613,-0.511855542660,-0.582006752491,-0.582002580166,-0.592815041542,-0.518259882927,-0.443560689688,-0.285276114941,-0.303204894066,-0.106243342161,-0.394820362329,-0.216458499432,-0.032638967037,-0.224299252033,0.123159624636,0.493930876255,0.318219661713,0.467169404030,0.373331367970,0.184247583151,0.286831915379,-0.146484345198,-0.152283623815,-0.120595425367,-0.365708708763,-0.378739625216,-0.330530256033,-0.165273353457,-0.070591539145,0.319758981466,0.262379437685,0.125135242939,0.207041352987,0.127213776112,-0.051135752350,-0.156675279140,0.033342782408,-0.008194726892,-0.112507715821,-0.064133718610,-0.233296588063,-0.188301727176,0.333897054195,0.299776375294,0.195681512356,0.287634491920,0.370199143887,0.217726200819,0.127287864685,0.096780918539,0.152477070689,0.044007040560,-0.077535040677,0.069307386875,-0.121821969748,-0.103090569377,0.099970728159,0.133778601885,0.455188065767,0.476076185703,0.345726102591,0.250924944878,0.308600813150,0.326126247644,0.008700980805,0.264820158482,0.191252827644,0.201653659344,0.101106710732,0.032412596047,-0.019657466561,-0.378340393305,-0.371557414532,-0.165894865990,-0.347594708204,-0.575721740723,-0.265219390392,-0.215622976422,-0.229114845395,0.194257423282,0.196669325233,0.182428374887,0.349973678589,0.365782827139,0.542605340481,0.748831748962,0.702202916145,0.755178451538,0.473347365856,0.400829553604,0.312342166901,0.021670132875,0.026275809854,0.266540586948,0.281938135624,0.265589833260,0.177197083831,-0.165956586599,0.033635012805,0.135890051723,-0.144216492772,-0.057066742331,-0.072460152209,-0.185284793377,-0.366560727358,-0.462156236172,-0.608648836613,-0.669440448284,-0.884614825249,-1.051102399826,-1.018636226654,-0.980667173862,-0.759590685368,-0.468786954880,-0.586760520935,-0.120019204915,0.384596526623,0.432587742805,0.740060746670,1.002720117569,0.948744416237,0.988339245319,0.984223306179,0.604705810547,0.265721529722,0.154716104269,0.095093406737,-0.300578951836,-0.361098945141,-0.424084335566,-0.283304601908,-0.381196767092,-0.772271692753,-0.572342634201,-0.307580083609,-0.346973210573,0.014183338732,-0.377838253975,-0.158049985766,0.378772526979,0.271454960108,0.423545122147,0.265585720539,0.346388757229,0.352714896202,0.499096333981,0.358884602785,0.036680769175,0.213009387255,0.175834715366,-0.486258864403,-0.324278235435,-0.108470030129,-0.343923330307,-0.329542458057,-0.291758626699,-0.184819713235,-0.108910433948,-0.203695133328,0.501063704491,0.494663536549,0.276546329260,0.388486057520,0.407851278782,-0.054494317621,-0.145006746054,-0.093208335340,-0.324430495501,-0.263877600431,-0.083354897797,-0.358279556036,-0.395433634520,-0.587369680405,-0.157811254263,-0.099221639335,-0.170031324029,-0.500977277756,-0.467934936285,-0.509612381458,-0.586719393730,-0.361506402493,-0.308135718107,-0.671222627163,-0.644156575203,-0.421614795923,-0.117730766535,-0.080873019993,0.027457067743,0.358102560043,0.617831349373,0.878375172615,1.176645040512,1.271615028381,1.111527562141,1.144158363342,0.965100944042,0.461802303791,0.444980651140,0.064113140106,-0.443058550358,-0.314585328102,-0.433995366096,-0.547062814236,-0.215343102813,-0.501985669136,-0.490362405777,-0.066520936787,-0.201394364238,0.067825667560,-0.010623098351,0.090388946235,0.347248971462,0.574968516827,0.702886104584,0.861701607704,0.747856318951,0.588715612888,0.357847362757,0.269166529179,0.218092516065,0.182823479176,-0.001996204257,-0.384419530630,-0.455875396729,-0.631018638611,-0.763307332993,-0.738183975220,-0.644296467304,-0.561962366104,-0.358460634947,0.087371997535,0.272171139717,0.009050831199,0.094142638147,0.075925730169,-0.228604480624,-0.220570281148,-0.139870122075,-0.201303809881,-0.395598292351,-0.384489476681,-0.584068775177,-0.438650459051,-0.547861337662,-0.305411010981,0.008503418416,0.128094568849,0.094443097711,0.136597990990,0.206135854125,0.082634620368,0.273846268654,0.546828269958,0.171768218279,0.113174490631,0.317507594824,0.233037292957,-0.193689420819,0.109519578516,0.331748545170,0.430204629898,0.547141075134,0.218335345387,0.155168861151,0.400722533464,0.432332545519,0.318705320358,0.209827810526,0.102559626102,0.038479406387,-0.102341480553,-0.020036127418,-0.283687382936,-0.250492751598,-0.193672955036,-0.215392500162,-0.064541190863,-0.034803923219,-0.297837793827,-0.151658013463,-0.366704761982,-0.554438531399,-0.236177712679,-0.113808333874,-0.208424299955,-0.068393662572,0.053856350482,0.012467014603,0.253954201937,0.359604865313,0.416354686022,0.510238051414,0.529632031918,0.357806235552,0.277394175529,0.137322381139,-0.054202087224,-0.143887221813,-0.340964019299,-0.380772858858,-0.312416255474,-0.445758581161,-0.551363945007,-0.538678765297,-0.348421990871,-0.540967226028,-0.544259905815,-0.549532353878,-0.427315294743,-0.650906622410,-0.491667121649,-0.370141535997,-0.232782110572,-0.197541907430,0.051111057401,0.221698015928,0.147315755486,0.185404151678,0.263363122940,0.205337375402,0.145027324557,0.211572945118,0.421952277422,0.247377023101,0.221866786480,0.283321052790,0.221611604095,0.025748975575,-0.298644483089,-0.092265792191,-0.072851166129,0.035046759993,0.208045631647,0.391984552145,0.331867903471,0.536657869816,0.667654156685,0.700387775898,0.708730638027,0.702244043350,0.707092583179,0.705639600754,0.497071325779,0.423331111670,0.164425492287,-0.011088194326,-0.098209127784,-0.054761849344,-0.248936951160,-0.576586067677,-0.508081316948,-0.601606547832,-0.615143716335,-0.576318562031,-0.183885395527,-0.271537274122,-0.137581691146,0.002807033481,-0.038174830377,-0.066640287638,0.297187477350,0.224480360746,0.014162760228,0.231983631849,-0.120237343013,-0.074851483107,-0.157078623772,-0.555059969425,-0.607751548290,-0.676322221756,-0.843571186066,-0.969282686710,-1.052053093910,-1.088746309280,-0.980276226997,-0.733495950699,-0.719127357006,-0.734981775284,-0.440358519554,-0.423224091530,-0.063874416053,0.214610472322,0.124489061534,0.441054105759,0.465313136578,0.473285615444,0.631475508213,0.573309838772,0.532208621502,0.528454899788,0.492893695831,0.337156832218,0.045324124396,-0.001679281006,-0.202999562025,-0.231185153127,-0.279122859240,-0.280711591244,-0.179814770818,-0.441564470530,-0.135766580701,0.103226386011,0.040895432234,0.339037775993,0.524129152298,0.608455359936,0.850374758244,1.130851745605,1.247491717339,0.893085241318,0.884795904160,0.764196336269,0.279884308577,0.080819517374,-0.264840722084,-0.414053916931,-0.678655922413,-1.008091330528,-1.142022252083,-0.734216213226,-0.578574061394,-0.219158515334,-0.105461314321,-0.169142290950,0.241211444139,0.610373377800,0.535596013069,0.677149534225,0.569354474545,0.699564635754,0.737965762615,0.461246639490,0.059758532792,0.044640887529,0.203016027808,0.088125213981,-0.384752929211,-0.387872755527,-0.459221631289,-1.107090711594,-0.810607075691,-0.887808740139,-0.885705530643,-0.634274363518,-0.623655319214,-0.368676275015,-0.281139642000,-0.054531361908,0.034614592791,0.005437084008,0.065767720342,0.410510122776,0.690435588360,0.434094160795,0.030766239390,0.576199173927,0.234918236732,-0.167561799288,0.026839684695,0.107408128679,-0.227970629930,-0.360032916069,-0.220323324203,-0.360308676958,-0.213614419103,-0.029691994190,0.146155074239,0.123406574130,0.263276696205,0.328793346882,0.108235418797,-0.017834128812,0.158148765564,0.488432049751,0.047834813595,-0.226616501808,-0.208210274577,-0.437370389700,-0.072612442076,-0.097344800830,-0.184951394796,-0.274270236492,-0.269569903612,-0.216701343656,-0.276060640812,-0.057684127241,0.000889031158,0.092837899923,0.197389617562,0.340017378330,0.137672230601,0.272434532642,0.469717115164,0.522754430771,0.360391020775,0.232152372599,0.105732969940,0.121587358415,0.196389451623,0.102205656469,0.342445760965,0.269857972860,0.141775771976,0.323759615421,0.145027324557,0.080613717437,0.290408611298,0.253435611725,0.121599704027,0.331872016191,0.302060663700,-0.148422926664,-0.271240919828,-0.356036394835,-0.803140878677,-0.715027987957,-0.839175403118,-0.970850765705,-0.701169788837,-0.872011959553,-0.816661536694,-0.415807276964,-0.317400574684,-0.174669921398,0.002864656039,-0.218108966947,0.137688696384,0.216228023171,0.037820868194,0.281049072742,0.371450394392,0.298479855061,0.166359946132,0.220014631748,-0.031395968050,0.060528203845,0.200171932578,0.051477376372,-0.173747971654,0.044402167201,-0.012273568660,-0.220158681273,-0.405315876007,-0.474512130022,-0.464020729065,-0.286642581224,-0.333621263504,-0.237671777606,-0.000107013002,0.016204239801,-0.045575194061,0.416544020176,0.435106664896,0.388889402151,0.683656692505,0.666559338570,0.280542850494,0.195751488209,0.206963166595,0.395771175623,0.377871155739,0.593502402306,0.551845490932,0.462888896465,0.468107819557,0.264766633511,0.126135408878,-0.329694747925,-0.620502591133,-0.352463781834,-0.878453254700,-0.931638777256,-0.712541937828,-0.890800952911,-0.813619852066,-0.290375679731,-0.423536896706,-0.131099164486,0.322257339954,0.422055184841,0.198286876082,0.307485401630,0.369713455439,0.051399167627,0.251678138971,0.171163186431,-0.065763607621,0.032437290996,-0.230431944132,-0.343116641045,-0.355929374695,-0.345890730619,-0.298381090164,-0.052720367908,0.019686277956,0.117776043713,0.284749269485,0.415741413832,0.379114180803,0.716563224792,0.442581087351,0.300550132990,0.669473409653,0.634286701679,0.327159345150,0.536345124245,0.044690277427,0.063639812171,0.365515261889,-0.224398031831,-0.081506870687,-0.079370722175,-0.256790041924,-0.421717703342,-0.258354097605,-0.042134314775,-0.233580589294,-0.324916183949,-0.294977247715,-0.490831613541,-0.406818151474,-0.142265558243,-0.242248654366,-0.154724344611,-0.029901904985,0.046188458800,-0.058046326041,-0.090096727014,0.146801263094,-0.089837417006,0.081222869456,-0.002753526904,-0.178802281618,-0.033980745822,0.006852948107,0.074884414673,-0.006383737549,0.216763079166,0.399784147739,0.422717839479,0.546536028385,0.411061644554,0.706191182137,0.457036077976,0.327451586723,0.296796470881,0.157465532422,0.208807080984,0.352636665106,0.202867865562,0.180308684707,0.305303990841,0.173871442676,-0.170936822891,-0.233350098133,-0.340556561947,-0.442000746727,-0.635990679264,-0.752997040749,-0.624511480331,-0.675762474537,-0.601355493069,-0.215915203094,-0.262297123671,-0.082498796284,0.270051449537,0.444651395082,0.673214673996,0.731046974659,0.791513502598,0.959700882435,0.812430441380,0.344944089651,0.072032101452,-0.348298519850,-0.625272929668,-0.833944141865,-0.631837725639,-0.938401222229,-1.096541762352,-0.818139135838,-0.601948201656,-0.419635057449,0.079658836126,0.073941871524,0.094710633159,0.390494585037,0.543358564377,0.542498290539,0.470647335052,0.353270500898,-0.018385658041,0.056955613196,-0.007198682521,0.085606291890,-0.043657191098,-0.293590188026,-0.572680115700,-0.460077732801,-0.249447315931,-0.289799451828,-0.265161752701,0.138837024570,0.198451504111,-0.025427937508,0.124501399696,0.170422330499,0.303958088160,0.147406294942,0.229201287031,0.319079875946,-0.030354650691,-0.155078306794,0.138664156199,-0.018965996802,-0.118706241250,0.231156334281,0.211070805788,0.132646739483,-0.179658383131,-0.201295584440,-0.053490038961,0.105461314321,0.044311620295,0.360321015120,0.022089954466,0.059425145388,0.229156017303,-0.197887644172,-0.262544065714,-0.080593146384,-0.642020463943,-0.463757365942,-0.184770315886,-0.444836616516,-0.439741164446,-0.423388749361,-0.117883063853,0.128740757704,0.082836300135,0.262939184904,0.134037911892,-0.205893024802,-0.256921768188,0.071381792426,-0.269450515509,-0.039553653449,-0.102604903281,-0.261066466570,-0.443153232336,-0.605063915253,-0.497626930475,-0.144508719444,-0.421487212181,-0.232757404447,-0.097735799849,-0.138754710555,-0.024275489151,0.164384320378,0.077230460942,0.165281593800,0.207712247968,0.301270425320,0.190495491028,0.118718586862,0.249451428652,0.040010515600,-0.032186217606,0.464510530233,0.367379784584,0.141191318631,0.251690477133,0.164170309901,0.467564523220,0.216828942299,0.015191731043,0.244549423456,0.290857255459,0.424574136734,0.614777386189,0.445034176111,0.583768308163,0.603421628475,0.614160001278,0.542741179466,0.374302685261,0.161285072565,0.171270191669,-0.085873827338,-0.514938354492,-0.686591386795,-0.522635042667,-0.620099246502,-0.692242443562,-0.385843634605,-0.469326108694,-0.435147821903,-0.049374155700,-0.138676509261,-0.034281205386,0.177238225937,-0.017233209684,-0.153876483440,-0.072958171368,-0.159062489867,-0.140417531133,-0.357892662287,-0.429262131453,-0.445606261492,-0.621515095234,-0.246294558048,0.084993027151,0.016002560034,0.031227217987,-0.085244089365,0.020093750209,0.233078449965,0.165018171072,0.349088758230,0.290495038033,0.328118354082,0.452767908573,0.355320245028,0.213441565633,0.290857255459,0.619238972664,0.119056090713,0.209844291210,-0.002292548073,-0.225151255727,-0.408007651567,-0.113314427435,-0.194450870156,-0.318647682667,-0.230864092708,0.102901235223,0.175884097815,0.079346030951,0.414432585239,0.611134827137,0.639114618301,0.644782185555,0.555385172367,0.511534512043,0.559130609035,0.150044590235,0.252423107624,0.286885410547,0.033709097654,0.027127798647,-0.125991359353,-0.315326154232,-0.188972622156,-0.120562501252,0.059972558171,0.081852599978,-0.144747436047,-0.005206594244,0.012746894732,-0.408583879471,-0.363078683615,-0.342639178038,-0.298932611942,-0.153296127915,0.165437996387,0.052872661501,-0.099094048142,-0.207354173064,-0.058943588287,-0.025464979932,-0.267092108727,-0.090030863881,-0.144768014550,-0.250665605068,-0.113812446594,0.170957401395,0.059799689800,0.122451692820,0.424475342035,0.606220424175,0.493408173323,0.552075982094,0.607669234276,0.328320026398,0.264252156019,0.206921994686,-0.014109253883,-0.154308646917,-0.400562047958,-0.411567896605,-0.529430389404,-0.641884565353,-0.570297002792,-0.929819524288,-0.843995153904,-0.576413214207,-0.426545590162,-0.254509866238,0.123871676624,0.482159435749,0.471235901117,0.716859579086,0.616246759892,0.428928703070,0.494972229004,0.549976885319,0.120862960815,0.162725627422,0.040417987853,-0.010343219154,-0.302464038134,-0.276669770479,0.087417274714,-0.224410399795,0.127106755972,0.392490804195,-0.118673309684,-0.121505036950,0.024888755754,-0.002749411156,-0.082321815193,-0.351015031338,-0.120624236763,-0.337922394276,-0.441622138023,-0.267112702131,-0.460147678852,-0.223225012422,-0.140792071819,0.304628998041,-0.058433219790,0.158222854137,0.269141823053,0.089738637209,-0.060643449426,-0.002844076371,-0.022373951972,0.242351546884,-0.027564082295,-0.025205679238,0.196047827601,0.582957446575,0.735055863857,0.797321021557,0.859775424004,0.712113916874,0.781742393970,0.714348852634,0.491654783487,0.256670713425,0.443634778261,0.266585856676,-0.200497105718,-0.328764528036,-0.368223518133,-0.438214123249,-0.339638710022,-0.613377988338,-0.991459012032,-0.954008638859,-0.719983518124,-0.603829085827,-0.755338966846,-0.986626982689,-0.571486473083,-0.784240722656,-0.687854886055,-0.370977044106,-0.437049359083,-0.199608072639,0.464407652617,0.502343773842,0.333234399557,0.415111690760,0.439132004976,0.236325889826,-0.003016943578,0.089919738472,-0.020213110372,-0.181942701340,-0.101547114551,-0.582467675209,-0.559669792652,-0.496338665485,-0.111063040793,-0.163989201188,-0.154897212982,0.175242021680,0.131572499871,-0.004239361733,0.318330764771,0.395874053240,0.536937773228,0.469754189253,0.640518128872,0.639238119125,0.234580755234,0.686677753925,0.958585500717,0.326126247644,0.175377860665,0.059285204858,-0.361708074808,-0.287255823612,-0.562497437000,-0.821020245552,-0.678425431252,-0.474462747574,-0.536242187023,-0.255571752787,-0.066035255790,0.009495345876,0.212865337729,0.380110234022,0.619794666767,0.821444213390,0.607385218143,0.710319399834,0.733734667301,0.618164718151,0.659945070744,0.378307431936,-0.014998285100,-0.440951228142,-0.519144773483,-0.924641788006,-1.206666350365,-0.991376757622,-0.839068353176,-0.573774933815,-0.564452469349,-0.619959294796,-0.448697298765,-0.222076684237,-0.388008594513,0.288605839014,0.107206448913,0.309502214193,0.672037601471,0.606253385544,0.690147459507,0.419956088066,0.386333435774,0.424265384674,0.410374313593,0.243804454803,0.262432932854,0.009524158202,0.011660302989,0.117883063853,0.067105390131,0.145426571369,0.378863096237,0.333254963160,0.009898702614,0.308032810688,0.253378003836,0.119735211134,0.340503036976,0.107634499669,-0.049221869558,0.235185787082,-0.025090435520,-0.348302632570,-0.416194140911,-0.166635707021,-0.424277782440,-0.459978967905,-0.106547914445,-0.034186538309,-0.126114830375,0.373195499182,0.252838820219,0.442375302315,0.431785136461,0.270998090506,0.597465991974,-0.025736628100,-0.065952941775,0.075649961829,-0.251497030258,-0.383501708508,-0.007005236112,-0.101522415876,-0.354089587927,-0.153411373496,-0.386576235294,-0.281160205603,0.072892323136,-0.022007636726,-0.135968253016,-0.292754679918,-0.182613581419,-0.024370154366,-0.018221022561,-0.087116815150,0.167763471603,-0.354237735271,-0.166775658727,-0.196039602160,-0.418054550886,-0.427162975073,0.052321128547,0.119665235281,-0.038174830377,0.080856561661,0.085330523551,0.276373445988,0.023551095277,-0.173501014709,0.061985228211,0.500886738300,0.485633254051,0.422763109207,0.403204411268,0.410835295916,0.571572959423,0.524664163589,0.241808250546,0.224270448089,0.179946497083,0.064907506108,0.102604903281,0.055379234254,-0.216499656439,-0.006202638615,0.324055969715,-0.115800425410,0.076242655516,0.248179644346,0.026045320556,0.054420232773,0.036442045122,-0.037643883377,-0.022694988176,-0.299426525831,-0.436543107033,-0.071974478662,-0.341400325298,-0.463654428720,-0.349134057760,-0.102469071746,-0.012767475098,0.198550283909,0.278789460659,0.233695834875,0.074546910822,0.103987835348,-0.146188005805,-0.291696876287,-0.369688779116,-0.461065560579,-0.432525992393,-0.383192986250,-0.441395729780,-0.520996987820,-0.471997320652,-0.195689752698,-0.125040590763,0.368548691273,0.323129892349,0.456513375044,0.506681919098,0.219961106777,0.364930808544,0.261687964201,0.091636054218,0.259387165308,-0.098102115095,-0.231234535575,-0.395507723093,-0.465329587460,-0.443346679211,-0.653907120228,-0.369355410337,-0.203332945704,-0.397187024355,-0.286897748709,-0.154794305563,-0.125641509891,-0.109112113714,-0.174307733774,-0.069159209728,-0.056914456189,0.050806485116,0.095937162638,0.092911988497,0.234786540270,0.378879547119,0.781083881855,0.575215458870,0.324689805508,0.521523773670,0.260811269283,0.090277820826,-0.042788740247,-0.157012775540,-0.337239146233,-0.625709176064,-0.665839016438,-0.753721415997,-0.932396113873,-0.804157435894,-0.416070669889,-0.174941569567,-0.048550978303,0.206284031272,0.389617890120,0.083964049816,0.343750476837,0.560406565666,0.537304043770,0.620078623295,0.583076834679,0.504615724087,0.671963512897,0.477479696274,0.320232301950,0.313169449568,0.135354980826,-0.204312533140,-0.386670917273,-0.603932023048,-0.752383768559,-0.615925729275,-0.768324613571,-0.594148576260,-0.254551023245,-0.478957295418,-0.388490170240,-0.084955982864,0.215293705463,0.581364631653,0.553640007973,0.479941010475,0.552590489388,0.437872529030,0.351043820381,0.333497792482,-0.023271214217,-0.349504500628,-0.320582151413,-0.403080970049,-0.535777091980,-0.304748356342,-0.344841182232,0.006573067978,0.321969211102,0.431097775698,0.539991736412,0.544482171535,0.671132087708,0.585982620716,0.404830187559,0.280962646008,0.466268032789,0.166038915515,-0.163491174579,-0.203686907887,-0.221512824297,-0.290836662054,-0.531842291355,-0.335444629192,-0.306361794472,-0.271586656570,-0.147817894816,-0.382678508759,-0.279316306114,-0.124439671636,-0.174883946776,-0.148291215301,-0.264050483704,-0.255781680346,-0.190186813474,-0.350043654442,-0.244281873107,0.059807922691,-0.052502229810,-0.066360414028,-0.049357689917,-0.252254337072,-0.047896552831,-0.165001705289,-0.449006021023,-0.515205919743,-0.576804220676,-0.433172196150,0.107675664127,-0.025460863486,0.181893303990,0.571819901466,0.585410535336,0.710047781467,0.903996527195,0.756940066814,0.727873682976,0.547046363354,0.502434253693,0.396927714348,-0.017278485000,-0.112989269197,0.002889350988,-0.210247635841,-0.645662963390,-0.224661469460,0.087170325220,-0.378998905420,-0.537419319153,-0.271994143724,-0.113487295806,-0.302171826363,0.000238721332,0.165141656995,0.336959242821,0.440510809422,0.696465373039,0.514037013054,0.367268651724,0.330312103033,0.568012714386,0.535291433334,0.435699343681,0.402212500572,0.325303077698,0.329032063484,0.083881735802,-0.160914629698,-0.267495483160,-0.568782389164,-0.899193286896,-1.114116549492,-1.261991977692,-1.357464075089,-1.144479393959,-0.785117387772,-0.358357727528,-0.579623639584,-0.461258977652,-0.318248450756,0.111853294075,0.355344921350,0.540572106838,0.231139868498,0.323969542980,0.748321354389,0.401434570551,-0.014734867960,0.270281940699,0.053012598306,0.200402438641,-0.024020304903,0.101382471621,0.002704136306,-0.319989472628,-0.178057298064,-0.081980191171,-0.093517020345,-0.018509134650,0.012232409790,-0.096118256450,-0.139783680439,0.190746560693,0.242882475257,0.292779356241,0.440679550171,0.256604850292,0.251373559237,0.140915557742,0.079403646290,-0.056013081223,-0.215244323015,-0.085416957736,-0.010244437493,-0.158947244287,-0.070163488388,-0.256374359131,-0.251550525427,0.077020555735,0.068257838488,0.055585023016,-0.037532754242,0.080840095878,-0.039347860962,0.045472297817,0.088186949492,0.047390300781,0.210934981704,0.189754649997,0.238466143608,0.172270372510,-0.048921406269,0.005470010918,-0.056288842112,-0.407419085503,-0.474890798330,-0.561838865280,-0.538127243519,-0.837553799152,-0.562312185764,-0.420096039772,-0.284029006958,-0.150081619620,-0.059754420072,-0.140405178070,0.110095806420,-0.028518967330,0.212363198400,0.469713002443,0.457110196352,0.528817117214,0.318450123072,0.297364443541,0.364852637053,0.001930350089,-0.236194163561,-0.234831824899,-0.409263014793,-0.211144909263,-0.403434902430,0.117833673954,0.408118784428,0.633031308651,0.687710881233,0.568321347237,0.326628386974,0.186371386051,0.318651795387,0.020410673693,-0.008989091963,-0.355279058218,-0.198743730783,0.005511170253,-0.133720979095,-0.195220530033,0.235292792320,-0.137194782495,-0.402833998203,-0.027708137408,-0.191520363092,-0.479578793049,-0.593683481216,-0.384267240763,-0.598733663559,-0.677412927151,-0.283144086599,-0.380990982056,-0.287082970142,-0.221961453557,-0.255415350199,0.251262426376,0.317985028028,0.311395525932,0.476541280746,0.286366820335,-0.044883720577,0.083433106542,0.010433768854,-0.218730479479,-0.005577024072,0.175069168210,-0.156057894230,0.294779658318,0.311728894711,0.315342634916,0.476640075445,0.458480775356,0.181148335338,0.192479357123,0.171652987599,-0.039817072451,-0.277213066816,-0.511592149734,-0.519638717175,-0.392556637526,-0.421758830547,-0.149789407849,0.078778035939,0.166680991650,0.029774310067,0.359855920076,0.372203588486,0.332649946213,0.237054377794,0.173389881849,0.320565700531,0.088092282414,-0.369359523058,-0.072188504040,-0.045665740967,-0.189186647534,-0.094043850899,-0.189762875438,-0.078518733382,0.468400061131,0.453743368387,0.218866288662,0.134848728776,0.131453126669,-0.026901423931,0.073645524681,0.056947380304,0.082095436752,-0.030083002523,-0.225925043225,-0.301303356886,-0.265544563532,0.058305624872,0.162569224834,0.271973550320,0.662686288357,0.381386101246,0.601952314377,0.577771484852,0.063919693232,0.010532549582,0.173702687025,-0.042253673077,0.186128556728,0.081301078200,-0.017422540113,-0.214528143406,-0.220669060946,-0.008338782936,-0.056889761239,-0.157835945487,-0.218425899744,-0.576964735985,-0.868904471397,-0.918192148209,-0.786286354065,-0.912133634090,-0.754816234112,-0.506842434406,-0.563439905643,-0.507904291153,-0.190162122250,-0.103839658201,0.038170717657,0.159255936742,0.218656376004,0.104259483516,0.073410928249,0.397857904434,0.174237757921,0.042327761650,0.018418585882,-0.021472571418,-0.094928771257,-0.171727061272,0.076781831682,-0.004165275488,0.076222069561,0.490930408239,0.291795641184,0.132914274931,0.420536428690,0.371952533722,0.356538534164,0.644979715347,0.365132480860,0.152633473277,0.231666699052,0.244467094541,0.030626298860,-0.034170076251,-0.006992888637,0.191413342953,0.112223714590,-0.007309811190,-0.127954632044,-0.168253257871,-0.432052701712,-0.293141543865,-0.535731792450,-0.228077635169,-0.183066323400,-0.099164009094,-0.180679112673,-0.153757110238,-0.080074541271,-0.141257166862,0.298500448465,0.484192669392,0.063059471548,-0.023872131482,0.262778669596,-0.252735912800,-0.364967882633,-0.121233388782,-0.593955099583,-0.775029361248,-0.547918975353,-0.566749155521,-0.625104129314,-0.215433657169,-0.115203619003,0.160824090242,0.339181840420,0.268664389849,0.566749155521,0.530171275139,0.498487174511,0.460250586271,0.598239719868,0.682092666626,0.607833921909,0.306402921677,0.305760860443,-0.015784418210,-0.088960736990,-0.290857255459,-0.588546812534,-0.633471727371,-0.469079166651,-0.385781884193,-0.343038409948,-0.175925269723,-0.118327572942,-0.053761690855,0.106910109520,0.261152893305,0.698671460152,0.895567119122,0.793332695961,0.602791905403,0.322286128998,0.437819004059,0.581376969814,0.353286951780,0.057869337499,-0.170426458120,-0.074851483107,-0.123781122267,-0.058951817453,-0.222657039762,-0.032626621425,0.063446365297,0.298274040222,0.625359296799,0.614736199379,0.456546306610,0.590341389179,0.225258275867,-0.068068504333,-0.173410460353,-0.248936951160,-0.343964487314,-0.848567843437,-0.823880791664,-0.627931714058,-0.521684288979,-0.081642694771,-0.109643056989,-0.033993091434,0.098501361907,-0.005523517728,-0.038331236690,0.055395696312,-0.258889138699,-0.207609355450,-0.266581743956,-0.671354353428,-0.499466776848,-0.519885659218,-0.595333933830,-0.481196314096,-0.329488933086,-0.236050114036,-0.066924288869,-0.253534406424,-0.263301402330,-0.152394756675,-0.204765275121,-0.355147361755,-0.266042560339,-0.527286052704,-0.454274326563,-0.406340748072,-0.634303152561,-0.476002067327,-0.056786864996,0.146323829889,0.546597719193,0.417667657137,0.506344377995,0.536978900433,0.618740975857,0.579388976097,0.647445142269,0.789525568485,0.532776594162,0.657290399075,0.892068684101,0.689678251743,0.799127876759,0.917336106300,0.669238805771,0.560122549534,0.414547801018,-0.023151852190,0.231411516666,-0.012619302608,-0.292577683926,-0.433048725128,-0.502919971943,-0.230481311679,-0.233728766441,-0.149986967444,0.237535953522,0.269088327885,0.171414256096,0.103086456656,0.163980975747,0.106626115739,0.193899348378,0.135976478457,-0.163059011102,-0.562946021557,-0.608492434025,-0.753264605999,-0.972546577454,-1.174669504166,-1.067393064499,-0.771345674992,-0.457352995872,-0.359678953886,-0.353361070156,-0.293483167887,-0.139973014593,-0.000181098934,-0.013426016085,0.216256827116,0.649441361427,0.337486088276,0.369643539190,0.535172045231,0.302398175001,0.077514462173,-0.234070360661,-0.001741019194,-0.280958533287,-0.422429740429,-0.308386772871,-0.695732712746,-0.752070963383,-0.487329006195,-0.728606224060,-0.621737360954,-0.369219571352,-0.134400099516,0.203876242042,0.225957974792,0.402759939432,0.777428865433,0.624787211418,0.957914590836,1.094109177589,0.743378221989,0.660994648933,0.515954971313,0.294413357973,0.094187915325,-0.346298217773,-0.208646550775,-0.123690575361,-0.201295584440,-0.042434774339,0.039203803986,0.387880980968,0.662155330181,0.478311091661,0.571070790291,0.435530573130,0.479002565145,0.541366457939,0.232181191444,-0.086310110986,-0.228814393282,-0.189948081970,-0.293232113123,-0.445083558559,-0.677507579327,-0.536764919758,-0.541732788086,-0.673412263393,-0.299249529839,-0.393659681082,-0.158663257957,-0.048645641655,-0.176546782255,0.029161045328,-0.016883360222,-0.152370050550,-0.045554611832,-0.011742619798,0.139705479145,0.094941116869,0.281135529280,0.433583796024,0.229094281793,0.035915210843,-0.010437883437,-0.136141121387,-0.239824384451,-0.393783181906,-0.309148252010,-0.509155571461,-0.591032862663,-0.621897876263,-0.196064293385,-0.001247113105,-0.012158323079,0.412703871727,0.276217043400,0.145282506943,0.326632499695,0.365363001823,0.444334477186,0.182103216648,0.196245402098,-0.023855667561,-0.089240610600,-0.245520755649,-0.306880384684,-0.151942014694,-0.094253756106,-0.340264320374,-0.004951409530,-0.047143347561,-0.081148780882,0.207699894905,0.194245085120,0.297113388777,0.200991004705,0.128004029393,0.333967000246,0.270685285330,0.008943817578,-0.143533259630,-0.250690311193,0.165775492787,0.288087248802,0.436234384775,0.705170452595,0.411267459393,0.431196570396,0.857779204845,0.814632356167,0.632739067078,0.206230536103,0.389062225819,0.301237493753,0.185449421406,0.377994626760,0.368458151817,0.132317468524,0.300500750542,0.305303990841,0.269043058157,-0.114767342806,-0.154884859920,0.031066700816,0.129535123706,-0.109112113714,0.046851117164,-0.152863964438,-0.266318321228,-0.175917044282,-0.111540481448,-0.235177546740,-0.106790743768,-0.344594240189,-0.568807065487,-0.794110536575,-0.777465939522,-0.745135664940,-0.958667755127,-1.051159977913,-1.202538132668,-1.331254124641,-0.715649545193,-0.385559618473,-0.633278310299,-0.385432034731,-0.117183357477,-0.251007229090,0.207300648093,0.138816446066,0.377718895674,0.367058753967,0.375274032354,0.274928748608,0.287605673075,0.253213375807,0.535266697407,0.436259120703,0.442947417498,0.392634838820,0.427945017815,0.570902049541,0.604104876518,0.430710881948,0.438292354345,0.429459691048,0.607730984688,0.564131379128,0.331279367208,0.258033066988,0.531772315502,0.518856704235,0.493922650814,0.205300331116,0.359555453062,0.364967882633,0.420655786991,0.279913097620,0.156679391861,0.154444456100,-0.187029927969,-0.141467079520,-0.122155345976,-0.438127696514,-0.428603559732,-0.460098326206,-0.494050234556,-0.286984205246,-0.262758105993,-0.208309054375,-0.077810809016,-0.092072345316,0.202213421464,0.315544307232,-0.082930959761,-0.037318728864,-0.065380834043,-0.600717484951,-0.919192373753,-0.755964577198,-0.587789535522,-0.690007507801,-0.429517269135,-0.305904924870,-0.423829138279,-0.141331255436,0.097711108625,-0.084161616862,0.094875261188,0.250171720982,0.218080163002,0.317190676928,0.143545597792,0.161704882979,0.484262675047,0.050049159676,-0.240639314055,-0.516839921474,-0.728260576725,-0.502566039562,-0.489909678698,-0.312494456768,-0.158930778503,0.052304666489,0.050205565989,0.116314910352,0.233580589294,0.292643517256,0.229304179549,0.414132118225,0.299019038677,0.212165638804,-0.018879564479,0.078366450965,-0.109577201307,-0.460234135389,-0.046435412019,-0.010837125592,-0.212383762002,-0.271549612284,-0.309572160244,-0.325965732336,-0.283819079399,-0.106403857470,0.091969452798,0.085223510861,0.250365167856,0.436094462872,0.655429959297,0.877148568630,0.825955212116,0.662488698959,0.786471486092,0.760681390762,0.506352663040,0.402422398329,0.516111373901,0.218178942800,0.147431001067,0.032095670700,-0.096863232553,0.046097911894,-0.089565768838,-0.280065387487,-0.153781816363,-0.273932725191,-0.467404007912,-0.267511934042,-0.403212666512,-0.604343652725,-0.402809292078,-0.451372623444,-0.355398446321,-0.040026981384,-0.176229834557,-0.357324659824,-0.120134450495,0.322125613689,0.122389949858,0.179057464004,0.444042265415,0.059943746775,-0.241297855973,-0.319195091724,-0.370664268732,-0.204370155931,-0.358374238014,-0.622218906879,-0.751029610634,-0.561497271061,-0.485546827316,-0.396598428488,-0.405431151390,-0.137985035777,-0.116343721747,0.089668676257,0.034116569906,0.188318207860,0.263906419277,0.528850018978,0.432027965784,0.229756921530,0.936767160892,0.984046399593,0.863051652908,1.081732749939,1.122833967209,0.900028824806,0.588361620903,0.485723823309,0.406884044409,-0.095060482621,-0.410431951284,-0.560805797577,-0.673140645027,-0.819662034512,-0.505397737026,-0.253353297710,-0.218853935599,-0.042459469289,0.038043122739,0.293495535851,0.226501271129,0.285580664873,0.568897604942,0.215927556157,0.025534950197,0.085396379232,0.135873585939,0.106206290424,-0.064014360309,-0.228880241513,-0.489814996719,-0.363798946142,-0.134021446109,-0.175143241882,-0.091088652611,-0.061470739543,-0.250447481871,-0.031276609749,0.194541424513,-0.140911430120,-0.132041707635,0.248772308230,-0.157103329897,-0.080868907273,0.061845287681,-0.046567123383,0.119348309934,0.316779077053,0.023468775675,-0.166718035936,-0.202620908618,-0.386082321405,-0.367836624384,-0.353715032339,-0.459485054016,-0.198970094323,-0.087964691222,-0.222508862615,-0.070426903665,-0.120788872242,0.163190722466,0.238527879119,0.256831228733,0.128181010485,0.203213572502,0.302291154861,0.143216326833,0.269973248243,0.231135755777,-0.161239787936,-0.298344045877,-0.343552917242,-0.620029270649,-0.379122406244,-0.206782057881,-0.331522166729,-0.096254087985,-0.007186335046,0.335856199265,0.245985865593,0.303484767675,0.327929019928,0.141043141484,0.082704588771,0.232860296965,0.291120648384,0.445684462786,0.504068315029,0.459999531507,0.219985812902,0.561435520649,0.379422873259,0.336177259684,0.106420323253,-0.107634499669,0.062326844782,-0.163655817509,-0.633512854576,-0.162725627422,-0.008038323373,-0.469964087009,-0.227686628699,-0.235980153084,-0.342770904303,0.136071145535,0.192816868424,0.183778390288,0.175287306309,0.351241379976,0.523589968681,0.224875479937,0.180629715323,0.134980440140,-0.014278004877,-0.377895832062,-0.521083414555,-0.721946775913,-0.709722638130,-0.475611060858,-0.358254849911,-0.278048604727,-0.185470014811,0.117858372629,0.187968358397,0.308485567570,0.340564787388,0.312675535679,0.458735942841,0.437362164259,0.294170528650,0.177406996489,0.041471656412,-0.018879564479,0.191248700023,-0.006474286783,0.112186677754,0.158971935511,-0.259288400412,-0.392108023167,-0.234815344214,-0.451294451952,-0.367663770914,-0.319956541061,-0.319088101387,-0.239923164248,-0.004774426576,-0.108869269490,0.120953515172,0.128950685263,-0.211984530091,0.077419795096,0.025283882394,-0.077740833163,-0.104123651981,-0.218541145325,-0.320639789104,-0.290713191032,-0.424154281616,-0.523215413094,-0.556525290012,-0.529249250889,-0.320578038692,0.123151391745,0.335691571236,0.324907958508,0.537229955196,0.461530625820,0.640448153019,0.951036930084,0.753017544746,0.711603581905,0.588810265064,0.549190759659,0.567967414856,0.394878000021,0.205613151193,-0.046328399330,0.228588029742,0.165092259645,-0.136523902416,-0.188396394253,-0.325920462608,-0.451747179031,-0.341902464628,-0.418692529202,-0.141771659255,-0.051069900393,0.014170991257,-0.017155008391,-0.106103397906,-0.124093934894,0.084495000541,0.327636778355,0.394235908985,0.187169879675,0.135910645127,0.091129809618,-0.028790613636,-0.051831338555,-0.403842419386,-0.140685051680,-0.141734614968,-0.543383240700,-0.609163343906,-0.722164988518,-0.649083256721,-0.639126956463,-0.592633903027,-0.660060346127,-0.643275737762,-0.473676621914,-0.659772276878,-1.102349162102,-0.463469237089,-0.480982303619,-0.563567578793,-0.131428435445,-0.094694159925,0.091092765331,0.254839122295,0.151374012232,0.338844329119,0.455097526312,0.363086909056,0.368532210588,0.010462579317,-0.149472475052,0.158066451550,0.068644724786,0.193232566118,0.204847589135,0.327937245369,0.205695465207,0.264902472496,0.460106551647,0.490234822035,0.737393677235,0.843525886536,0.535785317421,0.960931539536,1.154213547707,0.876444756985,0.870773077011,0.862224400043,0.401837944984,0.599886119366,0.473989427090,0.338877260685,0.504479885101,-0.102518461645,0.122953832150,0.135680153966,-0.156255453825,-0.313799172640,-0.311000376940,-0.511497437954,-0.492860734463,-0.435946315527,-0.611328303814,-0.296603024006,-0.350360572338,-0.359078049660,-0.095451489091,-0.165112838149,0.062400929630,0.024921681732,-0.085379913449,-0.186688303947,-0.229048997164,-0.269010126591,-0.592251121998,-0.555088818073,-0.762109637260,-0.801054120064,-0.917336106300,-0.885577917099,-0.498565375805,-0.644646346569,-0.521676063538,-0.358312487602,-0.356908977032,-0.091706030071,-0.211889877915,-0.155403465033,-0.258374661207,-0.233881056309,-0.029124001041,0.035972833633,0.087260879576,0.283218145370,0.333876490593,0.338786721230,0.422380357981,0.662007153034,0.622910380363,0.858157873154,0.985433399677,1.117191076279,1.037845134735,0.859997689724,0.651285290718,0.383085966110,0.258008360863,0.290667921305,0.058140989393,-0.000605035049,-0.185391798615,-0.264029890299,-0.371577978134,-0.065627783537,0.088738478720,0.100106552243,0.093891568482,-0.109844736755,-0.140664488077,0.029428577051,-0.011796126142,0.170603439212,0.053580589592,-0.045986782759,0.000090549467,-0.208905860782,-0.483003228903,-0.007840760984,-0.258049517870,-0.385588437319,-0.480825930834,-0.732981503010,-0.754495203495,-0.543049871922,-0.284374713898,-0.473701298237,-0.293092161417,0.161725461483,0.281481266022,0.077341593802,0.236358791590,0.390634506941,0.235659092665,0.496816128492,0.526689231396,0.305077612400,0.370005697012,0.439794629812,-0.075065508485,0.049131315202,0.183864802122,0.048555094749,0.176608502865,0.314338356256,0.291663944721,0.371368080378,-0.007581460290,0.022921361029,-0.064434178174,-0.061034455895,-0.125608563423,-0.312255740166,-0.227130994201,-0.409995645285,-0.201698943973,0.021011592820,-0.094204381108,0.076127409935,0.241968765855,0.331197023392,0.528010427952,0.291071265936,0.281658232212,0.306822746992,0.185457646847,-0.024477167055,-0.234416097403,-0.406678229570,-0.640736281872,-0.685434758663,-0.580944836140,-0.413395345211,-0.393268704414,-0.338189899921,-0.122476391494,0.175122678280,0.539979398251,0.331094145775,0.125295773149,0.218495860696,-0.051078133285,0.053465344012,0.338379234076,0.148208901286,0.183778390288,0.250138789415,0.059441611171,-0.056469939649,0.024913450703,-0.232852071524,-0.252427220345,-0.279579699039,-0.348911821842,-0.486822754145,-0.411481469870,-0.470178127289,-0.664596080780,-0.276278764009,-0.070982553065,-0.469478428364,-0.219845876098,-0.124917112291,0.004395765252,0.154156357050,0.270413637161,0.355797678232,0.365408271551,0.306851565838,0.264523804188,0.095373280346,-0.217899054289,-0.392317920923,-0.873419582844,-0.737360775471,-0.548832654953,-0.508073091507,-0.379760354757,-0.485192894936,-0.492062240839,-0.130144283175,-0.041121806949,0.000428052008,0.115224197507,0.150736063719,0.323607355356,0.800111591816,0.666921496391,0.352533787489,0.320985525846,0.237239599228,0.198076948524,0.373281955719,0.265857338905,0.032527837902,0.015298743732,-0.004687992856,-0.011730272323,-0.147229313850,-0.097155466676,0.031416550279,-0.234325572848,-0.015232889913,0.088009968400,-0.104901559651,-0.011931951158,0.067105390131,0.195916116238,0.302974402905,0.469815909863,0.049077812582,0.065862387419,-0.048316374421,0.138042658567,0.268845498562,0.167224287987,-0.196422368288,-0.003696064698,-0.015294628218,0.120673626661,0.090845815837,0.107832066715,0.293499648571,0.203398793936,0.053905744106,-0.130798712373,0.036125119776,-0.036038689315,-0.344758868217,-0.350418210030,-0.039356090128,-0.118245258927,-0.352809548378,-0.171142607927,-0.442753970623,-0.364161163568,-0.012030730955,0.032536070794,-0.211918681860,-0.161215096712,0.175369620323,-0.007988932543,0.226139053702,0.278925269842,-0.024571832269,-0.034347061068,0.012397045270,0.123340718448,-0.092665039003,-0.041348181665,-0.225920915604,-0.337646603584,-0.401702135801,-0.211560606956,-0.153147950768,-0.269911497831,-0.289560735226,-0.181498184800,-0.308465003967,-0.072114422917,0.208230853081,0.361568152905,0.388811200857,0.493161201477,0.731586158276,0.625680387020,0.778260350227,0.772020637989,0.635521411896,0.765217125416,0.803227305412,0.234996452928,0.352402091026,0.337819486856,0.001181258936,-0.247302949429,-0.208362564445,-0.438942670822,-0.140582159162,-0.065327323973,-0.257222235203,-0.054642491043,-0.434374034405,-0.448561489582,-0.551038801670,-0.705092251301,-0.726894080639,-0.171134382486,-0.387469381094,-0.212552532554,-0.160428956151,-0.200674086809,0.178489476442,0.346051245928,0.445519864559,0.651091873646,0.681421816349,0.206292256713,-0.095838382840,-0.343869835138,-0.421441912651,-0.637031972408,-0.675334393978,-0.640822708607,-0.269627511501,-0.154530897737,-0.286144554615,-0.028897630051,0.362576544285,0.412884980440,0.612937569618,0.787800908089,0.339889764786,0.683413863182,0.329246103764,0.040899548680,-0.004478082526,-0.029836049303,-0.085836783051,0.051135752350,-0.394441694021,-0.293524324894,0.056560486555,-0.208741217852,-0.353118240833,-0.276892036200,-0.414984077215,-0.077201656997,0.171303138137,0.027263620868,-0.122789189219,0.070229344070,0.012318843976,0.087742432952,0.221023023129,0.286753684282,0.077950745821,0.158914312720,0.372182995081,0.358818739653,0.493869155645,0.276822060347,0.095435023308,-0.060528203845,-0.130531176925,-0.145093172789,-0.158934906125,-0.483213126659,-0.656598925591,-0.549857497215,-0.663278996944,-0.614110648632,-0.289235591888,-0.285827636719,-0.275924801826,-0.073283329606,-0.181856259704,0.017990533262,0.054778311402,-0.224566802382,-0.102678984404,0.097394175828,-0.036771316081,-0.253394454718,-0.147468030453,-0.015574508347,-0.097414761782,0.458703041077,0.824971497059,0.329674154520,0.264828383923,0.508772790432,0.225809797645,0.257563859224,0.340618282557,0.119245417416,-0.050695355982,-0.109523698688,-0.167821094394,0.141714036465,0.050053276122,0.266437709332,0.206658586860,0.065780073404,0.274904072285,0.238704845309,0.101176679134,-0.407233893871,-0.475944489241,0.005819861311,0.072443693876,-0.507743835449,-0.095657281578,-0.164330825210,-0.243236437440,0.155782133341,0.363770157099,0.353517472744,0.376204222441,0.373553603888,0.187449738383,0.450755238533,0.301533848047,-0.019274689257,-0.045336473733,-0.052510458976,-0.393416851759,-0.532225072384,-0.772209942341,-0.730240285397,-0.721181213856,-0.583006858826,-0.512942135334,-0.752885937691,-0.615435898304,-0.577800273895,-0.752391993999,-0.500487506390,-0.389498561621,0.140664488077,0.176727861166,0.010088033974,0.194002240896,0.371112853289,0.565942406654,0.684574544430,0.581800937653,0.635476171970,0.349343955517,0.364716798067,0.289713025093,-0.226595938206,-0.265346974134,-0.290556788445,-0.637879848480,-0.449973225594,-0.435094296932,-0.620597243309,-0.154423892498,0.070850841701,0.230353727937,0.518445074558,0.644444704056,0.838265836239,0.860466897488,0.755766987801,0.726309657097,0.793814241886,0.417737632990,0.382089912891,0.284267693758,-0.074892640114,-0.095908351243,-0.195529222488,-0.200657621026,-0.266758739948,-0.565884768963,-0.751058459282,-0.654450416565,-0.507270455360,-0.592992007732,-0.756812393665,-0.515864431858,-0.439918100834,-0.261366933584,-0.169623851776,-0.329476565123,0.029247479513,0.200418889523,-0.103102922440,0.060890402645,0.152304202318,-0.118698000908,0.294034689665,0.192751020193,0.049999769777,0.360366314650,0.320606857538,0.303003221750,0.551796138287,0.145340129733,0.011310451664,0.361568152905,0.427500516176,0.287050038576,0.057906381786,-0.014022819698,-0.050308462232,-0.317524075508,-0.178057298064,-0.252373725176,-0.030099464580,0.007408592850,0.086771085858,0.396495550871,0.288893967867,0.235017016530,0.493585169315,0.398882746696,0.009906935506,0.384390711784,0.222331866622,-0.100921496749,-0.113293841481,-0.280756860971,-0.234556049109,-0.477685481310,-0.321565866470,-0.352937132120,-0.632187604904,-0.747819244862,-0.486826866865,-0.183049872518,-0.213573262095,-0.225031882524,-0.264425009489,-0.071558773518,-0.054634258151,-0.184251695871,-0.102477297187,-0.664126813412,-0.527166664600,-0.353538036346,-0.558163344860,-0.538197219372,0.021349094808,0.429138600826,0.114228151739,0.461695283651,0.616366088390,0.555339872837,0.879017233849,0.637130737305,0.345112830400,0.361465275288,0.213828444481,0.217042967677,0.581385195255,0.080222710967,0.260132163763,0.544860839844,0.201151520014,0.229357689619,0.309827357531,0.037145860493,0.141635820270,0.074020072818,-0.086129009724,0.130061969161,-0.049654033035,-0.216083958745,-0.255542933941,-0.258856236935,-0.207712247968,-0.091878898442,-0.101440101862,0.070431023836,0.051358010620,0.006050351076,0.009614706971,-0.033581502736,0.145784646273,-0.065434336662,-0.350809246302,-0.455048114061,-0.516378879547,-0.635714888573,-0.629322886467,-0.332357704639,-0.218911558390,-0.168664842844,0.372676908970,0.500960826874,0.548602223396,0.809907376766,0.887405395508,0.555586874485,0.518021166325,0.822345554829,0.588419258595,0.346310555935,-0.023563439026,-0.297829568386,-0.402261912823,-0.313268214464,-0.390601605177,-0.610875487328,-0.708528995514,-0.347660571337,-0.237700581551,-0.491136193275,-0.452553898096,-0.104415878654,-0.049571719021,-0.191602677107,0.012475247495,0.212536081672,0.047246243805,0.204806417227,0.337745398283,0.233107253909,0.317186564207,0.462950587273,0.049938030541,-0.176587924361,-0.243042990565,-0.233963355422,-0.235173434019,-0.450174897909,-0.624857187271,-0.429467916489,-0.267195016146,-0.367634952068,-0.236066594720,-0.112536527216,-0.070138797164,-0.020032012835,0.317449957132,0.284288287163,0.108828112483,0.356382131577,0.755832910538,0.451533168554,0.648054301739,0.627437829971,0.547910749912,0.469523668289,0.528668940067,0.253320366144,0.153012141585,-0.173916727304,-0.362457156181,-0.661027550697,-0.741534292698,-0.975933909416,-0.765340566635,-0.620798945427,-0.636159420013,-0.302818000317,-0.235617950559,-0.237428933382,-0.086729928851,-0.032741863281,0.308921843767,0.193187281489,0.076855920255,0.002004435984,0.178263098001,0.133519306779,-0.130522951484,-0.262951552868,-0.317738085985,-0.624280989170,-0.666061341763,-0.406468331814,-0.419186383486,-0.245603084564,-0.025897147134,0.020521802828,-0.033322203904,0.137363538146,0.136960193515,0.405064821243,0.070052362978,-0.284000158310,-0.133399948478,0.147743806243,0.348298519850,0.194080427289,0.359431982040,0.460995584726,0.431225359440,0.369252502918,0.368001252413,0.468811631203,0.152559399605,0.239211127162,0.347092568874,-0.034445840865,0.319520264864,0.818497180939,0.241721808910,0.251896262169,0.617415666580,0.395211398602,0.327612102032,0.477072209120,0.264404445887,0.331164091825,0.368993192911,0.002000320004,-0.053605284542,-0.154897212982,-0.344289660454,-0.359164446592,-0.627429604530,-0.534599959850,-0.413193672895,-0.393544435501,-0.592271745205,-0.574655711651,-0.286070466042,-0.397104680538,-0.309913784266,0.096817955375,-0.353336364031,-0.171105563641,0.017340224236,-0.325636446476,-0.015739144757,-0.286276251078,-0.287050038576,-0.156424209476,-0.406558901072,-0.251768678427,0.387259483337,0.374796599150,0.023061303422,0.059215232730,0.166689231992,-0.060384146869,-0.007844876498,0.049785744399,-0.030461665243,-0.163910999894,-0.322652429342,-0.515621602535,-0.180069953203,-0.207605242729,-0.054584864527,0.259378939867,0.590407252312,0.523688733578,0.575026154518,0.499376207590,0.528199732304,0.322771817446,0.315387904644,0.144698053598,-0.162132933736,-0.124394394457,-0.198928952217,-0.330978870392,-0.251636981964,0.164314359426,0.325224876404,0.577993690968,0.706619203091,0.674906313419,0.772078335285,0.631335556507,0.364329904318,0.335967332125,0.312556177378,0.101271346211,0.019060663879,-0.229238331318,-0.252859383821,-0.145879313350,-0.117957137525,-0.491868793964,-0.704100370407,-0.528010427952,-0.725292980671,-0.726597726345,-0.634315490723,-0.373833507299,-0.236811548471,-0.224377468228,-0.163273036480,0.246706143022,0.187914848328,0.222373038530,0.342001229525,0.439757615328,0.413745224476,0.454331964254,0.274994611740,0.116240821779,-0.181675150990,-0.339906245470,-0.067595176399,-0.024905219674,-0.302669823170,-0.368474602699,-0.383736312389,-0.285848200321,0.173064723611,0.211667612195,0.379299342632,0.498836994171,0.482410550117,0.393927216530,0.112857565284,-0.029165159911,-0.197130292654,-0.195282265544,-0.188351124525,-0.391647011042,-0.444239825010,-0.377072662115,-0.267804175615,-0.182662963867,-0.687426865101,-0.734813094139,-0.454089134932,-0.452809095383,-0.680890798569,-0.486686944962,-0.305353373289,-0.029733153060,-0.002551848534,0.354274779558,0.426784336567,0.517374932766,0.444433271885,0.373327255249,0.317186564207,0.763780653477,0.482867389917,-0.207494094968,-0.054803006351,-0.102526687086,-0.503467381001,-0.412823259830,-0.462357908487,-0.589003741741,-0.347808748484,-0.005025495309,-0.083848804235,0.137882143259,0.328266501427,0.446421235800,0.532809555531,0.738023459911,0.556619942188,0.649091482162,0.759907603264,0.403879433870,0.547787249088,0.411588490009,0.404233396053,0.348343819380,0.185161307454,0.292799949646,0.166335254908,0.097978644073,-0.009491230361,0.141767546535,-0.205695465207,-0.658018887043,-0.445433437824,-0.327809661627,-0.434896737337,-0.687994897366,-0.389284521341,-0.360176980495,-0.247150659561,-0.222780495882,-0.108412414789,-0.191343367100,-0.043200328946,0.186684191227,0.013388972729,-0.124801859260,-0.030453432351,-0.333934098482,-0.323545575142,-0.402862817049,-0.657627880573,-0.354793399572,-0.217956677079,-0.551450371742,-0.274982273579,-0.089829191566,0.130786359310,0.458937615156,0.304982960224,0.150089859962,0.180605024099,-0.036528479308,-0.049275375903,0.216071605682,0.244018465281,0.424063712358,0.658986091614,0.461221933365,0.410242617130,0.724132359028,0.525812506676,0.794040679932,0.520556509495,0.214594006538,0.206609204412,0.490127801895,0.309798538685,-0.001407632604,-0.120229117572,-0.343059003353,-0.012384697795,0.258695691824,-0.143059924245,-0.294392794371,-0.014623739757,-0.135095685720,-0.130304798484,0.004519241396,0.146434947848,-0.126193031669,-0.281135529280,-0.530228853226,-0.366013288498,-0.068080849946,-0.006647154223,-0.236848592758,-0.117138087749,0.154419764876,0.390819728374,0.478031247854,0.528891205788,0.283242851496,0.297442674637,0.398681074381,0.128160431981,0.096706829965,0.070002973080,-0.052275855094,-0.401595115662,-0.557554244995,-0.640374064445,-0.409230113029,-0.626697003841,-0.624433219433,-0.536579668522,-0.350455254316,-0.378097534180,-0.154209867120,-0.525911331177,-0.566098809242,-0.162495136261,-0.477706044912,-0.431818068027,-0.325541794300,-0.558591425419,0.035347219557,0.433690786362,0.101345434785,0.494630575180,0.526203572750,0.439844042063,0.427788615227,0.321314781904,0.297261565924,0.128814846277,-0.018554408103,-0.101625308394,-0.156790509820,-0.288741677999,-0.216199204326,0.022019984201,0.044735554606,0.209136337042,0.100316464901,0.338391602039,0.567526996136,0.356147527695,0.554537296295,0.557360768318,0.283967226744,0.419729709625,0.341334432364,0.318750590086,0.173414573073,-0.055041730404,-0.129197627306,-0.268849611282,-0.591633737087,-0.530912101269,-0.770794093609,-0.790645003319,-0.561834752560,-0.706718027592,-0.714394152164,-0.466128081083,-0.267359644175,-0.215820536017,-0.117302715778,0.314519464970,0.437827229500,0.512518227100,0.636830270290,0.621305167675,0.426706135273,0.413070201874,0.573379814625,0.195002406836,0.249422609806,-0.015628015622,-0.156107276678,-0.433176308870,-0.642246782780,-0.724519193172,-0.537946164608,-0.363226830959,-0.215038523078,-0.275904238224,-0.110914863646,0.108675822616,0.309321105480,0.397783815861,0.578886866570,0.987050950527,0.700651168823,0.720489799976,0.782454431057,0.168212100863,0.147377490997,0.211313650012,0.273076623678,0.063022427261,0.106992430985,-0.197648912668,-0.228563323617,-0.358308374882,-0.202950164676,-0.120212651789,-0.006548373029,0.050876449794,-0.070336356759,-0.128600835800,0.295499950647,0.247323513031,0.332703441381,0.148122474551,0.009413028136,0.024596527219,-0.003502618056,0.325080811977,0.229312404990,0.059972558171,-0.145541802049,-0.258913844824,-0.403928816319,-0.351389527321,-0.387959182262,-0.247504621744,-0.459151655436,-0.051987744868,0.046678248793,-0.082029588521,-0.063187062740,0.066525049508,-0.036269180477,0.058075137436,0.170220643282,0.343231856823,0.115623436868,0.056737475097,0.438810944557,0.574063062668,0.553870499134,0.829762399197,0.909400641918,0.518457412720,0.355542480946,0.148369416595,-0.102613128722,-0.222105488181,-0.337745398283,-0.403731256723,-0.814451336861,-0.654516279697,-0.922448039055,-0.832956314087,-0.771884799004,-0.702943742275,-0.334617316723,-0.140841469169,-0.178304255009,-0.023847436532,-0.116784110665,-0.228336930275,0.143590882421,0.236906215549,-0.170093059540,-0.015335787088,0.218730479479,-0.074958495796,0.009775226936,0.273533463478,0.170315310359,0.463934302330,0.523054897785,0.563275337219,0.720543324947,0.615621149540,0.622437059879,0.278287321329,-0.287708580494,-0.077283971012,-0.006153247785,-0.396273285151,-0.139841303229,-0.414288491011,-0.434806197882,-0.191219896078,-0.070978432894,-0.081037662923,0.140096500516,-0.146295011044,0.207399427891,0.212947651744,-0.151069447398,-0.186013296247,0.007305695675,-0.277143120766,0.051716096699,0.008865616284,-0.015051791444,0.219232618809,0.466136306524,0.319417387247,0.426109343767,0.084173962474,0.053428299725,-0.104362376034,-0.438827395439,-0.512205421925,-0.316137015820,-0.886479318142,-0.708471417427,-0.619090855122,-0.551841378212,-0.401237010956,-0.014689593576,0.259218424559,0.143562063575,0.111840941012,0.556298911572,0.271952956915,0.214412897825,0.089545197785,-0.209086939692,-0.208872929215,-0.289416670799,-0.420392394066,-0.250431030989,-0.425253212452,-0.506105661392,-0.259383052588,-0.043118011206,-0.389626115561,-0.303571224213,-0.218388855457,0.031087279320,-0.023308256641,0.306201249361,0.520264327526,0.623042047024,0.611595809460,0.680590391159,0.738101661205,0.455965936184,0.643991947174,0.396079838276,-0.116088539362,-0.163746371865,0.089466989040,-0.278077423573,-0.559756219387,-0.579158484936,-0.550314426422,-0.393198728561,-0.423969060183,-0.332464724779,-0.211103737354,-0.092022955418,-0.099188707769,0.179374366999,0.181568145752,0.548783242702,0.627479016781,0.509324312210,0.564938127995,0.692440032959,0.676951944828,0.690559029579,0.766908764839,0.420359432697,0.141462966800,-0.017727116123,-0.211190178990,-0.428673535585,-0.623182058334,-0.879725098610,-1.017940640450,-0.897505760193,-1.053514242172,-0.727120518684,-0.467646867037,-0.751004934311,-0.324899733067,0.341832458973,0.083161458373,0.213075235486,0.238992974162,-0.114676788449,0.167508274317,0.476952850819,0.169043511152,0.007964236662,-0.083523653448,-0.328945636749,-0.412337601185,-0.557389616966,-0.891998708248,-0.919616222382,-0.737455427647,-0.931688129902,-0.890562236309,-0.521066904068,-0.036092195660,0.058676052839,0.365161329508,0.788035571575,0.833997666836,0.909392416477,1.077250480652,1.036581516266,1.013466715813,0.928407847881,0.975378274918,0.693176746368,0.606047630310,0.531492471695,0.193977534771,-0.003856583964,0.004601559602,-0.183745443821,-0.377867043018,-0.391412436962,-0.502282023430,-0.484558999538,-0.411687254906,-0.645992219448,-0.452566236258,-0.029449155554,0.339260041714,0.290486812592,0.182033255696,0.522392272949,0.528895318508,0.522202908993,0.672309219837,0.591201603413,0.242833092809,0.305542707443,0.251431196928,-0.199982628226,-0.329587727785,-0.388004481792,-0.508435249329,-0.579203784466,-0.630981624126,-0.212461978197,-0.093940958381,-0.390445172787,-0.204139664769,-0.012228294276,-0.469182074070,-0.670284211636,-0.275809556246,-0.264021664858,-0.536295711994,-0.063705667853,0.249830111861,0.057227265090,0.517506659031,0.672761976719,0.616905331612,0.707853972912,0.865496456623,0.979276001453,0.539588391781,0.052588663995,-0.048168200999,-0.224303394556,-0.341639012098,-0.166705682874,-0.518255770206,-0.592498123646,-0.265054762363,-0.020587656647,0.125127017498,0.063314653933,0.092961378396,0.481134593487,0.721494078636,0.829322040081,0.814010918140,0.567407667637,0.390350520611,0.711599469185,0.398569971323,-0.096929088235,0.030729195103,-0.155037149787,-0.571095466614,-0.314490646124,-0.181189492345,-0.281333088875,-0.165067568421,-0.123682342470,-0.023761002347,-0.104086615145,0.059486884624,-0.145134329796,-0.230962872505,-0.196401804686,-0.144940882921,-0.419005334377,-0.245948821306,-0.153366103768,-0.359592527151,-0.105444848537,-0.244129598141,-0.462995886803,-0.235375121236,-0.631730675697,-0.757853746414,-0.348623692989,-0.495165675879,-0.405237704515,0.191557407379,0.117693729699,0.045591656119,0.463251054287,0.502598941326,0.241289630532,0.321125447750,0.166783884168,-0.216919466853,-0.215034410357,-0.349944889545,-0.708463132381,-0.696271896362,-0.745234489441,-0.929473817348,-1.033490419388,-0.942340075970,-0.568222582340,-0.122826240957,0.099744357169,0.233049631119,0.687258124352,0.648968040943,0.793283343315,0.938170671463,0.695214092731,0.803251981735,0.896843135357,0.217606827617,-0.085729770362,-0.060371797532,-0.444898337126,-0.474861979485,-0.312325686216,-0.677993237972,-0.286375045776,-0.276554554701,-0.393803745508,-0.427912086248,0.033132873476,0.143866643310,0.548783242702,0.576763093472,0.611410558224,0.541687488556,0.425286173820,0.348319113255,0.249537870288,-0.011536825448,-0.237243711948,-0.226702943444,-0.360605031252,-0.396244466305,-0.490136027336,-0.451216250658,-0.604343652725,-0.607331752777,-0.219174996018,-0.475689262152,-0.539715945721,-0.160663574934,0.059565089643,0.390358746052,0.422260969877,0.533430993557,0.678330779076,0.658105313778,0.367741942406,0.328159511089,0.269829183817,0.062252759933,0.036697227508,-0.010232090019,0.040545582771,-0.102460838854,-0.033190496266,-0.019599843770,-0.166088312864,-0.307773530483,-0.202534466982,-0.382341027260,-0.297010481358,-0.401788562536,-0.512810468674,-0.673453450203,-0.433398574591,-0.542856395245,-0.531698226929,-0.305378079414,-0.284115403891,-0.023596368730,0.063664503396,0.013426016085,0.063969083130,0.456768542528,0.390597492456,0.220611438155,0.249175682664,0.258033066988,0.437493860722,0.369075506926,0.361230641603,0.278999388218,0.230320796371,0.008795646019,0.176834866405,0.157342046499,-0.066393338144,0.004490430467,-0.141430035233,-0.064755216241,-0.089520499110,0.091936528683,0.087606608868,0.227666050196,0.350755721331,0.324167102575,0.495593696833,0.474973112345,0.617209911346,0.626499414444,0.156284257770,-0.107227034867,-0.012936226092,-0.216610789299,-0.555928468704,-0.533109962940,-0.540300428867,-0.519696354866,-0.249451428652,-0.356637299061,-0.232810914516,-0.119138404727,0.179296180606,0.091393224895,0.409859836102,0.439983963966,0.356102257967,0.238976508379,0.142302602530,-0.137297689915,-0.058984745294,-0.142623648047,-0.393305748701,-0.552611052990,-0.524157941341,-0.534418821335,-0.071908622980,0.055889602751,0.205695465207,0.433793693781,0.499787777662,0.387107223272,0.661410331726,0.460044801235,0.114738516510,0.032342623919,0.174888059497,0.135820090771,-0.134214892983,0.076650120318,-0.195208191872,-0.234539583325,0.015652710572,-0.137585803866,-0.454500734806,-0.068130247295,-0.417062610388,-0.390914410353,-0.251369446516,-0.488744854927,-0.394935607910,-0.046258430928,0.056531678885,0.278900593519,0.025407357141,-0.152538806200,0.310666978359,0.091920055449,0.374261528254,0.149912878871,-0.169710278511,-0.275245666504,-0.289750069380,-0.562555015087,-0.563365876675,-0.628302156925,-0.489341676235,-0.413448870182,-0.377015024424,-0.130683466792,0.019982621074,0.296565979719,0.805429279804,0.608084917068,0.538086116314,1.072533726692,0.605899393559,0.466416180134,0.601343154907,0.515226483345,0.538427710533,0.489473372698,0.221372872591,0.188474610448,-0.259358376265,-0.064002014697,0.020328355953,-0.430352777243,-0.501281857491,-0.372495800257,-0.423738569021,-0.283444523811,-0.266017854214,-0.331139415503,-0.383769214153,-0.346639841795,-0.533546268940,-0.464708089828,-0.414601296186,-0.078638099134,0.058894198388,0.027197768912,-0.085939675570,0.252423107624,0.308950662613,-0.011479202658,-0.039689477533,-0.004597443156,-0.370812416077,-0.431863367558,-0.571194291115,-0.751725196838,-0.588592112064,-0.413123726845,-0.495424956083,-0.236181825399,0.152423560619,0.297496169806,0.226707056165,0.328085422516,0.206786170602,0.368766844273,0.585855066776,0.454640656710,0.363300919533,0.404406249523,0.486123055220,0.187684357166,0.127831161022,0.192392915487,0.320195257664,0.046665906906,-0.015969634056,0.083704754710,-0.038759287447,-0.226612389088,-0.293882399797,-0.382995426655,-0.613246262074,-0.487888783216,-0.022690871730,-0.198821932077,-0.388963460922,0.062215715647,0.453134238720,0.412880867720,0.497326493263,0.387247145176,0.485275149345,0.498577713966,0.240273013711,0.016644638032,-0.324200034142,-0.405138909817,-0.308329164982,-0.758981525898,-0.711270213127,-0.560040235519,-0.572461962700,-0.219631850719,-0.033923123032,-0.331234067678,0.119080789387,0.262161284685,0.144479915500,0.217680931091,0.390362858772,0.288609981537,0.562526226044,0.414498388767,-0.010038643144,0.325904011726,0.251982718706,-0.108898080885,-0.173892021179,-0.279764920473,-0.244730502367,-0.366803556681,-0.413942784071,-0.530858635902,-0.286202162504,0.067665144801,-0.048501588404,-0.033116411418,0.283749103546,0.255617052317,0.791929244995,0.949448227882,0.845760822296,1.153056979179,0.897028267384,0.915508627892,0.720736742020,0.353710919619,0.184947282076,-0.199262335896,-0.344907045364,-0.701034009457,-0.692320644855,-0.641901075840,-0.896283328533,-0.814426600933,-0.486625194550,-0.588020026684,-0.528166830540,-0.620568394661,-0.369083762169,0.062651999295,-0.207444712520,-0.029193971306,0.557529509068,0.358905166388,0.240729868412,0.547264516354,0.112577684224,0.363498508930,0.681462943554,0.394244134426,0.333942323923,0.301373332739,-0.214655742049,-0.354147195816,-0.269343495369,-0.692448258400,-0.609978258610,-0.206345766783,-0.420771002769,-0.425389051437,-0.116516590118,-0.340848773718,-0.084301553667,-0.017945257947,0.074485167861,0.180123463273,0.366745918989,0.316252261400,0.348384976387,0.185350641608,-0.178472995758,-0.261185824871,0.005663457792,-0.152942165732,-0.295022517443,-0.036796011031,-0.231456786394,-0.258633971214,0.250463932753,0.237280771136,0.285872906446,0.445137083530,0.342581570148,0.519469916821,0.373026758432,0.246973663568,0.368396401405,0.338650882244,0.048760890961,0.088108748198,-0.145101413131,-0.436913520098,-0.496877878904,-0.324969679117,-0.428364843130,-0.720757305622,-0.373401314020,-0.135601937771,-0.297512620687,0.034124799073,0.134527698159,0.216606676579,0.202847272158,0.000045274734,0.056869179010,0.075370088220,-0.072336673737,-0.156687617302,-0.076197378337,0.033005282283,-0.058466143906,-0.013561841100,0.025045158342,-0.073452085257,-0.194751337171,0.283530980349,0.423668593168,0.306868046522,0.593136072159,0.928251445293,0.558093428612,0.586867570877,0.963606834412,0.720341622829,0.557891726494,0.645860552788,0.687941372395,0.297129839659,0.054658953100,0.010516086593,-0.022505659610,-0.331439882517,-0.011553288437,-0.271994143724,-0.368544578552,-0.172784850001,-0.161647260189,-0.162552759051,-0.063495755196,-0.386510401964,-0.463193446398,-0.400265693665,-0.521305620670,-0.365758121014,-0.245306745172,-0.480315566063,-0.538147866726,-0.504146516323,-0.274315506220,-0.165705531836,-0.015533350408,0.097764611244,0.429990619421,-0.031906340271,0.016105458140,0.377142667770,-0.159140691161,-0.315894156694,-0.390099465847,-0.741291463375,-1.136527538300,-0.755421221256,-0.478751510382,-0.520704746246,-0.341001063585,-0.270570039749,-0.280460506678,-0.069780714810,0.003778382437,0.165191039443,0.306781589985,0.399557769299,0.673000693321,0.830993056297,0.923439919949,0.858886361122,0.741587817669,0.556200146675,0.796337306499,0.769444108009,0.292178422213,0.240684598684,-0.194047510624,-0.124369695783,-0.161289185286,-0.128139838576,-0.329353123903,-0.055305145681,0.281394809484,0.105086773634,0.165783718228,0.452138185501,0.513946413994,0.503310978413,0.533126413822,0.475438237190,0.411576151848,0.193179056048,-0.125921383500,-0.074003607035,-0.412967294455,-0.839270114899,-0.298167049885,-0.715600073338,-1.279464006424,-0.828568756580,-0.763406157494,-0.674638807774,-0.236576959491,-0.346030652523,-0.175550729036,0.039701823145,0.022892551497,0.072900556028,0.157502561808,-0.021221501753,-0.216339141130,0.093574643135,0.039660666138,-0.015195846558,0.113120973110,0.140792071819,0.451673090458,0.259321331978,0.035972833633,0.176925420761,0.076230302453,-0.123571217060,-0.113277390599,-0.281645894051,-0.105457201600,-0.537695109844,-0.410514235497,-0.460670441389,-0.301513254642,0.065039217472,0.105263754725,-0.124966502190,0.206473365426,0.248875200748,0.156477719545,0.360102891922,0.431324154139,0.440366774797,0.326710700989,0.228695034981,0.149258449674,-0.069541990757,0.301076978445,0.373956948519,0.267120927572,0.444787204266,0.687945485115,0.679997682571,0.636570990086,0.683105230331,0.624811887741,0.264210999012,0.313395828009,-0.036783661693,-0.199698626995,-0.224505066872,-0.323422133923,-0.190886512399,-0.155160620809,-0.238614320755,-0.368795633316,-0.375628024340,-0.473767161369,-0.322055637836,-0.158720865846,-0.426191657782,-0.319981247187,-0.092047646642,-0.222611755133,-0.160535976291,-0.237017363310,-0.013751171529,-0.002033247147,-0.042117848992,0.163836911321,0.006951729301,-0.145554155111,-0.053424187005,-0.121179886162,-0.004585096147,0.035108499229,-0.062466781586,-0.172011062503,-0.397117048502,-0.146299138665,-0.407410860062,-0.415930747986,-0.032597806305,-0.173015326262,-0.205024585128,0.264758408070,0.349405705929,0.632800817490,0.723868906498,0.361703962088,0.434588044882,0.404039978981,0.279892534018,0.469404309988,0.380003184080,-0.125164061785,-0.078601054847,0.116623595357,-0.187552630901,-0.227093964815,-0.541362345219,-0.535978794098,-0.415428608656,-0.563814461231,-0.407295614481,-0.327509194613,-0.024921681732,0.079695880413,0.173731505871,0.497626930475,0.776737451553,0.716740131378,0.616316735744,0.405945628881,0.224546208978,0.272615641356,0.278489023447,0.015368714929,-0.151752665639,-0.008297624066,0.077889010310,0.019105937332,-0.298763841391,-0.418783038855,-0.368297606707,-0.440152734518,0.030268216506,0.055724963546,-0.058523766696,0.214672207832,-0.009042599238,-0.194376781583,0.028675369918,-0.191335141659,-0.030362883583,-0.143236920238,-0.184955522418,-0.069064550102,-0.071229510009,-0.351060271263,-0.095492646098,0.154827252030,-0.119537644088,-0.024460703135,0.207576423883,-0.107165299356,-0.124653689563,-0.113705433905,-0.215087920427,-0.214594006538,0.080831862986,-0.042117848992,-0.077987790108,-0.076296158135,-0.070525690913,-0.144768014550,0.016270093620,-0.110869593918,-0.210095360875,-0.113647818565,0.228690922260,0.027893351391,0.042019069195,-0.005046074744,0.001658701571,0.171928748488,-0.230983465910,-0.094665355980,0.000238721332,-0.247414067388,-0.115812763572,0.254703283310,0.410024464130,0.503932476044,0.498351365328,0.551742613316,0.534274816513,0.520486593246,0.521309733391,0.385045140982,0.065891198814,0.311058014631,0.369989246130,-0.013397205621,0.282444357872,0.088726133108,-0.067442893982,-0.133041873574,-0.002728831489,-0.375039458275,-0.398129522800,-0.414745390415,-0.263951689005,-0.136774972081,-0.008038323373,0.028127957135,-0.149414852262,-0.148492902517,0.067772157490,-0.175917044282,-0.044253993779,0.067912101746,-0.079090841115,-0.099686726928,-0.014533190057,-0.253196895123,-0.341087490320,-0.354344755411,-0.615674614906,-0.640069484711,-0.595819592476,-0.490786373615,-0.071159534156,-0.238243877888,0.145286619663,0.329789400101,0.325578838587,0.159704566002,0.498063236475,0.359625428915,0.298702120781,0.265351086855,0.353126466274,0.429295033216,0.318939924240,0.292400717735,0.520420730114,0.417581200600,0.737056195736,0.684566318989,0.149229630828,0.146266192198,0.232452824712,-0.162276998162,-0.514382719994,-0.806960403919,-0.637464165688,-0.546408414841,-0.573178112507,-0.364119976759,-0.306534647942,-0.067998535931,0.331406921148,0.726346731186,0.757187008858,0.575009703636,0.799811124802,1.066499948502,0.771469056606,0.630356013775,0.717197060585,0.284987986088,-0.421808242798,-0.559904396534,-0.695695698261,-0.921785354614,-0.860738575459,-0.689933419228,-0.733088433743,-0.323212206364,-0.582068443298,-0.084194540977,-0.003424416063,-0.021814189851,0.390572756529,0.360580354929,0.372335314751,0.591547310352,0.324516952038,0.320314645767,0.388103276491,0.053551778197,-0.065080374479,-0.201130956411,-0.180535063148,-0.432204961777,-0.340284883976,-0.443671822548,-0.706615149975,-0.389794886112,-0.337366759777,-0.603154122829,-0.302575170994,-0.400269806385,-0.456871449947,-0.444799542427,-0.239923164248,-0.280168294907,-0.373615324497,-0.190137416124,-0.198253944516,-0.218430012465,-0.026251114905,-0.147780850530,0.063038893044,-0.128395020962,-0.240775153041,-0.001761598745,0.074629224837,-0.133268237114,0.101971045136,0.372038960457,0.331411063671,0.016270093620,0.153761222959,0.230353727937,0.318347245455,0.315416723490,-0.106910109520,0.059721488506,0.188153550029,-0.051382705569,-0.014413828962,0.019710972905,-0.028518967330,0.117574363947,0.193413659930,0.318507760763,0.123534165323,0.540345728397,0.756614863873,0.592716217041,0.470573246479,0.742439746857,0.417424827814,0.238824218512,0.310411810875,-0.284029006958,-0.318289607763,-0.071414716542,-0.304867714643,-0.490362405777,-0.569860756397,-0.632516860962,-0.473911195993,-0.627343177795,-0.822954714298,-0.432888209820,-0.414053916931,-0.756322622299,-0.659545838833,-0.474100530148,-0.366482526064,0.140228196979,0.437407433987,0.452669113874,0.595745503902,0.690987110138,0.427471697330,0.195986106992,0.288762271404,0.295829206705,0.277546465397,-0.260947108269,-0.466337978840,-0.360160499811,-0.278484880924,-0.252645373344,0.012878604233,0.232810914516,0.165734335780,0.183963581920,0.106222763658,0.282197415829,0.168841823936,0.150559067726,-0.024567717686,0.231707856059,0.307176709175,0.338045865297,0.158766150475,-0.260848343372,0.136408656836,0.179473161697,0.257477402687,-0.188342884183,-0.010902978480,0.070315778255,-0.153386682272,0.012569911778,0.022238126025,-0.075382433832,0.213034078479,-0.016014907509,-0.231790184975,-0.010392609052,-0.059441611171,-0.436147987843,-0.328595787287,-0.247237101197,-0.073913060129,0.176867812872,-0.058622550219,0.132354512811,0.353624492884,0.337646603584,0.083626545966,0.391404211521,0.156411856413,-0.057400133461,0.306057214737,0.109708920121,-0.000880799373,0.132766097784,-0.206074133515,-0.384859919548,-0.297084569931,-0.471330553293,-0.678919374943,-0.660994648933,-0.597811698914,-0.516551792622,-0.274986386299,-0.394071310759,-0.142673030496,0.102699555457,0.178674668074,0.525158107281,0.775589168072,0.724906086922,0.781783521175,0.907474458218,0.584114074707,0.451903611422,0.268055230379,-0.103333406150,-0.347364217043,-0.630862295628,-0.755034446716,-0.952440500259,-0.877881169319,-0.722913980484,-0.279711425304,0.161153361201,0.219129711390,0.251138955355,0.553985774517,0.488872438669,0.614242315292,0.583780646324,0.283518612385,0.291976749897,0.133811533451,-0.272035300732,-0.215569466352,-0.115240655839,-0.425269663334,-0.273558169603,-0.630689382553,-0.731413364410,-0.499602586031,-0.092187590897,-0.243108868599,-0.380846947432,0.026847917587,0.409238338470,0.522289335728,0.430920809507,0.853502810001,0.924398899078,0.698893725872,0.676737904549,0.616621315479,0.345763146877,0.419737935066,0.288984507322,-0.062960691750,-0.524919390678,-0.455957710743,-0.456760317087,-0.472030282021,-0.270516544580,-0.142067998648,0.047192737460,-0.064413599670,0.236441120505,0.230917602777,-0.066697917879,0.029593212530,0.254748582840,-0.118619799614,-0.110544435680,-0.089388787746,-0.266359478235,-0.288836330175,-0.336321324110,-0.024300185964,-0.158864930272,-0.157926499844,0.318042665720,0.242145732045,0.100295886397,0.074406966567,0.110503271222,-0.088647931814,-0.257827252150,-0.087507829070,-0.462061613798,-0.632187604904,-0.750268220901,-1.006696105003,-0.926683247089,-0.656356036663,-0.378595530987,-0.180345728993,0.063907347620,0.027029016986,0.453208327293,0.669428110123,0.679557263851,1.077275276184,0.887689352036,0.440247416496,0.498380154371,0.522145271301,0.095529690385,-0.215915203094,-0.283790260553,-0.199451670051,-0.295462906361,-0.261811435223,-0.340996950865,-0.774910032749,-0.267824769020,-0.050271417946,-0.295113056898,0.013594767079,-0.028416069224,-0.054667185992,0.288313627243,0.230637729168,0.208914086223,0.297771930695,0.082025468349,0.077510342002,0.086417116225,-0.073094002903,-0.082350626588,-0.125695005059,-0.078806847334,-0.382904917002,-0.353636831045,-0.200167819858,-0.416655153036,-0.442646980286,-0.650075197220,-0.388457208872,-0.400031059980,-0.531336009502,-0.390926748514,-0.242738425732,-0.326653093100,-0.296158492565,-0.127308443189,-0.136268720031,-0.109186202288,-0.159976214170,-0.189273089170,-0.210111811757,0.048987261951,-0.065022744238,0.382485061884,0.517226815224,0.648931026459,0.686632514000,0.615645825863,0.437370389700,0.579924106598,0.488588482141,0.200377747416,-0.041315250099,-0.489189386368,-0.899242639542,-0.765723347664,-0.754952073097,-0.794620990753,-0.419038236141,-0.526310563087,-0.308753103018,0.111849166453,0.063388742507,-0.082667544484,0.500314593315,0.295232415199,0.576956510544,0.457060784101,0.449289977551,0.313342332840,0.515843868256,0.635690212250,0.309950828552,0.209049925208,0.342079430819,-0.068595334888,-0.087894715369,-0.240359455347,-0.710895597935,-0.411349773407,-0.053152538836,-0.231119275093,-0.090360134840,-0.060824550688,-0.115545243025,0.298315227032,0.550684809685,0.711175560951,0.878086984158,0.925172686577,0.846090137959,0.748284339905,0.729203104973,0.570910274982,0.354760468006,0.296249061823,0.263301402330,0.147422775626,0.134659409523,-0.163437679410,-0.243536904454,-0.449969112873,-0.564390718937,-0.687101721764,-0.735195815563,-0.635163366795,-0.475397050381,-0.443367242813,-0.641757011414,-0.510530233383,-0.191318675876,0.025028696284,-0.212803602219,-0.046324282885,0.084248051047,-0.001148331910,0.093340039253,0.105370774865,0.032309696078,-0.165886625648,-0.032519608736,0.011236364953,-0.172702535987,-0.235971927643,-0.499240368605,-0.577767312527,-0.383633404970,-0.469227313995,-0.249891832471,-0.063219994307,-0.168401435018,-0.362897574902,0.001848032349,0.164557188749,0.215458333492,0.463284015656,0.577734410763,0.138643577695,0.273788660765,0.739756226540,0.651001274586,0.476878762245,0.310222476721,0.171105563641,0.253353297710,0.275751948357,0.047843046486,0.034840963781,0.068759970367,-0.251332402229,-0.419515699148,-0.226632967591,0.032490793616,-0.008931470104,0.199990853667,0.231242761016,0.283218145370,0.343145459890,0.076592504978,-0.114014126360,0.137701049447,0.236992657185,0.137754559517,0.228802040219,0.055362764746,-0.128691375256,-0.112129054964,0.009841080755,-0.129181161523,-0.330698996782,-0.290499150753,-0.458661854267,-0.453233003616,-0.295878618956,-0.454537749290,-0.318767070770,-0.092051766813,-0.393095821142,0.191993668675,0.300336122513,0.084865435958,0.178913399577,0.156514748931,0.367285102606,0.894093692303,0.658726811409,0.368009507656,0.379776805639,0.573659718037,0.394762784243,0.017220862210,-0.128909513354,-0.296146154404,-0.510826587677,-0.281427741051,-0.636459887028,-0.731594383717,-0.274455457926,0.036672532558,-0.439518868923,-0.389547914267,0.138071477413,0.126863926649,0.232720360160,0.102057486773,-0.092027068138,0.099493287504,-0.171875238419,-0.148455858231,-0.348327338696,-0.884610652924,-0.650194585323,-0.551195204258,-0.706392884254,-0.654355704784,-0.352155119181,0.011907255277,0.384213745594,0.527631759644,0.651853263378,0.302752137184,0.569914221764,0.558183968067,0.026275809854,-0.022258704528,-0.309819132090,-0.213869601488,-0.054918255657,-0.334201633930,-0.305122911930,-0.045048363507,-0.087425515056,-0.048382226378,0.322985827923,0.344693034887,-0.083910547197,0.221854418516,0.062577910721,-0.271310925484,-0.051563806832,-0.150690779090,-0.114182882011,-0.129205867648,0.018673770130,0.194953009486,0.405912667513,0.399166762829,0.502631843090,0.513271391392,0.241450160742,0.261799097061,0.656146109104,0.381855338812,0.276550441980,0.108712874353,-0.145220771432,-0.239774987102,-0.035149656236,-0.066496238112,-0.180777892470,-0.107745639980,0.175036236644,0.347718179226,0.447511941195,0.835018396378,0.476174950600,0.200789332390,0.028868816793,0.148760423064,-0.066907823086,-0.301990717649,-0.209675520658,-0.435975104570,-0.597091436386,-0.537513971329,-0.206119403243,-0.377714782953,-0.305151700974,-0.306975036860,-0.327274590731,-0.378731399775,-0.326846539974,-0.265145301819,0.205201551318,-0.102493762970,0.091961219907,0.280798017979,0.188421100378,0.344301998615,0.364078849554,0.447639524937,0.344750642776,0.368375808001,0.233749330044,-0.145978093147,-0.013738824055,-0.069253876805,-0.374195665121,-0.386255204678,-0.186013296247,-0.227295637131,-0.023040724918,-0.230489566922,0.265194714069,0.503800749779,0.473462581635,0.517235040665,0.466741323471,0.425261437893,0.355056792498,0.322714179754,0.080889485776,0.031338345259,0.053983949125,0.098221480846,0.022262822837,0.221397563815,0.239149361849,0.117529086769,0.109519578516,0.185634642839,0.234016865492,0.148554638028,0.086565293372,0.204032644629,-0.031037887558,0.084050484002,0.122612208128,-0.023896828294,-0.078885048628,-0.341017544270,-0.329443663359,-0.347619414330,-0.481389760971,-0.277945727110,-0.102596662939,-0.084758415818,0.093126006424,0.091825388372,0.186112076044,0.143475621939,0.238684281707,0.236700415611,0.103629752994,-0.037475131452,-0.313441097736,-0.142911761999,0.010618983768,-0.311029195786,-0.215680614114,-0.156930461526,-0.183350324631,0.035832896829,-0.081741474569,-0.166993796825,-0.025386778638,0.279530316591,0.292063206434,0.304196804762,0.217602714896,0.194920077920,0.330061048269,0.164446070790,0.245166793466,0.274541854858,0.059392221272,-0.299764007330,0.072554819286,-0.148657530546,-0.252250224352,0.118796780705,-0.054284408689,-0.244895160198,-0.019645119086,0.182732954621,0.065574280918,0.055107582361,0.236325889826,0.063487522304,-0.118780329823,0.048954334110,0.118496328592,-0.229332983494,-0.111025989056,-0.136618569493,-0.407135128975,-0.223908260465,-0.363951206207,-0.135227397084,0.104292407632,-0.155378773808,0.111050687730,0.562378048897,0.690517902374,0.609031617641,0.537439942360,0.459201067686,0.448030531406,0.140458688140,-0.111285299063,0.015558045357,-0.193059697747,-0.273796886206,-0.570823848248,-0.433324456215,-0.238124519587,-0.330340921879,-0.178868129849,-0.371219873428,-0.169438630342,-0.227748379111,-0.255403012037,-0.145052015781,-0.066331595182,-0.018957765773,0.313494622707,0.088635578752,-0.031523562968,0.212848871946,0.128629639745,0.148711040616,0.266161918640,0.009573549032,-0.104634024203,0.354093700647,0.117055766284,0.052691560239,0.186272606254,0.075670547783,0.081198178232,0.020657625049,0.152921587229,0.146723076701,0.137927427888,0.295742809772,0.309531003237,0.430669754744,0.632879078388,0.271483778954,0.062396816909,0.124069236219,0.023567557335,0.220751360059,0.415173411369,0.148525819182,0.223241478205,0.334493845701,0.070484533906,0.319190979004,0.082634620368,0.106988310814,0.080140396953,-0.237815842032,-0.345656126738,-0.347323060036,-0.313918530941,-0.354200720787,-0.549260735512,-0.171064406633,0.174735769629,0.040401525795,0.336206048727,0.280686885118,0.048127043992,0.042323645204,0.194640204310,0.024682961404,0.121690250933,-0.059791460633,-0.191660299897,-0.241083845496,-0.647050023079,-0.423281729221,-0.297080457211,-0.648968040943,-0.464218318462,-0.229567587376,-0.011166395620,0.387942731380,0.276221156120,0.514275670052,0.769839227200,0.865599453449,0.564505934715,0.576018095016,0.634690046310,0.487563610077,0.272669136524,0.210239395499,0.014747215435,0.126769259572,-0.261655032635,-0.192993834615,-0.371614992619,-0.508373498917,-0.317980915308,-0.265828549862,-0.547688424587,-0.132350400090,-0.442906230688,-0.198957756162,0.265647441149,0.313313513994,0.274920523167,0.349315166473,0.299718737602,0.533241689205,0.526026546955,0.436008036137,0.147904321551,-0.074954375625,-0.152226001024,-0.333427846432,-0.483871638775,-0.819592058659,-0.846983313560,-1.130448341370,-0.939302563667,-0.387024879456,-0.410724163055,-0.267013907433,0.135626628995,0.124653689563,0.147793203592,0.367359220982,0.457641124725,0.587908864021,0.146241500974,0.091389112175,0.361580491066,0.221508681774,-0.250990778208,0.014808953740,0.265540421009,-0.107383437455,0.079749383032,0.322957038879,-0.102810688317,0.104012526572,0.275690197945,0.160844668746,0.041718609631,0.414584845304,0.293561369181,-0.185041949153,-0.063611000776,0.070632703602,-0.039150297642,-0.040973637253,0.025987697765,0.324780344963,0.483999282122,0.566238760948,0.451915949583,0.087734200060,0.398520559072,0.385135710239,0.141681104898,0.239297538996,0.004856743850,0.005074886139,-0.114927858114,-0.279472708702,-0.205835402012,-0.193524792790,-0.034816268831,0.008067133836,0.119171328843,0.131045669317,0.064034938812,0.207485869527,0.255921602249,0.155020684004,0.103950791061,0.074732124805,-0.089792139828,-0.058223307133,-0.253501474857,-0.262087225914,0.116615369916,-0.085017718375,-0.113804221153,-0.267030388117,-0.294067621231,-0.448380380869,-0.740130722523,-0.599556863308,-0.552240610123,-0.431797474623,-0.138948157430,-0.207736939192,-0.151954352856,0.065804764628,0.463946640491,0.351159065962,0.169854342937,0.773461163044,0.648165404797,0.285041481256,0.425516635180,0.312918365002,-0.144113600254,-0.153061524034,0.041842088103,-0.383184760809,-0.542473614216,-0.222619980574,0.206263467669,0.217042967677,0.034285321832,0.466766059399,0.557825863361,0.431278884411,0.494009077549,0.985367596149,0.770547151566,0.462884783745,0.613312125206,0.851658880711,0.080226823688,0.233778148890,0.504018902779,0.218117192388,0.146134495735,0.208580702543,-0.001741019194,-0.225562840700,-0.253332704306,-0.492510914803,-0.579924106598,-0.625260531902,-0.562378048897,-0.591962993145,-0.566831409931,-0.482142984867,-0.287762105465,-0.195261701941,-0.251995056868,-0.191145807505,-0.039121486247,0.125353381038,0.127781763673,-0.049201287329,0.225369393826,0.115611083806,-0.020966317505,0.005079002120,-0.162807941437,-0.595091104507,-0.599659740925,-0.178440079093,-0.406538307667,-0.185861006379,0.203818634152,0.134832277894,0.278760641813,0.394643366337,0.308028697968,0.457941591740,0.255020231009,0.068426586688,0.219438403845,-0.142018616199,-0.045904461294,0.016912171617,-0.110264554620,-0.092562139034,-0.278908818960,-0.393910765648,0.175534248352,-0.006564836483,-0.307049125433,0.352472037077,0.063894994557,0.120665393770,0.284436464310,-0.062330957502,0.193557724357,0.235836088657,0.167705848813,0.178263098001,0.108741678298,0.074608646333,0.268116950989,-0.063759170473,-0.056074813008,0.129247009754,0.118578642607,0.200554713607,0.042990416288,-0.070002973080,0.186038002372,0.059898473322,0.180444508791,0.168549597263,0.388510733843,0.416581034660,0.564538896084,0.643230497837,0.704734206200,0.168656617403,0.598721325397,0.618559896946,0.075542956591,-0.173270523548,-0.311424314976,-0.420215398073,-0.222241312265,-0.359296172857,-0.356814295053,-0.419215232134,-0.405134797096,-0.133428752422,-0.222521200776,0.024296067655,0.171583011746,-0.321351826191,-0.369215458632,-0.088660277426,-0.241466626525,-0.083968169987,-0.325282484293,-0.217750892043,0.035083800554,0.089598700404,0.167845785618,0.029420344159,-0.319026350975,-0.142475470901,-0.307765305042,-0.539308488369,-0.584290981293,-0.376163065434,-0.540753185749,-0.652079641819,-0.340161442757,-0.298516899347,-0.390506923199,0.045772757381,0.334135770798,-0.101781725883,-0.025510255247,0.551466822624,0.679627299309,0.391107857227,0.257008194923,0.433876007795,0.419038236141,0.265025943518,0.301105797291,0.242265105247,0.012458783574,0.264988899231,0.223500773311,0.103983715177,0.287650942802,-0.160556554794,-0.470840781927,-0.104238897562,-0.337996453047,-0.086989223957,-0.008857384324,-0.292462438345,0.056613996625,0.349306941032,0.252468377352,0.401866793633,0.676610291004,0.351640641689,0.439037352800,0.470338642597,0.166014224291,-0.054728917778,0.101205490530,-0.133902087808,-0.240067228675,-0.364626228809,-0.575865805149,-0.369281321764,-0.539259135723,-0.519140660763,-0.176443859935,-0.061034455895,0.079053796828,-0.099448010325,0.075703471899,0.136828482151,0.293330878019,0.139014005661,-0.007272768766,-0.068817593157,0.094237305224,-0.007120481227,-0.057799372822,-0.192742764950,0.323990106583,0.670675218105,0.682397246361,0.137631073594,-0.082371205091,-0.122476391494,-0.013623579405,-0.066080532968,-0.181197717786,-0.128580242395,-0.248076722026,0.022847278044,0.026461021975,-0.262272417545,0.001242997241,0.575631201267,0.338305145502,0.359551340342,0.349953114986,0.188519880176,-0.042480047792,-0.267046838999,-0.157761856914,-0.344828844070,-0.527240753174,-0.431653439999,-0.828630506992,-0.954798877239,-0.791336536407,-0.756972968578,-0.743509948254,-0.379377573729,-0.053564127535,0.131770059466,-0.139005780220,-0.184992566705,0.096702717245,0.311975836754,0.061511900276,0.130765780807,0.326784789562,0.047620788217,0.117068119347,0.175892338157,0.136783212423,0.076744787395,0.258950918913,0.262350618839,-0.141524702311,-0.387518793344,-0.023254750296,0.101884618402,0.032305579633,0.162910833955,0.259741127491,0.391737580299,0.077720254660,0.148138925433,0.207111328840,0.446803987026,0.414716571569,0.582677602768,0.497305899858,0.383472859859,0.403381407261,0.611418843269,0.252958148718,-0.000131708322,-0.239791452885,-0.180185213685,-0.238593727350,-0.100250609219,0.008244117722,0.179148018360,0.335810929537,0.404435098171,0.270154327154,0.404439210892,0.395672380924,0.051539111882,0.124398507178,-0.029749615118,-0.059211120009,-0.005037843250,-0.206432208419,-0.220714330673,-0.037829097360,0.044023502618,0.149349004030,0.179851830006,-0.179127424955,-0.031515330076,0.264606118202,-0.327509194613,-0.433052837849,-0.133276462555,-0.565514326096,-0.434345245361,-0.392268508673,-0.521112203598,-0.595914304256,-0.566617429256,-0.525293946266,-0.304073363543,0.049291837960,0.008079482242,-0.250706762075,0.273603469133,0.222159013152,0.255345374346,0.246031120420,-0.131728902459,-0.069101594388,-0.156465366483,-0.412510454655,-0.129185274243,-0.166034787893,-0.316939592361,-0.084239810705,-0.085729770362,-0.107453405857,0.112046733499,0.067282371223,0.057749982923,-0.090747036040,0.113281503320,0.039590697736,-0.131691858172,-0.065105065703,0.225768640637,0.085853241384,-0.199978515506,-0.032186217606,-0.073785468936,-0.047003407031,-0.030103582889,-0.016813389957,0.037158209831,0.076827108860,0.250846713781,0.143434479833,-0.230497792363,-0.142681255937,0.135560780764,0.344355523586,0.087125055492,0.338873147964,0.368141204119,0.240524083376,0.221553966403,0.075773440301,-0.098842978477,-0.105267867446,-0.294800251722,-0.185128390789,-0.423495769501,-0.467161178589,0.076275579631,-0.118545718491,-0.214602246881,0.417416602373,0.455957710743,0.353854954243,0.534011363983,0.210943222046,0.204246670008,0.253373891115,-0.407579630613,-0.300842374563,-0.198398008943,-0.512485265732,-0.409032553434,-0.315968245268,-0.588666200638,-0.373607099056,-0.160330176353,-0.206041187048,-0.291651606560,-0.430496871471,-0.119570568204,-0.101765252650,-0.646403849125,-0.353978425264,-0.000954885327,-0.138330772519,-0.118825592101,-0.001658701571,-0.240816310048,-0.220627903938,0.276533961296,0.035211395472,0.206436321139,0.327891975641,0.335913807154,0.298492223024,0.520005047321,0.346919715405,0.303661763668,0.097036100924,0.018842522055,0.090932242572,-0.152567625046,-0.101394824684,0.336387157440,0.130341842771,0.146710723639,0.347948670387,0.402471810579,0.379089444876,0.252604186535,0.096340514719,0.262832164764,0.275570839643,0.191948413849,0.418334424496,0.315721303225,0.235576793551,-0.085371680558,-0.348693639040,-0.260770112276,-0.450281918049,-0.396026313305,-0.581265866756,-0.823971390724,-0.752997040749,-0.705742537975,-0.601310193539,-0.395075589418,-0.754577577114,-0.392223238945,-0.142936453223,-0.207160726190,0.064993940294,0.118113555014,0.194578453898,0.294405132532,-0.096797384322,0.289379626513,0.372125357389,-0.240153655410,-0.482151210308,-0.389222770929,-0.297738999128,-0.585426986217,-0.452154636383,-0.447606623173,-0.429616063833,-0.362975776196,-0.160610064864,-0.098563089967,0.010989412665,0.199398159981,-0.057824067771,-0.142084464431,0.094780601561,0.275381505489,0.509805858135,0.538077890873,0.572762429714,0.822785973549,0.641139626503,0.385382622480,0.469009190798,0.770238459110,0.616518437862,0.429825961590,0.243738576770,0.077806688845,0.044463906437,-0.030613951385,0.047941826284,0.150834843516,0.422429740429,0.452290505171,0.184770315886,0.319544941187,0.426751405001,0.403052151203,0.184008866549,-0.014714288525,-0.146566659212,-0.304028064013,-0.479014933109,-0.792847037315,-0.595140457153,-0.640394628048,-1.011832594872,-0.664270937443,-0.366564840078,-0.508068978786,-0.180510357022,-0.065808884799,0.267474919558,0.427179485559,0.285757660866,0.525602638721,0.363827764988,0.089965008199,-0.009087873623,-0.340046167374,0.001259460812,-0.101003810763,-0.375018835068,-0.248405992985,-0.360292226076,-0.299718737602,-0.094093240798,-0.075077854097,-0.195977851748,-0.056358810514,-0.162832632661,-0.217429861426,-0.262568771839,-0.356415063143,-0.039557769895,-0.077370405197,-0.072423107922,-0.044714972377,-0.121282778680,-0.172002837062,0.403899997473,0.122669838369,0.000041158848,0.242824852467,0.222879290581,0.268079936504,-0.166631594300,-0.224492698908,-0.122315861285,-0.725614070892,-0.432624757290,0.089927971363,-0.124978840351,-0.294079959393,0.122929133475,0.456381678581,0.214194774628,0.178571775556,0.603783845901,0.667259037495,0.158198148012,0.368458151817,0.155568093061,-0.123863436282,-0.128617286682,0.137610495090,0.192866250873,0.261704415083,0.645090878010,0.838467478752,0.633442878723,0.675568997860,0.767262637615,0.521503210068,0.282571941614,-0.068636491895,-0.234588980675,-0.069797180593,0.040068138391,-0.278628945351,-0.118479855359,-0.164232045412,-0.183584928513,0.273344129324,0.360423922539,0.109157375991,0.077333360910,0.140520423651,0.235613822937,-0.167969256639,-0.095496758819,-0.066076412797,-0.476129710674,-0.412880867720,-0.338371008635,-0.861339509487,-0.733524799347,-0.615106642246,-0.916698098183,-0.747189521790,-0.372882694006,-0.230518355966,-0.121941320598,-0.442926853895,-0.524618923664,-0.484007507563,-0.667468965054,-0.550326764584,-0.303040266037,-0.508212983608,-0.743872165680,-0.861162483692,-0.694901287556,-0.676219344139,-0.603495717049,-0.557508945465,-0.513518393040,-0.386847913265,-0.143557950854,0.387926280499,0.539353787899,0.274583011866,0.784294247627,0.905914485455,0.760372698307,0.763171494007,0.760022878647,0.695691585541,0.784965157509,0.742435693741,0.631434381008,0.641440093517,0.433349192142,0.334123432636,0.231769591570,0.099044658244,-0.219817072153,-0.035939909518,-0.344816476107,-0.348203867674,0.115145996213,0.315593719482,0.350471705198,0.640703320503,0.581306993961,0.494869321585,0.568115592003,0.374022781849,0.254987299442,0.205333262682,0.085305832326,-0.099699079990,-0.097859278321,-0.034598127007,-0.220076367259,-0.066068179905,0.020974548534,-0.133408173919,0.098435498774,-0.249756008387,-0.239314019680,-0.057638853788,-0.333999931812,-0.375368714333,0.000078201818,0.006441359874,-0.124661915004,-0.169599145651,-0.543424427509,-0.577388644218,-0.324788600206,-0.379402250051,-0.279118716717,-0.593206048012,-0.632640302181,-0.406707048416,-0.429027497768,-0.595358610153,-0.298566281796,-0.197422534227,-0.318590074778,-0.445544540882,-0.249628424644,0.037672694772,0.356089919806,0.787665128708,0.440856546164,0.530500531197,0.937545061111,0.651293516159,0.407361477613,0.279542684555,0.334448575974,-0.022505659610,-0.324418157339,-0.611702799797,-0.795427680016,-0.955189824104,-0.588785588741,-0.122200623155,-0.428229004145,-0.286729007959,-0.079440690577,-0.059993140399,-0.353599816561,-0.207325354218,0.034985020757,0.073550865054,0.251826316118,0.220463275909,0.116582438350,0.178477108479,0.429780721664,0.326200336218,0.385172724724,0.543000459671,0.461649984121,0.395536541939,0.336477696896,0.143422126770,0.250715017319,0.470787256956,0.012615187094,-0.120961740613,-0.056350581348,-0.381666004658,-0.019233530387,-0.112853452563,0.180432155728,0.329418957233,0.221928521991,0.237334266305,0.516946911812,0.276587456465,-0.016484118998,-0.053082566708,-0.119512952864,0.069562569261,-0.190334975719,-0.485876083374,-0.367709040642,-0.516662895679,-0.467803239822,-0.181399390101,-0.160754129291,-0.531587123871,-0.411699593067,-0.070439256728,0.056350581348,-0.016179542989,0.270133763552,-0.039644204080,-0.035059105605,0.022308096290,0.077950745821,0.155489891768,0.036178629845,-0.056070700288,0.097632907331,-0.085820317268,-0.023419383913,-0.372981488705,-0.093801014125,-0.210943222046,-0.033766720444,-0.036779545248,0.215952247381,0.015821460634,0.144352316856,0.222113743424,0.566275775433,0.642744839191,0.805408716202,0.727330386639,0.742299854755,0.638217329979,0.376352399588,-0.115701638162,-0.086618795991,-0.162622720003,-0.015961401165,-0.053564127535,0.262663424015,-0.034746300429,-0.020221341401,0.195492193103,0.247446998954,0.230271413922,0.029605560005,-0.123324260116,-0.192491695285,-0.198307454586,0.038203645498,-0.035223744810,-0.276254087687,-0.365009009838,-0.465403676033,-0.360485672951,-0.392033904791,-0.244454756379,0.052922043949,0.025781903416,0.164096221328,0.336597055197,0.358197242022,-0.005321838893,0.155210018158,-0.009211350232,-0.111351147294,-0.196072518826,-0.328933268785,-0.685591220856,-0.753375709057,-0.862821161747,-0.573173999786,-0.283333420753,-0.364848494530,0.355892360210,0.418729543686,0.125032350421,0.674848735332,0.598577260971,0.548779129982,0.537596285343,0.249756008387,0.222405940294,-0.057210803032,-0.342252314091,0.013537145220,-0.407645493746,-0.579273760319,-0.610044121742,-0.221751525998,-0.572824120522,-0.466103374958,-0.656121432781,-0.559031844139,-0.677775084972,-0.504414021969,-0.288223087788,-0.213379815221,-0.273936837912,-0.101785838604,-0.264305651188,-0.153427839279,0.280217677355,0.139573782682,0.068331919611,0.035820547491,0.155856207013,0.147772625089,0.072526007891,0.115026637912,0.072760611773,0.077144026756,0.477636098862,0.375973731279,0.129008293152,0.727276861668,0.811327338219,0.817505300045,0.749399781227,0.639674365520,0.410114973783,0.438312917948,0.456056505442,0.285239070654,0.241199076176,0.586180210114,0.156695857644,-0.182016775012,-0.036380305886,-0.003523197491,-0.185161307454,0.074822671711,-0.191808477044,-0.156802862883,0.074526324868,0.153250858188,-0.095023430884,-0.007602039259,-0.081403970718,-0.019867377356,-0.033927239478,-0.129506319761,-0.166676878929,0.117895409465,-0.007696704939,0.030428737402,-0.063656277955,-0.106403857470,0.043517250568,-0.173286989331,-0.391824007034,-0.367375671864,-0.617448568344,-0.397236377001,-0.506150960922,-0.749140441418,-0.461012035608,-0.450668811798,-0.585723340511,-0.027452953160,0.369170188904,0.473717749119,0.312370955944,0.225217103958,0.278196781874,0.132869005203,-0.203102454543,-0.208963483572,-0.572811782360,-0.456484586000,-0.487102657557,-0.439440697432,-0.416045993567,-0.598367333412,-0.198887795210,0.199003040791,0.409172475338,0.522993147373,0.596436977386,0.866685986519,0.569473862648,0.397022366524,0.403607785702,0.346573978662,0.224105820060,0.022485077381,0.260996490717,0.104938596487,0.214124783874,-0.032861225307,-0.310950994492,-0.013376625255,0.144372895360,0.181078344584,0.405056595802,0.179596647620,-0.078164771199,0.449059516191,0.130769893527,-0.207436472178,0.123941645026,0.145097285509,-0.156490057707,0.382122874260,0.277921020985,0.299698174000,0.513086199760,0.496803760529,0.481797248125,0.438621610403,0.169582694769,0.341420888901,0.210404038429,-0.027732834220,-0.168179169297,-0.378011077642,-0.348607212305,-0.435172528028,-0.397899061441,-0.612340807915,-0.653956472874,-0.493918538094,-0.608331918716,-0.513851761818,-0.524334907532,-0.449895024300,-0.297380924225,-0.332789868116,-0.198505014181,-0.091331481934,-0.246232807636,-0.357616901398,-0.208984047174,-0.163322433829,-0.405052483082,-0.580199837685,-0.735010623932,-0.844731867313,-0.756915330887,-0.816994905472,-0.922744333744,-0.895369589329,-0.561596035957,-0.524384319782,-0.382933706045,-0.046340744942,-0.082745753229,0.176958352327,0.374689579010,0.535390198231,0.602458536625,0.756664335728,0.499594330788,0.588439822197,0.924386620522,0.426714360714,0.516547679901,0.739550471306,0.396812468767,0.490440607071,0.356019943953,0.343096047640,0.307324886322,0.124130971730,-0.094990506768,0.121291011572,0.353410482407,0.363564372063,0.676215171814,0.668222129345,0.620679557323,0.897756814957,0.886738657951,0.749457359314,0.583776533604,0.756705462933,0.507752060890,0.415148735046,0.319861859083,0.428965777159,0.223476082087,-0.034812156111,-0.483842849731,-0.616036832333,-0.666900932789,-0.760265648365,-0.546260237694,-0.796621263027,-0.699465811253,-0.134424805641,0.014166875742,0.150061041117,0.146233275533,0.056120090187,0.359769523144,-0.024291951209,-0.053963366896,0.166261166334,-0.398434102535,-0.295759260654,-0.496914893389,-0.757454574108,-0.971785187721,-1.069080471992,-1.195907354355,-1.142384409904,-1.145985841751,-0.980115652084,-0.955733180046,-0.891801118851,-0.762698173523,-0.620259702206,-0.356534421444,0.103395141661,0.487827032804,0.641337215900,1.123974084854,1.053707718849,1.061659574509,1.007152915001,1.223644375801,0.997266590595,0.745324969292,0.744691133499,0.371326893568,0.163865715265,0.061013877392,-0.188231766224,-0.111569292843,-0.020871652290,0.142072111368,0.134272515774,0.192104816437,0.509912848473,0.390408158302,0.425426095724,0.577680885792,0.436999946833,0.822267353535,0.647161185741,0.572091519833,0.632438600063,0.905169546604,0.694567918777,0.476351946592,0.314898133278,0.131835907698,-0.009631169960,-0.036565519869,-0.297706067562,-0.338646769524,-0.302064776421,-0.231958925724,-0.342100024223,-0.431143045425,-0.565226256847,-0.627890586853,-0.683850169182,-0.741921186447,-0.761945009232,-0.670926272869,-0.664143264294,-0.719839513302,-0.557340204716,-0.589913308620,-0.461637645960,-0.541172981262,-0.326974123716,-0.116874665022,-0.017990533262,0.041603364050,0.042443003505,-0.189219579101,-0.147546246648,-0.040047559887,-0.140940248966,0.127316668630,0.070072941482,0.092512749135,0.402784615755,-0.023139502853,-0.118488095701,0.165730223060,0.040603205562,-0.176217496395,-0.042315412313,0.036730159074,0.113034546375,0.014631970786,0.211955726147,0.345265120268,0.437378615141,0.284127771854,0.323216319084,-0.199311718345,-0.131428435445,0.053424187005,-0.120599538088,-0.691057085991,-0.572416663170,-0.175888225436,0.162952005863,0.097003176808,0.011450391263,0.311387270689,0.679075717926,0.748329579830,0.693777680397,0.524112701416,0.197459578514,0.247167110443,0.254304051399,-0.180337503552,-0.273656964302,-0.403879433870,-0.900263369083,-0.906387805939,-0.565028667450,-0.188511654735,0.116677105427,-0.002642398234,0.414749503136,0.547556757927,0.492753714323,0.687537968159,0.424969226122,0.342198789120,0.244660541415,0.239737942815,-0.030807398260,-0.068266071379,-0.578343570232,-0.678618907928,-0.559517502785,-0.736677527428,-0.814517199993,-0.709533274174,-0.924962818623,-1.169623374939,-0.856853127480,-0.818460226059,-0.547972440720,-0.383415281773,-0.187902480364,-0.064162530005,0.125522136688,0.160214930773,0.273916274309,0.318808197975,0.525981307030,0.605718314648,0.572560727596,0.627734184265,0.501561760902,0.175620689988,0.160964027047,-0.406427145004,-0.625709176064,-0.515205919743,-0.970266342163,-1.000415205956,-0.577269315720,-0.565394997597,-0.235613822937,0.203579902649,0.816673934460,0.744835197926,0.570379316807,0.855350852013,1.195244669914,1.112861156464,1.118384718895,1.021142840385,0.897518098354,0.543292701244,0.454270213842,0.293944150209,0.024374270812,-0.224340409040,-0.295952707529,-0.288737565279,-0.472655892372,-0.285407811403,-0.036450278014,-0.141331255436,-0.065607205033,0.095653168857,0.219870582223,0.227237999439,0.347146093845,-0.064092561603,0.167940452695,0.331369876862,0.029078727588,0.146179765463,0.210618063807,0.008322319016,0.164577782154,-0.174929216504,-0.493980288506,-0.424845755100,-0.440930664539,-0.708594858646,-0.969735383987,-1.087305665016,-0.980864763260,-0.692958593369,-0.732014298439,-0.651141226292,-0.132963672280,0.048357531428,0.238478481770,0.529253363609,0.392017453909,0.182119667530,0.250838488340,0.343396514654,0.123443625867,-0.056140672415,0.017830014229,-0.073694914579,-0.040734913200,-0.250254034996,-0.325393617153,-0.275681972504,-0.313795059919,-0.469663649797,-0.256016284227,-0.206905543804,-0.107017129660,0.282481431961,0.500676810741,0.301019340754,0.423750907183,0.685031414032,0.846213579178,0.702577412128,0.443787038326,0.755071401596,0.755758762360,0.321808695793,0.263564795256,0.236078932881,-0.146850660443,-0.189404785633,-0.326632499695,-0.227546706796,-0.190462574363,-0.416148900986,-0.300323784351,0.047427345067,-0.041389338672,-0.026489835232,-0.186416670680,-0.202657938004,-0.190088018775,-0.195846155286,-0.245957046747,0.047200966626,-0.247459352016,-0.005013147835,0.578928053379,-0.075485326350,-0.344330817461,0.173579216003,0.152822807431,0.186313748360,-0.090257234871,-0.420898646116,-0.366844683886,-0.135462000966,-0.268907219172,-0.365560561419,-0.155679225922,-0.347434192896,-0.473874181509,-0.411794275045,-0.428426563740,-0.138705328107,-0.067607529461,-0.120640702546,-0.068373076618,0.063450478017,0.383699268103,0.397923737764,0.191121116281,0.064532957971,0.079062029719,0.322685360909,0.119200140238,0.039561886340,-0.079568289220,-0.286449134350,-0.044002927840,0.254633337259,0.154222205281,0.342820286751,0.573750257492,0.087697155774,0.396610796452,0.692106604576,0.324294686317,0.444054603577,0.395565360785,0.078909747303,-0.160153195262,-0.083770602942,-0.184107646346,-0.193516567349,-0.237243711948,-0.520634770393,-0.599910795689,-0.686385571957,-0.801667332649,-0.377150893211,-0.423479288816,-0.210963800550,0.208259671926,0.013985777274,-0.326352626085,-0.074378155172,-0.092455118895,-0.013100861572,0.024559484795,0.145364820957,-0.217285797000,-0.139067515731,-0.120155028999,-0.564748764038,-0.407567262650,-0.757079958916,-0.933844864368,-0.750000655651,-0.729923367500,-0.351447165012,-0.144245296717,-0.091714270413,0.398442327976,0.587307989597,0.886582195759,1.152781128883,1.021509051323,0.977732598782,0.724560379982,0.640180647373,0.642003953457,0.529220461845,0.450882822275,0.222019076347,-0.138841137290,-0.281785845757,-0.287856757641,-0.526553392410,-0.655956804752,-0.652865767479,-0.775136351585,-0.933622598648,-0.847802281380,-0.796580135822,-0.652071416378,-0.325023204088,-0.007449751720,-0.184247583151,0.144677475095,0.481846660376,0.789673686028,0.751507043839,0.880107939243,0.601289629936,0.399063855410,0.426887243986,0.108231306076,-0.191191077232,-0.635282695293,-0.978469312191,-1.175990700722,-1.583175063133,-1.372709393501,-1.224208235741,-1.135897755623,-0.881317973137,-0.332958608866,0.022674409673,0.437551498413,0.712290942669,0.718398869038,0.969653129578,0.914775967598,1.124476194382,1.099949717522,1.003374457359,0.799317181110,0.577903151512,0.233325406909,0.200377747416,0.205353841186,0.040064025670,-0.137454092503,-0.179576054215,-0.358423590660,-0.354027837515,-0.504558086395,-0.548215329647,-0.462106853724,-0.200822263956,0.128744870424,0.143702000380,0.236330002546,0.510439693928,0.544576823711,0.824880957603,0.802745759487,0.478681534529,0.621202290058,0.844007432461,0.541646361351,0.355826497078,0.098353184760,0.037755012512,-0.365651130676,-0.528743028641,-0.637254238129,-0.879115939140,-0.695613384247,-0.555788516998,-0.599334537983,-0.415646761656,-0.324661016464,-0.003078682115,0.024296067655,-0.003868931672,0.162894368172,0.146793037653,0.387572288513,0.142080336809,0.142928212881,0.351299017668,0.181374698877,0.048958446831,0.072954058647,-0.231460899115,-0.203892707825,0.235959559679,0.112236067653,-0.412963181734,-0.180432155728,-0.372804492712,-0.464041322470,-0.432365477085,-0.469066828489,-0.312247484922,-0.186684191227,-0.088833145797,-0.120451375842,-0.238655462861,0.010359682143,0.138240218163,-0.067735120654,0.354492962360,0.458369612694,0.662348747253,0.655520558357,0.267055064440,0.013335467316,0.098205015063,0.169837877154,0.072785310447,0.040636129677,-0.146068632603,0.076975278556,0.183720737696,-0.106152787805,-0.058914773166,-0.005264216568,-0.270907521248,-0.443597704172,-0.120797105134,-0.288898080587,-0.318750590086,-0.176295712590,0.116479538381,0.408464550972,0.338856697083,0.296170830727,0.394980907440,0.375508636236,0.122768618166,0.053963366896,-0.320911437273,-0.611287117004,-0.123044386506,-0.233485922217,-0.538617014885,-0.454513072968,-0.180164620280,-0.268705546856,0.140689179301,0.079070270061,-0.147056445479,-0.192240625620,0.368297606707,0.414424359798,0.162453979254,0.298451036215,0.223636597395,-0.173365190625,-0.116240821779,-0.142845898867,-0.205267414451,-0.038224224001,-0.134593546391,0.029609676450,0.228682667017,0.243952617049,0.434291720390,0.698370993137,0.603557467461,0.641933977604,0.457241892815,0.025444399565,0.207061946392,0.013965196908,-0.425590753555,-0.266034334898,-0.209062263370,-0.445849120617,-0.184708565474,-0.127337247133,-0.468334168196,-0.400327414274,-0.388222604990,-0.172414422035,-0.328299462795,-0.233284249902,-0.110853120685,-0.222533553839,0.000724395737,0.077946625650,0.081519216299,0.633352398872,0.593350052834,0.422833085060,0.290680259466,0.187902480364,0.279711425304,0.080025151372,-0.024843482301,-0.096356980503,-0.500952601433,-0.773255407810,-0.472371876240,-0.716983020306,-0.690814256668,-0.548606336117,-0.163161903620,-0.099283374846,0.144002467394,0.387551724911,0.700202584267,0.709105253220,0.487991690636,0.608821690083,0.233778148890,0.142084464431,0.368289381266,0.026440443471,-0.101563580334,-0.130942761898,-0.080926530063,-0.106045782566,-0.142100930214,-0.321977436543,-0.451405584812,-0.624972462654,-0.403471976519,-0.553504228592,-0.528611302376,-0.365877479315,-0.171368986368,-0.092693842947,0.022493312135,0.151378124952,-0.046386022121,-0.290499150753,0.047793656588,-0.017533669248,-0.133642777801,0.240919202566,0.043900031596,0.162787362933,0.048707380891,-0.041603364050,0.063746824861,-0.033976629376,-0.036623142660,-0.004869091790,0.071476452053,0.014850112610,0.062273338437,0.316980779171,0.291865646839,0.088569723070,0.221862673759,-0.061948183924,-0.067846246064,-0.083729445934,-0.143800780177,-0.241240233183,-0.268882542849,-0.098361417651,0.085877940059,0.177357599139,0.437032878399,0.451718389988,0.640341162682,0.530035436153,0.274710625410,0.104975648224,-0.080144509673,-0.359267354012,-0.524133265018,-0.569799005985,-0.719983518124,-0.781952321529,-0.727622568607,-0.481986582279,-0.860656201839,-0.224492698908,0.584916651249,0.476627707481,0.467790901661,0.711500704288,0.588555037975,0.599779129028,0.434192925692,0.329147309065,0.205102771521,0.027008436620,-0.007429172285,-0.064755216241,-0.592242896557,-0.501475334167,-0.263931125402,-0.244792267680,-0.318466573954,0.035746462643,0.261996656656,0.464946806431,0.394087761641,0.438333541155,0.670918047428,0.692563474178,0.963129460812,0.711928725243,0.753108143806,0.596260011196,0.546815931797,0.603956758976,0.326838284731,-0.218022555113,-0.159589320421,-0.702034115791,-0.961264908314,-0.940500259399,-0.901827394962,-0.859442055225,-0.794299900532,-0.530846238136,-0.580068111420,-0.372672796249,-0.106358580291,0.240771040320,0.050641849637,0.035725880414,0.015467494726,0.216952413321,0.105667106807,-0.062907189131,-0.410135596991,-0.472804039717,-0.551454484463,-0.771119236946,-0.726243793964,-0.723547875881,-0.222908109426,-0.089631624520,0.015916125849,0.264684349298,0.545391798019,0.517741262913,0.764616191387,0.737751781940,0.496684432030,0.399380773306,0.121101684868,-0.250698536634,-0.503907799721,-0.228411033750,0.012825096957,0.092027068138,0.069871261716,0.303287208080,0.186461925507,0.112149626017,0.178761109710,0.152522340417,-0.066879011691,0.343001395464,0.266680538654,0.150114551187,0.464918017387,0.218890994787,0.125847294927,0.743728041649,0.790151178837,0.369594126940,0.322701841593,0.487168461084,0.639365673065,0.243870288134,-0.111569292843,-0.005984496791,-0.135165661573,-0.316828489304,-0.406801700592,-0.265404611826,-0.605660676956,-0.181856259704,-0.219154402614,-0.305020004511,-0.357826799154,0.175188511610,-0.189157843590,-0.132370978594,-0.284329444170,-0.193734690547,-0.003469691146,-0.124616652727,-0.066948980093,0.084618479013,-0.145286619663,0.035890515894,0.221722722054,0.035289596766,0.175056830049,0.115561693907,0.071398258209,-0.258275896311,-0.362584769726,-0.262437075377,-0.265083581209,-0.511633336544,-0.306987375021,-0.175810024142,-0.454397827387,-0.134181961417,-0.114096447825,-0.156831681728,0.337477862835,0.324339956045,0.258687466383,0.287799119949,0.383719831705,0.279666155577,-0.028086798266,-0.297685503960,-0.227213308215,-0.430072933435,-0.529372811317,-0.685648798943,-0.545992672443,-0.458451956511,-0.371610879898,-0.056260030717,-0.004091189243,0.078666903079,0.482048332691,0.387415915728,0.424677014351,0.530319392681,0.725873351097,0.532315611839,0.670263648033,0.798485815525,0.829214990139,0.637361228466,0.763953506947,0.729322433472,0.459592074156,0.393758445978,-0.017204398289,-0.089310586452,-0.498087942600,-0.482385814190,-0.522285223007,-0.816747963428,-0.425393193960,-0.135149195790,-0.455212771893,-0.272035300732,0.322125613689,0.396911233664,0.670564115047,0.786990165710,0.521215081215,0.522383987904,0.506463766098,0.136515676975,0.023448197171,0.012174787931,-0.104802779853,-0.025798365474,-0.461147844791,-0.596416413784,-0.502590715885,-0.318915218115,-0.448569715023,-0.432509541512,-0.333292007446,-0.303204894066,-0.501775741577,-0.830663740635,-0.396108657122,-0.194854229689,-0.245109185576,-0.184334024787,-0.320829123259,-0.301587343216,-0.125625044107,0.003309171414,0.011512130499,-0.024374270812,-0.087516061962,-0.044513296336,-0.257333338261,-0.476142048836,-0.596198260784,-0.559521615505,-0.571655273438,-0.199949681759,-0.188342884183,-0.272842019796,-0.048242285848,0.088676743209,0.096513383090,0.424788147211,0.261247575283,0.336313068867,0.299665212631,0.499594330788,0.344376087189,0.453965634108,0.516049623489,0.378982454538,0.564983427525,0.302538126707,0.344655960798,0.302941471338,0.261441022158,0.572527825832,0.459838986397,0.376607567072,0.284053683281,0.226764678955,0.353040039539,0.374125719070,0.275821924210,0.150637269020,0.145434796810,-0.165240421891,-0.041842088103,-0.116084411740,-0.153361991048,-0.034976787865,-0.097106076777,-0.195689752698,-0.242849558592,-0.278958231211,-0.093442931771,-0.286691963673,-0.201353207231,-0.049419429153,0.088623240590,0.120233230293,0.182630047202,0.138264924288,0.379719197750,0.378953635693,0.826914191246,0.723029255867,0.518103480339,0.336724668741,0.093648724258,-0.255357742310,-0.424236595631,-0.539868295193,-0.714772820473,-1.076172232628,-0.962804317474,-0.913623511791,-0.773786425591,-0.845378100872,-0.456089466810,-0.152065485716,0.138055011630,0.122003063560,0.411403268576,0.147875517607,0.150806024671,0.334728449583,0.041780348867,-0.164363741875,0.146661326289,-0.262416481972,-0.352365016937,-0.172920674086,-0.062219835818,0.129247009754,0.107568658888,-0.155526950955,-0.248920485377,-0.058153335005,-0.129325225949,-0.367289215326,-0.409526437521,-0.403504878283,-0.209049925208,-0.090619444847,0.084762528539,0.137260645628,0.359308511019,0.581109464169,0.531204342842,0.474643856287,0.646856606007,0.499145686626,0.280328810215,0.252155572176,0.273908019066,0.205353841186,0.104473508894,0.052757412195,-0.072711221874,0.196973890066,0.019776826724,-0.088870190084,0.141635820270,0.039627742022,-0.006741819438,0.330032229424,0.400389164686,0.478055924177,0.238943576813,0.002535385080,0.017282601446,0.005046074744,0.079004406929,-0.012668693438,-0.168775975704,-0.047114536166,-0.079885207117,0.272405743599,0.045735713094,-0.266873985529,-0.145899891853,0.003066334408,-0.324706286192,-0.241935819387,-0.344334930182,-0.230695351958,-0.450491815805,-0.696399509907,-0.851996421814,-0.846394658089,-0.913191437721,-0.248381316662,-0.444161593914,-0.556121885777,-0.223356738687,0.044299270958,0.179777726531,0.608245491982,0.577396929264,0.553944587708,0.278439611197,0.494037896395,0.722584784031,0.280690997839,0.274327844381,0.410123258829,0.322347879410,0.283135831356,0.193047359586,-0.051152214408,0.065817117691,-0.118113555014,0.126481145620,0.264589667320,0.286840140820,0.137203022838,0.292758792639,0.415778458118,0.655125379562,0.590086221695,0.893904328346,0.652832865715,0.339507013559,0.381073325872,0.194422051311,-0.104440577328,-0.195154681802,-0.138277277350,0.226859346032,0.319474995136,-0.011199323460,-0.050382547081,0.052140031010,0.055922526866,0.022612672299,0.138499528170,-0.052156493068,-0.087606608868,0.001358242007,-0.154621437192,-0.687435090542,-0.447610735893,-0.437658518553,-0.476792335510,-0.509488940239,-0.163857489824,-0.148250058293,-0.145331904292,-0.018801363185,0.114170536399,0.045138910413,0.044747903943,0.022756727412,-0.158313408494,-0.105613604188,-0.383649855852,-0.429702490568,-0.394832700491,-0.523882210255,-0.575598239899,-0.607681572437,-0.439284265041,-0.247080683708,0.013940501958,0.079247251153,-0.082527607679,0.017488393933,0.294145852327,-0.089314699173,-0.116862326860,0.078584589064,0.147175818682,-0.060841012746,0.178555324674,0.200801670551,0.165989533067,-0.031181944534,0.108511194587,0.368976742029,0.125316351652,0.136692658067,0.299508810043,-0.132412135601,-0.032527837902,-0.040594972670,-0.336152553558,-0.003720759880,-0.169804945588,-0.144957348704,0.020241921768,0.243236437440,0.475055456161,0.947682499886,0.748070359230,0.718213677406,0.873501896858,0.988125145435,0.726112067699,0.387271821499,0.284926265478,0.250480413437,-0.214116558433,-0.003082797863,-0.119060203433,-0.539287924767,-0.431406468153,-0.234333798289,-0.449006021023,-0.416008979082,-0.530813336372,-0.260934740305,-0.411440342665,-0.486337065697,-0.491724759340,-0.369758754969,-0.604306578636,-0.482529878616,-0.429945319891,-0.430299311876,-0.180452749133,0.214915037155,0.238770723343,0.393112272024,0.265626877546,0.026304619387,-0.247529312968,-0.272825539112,-0.205514371395,-0.377274364233,-0.521231532097,-0.663052558899,-0.814961671829,-0.729260683060,-0.789167404175,-0.725395858288,-0.422643750906,-0.264021664858,0.262157171965,0.411127537489,0.325179606676,0.380476504564,0.537044823170,0.590740621090,0.483196675777,0.680816769600,0.799782276154,0.383863896132,0.195282265544,0.168722465634,-0.259428352118,-0.143990114331,-0.106683738530,-0.219030931592,-0.260008692741,0.233411833644,-0.285852313042,-0.163474723697,-0.010055107065,-0.066442728043,0.266203075647,0.465304911137,0.076353780925,0.366630673409,0.573725581169,0.557904064655,0.495252072811,0.365535825491,0.487687110901,0.450010299683,0.135239750147,0.098830625415,0.215392500162,-0.079951062799,-0.139997705817,-0.286885410547,-0.497190684080,-0.910734236240,-0.585035979748,-0.679750740528,-0.835306525230,-0.317519962788,-0.236486405134,0.015990212560,0.401525139809,0.255880445242,0.192611068487,0.083140872419,0.289581298828,0.355295538902,0.252583622932,0.132836058736,-0.122579284012,-0.237330153584,-0.120587192476,-0.061108540744,-0.172920674086,-0.274492472410,-0.151406943798,-0.112557105720,-0.064030818641,-0.215063214302,-0.014208034612,-0.222237199545,-0.285189658403,-0.383386433125,-0.496042311192,-0.336510628462,0.047583743930,-0.162235841155,0.126765146852,0.334493845701,0.201789483428,0.351866990328,0.438650459051,0.325887531042,0.452483892441,0.567008435726,0.352068662643,0.470153421164,0.305254608393,0.172628447413,0.420581668615,0.327105849981,0.388202041388,0.449829190969,0.147982522845,0.275772511959,0.565633714199,-0.121451534331,-0.016088994220,0.025934191421,0.036104541272,0.120299078524,-0.005589371547,0.127345472574,0.166697457433,0.228308141232,0.321417689323,0.465951114893,0.226332500577,-0.096431069076,-0.446647614241,-0.627347290516,-0.471437603235,-0.445886135101,-0.704730033875,-0.664423167706,-0.412666857243,-0.527232527733,-0.306695163250,-0.428792893887,-0.123953990638,0.058346785605,-0.227275043726,-0.100452281535,-0.203308239579,-0.332489430904,-0.413885146379,-0.485715597868,-0.369997471571,-0.075736396015,-0.174826323986,-0.032857108861,-0.214696913958,0.018743740395,0.111379966140,0.555282294750,0.440827757120,0.416136562824,0.581492185593,0.403723031282,0.347965151072,0.274406045675,0.373619437218,0.119315385818,0.038096632808,0.036145702004,-0.318585962057,-0.300640702248,0.098558977246,-0.076057434082,0.104024879634,0.126345321536,0.065286166966,-0.000292227836,0.369935721159,-0.040549695492,-0.016908055171,0.412004172802,0.215207278728,-0.146727189422,-0.154358029366,-0.075740508735,0.026024738327,0.248039692640,0.070743829012,0.069817751646,0.294145852327,-0.051987744868,-0.020385976881,0.045221228153,-0.246150493622,-0.442181855440,-0.088252805173,-0.453105449677,-0.582438886166,-0.388831764460,-0.603306412697,-0.528714239597,0.058610200882,-0.050152055919,0.072772957385,0.320738554001,0.112734086812,0.154625564814,0.517527282238,0.123571217060,0.225793316960,0.367313921452,0.397475123405,0.383476972580,0.357015967369,0.238766610622,0.078839771450,-0.046060867608,0.059902589768,-0.220932468772,-0.476154386997,-0.563497602940,-0.449063628912,-0.681582272053,-0.795674622059,-0.584385693073,-0.636661529541,-0.233378916979,-0.211095511913,-0.015483959578,0.303122580051,0.472306013107,0.599663853645,0.440021008253,0.276887923479,0.304163902998,0.531949281693,0.270162582397,0.168413773179,-0.304073363543,-0.608714640141,-0.657627880573,-0.860285758972,-0.701725423336,-0.315108031034,-0.341416776180,-0.136993110180,0.078942671418,0.238289147615,0.489905565977,0.530270040035,0.404496818781,0.614324629307,0.404060542583,0.292301923037,0.341474384069,0.005502937827,0.001403516741,0.048415154219,-0.195216417313,-0.075621150434,-0.346652179956,0.025283882394,-0.036022223532,-0.451508462429,-0.156004384160,-0.138828799129,-0.459460318089,-0.135914757848,0.008544577286,-0.246726706624,-0.068171404302,-0.049547024071,-0.168858304620,0.113993540406,0.196825727820,-0.013936386444,-0.052226465195,0.157864764333,-0.073773123324,-0.106189824641,-0.074797980487,0.044319845736,-0.181378811598,-0.382550925016,-0.068772315979,-0.167355999351,-0.116244941950,-0.111663959920,-0.058960050344,-0.034396450967,-0.244985684752,-0.270034968853,-0.107552185655,-0.421874076128,-0.243923798203,-0.335745066404,-0.561217367649,-0.468980401754,-0.395890504122,-0.320997864008,-0.253040492535,-0.171261966228,0.323846042156,0.339408218861,0.501644074917,0.671045660973,0.475985616446,0.892150938511,0.867023527622,0.439728826284,0.525376260281,0.464687526226,0.309316992760,0.491955250502,0.344083845615,0.255485326052,0.074641570449,-0.309230536222,-0.453060150146,-0.418906539679,-0.379200577736,-0.008511650376,0.153045058250,0.190376147628,0.083869390190,0.126147761941,0.181098937988,0.147241666913,0.246582657099,0.366643011570,0.382303982973,0.299903959036,0.394297659397,0.372438222170,0.348594874144,0.639126956463,0.245640128851,0.196204230189,0.241092070937,-0.083490721881,-0.227032199502,-0.394227683544,-0.511752665043,-0.369861662388,-0.137244179845,-0.065006285906,-0.313325852156,-0.136828482151,-0.010034526698,-0.204407185316,-0.256078004837,-0.574371755123,-0.339058369398,-0.366400182247,-0.194636076689,0.089063629508,-0.008631010540,0.016323599964,0.379575133324,0.389037549496,0.323652625084,0.527549445629,0.385333269835,0.235165193677,0.320018291473,-0.037092354149,-0.252295523882,-0.264153391123,-0.787965595722,-0.588555037975,-0.704614818096,-0.797736704350,-0.516255438328,-0.712900102139,-0.307971090078,0.145582973957,0.071698717773,0.293581962585,0.476747065783,0.451384961605,0.374269753695,0.327566802502,0.409345328808,0.283522754908,0.070645049214,0.193446606398,0.013195526786,-0.353426933289,0.015352250077,0.050785902888,-0.158737331629,-0.296067953110,-0.577849686146,-0.316371589899,-0.270257234573,-0.514234542847,-0.602746665478,-0.313679814339,0.124822445214,-0.073229826987,0.223443150520,0.789772510529,0.354303628206,0.562040507793,0.945031821728,0.803618252277,0.493432849646,0.197558358312,0.332929819822,0.068607687950,0.011446275748,-0.105448976159,-0.130469426513,-0.587748348713,-0.877593100071,-0.950411319733,-0.726548314095,-0.540403306484,-0.190009832382,0.134503006935,0.139915391803,0.243133544922,0.843344807625,0.753956019878,0.342334598303,0.229913324118,0.240268900990,0.006227333564,0.053029060364,-0.113948278129,0.141471192241,-0.113754831254,-0.409094244242,-0.094192028046,-0.130613490939,-0.176168113947,-0.338955491781,-0.828482329845,-0.792900502682,-0.524219691753,-0.842871546745,-0.612834692001,-0.355102092028,-0.481216937304,-0.496013522148,-0.372125357389,-0.200307771564,0.201126843691,0.598482608795,0.475973278284,0.668720126152,0.628145754337,0.731038749218,0.724531590939,0.277727574110,0.148838624358,-0.026633890346,-0.064018473029,0.031741704792,-0.084470309317,-0.385962992907,-0.397170573473,-0.406439542770,0.003873047652,0.057906381786,-0.003992408514,0.059318136424,-0.044249881059,-0.337045699358,0.133935019374,-0.192858025432,0.265116482973,0.228394582868,-0.123583555222,0.191985443234,0.129238784313,0.159766301513,0.112540639937,-0.081873185933,-0.241190850735,0.020472411066,-0.175431355834,-0.469840615988,-0.774074494839,-0.594597220421,-0.499244481325,-0.441095262766,-0.184955522418,-0.270891070366,-0.101151987910,-0.053362447768,0.080988273025,0.024999884889,0.383246511221,0.390185892582,0.661467969418,0.716423213482,0.455607891083,0.687743782997,0.779136955738,0.367840737104,0.135359108448,-0.092002376914,-0.096731528640,0.098472550511,0.170002520084,0.134400099516,0.016039602458,-0.114182882011,0.123410686851,-0.009404797107,-0.169730871916,0.046320170164,0.216713681817,0.098793588579,0.017455467954,0.300644814968,0.075863987207,0.285490125418,0.513757109642,0.437905460596,0.550816535950,0.162898495793,0.304847121239,0.122159466147,-0.249167427421,-0.351673543453,-0.660673618317,-0.866875350475,-0.773708164692,-0.714114248753,-0.813290655613,-0.977024614811,-1.136655092239,-0.790377497673,-0.504080653191,-0.333608925343,-0.415696114302,-0.264087527990,-0.109556622803,-0.316363364458,-0.365313589573,-0.021056866273,-0.008190611377,-0.071966253221,-0.081132322550,-0.165359795094,0.071406491101,0.475166559219,0.598227381706,0.734302699566,0.312449187040,0.425747126341,0.537094175816,0.423137664795,0.096249975264,0.080667227507,0.103131733835,0.042414195836,-0.018422700465,-0.031597647816,-0.335885018110,-0.195850268006,-0.044393934309,0.206658586860,0.529809057713,0.390190005302,0.183292701840,0.378393858671,0.321582317352,0.558789014816,0.405632823706,0.111742161214,0.201200917363,0.447800040245,0.477895379066,0.226641193032,0.113997668028,0.143858417869,-0.163178369403,-0.503319203854,-0.042809318751,-0.172229200602,-0.670568227768,-0.679014027119,-0.600145459175,-0.711858749390,-0.949806272984,-0.728458166122,-0.453706353903,-0.771909534931,-0.663781106472,-0.069863028824,0.171406030655,0.487053245306,0.627890586853,0.904033541679,1.171607255936,1.035017490387,0.897974967957,0.688332378864,0.276282876730,-0.078987948596,-0.089277662337,-0.357863813639,-0.573836684227,-0.560851037502,-0.598795413971,-0.543988287449,-0.469305545092,-0.548795580864,-0.473890632391,-0.395499497652,-0.107856757939,0.097097843885,0.356192797422,0.522807955742,0.504636347294,0.742139279842,0.812928438187,0.866970002651,0.899584233761,0.622753977776,0.527158379555,0.380958080292,0.289108008146,0.160494819283,-0.200715228915,-0.256036847830,-0.210420504212,-0.286996543407,-0.770752966404,-0.848329186440,-0.535258471966,-0.720283985138,-0.373084396124,0.092508621514,-0.198105767369,-0.230291992426,0.098106235266,-0.026605080813,0.181197717786,0.156313076615,-0.000934305892,0.260342091322,-0.093541719019,-0.101575918496,-0.069496713579,0.142866477370,0.390848547220,0.148974448442,0.084066949785,0.047768961638,-0.204444229603,-0.008363477886,-0.216861858964,-0.553388953209,-0.401603341103,-0.654569745064,-0.488222151995,-0.088207527995,-0.334049344063,-0.364342242479,0.244269534945,-0.040669061244,0.192364111543,0.533488631248,0.511213481426,0.495157390833,0.469721227884,0.271319150925,0.510760724545,0.564403057098,0.355674177408,-0.067994415760,-0.306402921677,-0.166141808033,-0.485682636499,-0.600808084011,-0.195611551404,-0.222912222147,-0.215186700225,-0.012372350320,-0.043241485953,-0.108317747712,0.064133718610,0.326702475548,0.321532934904,0.429068684578,0.681574046612,0.736187815666,0.843316018581,0.674548268318,0.688912689686,0.673412263393,0.518560349941,0.316285192966,-0.263552457094,-0.492819607258,-0.700766444206,-0.972455978394,-0.934750378132,-0.826506674290,-1.018043518066,-0.851420164108,-0.668390870094,-0.567687571049,-0.259193718433,0.038018427789,0.439835816622,0.371014088392,0.188799753785,0.192244738340,0.380694627762,0.105090886354,-0.036260943860,-0.173155277967,-0.364671528339,-0.301233381033,-0.280378192663,-0.345623195171,-0.254225879908,-0.003399721114,0.229538798332,0.383760988712,0.476751178503,0.505471825600,0.379636883736,0.271718382835,-0.177439898252,-0.099876061082,-0.318005621433,-0.715143203735,-0.814381361008,-0.596054196358,-0.635266244411,-0.455504983664,-0.318071484566,-0.225863307714,0.090652361512,0.006013307720,0.178954556584,0.638826489449,0.414058029652,0.442560523748,0.652351260185,0.380599975586,0.538300096989,0.682660639286,0.455397993326,0.706248760223,0.582903981209,0.218602880836,0.080905951560,-0.175060942769,-0.358279556036,-0.291108310223,-0.367149293423,-0.644872725010,-0.461349517107,-0.475985616446,-0.254015952349,-0.143767863512,-0.148089528084,0.016113689169,0.226608276367,0.640341162682,0.844328522682,0.645737051964,0.585167706013,0.479282438755,0.148558750749,-0.091524936259,0.015068254434,-0.257456839085,-0.484723657370,-0.323549717665,-0.485065251589,-0.799140214920,-0.396038651466,-0.410082072020,-0.499734252691,-0.407414972782,-0.355748265982,-0.442795127630,-0.249406158924,-0.181210055947,-0.267409026623,-0.164808258414,-0.019303500652,0.039409600198,-0.026284040883,0.004720920231,-0.026452790946,0.169829651713,0.213495075703,0.157593116164,0.027687557042,0.189915165305,0.194063976407,0.037903185934,0.211260139942,-0.111408777535,-0.213231638074,-0.231238648295,-0.394021898508,-0.143599107862,-0.346932053566,-0.493568718433,0.193520680070,0.113985314965,-0.180580317974,0.287404000759,0.420375883579,0.431138932705,0.645671188831,0.521231532097,0.687196373940,0.335366427898,0.308847784996,0.051189258695,-0.006210870575,-0.028296709061,0.154765501618,0.074509866536,0.194294467568,-0.037668578327,0.151818528771,0.040525004268,0.073472656310,-0.172192156315,-0.211095511913,0.134202539921,0.131831794977,-0.057474218309,0.082531720400,0.097155466676,-0.171422496438,-0.047299746424,0.054671298712,0.113709554076,0.523552894592,0.425121515989,0.162877917290,0.290552675724,0.210889697075,-0.169940769672,-0.244882792234,-0.290733754635,-0.331460446119,-0.381196767092,-0.307094395161,-0.171554207802,-0.050571877509,-0.003712528152,-0.075024351478,-0.101057320833,0.313642770052,0.297146320343,0.252316117287,0.201200917363,0.246492117643,0.352813661098,0.269615173340,0.101221956313,-0.094587154686,0.075724050403,0.362823486328,0.012257104740,0.053885165602,-0.406571239233,-0.435769319534,-0.277435332537,-0.355814129114,-0.456682145596,0.062927760184,-0.055115818977,-0.203522279859,-0.155601024628,-0.268051117659,-0.257559746504,0.430328100920,0.386843800545,0.398294180632,0.746090531349,0.770222008228,0.711035609245,0.446474730968,0.288432985544,0.263976395130,-0.101296044886,-0.324508726597,-0.197455465794,-0.226818189025,-0.219631850719,-0.230337277055,-0.068632379174,0.160169661045,0.190145641565,0.319450289011,0.754791557789,0.344536602497,-0.044620305300,0.226204931736,-0.107231147587,-0.089643977582,0.106370933354,-0.272245198488,-0.337342053652,-0.524544835091,-0.523124873638,-0.262247741222,-0.394614577293,-0.649153232574,-0.342923194170,-0.317400574684,-0.606990098953,-0.715225577354,-0.804293334484,-0.649634838104,-0.161013424397,-0.095212765038,-0.027539387345,0.082157179713,-0.039500147104,0.105889365077,0.389465600252,-0.033791415393,0.047707222402,0.044480368495,-0.500100612640,-0.356538534164,0.244746983051,0.054930601269,-0.185741648078,-0.136956065893,-0.180810824037,0.201122730970,0.680627405643,0.527104914188,0.773794651031,0.921324312687,0.636356949806,0.603606879711,0.485501557589,0.121286898851,0.173743858933,0.310366541147,0.252052664757,0.029490316287,-0.056309420615,0.056124202907,0.020690552890,0.057474218309,-0.090273708105,0.265211164951,0.194475561380,0.298685669899,0.373755276203,0.656635940075,0.231349781156,0.073143392801,0.329632967710,0.505455374718,-0.101975157857,-0.139487341046,0.103810846806,-0.451710134745,-0.813912093639,-0.130893364549,-0.085330523551,-0.338724970818,-0.433699011803,-0.539534926414,-0.460394650698,-0.503677308559,-0.441070586443,-0.255390644073,-0.692081928253,-0.463897287846,-0.294874340296,-0.522700905800,-0.275719016790,0.231292158365,-0.137639299035,0.054202087224,0.593848109245,0.306353569031,0.409752815962,0.365367114544,0.171624168754,-0.145471826196,0.011409233324,-0.202287510037,-0.305118799210,-0.386810868979,-0.385041028261,-0.174990952015,-0.262490570545,-0.057165525854,0.011993689463,-0.182086750865,-0.341680169106,-0.190050974488,-0.371479183435,-0.248060271144,0.412992000580,-0.102930054069,-0.103782042861,0.525166332722,0.368281155825,0.303229600191,0.061771202832,0.230691239238,0.448647916317,0.034396450967,0.222727000713,0.114454530180,-0.304505497217,-0.265519857407,0.053350102156,-0.439346045256,-0.429146826267,-0.497791588306,-0.321487665176,0.080753661692,-0.059857312590,-0.014623739757,0.566506266594,0.712970077991,0.847213745117,0.523680508137,0.578084230423,0.857491135597,0.630627632141,0.519474029541,0.842896223068,0.418260335922,0.201945886016,0.444474399090,-0.041331715882,-0.229061335325,-0.418313860893,-0.761158823967,-0.601071476936,-0.877296745777,-1.167104482651,-0.973291516304,-1.218503594398,-0.825790584087,-0.321932166815,-0.356991291046,-0.229365915060,0.106848374009,0.505780518055,0.495334386826,0.305448055267,0.876720488071,0.855021536350,0.899954676628,0.968718826771,0.410789996386,0.022629136220,0.250834375620,0.282185077667,-0.041825622320,-0.344672441483,-0.576433837414,-0.484126865864,-0.184589207172,-0.332715779543,-0.243491619825,0.211428880692,0.096982598305,0.057017352432,0.206637993455,0.312922477722,0.300636589527,0.145426571369,0.090854041278,0.064763449132,0.142780050635,0.214108332992,0.250097632408,0.117162786424,0.185589373112,0.243993788958,0.296763539314,0.058346785605,0.090425990522,-0.332337141037,-0.336415976286,-0.074217632413,-0.205707818270,-0.212058618665,-0.199875608087,-0.334905445576,-0.130350083113,-0.129835590720,0.126987397671,0.276492804289,0.114796146750,0.149134963751,0.554771900177,0.020081402734,-0.120352596045,-0.127835273743,-0.174562916160,-0.098332606256,0.075057275593,-0.188425213099,-0.069743670523,-0.002588891424,0.177555158734,0.065697759390,0.120155028999,0.111536368728,-0.048686806113,-0.150439709425,-0.046772915870,-0.241919368505,-0.467539817095,-0.497223585844,-0.277875721455,-0.263013273478,-0.038104861975,0.002387213288,0.008347014897,0.073415040970,0.381093889475,0.461291939020,0.470116347075,0.391881644726,0.382373929024,-0.139014005661,0.123019687831,0.143142253160,0.151600390673,0.123460084200,-0.048913177103,-0.312325686216,-0.260342091322,-0.270450681448,-0.378130465746,-0.183078691363,-0.107391670346,-0.133255884051,-0.010721880011,-0.411609053612,-0.228563323617,0.269454628229,0.148974448442,0.017554249614,0.093694001436,0.108313634992,0.055296912789,0.089874461293,0.237721174955,0.289663642645,0.548054754734,0.558089315891,0.258247077465,0.473824799061,0.501676976681,0.524553060532,0.230580091476,0.316960185766,0.645197868347,0.493860900402,0.168006300926,0.181477591395,0.148122474551,-0.187704920769,0.077609121799,-0.237358957529,-0.351064383984,-0.448726117611,-0.861273586750,-0.732561647892,-0.415107578039,-0.475890964270,-0.474433958530,-0.328118354082,-0.107441067696,-0.129683300853,0.114837303758,0.160371333361,-0.342593908310,0.111067153513,-0.054432578385,-0.472857564688,0.020011432469,-0.142697721720,-0.478364616632,-0.601129114628,-0.316750258207,-0.553652346134,-0.684965550900,-0.507109940052,-0.374821275473,-0.006762398873,0.117846019566,0.147089377046,0.212935313582,0.233140185475,0.465049713850,0.461328953505,-0.136490970850,-0.051761366427,0.230678871274,0.016323599964,-0.043327920139,0.007651430089,0.144455224276,0.313268214464,0.131490170956,0.078510507941,0.255575865507,0.094212606549,-0.128925979137,-0.016891593114,0.003333866829,0.042743466794,-0.082437060773,-0.118356384337,0.105749435723,0.148941531777,0.355583667755,0.114034704864,0.394351154566,0.595074653625,0.381843000650,0.539349675179,0.753976643085,0.504982054234,0.283345758915,0.273768097162,0.081930801272,-0.263231396675,-0.491576611996,-0.556587040424,-0.492963641882,-0.540218114853,-0.506105661392,-0.158399835229,-0.033388059586,0.104136005044,0.255415350199,0.488827198744,0.170344129205,0.024267256260,0.202172279358,0.299315363169,-0.007490910590,0.051205724478,0.015072370879,-0.155675113201,-0.098530165851,-0.078773923218,-0.017183819786,-0.099275141954,-0.353710919619,-0.506336152554,-0.604532957077,-0.744407176971,-0.676301598549,-0.484608411789,-0.400697857141,-0.460518121719,-0.088627353311,-0.038170717657,0.085548661649,0.337502568960,0.395441859961,0.330892443657,0.571914553642,0.513464868069,0.276920855045,0.161482632160,-0.078592821956,-0.347664684057,-0.591094613075,-0.761187672615,-0.739307582378,-0.647173523903,-0.455900132656,0.008157684468,-0.280892699957,0.121702603996,0.409390598536,0.310778111219,0.523363590240,0.584278643131,0.383036613464,0.499190986156,0.475808620453,0.375389277935,0.112022034824,0.173155277967,0.226085558534,0.236618116498,0.496532112360,0.146862998605,0.180856093764,0.230407238007,0.029012871906,0.110346876085,-0.129942595959,-0.031379505992,-0.027012553066,0.298492223024,0.393367499113,0.491543650627,0.137507602572,0.141479432583,0.357044786215,0.044797293842,-0.108898080885,-0.264392107725,-0.375027090311,-0.428002655506,-0.157424360514,-0.337304979563,-0.473824799061,-0.395211398602,-0.503648519516,-0.298537492752,-0.194673120975,-0.133021280169,0.096941433847,-0.116302557290,0.052271734923,0.308613181114,0.008429332636,0.284440577030,0.025234490633,-0.214326471090,-0.339161276817,-0.444494962692,-0.335160613060,-0.217606827617,-0.436287909746,-0.882087647915,-0.537098288536,-0.501220107079,-0.377451360226,-0.124785393476,-0.010524317622,-0.052938513458,0.148188322783,-0.017336107790,0.014652550220,0.212721273303,0.391856908798,0.626927495003,0.530698060989,0.394318223000,0.310226589441,0.207786321640,0.132342174649,-0.015735028312,0.166495770216,0.275920689106,-0.246833741665,0.035553015769,0.045373518020,0.229378253222,0.091623716056,-0.038215991110,0.043788902462,0.291445791721,0.085795618594,0.030626298860,0.333855897188,0.492272198200,0.746695637703,0.841151058674,0.766423046589,0.949299991131,0.707965075970,0.332291841507,0.422668427229,-0.014195687138,-0.009054946713,-0.040796652436,-0.334584414959,-0.394400566816,-0.423643916845,-0.631162762642,-0.545535862446,-0.539962947369,-0.610817909241,-0.561554849148,-0.528854131699,-0.619774043560,-0.396306216717,-0.226982817054,-0.113137446344,-0.214750409126,-0.286889523268,0.265100032091,0.493292927742,0.217812627554,0.134885787964,0.535073280334,0.493202388287,0.559418737888,0.419989019632,0.226665899158,0.385086297989,0.270084381104,0.061219669878,-0.398178935051,-0.538913369179,-0.587242126465,-0.526952624321,-0.404484480619,-0.319228053093,-0.232790336013,-0.003350330284,0.162120580673,0.462847709656,0.316626816988,0.048608597368,0.362959325314,0.627923488617,0.172883629799,0.069772481918,0.119928658009,0.090084373951,0.168446704745,-0.293767154217,-0.249978274107,-0.229440018535,-0.543436765671,-0.508657515049,-0.762212514877,-1.174245476723,-0.921023845673,-0.653001606464,-0.739595711231,-0.420445859432,-0.106794871390,-0.055292800069,0.287939071655,0.372174769640,0.381118595600,0.786574423313,0.821633517742,0.578870415688,0.390992611647,0.077362172306,0.029827818274,-0.456937313080,-0.498939901590,-0.636155307293,-0.618428170681,-0.679195106030,-0.578734576702,-0.544885516167,-0.337794780731,-0.326142698526,-0.154539123178,0.173756197095,0.353249937296,0.532196283340,1.062676191330,1.263243317604,1.244812369347,1.489999651909,1.403121590614,1.446807622910,1.202949643135,0.809285879135,0.475738674402,0.464070141315,0.306094229221,0.300809442997,0.186379626393,-0.312058150768,-0.535418987274,-0.490531146526,-0.976106762886,-0.581821501255,-0.586945772171,-0.948024153709,-0.742057025433,-0.622301220894,-0.601384282112,-0.453397661448,-0.027173072100,-0.046809960157,0.104708112776,-0.274850577116,0.014924198389,-0.125522136688,-0.271619588137,-0.016735186800,-0.156136095524,-0.379521638155,-0.602524399757,-0.510126888752,-0.530282378197,-0.539131522179,-0.309642136097,-0.218215972185,-0.565851867199,-0.276003003120,-0.147764384747,-0.234103292227,-0.289363175631,-0.338947236538,-0.164553076029,-0.087717734277,-0.179250910878,-0.195924341679,0.090388946235,0.252040326595,0.410654187202,0.504183530807,0.350360572338,0.364403992891,0.463242828846,0.221109449863,0.260737180710,0.339642822742,0.229308292270,0.347438305616,0.232708007097,0.148649305105,0.401064187288,0.317849218845,0.395236074924,0.668226242065,0.418544322252,0.100946195424,0.338774383068,0.313305288553,0.074839137495,0.113203302026,0.203456416726,-0.040208078921,0.130004346371,0.058811880648,0.119529418647,-0.014417945407,-0.005634646397,-0.018360963091,0.414342015982,0.659146606922,0.316676199436,0.337103307247,0.042117848992,-0.054008644074,0.263951689005,-0.094043850899,-0.473466694355,-0.425570160151,-0.363206267357,-0.703985095024,-0.792777061462,-0.883071362972,-0.692147791386,-0.625034153461,-0.733952820301,-0.341840684414,-0.259317219257,-0.351879328489,-0.093525253236,-0.365638732910,-0.241137340665,0.079872861505,0.212762430310,0.073526166379,0.086375959218,0.114470995963,0.312313348055,0.204650029540,-0.101921655238,0.044398054481,0.341268599033,-0.065882965922,-0.019056547433,-0.023719845340,-0.205016344786,-0.349730849266,-0.078514620662,-0.396236240864,-0.436069786549,0.028593054041,0.045093633235,0.271940618753,0.283687382936,0.249253869057,0.299908071756,0.357830911875,0.180271640420,0.351237267256,0.129798546433,0.056231219321,0.175875872374,0.083437219262,-0.033635012805,0.111663959920,0.284181267023,0.379431098700,0.196669325233,0.170549929142,0.534418821335,0.215680614114,-0.066368639469,0.154358029366,-0.174315959215,-0.373014390469,-0.037347540259,-0.126761019230,-0.518679678440,-0.062285687774,-0.036569636315,-0.171681791544,0.300105631351,0.357975006104,0.392099797726,0.350768059492,0.195372819901,0.272348105907,0.205279767513,-0.408818483353,-0.762714624405,-0.729092001915,-0.723465561867,-0.602647900581,-0.505084931850,-0.586686491966,-0.297660797834,0.020801682025,0.268289834261,0.455344468355,0.676684379578,0.691620945930,1.118565797806,0.831952035427,0.355884134769,0.255699336529,0.242964804173,-0.094574801624,-0.324121832848,-0.483661741018,-0.456645071507,-0.681911587715,-0.348549604416,-0.407147467136,-0.554973542690,-0.463522732258,-0.165248662233,0.075530603528,0.093224793673,-0.032206799835,0.148789241910,0.350541681051,0.107506908476,0.372541099787,0.694818973541,0.415041714907,0.556574642658,0.266935706139,0.045464064926,0.169405713677,0.043019231409,-0.350352346897,-0.331896722317,-0.113631352782,-0.009124916978,-0.283917844296,-0.263021498919,-0.184062361717,-0.105045609176,-0.117129847407,0.063668623567,0.137017801404,0.141615256667,0.358151942492,0.281748801470,0.084276854992,0.052753295749,0.230794131756,0.328134804964,0.192693367600,0.034614592791,-0.157103329897,-0.041479889303,-0.112408936024,-0.036709576845,0.083894081414,-0.008277044632,-0.028539545834,0.007803717628,-0.075510025024,-0.291536360979,-0.135453760624,-0.344079732895,-0.530763983727,-0.469791203737,-0.459415078163,-0.433715492487,-0.425603091717,-0.425323188305,-0.091228589416,0.056173596531,-0.045406438410,0.055276330560,0.180456861854,-0.007021699566,0.181485831738,0.218314751983,0.073966570199,0.117747232318,-0.053247205913,-0.072003290057,-0.027197768912,-0.056222986430,0.003440879984,0.173715040088,0.033108178526,-0.003654905595,0.053197816014,-0.208992272615,-0.429998844862,-0.105955228209,0.007717284374,-0.115713983774,0.082441173494,0.280752748251,0.326842427254,0.129609212279,0.414095044136,0.492696136236,0.396865993738,0.320952594280,0.197685956955,-0.030609834939,-0.287025362253,-0.380468279123,-0.477257430553,-0.514637887478,-0.515884995461,-0.219570115209,-0.023732192814,-0.161297410727,0.198789015412,0.177608668804,0.577623307705,0.658751487732,0.527989864349,0.624112188816,0.580858349800,0.167125508189,0.079391300678,-0.193956971169,-0.368165910244,-0.497935622931,-0.635455608368,-0.463358104229,-0.258144170046,-0.499351531267,-0.308423846960,0.129996106029,0.012207713909,0.214651629329,0.271026909351,0.096287012100,0.129613325000,0.133914440870,0.245545461774,0.436711847782,-0.015195846558,0.094422511756,0.121142834425,-0.025794249028,0.054872978479,0.122196510434,-0.317462325096,-0.245092719793,-0.350586950779,-0.517704248428,-0.521260321140,-0.491296738386,-0.393458008766,-0.269602805376,-0.357213526964,-0.300895869732,-0.077810809016,0.057264305651,0.353550404310,0.525314509869,0.420956224203,0.532451450825,0.126765146852,-0.033223424107,0.182074397802,-0.081996656954,0.038936272264,-0.069064550102,-0.239326357841,-0.179403200746,-0.126756906509,-0.317589908838,-0.135013371706,-0.028461344540,0.088269263506,0.137392356992,0.259411871433,0.280760973692,0.337317347527,0.442387640476,0.267454326153,0.199513405561,0.480303168297,0.293223857880,0.172245666385,0.015870852396,0.031918685883,0.115648135543,-0.089071869850,0.099431544542,0.082420594990,-0.086828708649,-0.262712806463,-0.082972124219,-0.344746530056,-0.549985110760,-0.327595621347,-0.330851286650,-0.127226114273,0.377352565527,0.098781235516,-0.060466464609,0.097513541579,0.385238587856,0.453545808792,0.251842767000,0.343948036432,0.488357961178,0.178452432156,0.213923111558,0.263272583485,0.534583508968,0.582932770252,0.771843671799,0.364403992891,0.627907037735,0.775963664055,0.781071484089,0.592362225056,0.251418828964,0.110342755914,-0.051057551056,-0.110651448369,-0.450751125813,-0.853292942047,-0.844065129757,-0.793093979359,-0.531883478165,-0.466580837965,-0.682240843773,-0.577767312527,-0.119965694845,-0.114779680967,0.336543560028,0.491617769003,0.615135490894,0.391824007034,0.302517563105,0.119348309934,0.168874755502,0.044138751924,-0.143162831664,-0.315614283085,-0.512184798717,-0.657566130161,-0.645313143730,-0.342491000891,-0.015804998577,0.019352890551,0.205180972815,0.062639653683,-0.141862213612,-0.164211452007,-0.298714458942,-0.337420254946,-0.204349562526,-0.435250729322,-0.396363854408,-0.408476889133,-0.434024155140,-0.336452990770,0.055650878698,0.048620946705,0.124764822423,0.333851784468,0.309588611126,0.108478263021,0.115170694888,0.212309688330,0.204493626952,0.142561912537,-0.052201770246,0.240499377251,0.307999908924,0.405229419470,0.300706535578,0.312338054180,0.793353319168,0.801761984825,0.959490954876,0.714274823666,0.294075846672,0.454484254122,0.427134186029,0.282510221004,0.575487136841,0.345907211304,-0.209609672427,-0.087318494916,0.271026909351,-0.023053072393,-0.349422186613,0.068097315729,-0.038586419076,-0.652244269848,-0.653512001038,-0.488444417715,-0.831947982311,-0.673655092716,-0.673675715923,-0.681277692318,-0.229481160641,-0.002362517873,0.237647071481,0.402751713991,0.135655462742,0.224406287074,0.547050476074,-0.000321039028,-0.254444003105,-0.030881484970,-0.208399608731,-0.346018314362,-0.186227336526,-0.266413003206,-0.288745790720,-0.368709206581,-0.417939305305,-0.401558101177,-0.336527109146,-0.615765213966,-0.263268470764,-0.442264169455,-0.613596081734,-0.455686092377,-0.438489913940,-0.514510333538,-0.136429235339,0.176983043551,0.011401000433,-0.238927125931,0.087627194822,0.253398567438,0.481854885817,0.556014895439,0.496766746044,0.341564953327,0.107194110751,0.018624380231,-0.284337669611,-0.071587584913,0.047489080578,0.091677218676,0.073913060129,0.169496253133,0.179119184613,0.096324056387,0.184325799346,0.270335435867,0.661323904991,0.874497950077,0.906338453293,0.743946194649,0.714999139309,0.960552871227,0.920941591263,0.844303846359,0.693316698074,0.629779815674,0.562287509441,0.035042643547,-0.224521517754,-0.473108619452,-0.924328982830,-0.520745873451,-0.856725573540,-1.115190863609,-1.080769658089,-1.078826904297,-0.973546683788,-1.058959603310,-0.833627223969,-0.475113034248,-0.145471826196,0.099509745836,0.292384237051,0.361753344536,0.203205347061,0.333419591188,-0.004811469465,0.092879056931,0.378406196833,-0.061149705201,-0.036693114787,0.158840239048,-0.116409569979,0.039446640760,0.053876932710,0.165524423122,0.495408475399,0.541222393513,0.436086237431,0.192800402641,0.260864794254,0.348051577806,-0.055815517902,-0.151596277952,0.104481741786,0.217944338918,0.290342748165,0.126711636782,0.031371276826,0.108470030129,0.431529939175,0.415338069201,0.402788728476,0.522297561169,0.341630786657,0.035491276532,-0.149921104312,-0.498643547297,-0.415263980627,-0.183156877756,-0.349018812180,-0.401866793633,-0.287762105465,-0.171488344669,-0.157498449087,0.004144696053,0.097649373114,0.065072141588,-0.110816083848,0.137297689915,0.089047171175,0.311436653137,0.155354082584,0.000004115885,-0.003045754740,0.017858823761,0.052399333566,0.000279880158,0.031811673194,-0.068175517023,0.065446682274,0.250007063150,0.172360911965,0.224138736725,0.160124391317,-0.151032388210,0.066311024129,0.000209910126,0.072793543339,0.135470241308,-0.256003916264,-0.067813314497,0.124287374318,0.147887855768,0.257444471121,0.453702241182,0.202575623989,0.042866941541,-0.014035168104,-0.143405660987,-0.291355282068,-0.437139928341,-0.075398892164,-0.211256027222,-0.096402257681,-0.218306526542,-0.359588414431,0.155819177628,0.068545944989,0.003354446264,0.399961143732,0.086631141603,0.025831293315,0.211297184229,0.095632590353,0.017278485000,0.183160990477,0.231843680143,0.083511307836,-0.004239361733,-0.376833975315,0.104275949299,0.103913746774,0.122929133475,0.368692725897,0.349595010281,-0.075407132506,0.167804628611,-0.044859033078,-0.014051631093,-0.314338356256,-0.292256653309,-0.154325112700,-0.195376932621,-0.210120037198,-0.352138638496,-0.142570137978,0.200130790472,0.346565723419,0.374450862408,0.322421967983,0.298949062824,0.258856236935,0.177925586700,-0.065434336662,-0.284222453833,-0.247311174870,-0.245253235102,-0.330670177937,-0.785582482815,-0.532439112663,-0.438930332661,-0.530023097992,-0.540983676910,-0.317544639111,-0.233103141189,-0.326035708189,-0.278748303652,-0.076637774706,-0.285543620586,-0.410049170256,-0.083725333214,-0.385119229555,-0.632327497005,-0.237984582782,-0.048489242792,0.259876966476,0.583969950676,0.817484676838,1.007432818413,1.128069400787,0.785874724388,0.895892262459,1.057770013809,0.637250125408,0.425689518452,0.466794848442,0.123204901814,-0.007548533380,-0.164721831679,-0.537048935890,-0.296253174543,-0.255106657743,-0.318528324366,-0.444573193789,-0.479187786579,-0.610109925270,-0.352521419525,-0.309502214193,-0.394408792257,0.048040609807,0.247006595135,-0.038788098842,0.255300104618,0.272854357958,0.283498048782,0.583476066589,0.610348701477,0.338910192251,0.072192624211,-0.181946814060,-0.378525614738,-0.717542767525,-0.809368252754,-0.658953130245,-1.054222106934,-1.301232933998,-1.037071347237,-1.233386635780,-0.797979533672,-0.861158370972,-0.295615196228,0.296232581139,0.153267323971,0.040121648461,0.463662683964,0.361633986235,0.630685269833,0.750515162945,0.835113048553,0.771736621857,0.491638332605,0.280122995377,0.294195234776,-0.035919327289,-0.058659590781,-0.065384946764,-0.341955959797,-0.266375958920,0.061388425529,-0.107609808445,-0.111877985299,-0.025205679238,0.069163329899,0.326529622078,0.287325799465,0.534295380116,0.587554931641,0.551199316978,0.725786924362,0.790060579777,0.330497324467,0.383991450071,0.328719258308,0.265927344561,0.001016623573,0.102851845324,-0.251295357943,-0.303147256374,-0.567247152328,-1.018833756447,-0.823814928532,-0.400537312031,-0.339786887169,0.068932838738,0.392420828342,0.144101247191,0.178687021136,0.459970742464,0.106243342161,0.050658311695,-0.261087030172,-0.687204599380,-0.442535847425,-0.563522279263,-0.877169132233,-0.613439738750,-0.725391805172,-0.081066466868,0.239692673087,-0.175217345357,-0.054848283529,0.297146320343,0.169961348176,0.231736674905,0.070929042995,0.291038334370,0.510238051414,0.194693714380,0.102925926447,-0.140174686909,-0.110305719078,-0.222978070378,-0.131045669317,-0.215223729610,-0.149690628052,-0.073011681437,0.057017352432,-0.221994370222,-0.052370518446,0.350167125463,0.515782117844,0.346536934376,0.422425627708,0.444083392620,0.392890036106,0.598655462265,0.636291086674,0.355954051018,0.679878294468,0.791468203068,0.840385496616,0.684344053268,0.766011476517,0.459777295589,0.130893364549,0.239721491933,-0.016459424049,-0.266388297081,-0.181564033031,-0.566214025021,-0.838455140591,-0.938792169094,-0.853399872780,-0.788266003132,-0.589497625828,-0.430142879486,-0.419388085604,-0.647992551327,-0.330196857452,-0.170447021723,0.105901718140,0.073040492833,-0.199068889022,0.089224159718,-0.107543960214,-0.060042530298,0.341355025768,0.072093844414,-0.008268812671,0.169936656952,0.205119252205,-0.085458114743,-0.241170272231,-0.387243032455,-0.676844954491,-0.745703637600,-0.485826700926,-0.293516099453,-0.272302806377,0.104798667133,0.021950015798,-0.031568836421,0.447182655334,0.521890103817,0.432180285454,0.582624077797,0.497293561697,0.275657296181,0.164478987455,0.202361583710,0.008807993494,0.206218183041,0.297644346952,0.046007364988,-0.162194669247,0.122986756265,-0.079634144902,-0.264486759901,-0.206724435091,-0.463098794222,-0.789327979088,-0.663451790810,-0.335057705641,-0.140775606036,-0.267001569271,0.028428416699,0.277003169060,0.109931163490,0.117191590369,0.459719657898,0.392787128687,0.228007674217,0.063541032374,0.171595349908,0.076584272087,-0.393206954002,-0.751251876354,-0.671164989471,-0.878720819950,-0.443782925606,-0.193125545979,-0.443046212196,-0.230057388544,0.106663152575,0.306007832289,0.418523758650,0.552080094814,0.963635683060,0.938339471817,0.739159405231,0.897859692574,0.821822881699,0.649445474148,0.352451443672,0.081515103579,0.138824686408,0.384259015322,0.265153527260,-0.074262909591,-0.213803753257,-0.265923202038,-0.214454069734,-0.101707637310,-0.392861187458,-0.493527531624,-0.442910343409,-0.316828489304,-0.254151761532,-0.274578899145,-0.520062625408,-0.568111479282,-0.347792267799,-0.093702234328,0.039837650955,-0.113882422447,-0.580549657345,-0.448915451765,-0.305057018995,-0.503652632236,-0.665217518806,-0.615114927292,-0.668534934521,-1.024196743965,-0.995863020420,-0.493103593588,-0.538711726665,-0.165318638086,0.223558411002,0.263972282410,0.367910712957,0.632298707962,0.613797783852,0.478891432285,0.486283540726,0.308835417032,0.278917044401,0.538106679916,0.419305801392,0.127781763673,0.385049253702,0.503487944603,0.457320094109,0.400533199310,0.238289147615,0.238033965230,0.191261067986,-0.106914222240,-0.018838403746,-0.077584430575,-0.266273051500,-0.340375453234,-0.300105631351,-0.208938777447,0.327953726053,0.747395277023,0.515757441521,0.487398982048,0.553125560284,0.463720291853,0.395083814859,0.615806341171,0.377891719341,0.015339903533,0.020863419399,-0.022332791239,-0.440597236156,-0.391828119755,-0.535283207893,-0.376669317484,-0.632874906063,-0.437341600657,0.144924417138,-0.208325520158,-0.359711885452,-0.296508342028,-0.401134133339,-0.285942882299,-0.104671061039,-0.168710127473,-0.460262924433,-0.031387738883,-0.009659982286,-0.422754883766,-0.262622267008,-0.388148516417,-0.164808258414,0.211980417371,0.117236867547,-0.039623625576,0.034762766212,0.003309171414,-0.046151414514,-0.168014541268,-0.225863307714,-0.177427560091,-0.286510854959,-0.108498841524,-0.247706294060,-0.192314729095,0.053592935205,0.066623829305,-0.067467585206,0.041916172951,0.291342914104,0.402002602816,-0.009343058802,-0.258448779583,-0.185490578413,-0.459353327751,-0.572219133377,-0.265589833260,-0.461390703917,-0.119455330074,0.101221956313,0.174052536488,0.373627692461,0.567337691784,0.443972259760,0.686142683029,0.372697472572,0.184338137507,0.364453345537,0.301612049341,0.011285755783,0.156971618533,0.333522498608,-0.132268086076,0.299389481544,0.350039541721,0.083836458623,0.226546540856,0.152357712388,-0.219627737999,0.088787868619,-0.353035926819,-0.395664155483,-0.225287064910,0.059931401163,-0.119521178305,-0.225459948182,-0.029333913699,-0.183572575450,0.118747390807,0.087157979608,-0.009631169960,0.117969490588,0.074044764042,0.096147067845,-0.068484209478,-0.412428140640,-0.443099677563,-0.402801066637,-0.573597967625,-0.543885350227,-0.299512952566,-0.161083385348,-0.105008572340,-0.003136304440,0.233181357384,0.182691782713,0.318738251925,0.400533199310,0.437440395355,0.188536331058,0.049761049449,0.217602714896,0.142327293754,-0.203300014138,-0.600034236908,-0.491197943687,-0.308386772871,-0.361629873514,-0.594523131847,-0.622202455997,-0.666065454483,-0.264108091593,0.017751812935,0.103284016252,0.099604412913,0.223397880793,0.320800304413,0.694201588631,0.741665959358,0.539131522179,0.484390228987,0.545902132988,0.628800213337,0.629429936409,0.341219216585,0.104000188410,-0.030667459592,-0.104683414102,-0.165359795094,-0.456834405661,-0.220405623317,-0.513296127319,-0.419939607382,-0.516012609005,-0.500578045845,-0.023752771318,0.332156032324,0.159527584910,0.247109502554,0.272879064083,0.301105797291,0.442836314440,0.207815155387,-0.208127945662,0.144883260131,0.042607642710,0.087483137846,0.184021204710,-0.030013034120,-0.091409683228,0.266943961382,0.285535395145,0.350101292133,0.271607220173,-0.217355757952,-0.461110830307,-0.237272545695,-0.316165804863,-0.888133883476,-0.442498773336,-0.550306200981,-0.672572612762,-0.148147165775,-0.165853694081,-0.394178301096,0.047320328653,0.184107646346,0.366750061512,0.544856727123,0.173101767898,0.243092387915,0.060705184937,-0.476253151894,-0.475067794323,-0.401175320148,-0.745061576366,-0.601581871510,-0.469375520945,-0.721654534340,-0.410678863525,-0.097019635141,-0.112544752657,0.239466309547,0.160964027047,0.255119025707,0.409468799829,0.307222008705,-0.133688062429,0.331530421972,0.083387829363,-0.138293728232,-0.257983654737,-0.361424088478,-0.300208538771,-0.021723639220,-0.400195717812,-0.064944550395,0.304521977901,0.057243727148,0.279456228018,0.653993546963,0.466671377420,0.371470957994,0.625886142254,0.315877705812,0.010429652408,0.279493272305,0.213297501206,0.153234392405,0.153217926621,0.266783446074,0.498215526342,0.261136412621,-0.043949421495,0.093994461000,-0.190565481782,-0.230357840657,0.132403895259,-0.026563921943,-0.346466958523,-0.122571058571,-0.143294528127,-0.211280718446,0.300471961498,0.320627450943,0.240738108754,0.443745911121,0.365470021963,0.052699793130,0.056597530842,-0.092097043991,-0.183432653546,-0.435510009527,-0.540596783161,-0.351467758417,-0.537575721741,-0.566707968712,-0.526092410088,-0.543877124786,-0.279662042856,-0.160873472691,-0.300574839115,-0.192594587803,-0.256604850292,-0.669769704342,-0.602709591389,-0.494260132313,-0.284827470779,-0.398825109005,-0.356892496347,-0.236124202609,0.102452605963,0.283358097076,0.617053449154,0.335432261229,0.254456341267,0.290001124144,0.452804982662,0.130494132638,0.090516544878,0.267190903425,0.227711334825,-0.123283095658,-0.266314208508,-0.296413689852,-0.150583758950,0.341103971004,0.426125794649,0.223052144051,0.652223706245,0.604767560959,0.595276355743,0.574968516827,0.552899181843,0.441638588905,0.129843816161,0.088812559843,0.437436282635,0.336350113153,0.266005516052,0.585933268070,0.321866333485,0.397874385118,0.870612561703,0.427315294743,0.188989087939,-0.132346287370,-0.460427582264,-0.328332364559,-0.164273202419,-0.567658722401,-0.663373649120,-0.800613701344,-0.438609272242,-0.360419809818,-0.434176474810,-0.076736554503,0.242507949471,-0.020336586982,0.134754061699,0.235428616405,0.015022980049,-0.093722812831,-0.272039413452,-0.233136072755,-0.599956095219,-0.566378712654,-0.506768345833,-0.602705478668,-0.435810476542,-0.271677225828,-0.202435687184,-0.201299697161,0.092516861856,0.476092636585,0.372771590948,0.114265196025,0.265602171421,0.329530090094,0.147747918963,0.131070360541,0.122142992914,-0.245092719793,-0.259263694286,-0.410822957754,-0.269355863333,-0.606944859028,-0.846777498722,-0.459303945303,-0.438646346331,-0.707294285297,-0.292227834463,-0.098764769733,-0.094624191523,0.215931683779,0.077699676156,0.080099232495,0.289906471968,0.276517510414,0.043928839266,0.017101502046,0.143755510449,0.258778035641,0.492782562971,0.544869065285,0.143529132009,0.388951122761,-0.033993091434,-0.092767931521,-0.033371597528,0.028230855241,-0.065055675805,0.137622833252,-0.010026295669,0.188803866506,0.693921744823,0.672976016998,0.664801836014,1.234938263893,1.057811141014,1.046385526657,1.144178986549,1.086737751961,0.686056256294,0.622198343277,0.467342257500,0.337391436100,0.211688175797,0.435987442732,0.204147890210,0.192565798759,0.239227578044,0.037294033915,-0.111783318222,-0.323487967253,-0.330731928349,-0.314309537411,-0.294915497303,-0.116162613034,-0.409452348948,-0.506393790245,-0.218520566821,-0.236807435751,-0.180127575994,-0.152678757906,-0.249002799392,-0.360016465187,-0.392606019974,-0.808248698711,-0.674972176552,-0.746814966202,-0.828708708286,-1.215840578079,-1.410892486572,-1.323944330215,-0.933198750019,-0.620975911617,-0.920986890793,-0.729528248310,-0.384341329336,-0.324516952038,-0.263486623764,0.110659681261,0.304575473070,0.241404891014,0.117944799364,0.688497006893,0.722057878971,0.833672523499,1.069512724876,0.927864551544,0.417712926865,0.701700747013,0.598140954971,0.396532565355,0.332172483206,0.348068028688,0.082046046853,0.081272259355,0.355106204748,0.266561150551,0.333514273167,0.177781522274,0.508447647095,0.473693072796,0.378719061613,0.829338490963,0.942796945572,0.625766754150,0.651190578938,0.953806877136,0.776935040951,0.506677806377,0.323759615421,0.403574854136,0.213404521346,-0.105025038123,-0.182790562510,-0.430929034948,-0.547017574310,-0.439037352800,-0.586620628834,-0.695115327835,-0.578207731247,0.040088716894,0.042290717363,-0.064853996038,0.135778918862,0.252398401499,0.134589433670,0.014133947901,-0.043060388416,0.025230374187,0.039989937097,0.134799346328,-0.036660186946,-0.474524497986,-0.349475651979,-0.345088154078,-0.597844600677,-0.643053531647,-0.409505844116,-0.553096771240,-0.629199445248,-0.478644490242,-0.500479280949,-0.211046129465,-0.279394507408,0.094043850899,0.182185530663,0.164944097400,0.080267988145,0.497503459454,0.300274401903,-0.039467219263,0.349780231714,0.129522770643,-0.023970913142,0.124542564154,-0.194039270282,0.103000015020,0.062956579030,-0.385905385017,-0.441465705633,0.063298195601,0.151172339916,0.105416037142,-0.148830398917,-0.464588731527,-0.234300866723,-0.106243342161,0.056029543281,0.076658353209,0.179934144020,0.306563466787,0.276122361422,0.400932461023,0.836113214493,0.538411259651,0.559155285358,0.293569594622,0.056161247194,0.065627783537,0.062437973917,-0.005906294566,0.005445315968,-0.019834449515,0.028877047822,-0.152357712388,0.243911460042,0.130827516317,-0.054720692337,0.066064067185,0.307053267956,0.093311227858,0.085338756442,0.031268376857,0.181963264942,0.049938030541,-0.038487639278,-0.074431657791,-0.043809477240,-0.143364503980,-0.103000015020,-0.412135899067,-0.290511518717,-0.218166589737,0.069356776774,0.227649599314,-0.085956141353,-0.051987744868,0.440988242626,0.063767403364,-0.097776964307,-0.100917384028,-0.379834443331,-0.477158665657,-0.457937479019,-0.520910501480,-0.437757283449,-0.612875819206,-0.545519411564,-0.055119931698,-0.031782865524,-0.382015883923,-0.182535380125,0.057922851294,-0.434925556183,-0.143199861050,-0.043307341635,-0.034058947116,0.202913120389,0.568074464798,0.390264064074,0.438633978367,0.817900419235,1.187918424606,0.981807291508,0.498713523149,0.629804491997,0.732709884644,0.426216334105,0.263033866882,0.103090569377,-0.184976100922,-0.211634680629,-0.269804477692,-0.418350875378,-0.342001229525,0.279571473598,0.725601673126,0.871970772743,1.052168369293,1.230312108994,1.135473847389,1.125468134880,1.112445473671,0.500125288963,0.424335390329,0.096900284290,-0.046814072877,-0.218372404575,-0.363263905048,-0.674062609673,-0.671605408192,-0.970813810825,-0.858845233917,-0.577014088631,-0.524359583855,-0.562464475632,-0.255044907331,-0.169689700007,0.082461751997,0.194389119744,-0.155621618032,-0.221175312996,-0.085165888071,-0.471165925264,-0.435608774424,-0.126695170999,-0.357621014118,-0.343063116074,-0.329431295395,-0.399553656578,-0.327159345150,-0.438321143389,-0.121418602765,-0.065446682274,-0.399092674255,-0.186568960547,0.246739074588,0.115401178598,-0.254789739847,-0.068401895463,0.110795505345,0.051053438336,0.198130473495,0.344371974468,-0.015261700377,0.285510689020,0.333427846432,-0.042537670583,0.356513828039,0.715978741646,0.556587040424,0.649182021618,0.632920205593,0.273175388575,0.512353599072,0.554467320442,0.216664284468,0.049250680953,0.043801248074,-0.001135984203,-0.141026675701,-0.328484654427,-0.171159073710,-0.004906134680,-0.034384101629,-0.105498366058,0.136211097240,0.332958608866,0.327603876591,0.069525532424,0.215392500162,0.439004391432,0.350018978119,0.260424375534,0.289717137814,0.024147896096,-0.278213232756,-0.079988107085,-0.519758045673,-0.363823652267,-0.335131824017,-0.635151028633,-0.757973134518,-0.454406052828,-0.256518423557,-0.106963612139,0.090611204505,0.305509805679,0.265346974134,0.682183206081,0.478973746300,0.136030003428,0.434637427330,0.164018005133,-0.036903023720,-0.264593780041,-0.123682342470,-0.551520347595,-0.189091980457,-0.072065033019,-0.450310736895,-0.405130654573,-0.409370034933,-0.620049834251,-0.530163049698,-0.646407961845,-0.565147995949,-0.204049110413,-0.259769946337,-0.275908350945,-0.205469101667,0.080239176750,0.444420933723,0.604491770267,0.491070330143,0.617460906506,0.628084063530,0.665542662144,0.442367076874,-0.045031893998,0.015570392832,-0.401290535927,-0.632578611374,-0.548915028572,-0.679824829102,-0.298800885677,-0.253670215607,-0.070784986019,0.050242602825,0.233243077993,0.289038002491,0.227480843663,0.158490389585,0.460382312536,0.433559089899,0.260778337717,0.304147422314,0.237585335970,-0.157342046499,0.167919874191,0.071933321655,-0.334629684687,0.048666223884,0.005902179051,-0.048250518739,-0.057161413133,-0.212733611465,-0.109334371984,-0.099336877465,0.056786864996,0.268178731203,-0.002115564886,0.109815925360,0.293565481901,-0.008371709846,0.254197061062,0.407320290804,0.307530671358,0.216392651200,0.157617822289,0.159457609057,0.108762264252,-0.182420134544,0.082161299884,-0.069871261716,-0.147990748286,-0.267713606358,-0.146986484528,0.013965196908,-0.044109936804,0.178209587932,0.125653848052,0.334555596113,0.332415312529,0.035952255130,0.117508508265,0.096945546567,-0.215227857232,-0.330427348614,-0.446100175381,-0.243232324719,-0.017323758453,-0.192516401410,-0.012261220254,0.158066451550,-0.236939147115,-0.082568764687,0.384271353483,0.225649282336,-0.135708957911,-0.234745383263,-0.294121146202,-0.594473719597,-0.699725091457,-0.663435339928,-0.510032236576,-0.497297674417,-0.353229373693,-0.373207837343,-0.130642294884,-0.220216318965,0.034869778901,0.184869095683,0.106387391686,0.251468211412,0.508645176888,0.350640475750,0.418075114489,0.298496335745,0.503874838352,0.417725294828,0.344487220049,0.315132737160,0.237540066242,0.454809397459,0.419433355331,0.121653214097,-0.056692197919,0.030301146209,0.052489880472,0.215404838324,0.192742764950,0.110120497644,0.235766127706,0.160630643368,0.102534927428,0.390152961016,0.201773032546,0.212778896093,0.372709840536,0.441194027662,0.419046461582,-0.058486726135,-0.074028305709,0.136733815074,-0.255209565163,-0.453249484301,-0.537485182285,-0.488456755877,-0.548507511616,-0.679330945015,-0.480945259333,-0.115265354514,-0.052156493068,-0.097534120083,0.255477100611,0.031243681908,0.085857361555,0.269294112921,-0.023464661092,-0.162009462714,-0.314120203257,-0.479360640049,-0.372631669044,-0.419248133898,-0.428368985653,-0.223578989506,-0.151546880603,-0.156761705875,-0.141195431352,0.159506991506,0.297788381577,-0.027881003916,-0.338741451502,0.053131956607,-0.029276289046,-0.046612396836,0.170348241925,0.137412935495,-0.058272700757,0.203629299998,0.314898133278,0.147838473320,0.025555528700,0.350088924170,0.456196457148,0.197743579745,0.021098027006,-0.159963876009,-0.227303862572,0.006396085490,0.103292249143,-0.239025905728,-0.146595463157,0.171286672354,0.440910041332,0.221249386668,0.060046643019,0.149554789066,0.174188360572,0.144776239991,0.119998618960,0.000209910126,-0.087042734027,-0.228522151709,-0.317338854074,-0.299887508154,-0.425360232592,-0.393828451633,-0.183243319392,-0.031354811043,0.273924499750,-0.068986348808,0.206831440330,0.501952767372,0.395952224731,0.135795384645,0.091607250273,0.078889168799,0.090137876570,-0.111437581480,-0.288165450096,-0.291721582413,-0.324788600206,-0.121035829186,0.014393249527,-0.184918463230,-0.196718707681,0.026773832738,0.015261700377,-0.169129952788,-0.115911543369,0.000082317696,-0.338856697083,-0.286226868629,0.052000094205,0.017200283706,0.191088184714,0.209568515420,0.382806122303,0.584681987762,0.674009084702,0.635303318501,0.622869193554,0.344614803791,-0.096501037478,-0.098665997386,-0.187507361174,-0.626544654369,-0.573589742184,-0.315507262945,-0.431505262852,-0.081305190921,-0.206584498286,0.016969794407,0.163273036480,0.060503508896,0.086017876863,0.266734033823,0.045468177646,-0.045978549868,0.055383346975,-0.150834843516,-0.136602103710,0.310127794743,-0.263424873352,-0.568897604942,-0.297660797834,-0.004239361733,0.174986839294,0.096332289279,-0.250468045473,-0.057717051357,0.037388697267,-0.240540534258,-0.234449028969,-0.242322728038,-0.360304564238,-0.140137642622,-0.103728532791,-0.283057630062,-0.254711538553,0.137137174606,0.059338711202,0.225723356009,0.435345411301,0.217405155301,0.109618365765,0.153518393636,-0.014434408396,-0.190001592040,-0.078255318105,0.432949960232,0.212766557932,-0.084042258561,0.190001592040,0.097702875733,0.249418497086,0.442074835300,0.393688529730,0.423240542412,0.669440448284,0.342647433281,0.100592225790,0.230818822980,0.087326735258,-0.037779707462,0.103609174490,-0.320767372847,-0.480348467827,-0.026666820049,-0.297282159328,-0.403525441885,-0.007564996369,-0.114491567016,-0.084223352373,0.196541741490,-0.121945433319,-0.518971920013,-0.101073786616,-0.115380600095,-0.321063727140,0.085260555148,0.076090365648,-0.415255755186,-0.005412388593,-0.012038962916,-0.086499437690,0.033136989921,0.045941505581,0.089487567544,-0.078946791589,-0.209103420377,-0.296932309866,-0.430698543787,-0.302167713642,-0.330682545900,-0.296607136726,-0.131605416536,-0.227254480124,-0.106300964952,0.243401095271,0.157078623772,0.322331398726,0.578722238541,0.453023105860,0.608356595039,0.761973738670,0.423413425684,0.390346407890,0.400092840195,0.120373167098,-0.134387761354,0.016130153090,-0.040562044829,-0.018286876380,-0.198414459825,-0.201118588448,-0.354781031609,-0.440601348877,-0.607220590115,-0.514987707138,-0.569778442383,-0.475232422352,-0.232642158866,-0.276064753532,-0.430356949568,-0.111663959920,0.119508840144,0.084025785327,0.329130858183,0.370018035173,-0.090775839984,0.143208101392,0.235408037901,-0.147151112556,0.011528593488,-0.154390960932,-0.140483379364,0.060783386230,-0.227460265160,-0.168088629842,-0.058548461646,-0.314589440823,0.070900231600,0.042640566826,-0.350426435471,-0.074423432350,0.133869156241,-0.082362972200,0.051242768764,0.060174234211,-0.166750952601,0.148978576064,0.175056830049,0.005786934402,0.330287426710,0.259296655655,0.169014692307,0.382546812296,0.273846268654,0.248167276382,-0.063701547682,-0.061030339450,-0.234601318836,-0.306160092354,-0.393507421017,-0.495490819216,-0.354834556580,0.016146615148,-0.106144562364,0.138602420688,0.267334967852,0.302641004324,0.662529885769,0.564361929893,0.240989178419,0.102139800787,-0.160350754857,-0.366223186255,-0.643720328808,-0.631668984890,-0.836475372314,-0.691242277622,-0.662962079048,-0.384991616011,-0.455377370119,-0.045105982572,0.336432427168,0.341951847076,0.406513601542,0.731112897396,0.529953062534,0.419573307037,0.294252842665,0.361996203661,0.299685806036,0.511246442795,0.226328387856,0.211470052600,0.135540202260,-0.051156334579,0.394235908985,0.310193687677,-0.106881298125,-0.082782797515,-0.263976395130,-0.464675188065,-0.395396620035,-0.413012593985,-0.230291992426,-0.172476157546,-0.181547567248,-0.353060603142,-0.335926175117,-0.031124321744,0.074283495545,0.023929754272,-0.162100017071,-0.222920447588,0.020501222461,0.180551528931,-0.145941048861,0.080428510904,0.228929623961,0.139730170369,0.243676841259,0.116183198988,-0.183593168855,-0.009594127536,-0.093410015106,-0.105621844530,-0.099958375096,-0.183251544833,-0.010742459446,0.212634831667,-0.336930453777,0.003708412172,-0.017476046458,0.135005131364,0.031523562968,0.010376146063,0.166088312864,0.362609446049,0.316120535135,0.318528324366,0.471803873777,0.522861421108,0.326039820910,0.346203535795,-0.133601620793,-0.300023317337,-0.404398024082,-0.630932211876,-0.929535567760,-0.625268757343,-0.462119191885,-0.471532255411,-0.356336861849,-0.222739338875,0.092545673251,0.161507323384,0.589349448681,0.596897959709,0.634401917458,0.928621888161,0.524734139442,0.367038130760,0.586962223053,0.558673799038,0.003798961639,-0.029823701829,0.097414761782,-0.386069983244,-0.257226347923,-0.202534466982,-0.669234633446,-0.415231049061,-0.214404672384,-0.242783695459,-0.180522710085,-0.144545763731,-0.083964049816,0.164223805070,-0.003531429218,0.254205286503,0.495112150908,0.355719476938,0.300130337477,0.365527600050,-0.030342303216,-0.055675573647,0.188449904323,-0.182959318161,-0.289943516254,-0.064129605889,-0.236008942127,-0.126263007522,-0.359843581915,-0.517477869987,-0.576470851898,-0.553174912930,-0.500977277756,-0.373952835798,-0.567872762680,-0.678886413574,-0.400199830532,-0.246755525470,-0.112462438643,-0.055934876204,-0.154806658626,-0.266943961382,-0.250048249960,-0.346380501986,-0.367964237928,-0.219755321741,-0.178938105702,0.213355123997,0.344948202372,0.526755034924,0.309419870377,0.418931245804,0.696539402008,0.098575443029,0.147105842829,0.176410943270,0.015780303627,0.101044975221,-0.041574552655,-0.057589460164,-0.056696314365,-0.385748952627,-0.116426035762,-0.151933774352,-0.200184300542,-0.024682961404,0.089557535946,0.372224152088,0.296030908823,0.259415984154,0.368038296700,0.538901031017,0.562736093998,0.606990098953,0.313959687948,0.543235063553,0.553088545799,0.457373559475,-0.049637570977,-0.179790094495,-0.228810280561,-0.372026592493,-0.504261791706,-0.506451427937,-0.803042054176,-0.748691797256,-0.462419658899,-0.413345992565,-0.287535727024,-0.064726404846,0.245705977082,0.100254721940,0.149665921926,0.316067039967,0.153752997518,0.142594829202,0.298072367907,0.075497679412,0.177374050021,0.264984786510,0.213556811213,0.168520793319,0.407805979252,0.398425877094,0.474590331316,0.518037617207,0.209988325834,0.189548835158,-0.187215149403,-0.594502508640,-0.671728849411,-0.742003500462,-0.928033232689,-1.028304457664,-0.959700882435,-0.804350912571,-0.666752815247,-0.530307054520,-0.526499867439,-0.333164423704,0.037191133946,0.110565014184,0.526639819145,0.537942051888,0.300278514624,0.334148108959,0.093475855887,-0.165738448501,-0.104827478528,-0.264713138342,-0.531068503857,-0.454595386982,-0.255645841360,-0.470853120089,-0.276575118303,-0.109350830317,-0.029268058017,-0.196661099792,0.038302425295,0.113758943975,0.471972644329,0.370166242123,0.270915776491,0.228555098176,0.656928181648,0.579623639584,0.638641297817,0.789924740791,0.606269836426,0.501821041107,0.704273164272,0.676289260387,0.570276439190,0.681726396084,0.332497656345,0.238523766398,0.194887146354,0.061944063753,-0.110206939280,-0.114347517490,0.092459231615,0.071332402527,-0.169348075986,-0.125015884638,0.054984107614,0.233284249902,0.372681021690,0.464547574520,0.422754883766,0.432645350695,0.298673301935,0.274941116571,0.387263596058,0.043163284659,-0.063265264034,-0.210017144680,-0.345791965723,-0.418606102467,-0.244154304266,-0.327974289656,-0.434020042419,-0.499046921730,-0.408081740141,-0.344598352909,-0.221619829535,-0.298903793097,-0.249249756336,-0.447244405746,-0.270018517971,-0.451924175024,-0.428805232048,-0.261424541473,-0.258349984884,-0.405624568462,-0.041426382959,-0.127234354615,-0.235259860754,-0.056511096656,0.013323118910,0.095237463713,0.318697094917,0.351615935564,0.210325837135,0.352813661098,0.206411629915,0.053452998400,0.170072481036,0.083820000291,0.108618207276,0.444392085075,0.095113985240,-0.010828892700,0.105782359838,0.207378864288,-0.018167516217,-0.110120497644,0.021402601153,0.103275775909,0.123838737607,0.346401095390,0.285568326712,0.384419530630,0.658039450645,0.803087353706,0.663600027561,0.346676856279,0.695946753025,0.354995101690,0.055831979960,0.257613241673,-0.096706829965,-0.176863685250,-0.120031557977,-0.249076902866,-0.226097911596,-0.154238671064,-0.326513141394,-0.393655568361,-0.396557301283,-0.524989366531,-0.293125092983,-0.364095300436,-0.561085700989,-0.296726495028,0.356785506010,0.371014088392,0.498968750238,0.297512620687,0.102975323796,0.500755012035,0.171356633306,0.017632450908,0.015916125849,-0.156774058938,-0.110750228167,-0.313350558281,-0.441786736250,-0.792526006699,-0.943554222584,-0.839233040810,-0.851630032063,-0.713352799416,-0.537546932697,-0.384468913078,-0.178765222430,-0.076855920255,0.058733679354,0.314050257206,0.367589682341,0.481961876154,0.440152734518,0.103214047849,0.252595961094,0.418540209532,0.329332530499,0.209477961063,0.289799451828,-0.138260811567,-0.006379621569,-0.015323439613,-0.287358731031,-0.244763448834,0.228308141232,0.171171411872,0.073760777712,-0.061491321772,-0.138507753611,-0.213054671884,0.028749456629,-0.050390776247,0.231893077493,0.498935788870,0.406064987183,0.622041940689,0.567020773888,-0.068895794451,0.029144581407,0.227065145969,0.011306336150,0.112268991768,0.250332236290,-0.139042824507,-0.123785234988,0.095138676465,-0.002543616807,-0.035804081708,-0.013277845457,-0.007441519760,-0.004593327641,0.171261966228,0.224468022585,0.486896842718,0.307954639196,0.258596926928,0.190940007567,0.073390342295,0.001955045387,-0.235720857978,-0.495433181524,-0.311823546886,0.008684516884,-0.367927163839,-0.475928008556,-0.485406905413,-0.423257023096,-0.611015498638,-0.445647448301,-0.516420066357,-0.559287011623,-0.571906328201,-0.852453291416,-0.767575502396,-0.629203557968,-0.596107721329,-0.315289139748,-0.608138501644,-0.467667430639,0.242178663611,0.026172911748,0.217870265245,0.355044454336,0.225809797645,0.590242564678,0.860536873341,0.530982077122,0.320491611958,0.397458672523,0.239610359073,-0.010038643144,-0.028811195865,-0.163042545319,-0.042307183146,0.106943041086,0.302830338478,0.516790509224,0.661179900169,0.697012782097,0.552421748638,0.597992777824,0.539510190487,0.362103223801,0.411333322525,0.333888828754,0.510093927383,0.594255566597,0.319096326828,0.473281472921,0.801292836666,0.326496690512,0.376105427742,0.442457646132,0.121204584837,0.166899129748,-0.154876634479,-0.081848487258,-0.086351267993,-0.259531229734,-0.257460951805,-0.429698377848,-0.588246405125,-0.332258909941,-0.220664948225,-0.019776826724,0.305797904730,0.440156847239,0.127390757203,-0.001168911345,-0.256888836622,-0.389165133238,-0.550639569759,-1.014483332634,-0.768732011318,-0.579199671745,-0.882762670517,-0.743913292885,-0.520560622215,-0.627096235752,-0.120327897370,0.025641962886,0.044595610350,0.305847287178,0.031585302204,-0.036606680602,-0.067599289119,0.034952092916,-0.001337662572,0.080333843827,0.015636246651,0.047629021108,-0.020892232656,0.121731415391,0.099522098899,0.160754129291,0.152370050550,0.343182474375,0.324372887611,0.118401661515,0.029831932858,0.174451798201,-0.159025445580,-0.145698204637,0.182765856385,0.426372766495,0.288840442896,0.495145052671,0.242619067430,0.113359704614,0.235305130482,0.474293977022,0.210058301687,0.160354867578,0.257489740849,0.059733837843,-0.002502458170,0.074406966567,0.015718564391,0.009293667972,0.181304723024,0.396709561348,0.351797044277,0.258201807737,0.496894329786,0.556315362453,0.319923609495,0.117022842169,-0.107066519558,0.098493129015,0.096529848874,-0.137561112642,-0.256345540285,-0.053712297231,-0.188783288002,-0.230942308903,-0.174682274461,-0.339531689882,-0.349426299334,-0.423154115677,-0.459217518568,-0.492461502552,-0.486147731543,-0.249541983008,-0.166294097900,-0.338445097208,0.025489676744,0.435983330011,0.308703720570,0.294899046421,0.251986831427,0.308477342129,0.068331919611,-0.122126542032,-0.084412679076,-0.276608049870,-0.570218801498,-0.539662480354,-0.406180202961,-0.538156092167,-0.430669754744,-0.360382765532,-0.366861194372,-0.387144237757,0.356028169394,0.350759834051,0.132836058736,0.533562779427,0.740266561508,0.737015008926,0.752910614014,0.658570408821,0.253052830696,0.308835417032,-0.122809775174,-0.467836141586,-0.599585652351,-0.280209451914,-0.222648784518,-0.331085890532,-0.401014775038,-0.394618690014,-0.329229623079,-0.420939773321,-0.337173283100,-0.206284031272,-0.095587313175,0.052938513458,0.348631918430,0.121064640582,0.294092327356,0.242565557361,0.123097889125,0.166927948594,0.611031949520,0.579664766788,0.610398054123,0.219973474741,0.069595493376,0.247875049710,0.226447761059,0.159531697631,0.142113283277,0.030626298860,-0.252982854843,-0.244718164206,-0.304501384497,-0.602421462536,-0.186782971025,0.050382547081,-0.156852260232,-0.064923971891,0.142701849341,-0.477866590023,-0.385917723179,-0.238972395658,-0.443988740444,-0.159873321652,-0.005614066962,-0.044682044536,0.173780888319,0.126094251871,0.383439958096,0.538896918297,0.361745119095,0.446470618248,0.414123892784,0.113894760609,0.187383890152,0.055235173553,-0.552047193050,-0.539839506149,-0.385395020247,-0.716662049294,-0.685932815075,-0.774140298367,-0.615427672863,-0.221998482943,-0.117278024554,0.143685549498,0.400878965855,0.543399691582,0.706092417240,0.555944919586,0.631154477596,0.530747473240,0.393709093332,-0.270405411720,-0.134461849928,-0.299500584602,-0.392091542482,-0.135280907154,-0.124135084450,-0.147175818682,-0.090767614543,0.004428692162,-0.046966366470,0.118167057633,0.037433970720,0.211502984166,0.508073091507,0.223657190800,0.346306443214,0.506093323231,0.084754303098,0.365482360125,0.701704919338,0.435600548983,0.380990982056,0.085812084377,-0.240458235145,-0.438049525023,-0.635097503662,-0.389284521341,-0.480661273003,-0.426529139280,-0.335271775723,-0.283930212259,-0.344215571880,-0.350434690714,-0.305513918400,-0.258461117744,-0.332962721586,-0.238363251090,-0.181090712547,-0.224723204970,-0.480093270540,-0.355270832777,-0.399697691202,-0.332077831030,-0.417708814144,-0.167409509420,-0.135593712330,-0.129284068942,-0.117183357477,0.012071890756,0.596523404121,0.660953462124,0.681442379951,0.428842276335,0.572573125362,0.717382311821,0.638349056244,0.380719363689,0.348755389452,0.156872838736,0.069591380656,-0.043566644192,-0.380476504564,-0.427257657051,-0.512563467026,-0.281991630793,-0.376702249050,-0.268931925297,-0.117817208171,-0.168887108564,-0.047612555325,0.215701177716,0.302007168531,0.381703078747,0.218088388443,0.342132925987,0.205102771521,0.232699781656,0.382839024067,0.413341850042,0.373623549938,0.123855210841,-0.097336560488,-0.181444674730,-0.194364428520,-0.181494072080,-0.018941301852,-0.278513699770,-0.389300972223,-0.595296919346,-0.351550072432,-0.066998377442,0.161457940936,0.420038402081,0.439543604851,0.326109796762,0.434065341949,0.332427680492,0.426841944456,0.397726178169,0.377130329609,0.531270205975,0.466247409582,0.114878460765,0.117928333580,0.259963423014,-0.113409094512,0.073711387813,-0.051172796637,-0.318483054638,-0.423059433699,-0.448783725500,-0.435460627079,-0.384740561247,-0.682257294655,-0.629569888115,-0.240857481956,-0.061437815428,0.029996570200,0.148040145636,0.222912222147,0.537501633167,0.637892186642,0.716637253761,0.432357251644,0.501158416271,0.343005508184,0.290544420481,0.096653327346,-0.209654957056,-0.670210123062,-0.550639569759,-0.731759011745,-1.115240216255,-0.789846539497,-0.615172505379,-0.799082577229,-0.508390009403,-0.455978274345,-0.330011636019,-0.160712957382,-0.086227789521,0.134597674012,0.537810325623,0.362580657005,0.365819841623,0.575577676296,0.237363085151,0.532274484634,0.651709198952,0.390823841095,0.317606359720,0.554463207722,0.235873132944,-0.109638944268,-0.184502765536,-0.429554313421,-0.393758445978,-0.643699705601,-0.441675603390,-0.474306344986,-0.551631450653,-0.243178829551,-0.274982273579,-0.275780737400,0.245002165437,0.139800146222,0.390535742044,0.409814536572,0.260243296623,0.259592980146,0.208473682404,0.120710670948,-0.135297372937,-0.170512884855,-0.250616222620,-0.494774669409,-0.530060112476,-0.305847287178,-0.205687224865,-0.448063462973,-0.345857799053,-0.144125938416,-0.065726563334,-0.111717462540,-0.029938947409,-0.065537236631,0.022592093796,0.077032901347,0.150390326977,0.166195318103,0.165479153395,0.610566854477,0.424664646387,0.491778284311,0.671119689941,0.466379165649,0.477850139141,0.258308827877,0.020299544558,-0.106091044843,-0.328933268785,-0.168594881892,-0.417638838291,-0.375825583935,-0.359032750130,-0.251608163118,-0.416585147381,-0.151402816176,0.171986371279,-0.107589237392,-0.369495332241,-0.208864703774,0.106984190643,0.336127847433,0.467646867037,0.078242972493,-0.158239319921,0.193310767412,-0.032029815018,-0.082136601210,-0.099353343248,-0.172196283937,0.176365673542,0.264243930578,0.016912171617,-0.115944482386,-0.054494317621,-0.092899635434,-0.003556124633,-0.052728600800,-0.192985609174,-0.047345023602,-0.168273836374,-0.334115177393,-0.181321188807,-0.158807292581,-0.516547679901,-0.160309597850,-0.161062806845,-0.147653251886,0.071118377149,0.022546816617,-0.189116686583,0.032832413912,0.018599683419,-0.040944822133,0.224698498845,0.362045556307,0.212058618665,0.525758981705,0.093722812831,0.224373355508,0.443844676018,0.026041204110,0.128925979137,0.593675255775,0.165215745568,-0.021641323343,0.068595334888,0.022567396984,-0.210432842374,0.112322494388,0.184165269136,-0.010573708452,0.275262147188,0.276147067547,0.263095587492,0.229106619954,0.241005644202,0.029737267643,-0.000959001190,-0.212284982204,-0.214112445712,-0.183321505785,-0.611978590488,-0.598622500896,-0.805429279804,-0.719506025314,-0.676544487476,-0.555339872837,-0.403624236584,-0.183889508247,-0.283530980349,-0.152431800961,0.005325955339,-0.078629866242,0.028070336208,0.405003070831,0.252604186535,0.419750273228,0.455957710743,0.223764210939,0.176546782255,0.395643532276,0.458987027407,0.351229041815,0.329381912947,0.133255884051,0.001329430845,0.123962216079,-0.306579917669,-0.402002602816,-0.205008104444,-0.575334846973,-0.311181485653,0.059091761708,-0.098003335297,-0.012594607659,0.230357840657,0.254069477320,0.385650187731,0.607270002365,0.498133182526,0.536962449551,0.578174829483,0.171924635768,0.107943199575,0.110412731767,-0.087544865906,0.241816475987,0.224093466997,-0.078675143421,-0.105074428022,-0.025259187445,0.159260049462,-0.112742319703,-0.565925955772,-0.419038236141,-0.503607332706,-0.759668886662,-0.622383534908,-0.525322735310,-0.560501217842,-0.418733656406,-0.611332416534,-0.475759267807,-0.157412007451,0.006482518744,0.254020065069,0.332003742456,0.563653945923,0.648354768753,0.679343283176,0.365120142698,0.131979957223,-0.270187258720,-0.314671754837,-0.591283917427,-0.771032810211,-0.621951341629,-0.400508522987,-0.272689729929,-0.164989352226,-0.104440577328,0.075699351728,0.310839861631,0.710940897465,1.098146915436,0.683125793934,0.592802703381,1.223541498184,1.059358835220,0.855165660381,0.970710933208,0.652129054070,0.790105879307,0.632323384285,0.089248850942,0.105341956019,0.090479500592,0.001588731539,-0.021229734644,-0.493255853653,-0.755709409714,-0.379381686449,-0.146352633834,-0.452343970537,-0.614011824131,-0.542197883129,-0.230522468686,-0.252855271101,0.109573088586,0.077572077513,-0.149052649736,0.042887520045,-0.034441724420,-0.080687806010,0.300459593534,0.182498335838,0.122966170311,0.136651501060,0.024221982807,0.164890572429,0.273479968309,0.138083830476,-0.034552853554,0.063516341150,0.081017076969,0.290334522724,-0.053461231291,-0.026843801141,0.023452313617,-0.275175720453,-0.318026214838,-0.359761238098,-0.245738923550,-0.389568477869,-0.491798877716,-0.824300587177,-0.696555912495,-0.616761207581,-0.586822271347,-0.401274085045,-0.316227555275,-0.190602526069,0.111079506576,-0.024958724156,0.033116411418,-0.113129213452,-0.154934257269,-0.089215919375,-0.268446236849,-0.303558856249,-0.181901529431,-0.086013764143,-0.245158568025,-0.189408913255,-0.012771590613,0.158280462027,0.207971543074,0.257148146629,0.226081430912,0.241458401084,0.486007809639,0.365132480860,0.348286181688,0.444898337126,0.136211097240,0.395318388939,0.429537862539,0.499495565891,0.349825531244,0.176987156272,-0.045003086329,-0.099583834410,-0.042739350349,-0.078292362392,-0.354106068611,-0.334189265966,-0.178917512298,-0.169590920210,-0.101114943624,0.171595349908,0.050707701594,0.083589501679,0.178394809365,0.227546706796,0.135301485658,-0.064368322492,-0.120245575905,-0.241787657142,-0.081305190921,0.315647214651,0.140380486846,0.034260626882,0.167141973972,-0.056198291481,0.042327761650,0.323187500238,0.275640815496,0.294483333826,0.257469177246,-0.319948315620,-0.288943350315,-0.313581019640,-0.841311573982,-0.721103012562,-0.790241658688,-1.108144402504,-1.045722842216,-0.825399518013,-0.735718548298,-0.284012526274,-0.196706369519,0.067339994013,0.348965287209,0.479179531336,0.686262071133,0.846518158913,0.791727483273,0.889751434326,0.708767712116,0.728725671768,0.808219850063,0.484489023685,0.459587961435,0.332921564579,-0.061816472560,-0.193615347147,-0.177818581462,-0.654322803020,-0.671498358250,-0.417972207069,-0.513847649097,-0.780384123325,-0.350619912148,-0.113627240062,-0.056506983936,0.332785755396,0.270586490631,0.483332484961,0.764690279961,0.827976047993,0.398228317499,0.373199611902,0.149937570095,0.021147416905,0.020517686382,-0.249830111861,-0.461197257042,-0.540950775146,-0.701507329941,-0.691847324371,-0.566082358360,-0.499092221260,-0.083083257079,-0.118537485600,-0.007881919853,0.430900216103,0.256571918726,0.236535787582,0.319544941187,0.151069447398,0.220109283924,0.042842246592,0.013195526786,0.067644566298,0.094710633159,0.018052270636,0.110466234386,0.102349705994,0.357197076082,0.313696295023,0.493712753057,0.338391602039,-0.078201815486,-0.170763954520,-0.156090810895,-0.353929072618,-0.373981654644,-0.458209127188,-0.456435173750,-0.492082864046,-0.456850856543,-0.376743406057,0.260934740305,0.281086146832,0.134412452579,0.486765116453,0.337239146233,0.364062398672,0.621498644352,0.402978062630,0.281868129969,0.456044167280,0.188659831882,-0.056885648519,-0.200439482927,-0.003070450155,0.072242014110,0.101505950093,0.074987307191,0.004058262333,-0.046637091786,0.233276024461,-0.147093489766,-0.148019567132,-0.040862504393,-0.072332561016,-0.239774987102,-0.113763056695,-0.128991827369,0.017607755959,0.393626779318,0.388506621122,0.560188412666,0.643851995468,0.397779703140,0.524944067001,0.153629526496,-0.236173599958,-0.039742983878,-0.169529184699,-0.334008157253,-0.266659945250,-0.183202147484,-0.058869503438,-0.169928431511,0.108194269240,0.231773704290,0.335341721773,0.130712270737,0.046250198036,-0.057046163827,0.152098402381,0.166088312864,0.053650561720,-0.306151866913,-0.438617497683,-0.546959936619,-0.620527267456,-0.287050038576,-0.380958080292,-0.144784480333,-0.067677490413,-0.340951681137,-0.026041204110,0.187881916761,0.128946557641,0.175851196051,0.180897265673,0.405068933964,0.245018631220,0.248064383864,0.013607114553,-0.070694439113,-0.196825727820,-0.216734275222,-0.057926964015,-0.086627028883,-0.157527267933,-0.145640581846,-0.174945682287,-0.457229524851,-0.150908932090,-0.079415999353,0.234053909779,0.597124338150,0.290272772312,0.373253136873,0.699025452137,0.670407652855,0.674955725670,0.805696785450,0.341289162636,0.442461758852,0.179238557816,-0.337531387806,-0.461814641953,-0.584863126278,-0.699860930443,-0.899127423763,-0.773144245148,-0.777577102184,-0.760430335999,-0.454266101122,0.022308096290,0.116454847157,0.115788072348,0.337317347527,0.409728139639,0.463321030140,0.415103465319,0.301933079958,0.428340137005,0.365803390741,0.013347814791,-0.099571488798,0.222463592887,0.079909905791,-0.304188579321,0.078358218074,-0.017904099077,-0.479961574078,-0.339955627918,-0.388395488262,-0.546317875385,-0.392206788063,-0.337790668011,-0.296475410461,0.143895447254,0.228732064366,0.098279096186,0.136441588402,0.316408634186,0.414276152849,0.124032191932,0.055420391262,-0.056683965027,-0.057799372822,-0.052440490574,-0.013718244620,-0.011948414147,-0.247097149491,-0.042582944036,0.100345276296,-0.029156928882,-0.098773010075,0.233580589294,0.339478194714,0.698782622814,0.672667324543,0.745777785778,0.531780540943,0.627721846104,0.374730765820,0.441284596920,0.216989457607,-0.025576107204,-0.255201309919,-0.552006006241,-0.560484766960,-0.315437316895,-0.325533568859,-0.278427273035,-0.044023502618,-0.377887606621,-0.409756928682,-0.148225367069,0.044500946999,-0.179506093264,-0.125773206353,-0.086618795991,-0.321845740080,-0.602059304714,-0.489304631948,-0.211165472865,-0.118772089481,0.048785585910,0.182132035494,0.230287879705,0.542885184288,0.567831575871,0.085672140121,0.208835884929,0.206263467669,0.086001418531,-0.007540300954,0.029650833458,-0.239688560367,-0.190960600972,-0.372104793787,-0.130543515086,0.086244247854,-0.021402601153,-0.147698536515,-0.017615986988,-0.007877803408,0.046756453812,-0.011359842494,0.323697865009,0.319787800312,0.217656224966,-0.104037225246,0.199130639434,0.321137815714,0.197895869613,0.181580498815,0.483768761158,0.156160786748,0.294462740421,0.097554706037,0.063055358827,0.030667459592,-0.047501429915,-0.008668053895,-0.052601009607,0.061322569847,-0.156308963895,-0.140594512224,-0.064462989569,0.290038168430,0.569375038147,0.503681421280,0.287523388863,0.415819644928,0.381830662489,0.362527132034,0.445433437824,0.169249296188,0.035441886634,-0.122266471386,-0.160416617990,-0.454290807247,-0.609426736832,-0.413029074669,-0.551833152771,-0.260049849749,-0.131099164486,0.041356410831,0.132214561105,-0.140063554049,-0.008388173766,0.439280152321,0.307650059462,0.282522559166,0.441004693508,0.062236297876,-0.038417667150,0.485147595406,0.540337502956,0.183996513486,0.501397073269,0.284127771854,0.050580110401,0.221245273948,0.129288181663,-0.248154938221,-0.098295569420,-0.273002505302,-0.125855520368,0.210362881422,-0.097739912570,-0.062973037362,0.158959597349,-0.091825388372,-0.270952820778,0.086347155273,-0.098616607487,-0.323553830385,-0.425043314695,-0.433859556913,-0.770020306110,-0.758714020252,-0.624350905418,-0.439403623343,-0.352982401848,-0.291149467230,-0.040475614369,0.253538519144,0.362309008837,0.323315113783,0.793279170990,0.668489694595,0.531122028828,0.515308797359,0.465588897467,0.200443595648,0.152049019933,0.037717968225,-0.265816181898,-0.344812363386,-0.625478684902,-0.098904713988,-0.196595251560,-0.472050845623,-0.440412014723,-0.122196510434,-0.123768776655,0.060145426542,0.075855761766,0.008902658708,-0.012561680749,0.191981330514,0.278316140175,0.230222016573,0.059429265559,-0.043780669570,0.059149380773,0.033182263374,0.280723929405,0.227834805846,0.083289049566,-0.172830119729,-0.070628583431,-0.001395285013,0.035672374070,-0.070089407265,-0.059178192168,0.248607680202,0.218965068460,-0.027518805116,0.205271527171,0.676425099373,0.248735278845,0.193471282721,0.252225548029,0.138812333345,0.098476663232,-0.072526007891,-0.100040704012,-0.444478511810,-0.231115162373,-0.070822030306,-0.398574084044,-0.407620757818,-0.214598119259,0.071595817804,0.542037367821,0.514732599258,0.211284831166,-0.065705984831,0.072917014360,-0.116113223135,-0.454056173563,-0.397471010685,-0.617621481419,-0.534492909908,-0.232218220830,-0.614139437675,-0.318437784910,0.042578827590,0.037347540259,0.659525275230,0.568942904472,0.309670954943,0.833717823029,0.865467727184,0.572219133377,0.574124813080,0.217100575566,0.041562207043,0.175118550658,-0.315437316895,-0.623507201672,-0.438485801220,-0.369203090668,-0.413736999035,-0.430760294199,-0.218310639262,0.169479802251,-0.000621498621,0.181753367186,0.331855565310,0.401833832264,0.511411011219,0.592140018940,0.249393820763,0.011915486306,0.180251061916,0.354550540447,0.288906306028,0.089656323195,0.037294033915,-0.014574348927,-0.067632220685,-0.016920402646,-0.403578966856,-0.266347140074,-0.198208674788,-0.432632982731,-0.427553981543,-0.132305115461,-0.012026615441,0.171850547194,0.248027324677,0.365449398756,0.197665363550,0.032601922750,0.043315570801,0.121426843107,-0.104066029191,-0.288651108742,-0.252657711506,-0.140541017056,-0.388329625130,-0.346718013287,-0.220413878560,-0.286086916924,-0.057042047381,0.140775606036,-0.006889991462,-0.117191590369,0.034980908036,0.348405539989,0.404159337282,0.209284514189,0.153131499887,0.035853475332,0.185190126300,0.193866416812,-0.017447236925,-0.112174324691,-0.010129192844,-0.113129213452,0.022106418386,0.121784918010,0.038244802505,0.004218781833,0.462913572788,0.307028561831,0.210045963526,0.312856644392,0.156629994512,0.101958706975,0.216787785292,-0.103148184717,0.117372691631,0.144162982702,0.174159556627,0.379307597876,0.537534594536,-0.069554336369,-0.171368986368,-0.089800380170,-0.093109555542,-0.107313461602,-0.105197906494,-0.295376479626,-0.194697827101,-0.292561233044,-0.388177305460,-0.170932695270,0.192034840584,0.148846864700,0.171908169985,0.177658066154,0.266190737486,0.263050317764,0.184152916074,0.032182104886,-0.010528433137,-0.134667634964,-0.506101548672,-0.293985307217,-0.331431627274,-0.534912765026,-0.450533002615,-0.538732290268,-0.522141158581,-0.415535628796,-0.717304110527,-0.508435249329,-0.317692816257,-0.561291456223,-0.403747737408,-0.294331043959,-0.103493921459,-0.120834149420,0.001304735430,-0.041965562850,0.078749224544,0.260638415813,0.207625821233,0.109433144331,0.139503806829,0.132366865873,0.132391557097,-0.071225389838,0.018459744751,0.051098711789,-0.022015867755,-0.010178583674,0.008709212765,0.059544507414,0.131951153278,0.173221141100,0.224780812860,0.213943704963,0.546033859253,0.702458083630,0.341256260872,0.598313808441,0.701334476471,0.586332499981,0.558801352978,0.711459457874,0.808240473270,0.408081740141,0.202592089772,0.110519737005,0.153156191111,-0.049711659551,-0.065545462072,-0.279542684555,-0.132263958454,-0.191948413849,-0.291248232126,-0.555697977543,-0.563151836395,-0.605668902397,-0.467375189066,-0.242532625794,-0.182004436851,-0.068784669042,0.350035429001,0.083787068725,0.252814114094,0.435761094093,0.299006700516,0.073892481625,0.002967552980,-0.041389338672,-0.173941418529,-0.278435498476,-0.651429355145,-0.617551505566,-0.829844713211,-0.927304744720,-0.625058829784,-0.748704195023,-0.735142290592,-0.430636793375,-0.160256102681,0.101979278028,-0.007729631849,-0.024913450703,0.392173886299,0.307431906462,0.375418066978,0.408155858517,0.167973384261,0.263466030359,0.342264652252,0.008347014897,0.144220605493,-0.011647954583,-0.142730653286,0.013438363560,0.047102190554,-0.037215828896,-0.218623459339,-0.177621006966,-0.043344382197,0.007857224904,0.036767199636,0.361374706030,0.063343472779,0.122447580099,0.513184964657,0.757890820503,0.848082244396,0.853074729443,0.538086116314,0.720238685608,0.457369446754,0.259012639523,0.099793747067,0.086063154042,-0.158461570740,-0.306452304125,-0.799708247185,-0.450812876225,-0.249373227358,-0.083260238171,0.087828874588,0.415967792273,0.164828836918,0.412296414375,0.625268757343,0.566724419594,0.703474640846,0.510764837265,0.425290286541,0.399084448814,-0.027210116386,0.014055746607,-0.030395809561,-0.024230213836,-0.219220265746,-0.609002768993,-0.279378026724,-0.440033376217,-0.463304579258,-0.410761207342,-0.458633035421,-0.581171154976,-0.370092123747,-0.081268146634,-0.144479915500,0.028210274875,0.237276658416,0.368923217058,0.315408498049,0.145537689328,0.441264033318,0.210902065039,-0.001205954235,0.021019823849,0.026901423931,-0.375558048487,-0.156675279140,-0.387201875448,-0.415486216545,-0.553261339664,-0.367667883635,-0.078234739602,-0.098773010075,-0.004589211661,0.353817939758,-0.054309103638,-0.230147942901,0.064714059234,-0.225859194994,-0.287218809128,-0.081222869456,-0.266902774572,-0.042072575539,-0.033095829189,-0.310012578964,-0.086565293372,0.094319619238,-0.081980191171,-0.027786338702,0.094426624477,0.124419085681,0.280201226473,0.032984700054,-0.157395556569,-0.005823977292,-0.035034410655,0.133832111955,-0.011047035456,-0.226694718003,0.139573782682,0.314074933529,-0.250019431114,-0.081576839089,0.134338364005,0.408472776413,0.289161503315,0.526709794998,0.397615045309,0.506011009216,0.571688175201,0.192611068487,-0.039384905249,0.016364756972,0.006787094288,-0.060141310096,-0.043422587216,0.027000205591,0.130580559373,0.135548427701,0.022756727412,-0.234099179506,0.111742161214,-0.096603937447,-0.255275428295,-0.043924726546,-0.287762105465,-0.203896820545,-0.070398099720,-0.451537281275,-0.210091218352,0.093430586159,0.065516658127,-0.091035135090,-0.355554819107,-0.119105480611,-0.285473674536,-0.551104664803,-0.480360805988,-0.206436321139,-0.004255825188,-0.322063893080,-0.297026932240,-0.178131371737,-0.106235101819,-0.144784480333,0.300480186939,0.412329375744,0.184552162886,0.015813229606,-0.115804538131,-0.247504621744,-0.063479296863,-0.234860613942,-0.218767523766,-0.109890013933,-0.071464106441,0.175176173449,0.071427062154,0.230407238007,0.298467516899,0.158856689930,0.408378094435,0.463263452053,0.269454628229,0.459925442934,0.490374743938,0.235589131713,-0.060054875910,0.081025309861,0.405036032200,0.257374525070,0.159955635667,0.299833983183,0.313276469707,0.129070028663,0.031601764262,0.268129318953,-0.218911558390,-0.233477696776,0.143652617931,-0.075444169343,0.006079161540,-0.011339262128,0.014878924936,-0.134939283133,-0.339111894369,-0.339585185051,-0.219487801194,-0.230061501265,-0.161980658770,0.023456426337,0.054222669452,-0.110918983817,-0.053226623684,-0.136038228869,-0.166322916746,-0.102514348924,-0.160256102681,-0.367132812738,-0.120163261890,-0.121476233006,-0.011014107615,-0.097427114844,0.212951779366,0.222208410501,0.182156711817,0.398578196764,0.411563783884,0.335238814354,0.165775492787,0.133198261261,0.190837115049,0.204608857632,0.426084637642,0.030461665243,0.318474829197,0.226632967591,0.229291841388,0.130930408835,-0.037471015006,0.061812359840,-0.023188894615,-0.361926227808,0.059285204858,-0.168747156858,-0.537456393242,-0.414354354143,-0.198941305280,-0.340474218130,-0.041327599436,0.059371639043,0.306958585978,0.425985872746,0.299969792366,0.151810303330,0.123410686851,0.095258042216,0.127666518092,0.033313971013,-0.052856191993,-0.156543567777,-0.192088335752,-0.310741096735,-0.418462008238,-0.293845385313,0.153333172202,0.214310005307,0.413317173719,0.591580271721,0.290194571018,0.464267730713,0.578858077526,0.356357425451,0.416609883308,0.297664910555,0.026123519987,0.241001531482,-0.056630458683,-0.165754914284,-0.141294211149,-0.312222778797,-0.322063893080,-0.128633752465,-0.341083377600,-0.299854546785,-0.446585834026,-0.405682206154,-0.312519133091,-0.102337367833,-0.026987858117,0.138528347015,-0.035775270313,-0.231329202652,-0.045291196555,0.016187775880,0.080498479307,0.161058694124,0.238564923406,0.266721665859,0.102279737592,-0.045673973858,0.186577185988,-0.055605605245,-0.211856946349,-0.355978757143,-0.603767395020,-0.583578944206,-0.605631887913,-0.488786041737,-0.214116558433,-0.051329202950,0.270915776491,0.380661725998,0.477273881435,0.533743798733,0.458567172289,0.515329360962,0.405188292265,0.177958518267,0.026284040883,-0.037923764437,-0.018817825243,-0.174081355333,-0.425051540136,-0.151690945029,-0.357168257236,-0.336621761322,-0.168360278010,-0.371894896030,-0.302616328001,-0.002922278363,0.290713191032,0.136976659298,0.087392583489,0.427636325359,0.348973512650,0.371413320303,0.475944489241,0.087668344378,-0.028984060511,0.338597387075,0.308106929064,0.323413908482,0.131955265999,0.119056090713,-0.038479406387,-0.467523366213,-0.421800017357,-0.407332688570,-0.633521080017,-0.436806499958,-0.460197091103,-0.601631224155,-0.497425258160,-0.014253309928,-0.321928054094,-0.129740923643,0.314531803131,0.082733407617,0.088866069913,0.071813955903,0.131955265999,0.116779997945,0.030346419662,0.193915799260,0.473717749119,0.273249477148,0.281226068735,0.523466467857,0.209807232022,-0.102744832635,-0.093611687422,-0.339033663273,-0.495247960091,-0.322566032410,-0.557278513908,-0.406390130520,-0.380846947432,-0.648581147194,-0.779268741608,-0.508019566536,-0.659475922585,-0.016603479162,-0.022341022268,-0.020439483225,0.019118284807,0.128473222256,0.503356277943,0.445231735706,0.293190926313,0.251579344273,0.182485997677,0.098740071058,-0.050065621734,0.010993529111,0.329423069954,0.104716338217,0.024226099253,-0.099028192461,-0.090318985283,-0.219775915146,-0.085083574057,-0.012178903446,-0.106288611889,0.186799436808,0.252879977226,0.352965921164,0.660183846951,0.508081316948,0.483888119459,0.845731973648,0.713393986225,0.386440426111,0.313391715288,-0.096077106893,-0.272677361965,-0.520433068275,-0.141948640347,-0.236778631806,-0.384217858315,-0.670452952385,-0.581615686417,-0.377747684717,-0.330394446850,-0.278859436512,-0.234366714954,-0.160605952144,0.083198495209,-0.011207554489,0.105712383986,0.337025135756,0.219224378467,0.324253529310,0.211963951588,0.013351930305,0.117401495576,-0.146858885884,-0.014002240263,-0.192244738340,-0.138194948435,0.123912826180,0.166096538305,0.067031301558,-0.101563580334,-0.095644928515,0.087520174682,-0.076431982219,-0.085005372763,-0.033206958324,-0.213067010045,-0.117858372629,0.171525388956,0.133782714605,-0.013018542901,0.170912116766,0.376097202301,0.121212810278,-0.007552648429,0.276274651289,0.267631292343,0.126234188676,0.091347947717,0.123398348689,-0.001675165142,0.036240365356,0.249208599329,0.134474188089,0.155716270208,0.153464883566,0.210082992911,0.128588482738,-0.008709212765,0.088129326701,-0.158498615026,-0.090421877801,-0.073579676449,-0.271944731474,-0.190363794565,-0.341890096664,-0.315865337849,0.039347860962,-0.067718654871,0.174464136362,0.178633511066,0.112096123397,0.074987307191,0.183675482869,0.219903498888,0.202073499560,-0.084960095584,0.061355493963,0.108605854213,0.057025585324,-0.073295675218,-0.117948912084,-0.089973248541,-0.113952390850,0.178612947464,0.125316351652,-0.171541854739,-0.277575284243,-0.046777028590,-0.024773512036,-0.015179383568,-0.003428532276,0.208942890167,0.527109026909,0.496935456991,0.292787581682,0.440967679024,0.244421824813,0.231004044414,0.426249265671,0.176674351096,-0.196587026119,0.007268652786,-0.342886120081,-0.625277042389,-0.633422315121,-0.691489279270,-0.791184186935,-0.855206787586,-0.693493664265,-0.498441874981,-0.315766572952,-0.065553694963,0.187235727906,0.632627964020,0.656072020531,0.638353168964,0.785697698593,0.608241379261,0.140845581889,0.208749458194,-0.033523883671,-0.518399834633,-0.391593545675,-0.516704082489,-0.877728939056,-0.619522988796,-0.419791460037,-0.364268183708,-0.101431861520,0.024789974093,-0.244685232639,-0.248356610537,0.031622342765,-0.095546148717,0.056222986430,0.035746462643,-0.184239357710,-0.083807647228,0.031124321744,0.152316555381,-0.026074130088,0.400096952915,0.423224091530,0.447322607040,0.480167359114,0.420935660601,0.347265422344,0.404916614294,0.296039134264,0.048818510026,-0.057898152620,-0.052292317152,-0.379879713058,-0.109927050769,-0.049966841936,0.308399140835,0.272446870804,0.453224778175,0.836574196815,0.650894284248,0.785878837109,0.797102868557,0.671823501587,0.703919231892,0.843707025051,0.416589260101,0.073925413191,-0.037540987134,-0.051979511976,-0.020381862298,-0.192088335752,-0.339058369398,-0.452290505171,-0.892122209072,-0.774448990822,-0.814438939095,-1.133831620216,-1.229694724083,-1.131386756897,-0.981054067612,-0.987174391747,-0.990730524063,-0.766888141632,-0.456649184227,-0.111762739718,0.015167036094,0.306699275970,0.424755185843,0.318515986204,0.188091814518,0.137355312705,-0.069434978068,0.091125689447,0.301303356886,-0.127818807960,-0.388543635607,-0.171508923173,-0.179781839252,-0.247344106436,0.051518533379,-0.204098492861,-0.278093874454,-0.049970958382,-0.222817555070,-0.010388493538,0.258172988892,0.224817872047,0.433661997318,0.452241092920,0.421388417482,0.337185651064,0.802161276340,0.779297530651,0.694753110409,0.362510681152,0.451792478561,0.398170709610,0.269969135523,0.324154764414,0.267664223909,0.089327052236,0.229225978255,-0.163112521172,0.214622810483,0.097822241485,0.104963295162,0.372038960457,0.466049909592,0.002469531028,0.234584867954,-0.051683165133,-0.009054946713,0.039240844548,-0.172113955021,0.095159262419,-0.016615826637,-0.384164333344,-0.313778579235,-0.307934045792,-0.519848585129,-0.419680297375,-0.470779031515,-0.354517638683,-0.294392794371,-0.288511186838,-0.318343102932,-0.522231698036,-0.117590837181,-0.067862711847,-0.046637091786,0.257876664400,0.200916916132,0.091347947717,0.254839122295,0.121628515422,0.337193876505,0.106535561383,-0.005074886139,0.073184549809,-0.061314336956,-0.163808107376,0.039360210299,-0.044607959688,-0.430727332830,-0.180991932750,0.009470650926,-0.018579104915,0.059071179479,0.033383939415,0.188437551260,0.201818317175,0.336099028587,0.251023709774,0.386876702309,0.268656164408,0.203407019377,-0.025411473587,-0.002049710602,0.004832048900,-0.045875653625,-0.091265633702,0.160704731941,-0.014162760228,-0.203040719032,0.063289962709,0.250867277384,0.104267708957,0.298483967781,0.085989065468,0.034054830670,0.340655326843,0.231971263885,0.045859191567,-0.091454960406,-0.339120119810,-0.201575472951,-0.100160054862,0.124052770436,-0.162268757820,-0.285560101271,-0.329690605402,-0.125147596002,-0.034614592791,-0.098073311150,-0.071455881000,-0.021530194208,0.093121893704,0.383518159389,0.266721665859,0.172826007009,0.319178640842,-0.003012827830,0.149805858731,0.057754095644,-0.234012737870,-0.261457473040,-0.181107163429,-0.233234852552,-0.357966721058,-0.275653153658,-0.165746688843,-0.308600813150,-0.399701803923,-0.312387436628,-0.113149799407,-0.021275008097,-0.236070707440,-0.292083770037,0.049156010151,0.622885704041,0.666641652584,0.691320478916,0.465214341879,0.483764648438,0.414461374283,0.394474655390,0.190491378307,-0.033581502736,-0.091825388372,-0.048336952925,-0.073497354984,-0.233383029699,-0.206946685910,-0.072513662279,-0.410374313593,-0.358612924814,0.041833855212,0.070085287094,-0.012553448789,-0.050798252225,-0.012454667129,-0.050254952163,-0.095723129809,-0.054864745587,-0.083157338202,0.022900782526,0.387341797352,0.338893711567,0.361103057861,0.453397661448,0.390844434500,0.464181274176,0.500310480595,0.162898495793,0.216108649969,0.071686364710,-0.148682221770,-0.417054384947,-0.430554479361,-0.613275051117,-0.432740002871,-0.432468384504,-0.401726812124,-0.281765252352,-0.166121229529,-0.033589739352,0.142981722951,-0.015977865085,-0.114890806377,0.274113833904,0.190285593271,0.122019521892,0.196327701211,-0.032169755548,0.031033771113,-0.143319234252,-0.269331157207,0.022139344364,-0.011717923917,-0.200114324689,0.059770882130,-0.201822429895,-0.338152855635,-0.153645977378,-0.212219133973,-0.155765667558,-0.162384003401,-0.336029082537,-0.145689979196,0.132687896490,0.142039194703,0.409497618675,0.499837160110,0.502710044384,0.297911852598,0.236399963498,0.281682938337,0.049839250743,-0.075156062841,-0.385477304459,-0.746362268925,-0.235716745257,-0.234473735094,-0.396100431681,-0.258086562157,-0.268812537193,-0.044114056975,0.318334877491,0.080967687070,0.312375068665,0.728137075901,0.284053683281,0.234230905771,0.627199113369,0.491831779480,-0.025464979932,0.216861858964,0.459032297134,-0.158498615026,-0.279135197401,0.101724095643,-0.192248880863,-0.143162831664,-0.058334436268,-0.285835862160,-0.185634642839,-0.064339511096,-0.300175607204,-0.288243651390,-0.226781129837,-0.386465132236,-0.288013160229,-0.193956971169,-0.541839778423,-0.389062225819,-0.116598904133,0.148245945573,0.196541741490,0.266598224640,0.422219812870,0.730458438396,0.464580506086,0.213733792305,0.274266123772,0.191182851791,-0.042912218720,0.018653189763,-0.258065998554,-0.302332341671,0.107745639980,0.287860870361,0.186651259661,0.273319453001,0.485678523779,0.650910735130,0.619531214237,0.157893583179,0.268359810114,0.368598073721,0.078967362642,-0.030963802710,-0.096077106893,-0.133807420731,-0.338338077068,-0.186906442046,-0.383826851845,-0.790953695774,-0.452751457691,-0.259527117014,-0.467321664095,-0.324027150869,-0.180403351784,-0.471622765064,-0.269627511501,-0.020760523155,0.032754212618,0.055539753288,0.182691782713,0.371067613363,0.371417433023,0.289980560541,0.120928816497,-0.109346717596,-0.055321607739,-0.369618803263,-0.385514378548,-0.536336839199,-0.765879690647,-0.927535235882,-0.947974741459,-0.560283064842,-0.408929646015,-0.429998844862,0.147249907255,0.382921367884,0.599359273911,0.732779741287,0.512781620026,0.590950489044,0.921233832836,0.714274823666,0.768703281879,0.647856771946,0.028584819287,0.429591387510,0.318742364645,-0.209300979972,0.255353599787,0.264157503843,-0.207103103399,0.222397714853,0.194294467568,0.009013787843,0.209687858820,0.194907724857,-0.182436600327,0.051720209420,0.313037753105,0.185782819986,0.070130564272,0.025502024218,-0.162379890680,-0.185959786177,0.063787981868,0.565868318081,0.464461177588,0.381414949894,0.200283080339,0.081420436502,-0.052049476653,-0.067393504083,-0.357085973024,-0.680487453938,-1.085564613342,-1.379364728928,-1.146677374840,-1.248133778572,-0.910771310329,-0.607298791409,-0.677071273327,-0.548495173454,-0.225912690163,0.090393066406,0.315881818533,0.289153248072,0.370544910431,0.536711394787,0.441305160522,0.521062791348,0.515049517155,-0.017924679443,-0.171908169985,-0.257218122482,-0.001325314981,0.034705143422,-0.318421334028,-0.224023506045,-0.440403789282,-0.539802432060,-0.373220205307,-0.022295748815,-0.099505633116,-0.167561799288,-0.099662035704,0.225068941712,0.075600571930,0.579314947128,0.368219405413,0.359032750130,0.395602405071,0.482480466366,0.514921903610,0.435139566660,0.166594564915,0.160066768527,0.109437264502,0.201056852937,0.212733611465,0.229407072067,0.363930642605,0.330415010452,0.254353433847,0.188565164804,0.179625436664,0.052123565227,0.021941781044,0.123538278043,-0.155485779047,0.100275300443,-0.132564425468,-0.242631405592,-0.091100998223,0.022871972993,0.167944565415,0.031688198447,0.026074130088,0.144833877683,-0.092290490866,-0.059544507414,-0.358740508556,-0.561612486839,-0.386646211147,-0.264210999012,-0.283415704966,-0.374516695738,-0.157469645143,-0.106185711920,0.038273613900,-0.024324880913,0.077703788877,0.206127628684,0.680256962776,0.526088297367,0.398166596889,0.217993721366,0.238770723343,0.338136404753,0.042430657893,-0.150258600712,-0.205452620983,-0.232967317104,-0.294512152672,-0.212626606226,0.233712285757,0.281481266022,0.376138389111,0.586073160172,0.371520340443,0.216446161270,0.206353992224,0.054230902344,-0.177991449833,-0.320232301950,-0.643366336823,-0.254147648811,-0.165787845850,-0.355336695910,0.066018790007,-0.157691895962,-0.182214334607,-0.116117350757,0.081642694771,-0.249739557505,-0.321619361639,0.085684493184,-0.108544118702,-0.275924801826,-0.284535229206,-0.075682893395,0.059560969472,-0.252595961094,-0.197710648179,-0.018879564479,0.164709478617,0.123447738588,0.126032501459,-0.108214847744,-0.028123840690,-0.211955726147,-0.494227230549,-0.476298421621,-0.140335202217,-0.225118324161,0.004864975810,-0.021159764379,-0.174007266760,0.276262313128,0.579121470451,0.384485363960,0.498207300901,0.754400491714,0.537859737873,0.265211164951,0.239338710904,-0.343203067780,-0.558113992214,-0.266989231110,-0.168734818697,-0.087273217738,0.000761438685,0.016253629699,-0.022583859041,0.069365009665,0.359835356474,0.266075491905,0.101300157607,0.226357206702,0.399463117123,0.352319747210,0.019311731681,-0.205761328340,-0.144434630871,-0.235659092665,-0.321709930897,-0.241841152310,-0.243985533714,-0.130436509848,0.258963257074,0.383555203676,0.273829817772,0.178629398346,0.132679671049,0.449701607227,0.401516914368,0.039310816675,-0.138775289059,-0.484044522047,-0.449804484844,-0.652215480804,-0.343380033970,-0.112692922354,-0.046159651130,0.211169585586,0.644683420658,0.563221812248,0.313683956861,0.668843686581,0.168533146381,0.193849951029,0.184597432613,0.349199920893,0.437213987112,0.045484647155,-0.184461608529,-0.385036915541,-0.352994769812,-0.246039375663,-0.232000082731,-0.544959604740,-0.804869472980,-1.091153979301,-1.336415529251,-1.058992505074,-0.877992331982,-0.932540118694,-0.533982574940,-0.337337911129,-0.368330538273,0.025423821062,-0.047357372940,0.105424277484,0.410929977894,0.538460671902,0.396944165230,0.436650127172,0.085491046309,-0.074345231056,-0.064664669335,-0.074439890683,-0.470688492060,-0.394260585308,-0.469519555569,-0.399463117123,-0.206794396043,-0.314877539873,0.221335828304,0.545107781887,0.639382123947,0.966504454613,0.780552923679,0.864018917084,1.289041638374,1.230085730553,0.718386590481,0.669695615768,0.674791097641,0.201575472951,0.167619407177,0.034939747304,-0.427183598280,-0.331217586994,0.018496787176,-0.494754046202,-0.592016518116,-0.310444742441,-0.381735980511,-0.418182134628,-0.122933246195,-0.117347992957,-0.035993412137,0.147817894816,0.181300610304,0.227670177817,0.572017431259,0.562501549721,0.420943886042,0.329929322004,0.082852765918,-0.144212380052,-0.094455450773,-0.282448500395,-0.643218159676,-0.948810219765,-0.913961052895,-1.114787459373,-1.088910818100,-0.815566718578,-0.524306118488,-0.388210266829,-0.113993540406,0.272578597069,0.473919421434,0.311062127352,0.285000324249,0.379649221897,0.341005176306,0.274150878191,0.423257023096,0.223122119904,-0.031885761768,-0.027374750003,0.037619188428,-0.017492510378,0.209181606770,0.234189733863,0.250225245953,0.111112430692,0.219397246838,0.061446044594,0.113511987031,0.351751744747,0.310354202986,0.230526596308,0.343482941389,0.327529758215,0.475043088198,0.445491015911,0.369227796793,0.234852388501,0.447754770517,0.359831243753,0.165763139725,0.236889749765,0.247167110443,0.098250292242,0.034091874957,-0.169405713677,-0.254513978958,0.069286808372,-0.024304298684,0.052493996918,0.169681474566,0.102193303406,0.364478081465,0.119043737650,0.230143830180,-0.166878551245,-0.570469856262,-0.389025211334,-0.102501995862,-0.257588535547,-0.423277616501,-0.297121614218,-0.222858712077,-0.272142291069,-0.372104793787,-0.034083642066,0.094266109169,0.161684304476,-0.157185643911,0.016924519092,-0.323245137930,-0.486999750137,-0.254468709230,-0.075608804822,-0.599104106426,-0.809602797031,-0.517613708973,-0.565008103848,-0.658101201057,-0.407431453466,-0.082823954523,-0.197990536690,-0.133062452078,0.113767169416,0.182580664754,0.391963928938,0.177682742476,0.022797888145,-0.174422964454,-0.503701984882,-0.269322931767,-0.160943448544,-0.204555362463,-0.173521593213,0.169656783342,0.161960065365,-0.078691601753,0.014636087231,0.468231290579,0.407847166061,0.267264991999,0.614122986794,0.483106136322,0.624540269375,0.621091187000,0.666439950466,0.329221397638,0.394054800272,0.797757267952,0.663735806942,0.263889968395,-0.134626477957,-0.062664344907,-0.200624704361,-0.472725838423,-0.689707100391,-0.534995079041,-0.773321270943,-0.548947930336,-0.133017167449,-0.309905558825,-0.260181546211,0.067488163710,0.032050393522,0.434077680111,0.239910826087,0.074880294502,0.618601024151,0.205008104444,-0.428290754557,-0.323759615421,-0.554981827736,-0.714933335781,-0.798884987831,-0.923328816891,-0.664468467236,-0.416153013706,-0.263387829065,-0.268125206232,0.166331142187,0.401422232389,0.853502810001,0.591386795044,0.474993675947,0.390045940876,0.553137898445,0.344067394733,0.085783272982,-0.033766720444,-0.000753206958,-0.267326742411,-0.231971263885,-0.244940429926,-0.392354935408,-0.480089157820,-0.492663174868,-0.453360587358,-0.555541574955,-0.435246616602,-0.221858561039,-0.079675301909,-0.336103141308,0.124624878168,0.257613241673,0.445050626993,0.693806469440,0.566757380962,0.904169321060,0.864068329334,0.674079060555,0.608801126480,0.340581238270,0.393161654472,-0.003646674100,-0.532640755177,-0.411559671164,-0.195418089628,-0.357361704111,-0.410501867533,0.010561360978,-0.099941916764,-0.015129992738,0.350969731808,0.333226174116,0.186062678695,0.093759864569,0.314671754837,0.167232513428,-0.440766006708,-0.467037677765,-0.313000708818,-0.012129512616,-0.340964019299,-0.315671890974,-0.454932868481,-0.387716352940,-0.306332975626,-0.071583472192,-0.089199461043,0.173138812184,0.020525917411,0.027181303129,-0.133511081338,-0.288214862347,-0.376747518778,0.012310611084,-0.084124572575,-0.010281480849,0.051440332085,0.172085151076,0.107342280447,0.105679459870,0.367276877165,0.245574265718,0.178320705891,0.191207557917,0.046003244817,-0.435983330011,-0.270364254713,-0.447446078062,-0.345158100128,-0.206267580390,-0.006091509480,0.230189099908,-0.019632769749,0.130658760667,0.360617369413,0.275665521622,0.221117690206,0.532262146473,0.460205316544,0.416502863169,0.278591901064,0.028523081914,-0.068887569010,-0.054782427847,0.012557565235,0.279312193394,-0.025827178732,-0.159050136805,0.107058279216,0.168002188206,-0.228324592113,-0.055869020522,-0.041265860200,-0.247121840715,-0.155349969864,0.019785057753,-0.030646879226,-0.122591629624,-0.291441679001,-0.454591274261,-0.404468029737,-0.073390342295,0.013582419604,0.419017672539,0.600886285305,0.479348301888,0.387370616198,0.740114271641,0.745818912983,0.535377860069,0.420548766851,0.204958736897,0.124818325043,0.177024200559,-0.153061524034,-0.040508538485,-0.030268216506,-0.313733339310,-0.399944633245,-0.524269044399,-0.367659658194,-0.319252729416,-0.035738226026,-0.010421420448,0.072493083775,-0.130642294884,0.076876498759,-0.099369809031,-0.188956156373,-0.020772870630,0.042899869382,-0.268145799637,-0.406970471144,-0.486526399851,-0.286123991013,-0.421388417482,-0.491226732731,-0.491321414709,-0.913533031940,-1.224471569061,-0.807145595551,-0.843657612801,-1.202324032784,-0.917422533035,-0.791488766670,-0.689752340317,-0.305752605200,0.050226140767,0.143360391259,0.624046325684,0.200480639935,0.498108506203,0.834940135479,0.864467501640,0.947056949139,0.873695373535,0.506245613098,0.670662879944,0.843933403492,0.739295303822,0.776910364628,0.344478994608,0.481574982405,0.721037149429,0.514390945435,0.445882022381,0.097398303449,-0.222764045000,0.123324260116,0.132041707635,-0.185877487063,-0.090446576476,-0.404517382383,-0.043591339141,0.047554936260,0.436753034592,0.497783362865,0.449635744095,0.188910901546,0.230621263385,0.211618214846,0.129650384188,-0.199151203036,-0.110161662102,-0.366577178240,-0.461773484945,-0.158831998706,0.014290353283,-0.122311748564,0.090598858893,0.329324305058,0.167170777917,-0.114615045488,0.118146479130,-0.128979489207,-0.190240308642,-0.332711666822,-0.485118776560,-0.751218974590,-0.458826512098,-0.393844902515,-0.570811510086,-0.189622938633,-0.145891651511,-0.106107510626,0.116779997945,-0.081041775644,0.094648882747,0.589011967182,0.036771316081,0.221430495381,0.260115683079,0.001687512849,0.164182648063,0.129823252559,-0.137746319175,-0.314317762852,-0.268335133791,-0.017817666754,-0.105625957251,-0.243236437440,-0.100806251168,-0.282386749983,-0.182333707809,-0.136626809835,-0.069315619767,0.053572360426,0.120364934206,-0.051460906863,-0.212338507175,-0.263091474771,-0.405270606279,-0.172920674086,-0.094508953393,-0.486975014210,-0.384505987167,-0.506591320038,-0.542062044144,-0.357188850641,-0.479603469372,-0.401475757360,-0.276772677898,-0.253612607718,-0.135260328650,-0.075493559241,-0.103288128972,0.031807560474,0.352323859930,0.720588505268,0.823382735252,0.884343206882,1.097368955612,0.862228512764,0.583027482033,0.754058897495,0.827943146229,0.654306352139,0.569980084896,0.313461691141,0.118504554033,0.134239584208,-0.025600802153,-0.295253008604,-0.215688839555,-0.225427016616,-0.204999879003,-0.365432947874,-0.628195166588,-0.506723046303,-0.552170634270,-0.431361228228,-0.329855263233,-0.434468716383,-0.386942565441,0.014360322617,-0.089178882539,-0.104736924171,0.263231396675,0.422507941723,0.155736848712,-0.014306816272,-0.268001735210,-0.239425137639,-0.178448319435,-0.169821411371,-0.395384252071,-0.758516430855,-0.788451313972,-0.462995886803,-0.405077159405,-0.359905332327,-0.409579932690,-0.185009017587,-0.092866711318,-0.153880596161,0.148719266057,0.288947463036,0.166413456202,0.381303817034,0.549651741982,0.498334854841,0.804091632366,1.045772314072,0.958227455616,0.944974243641,0.996657431126,0.626252472401,0.490222483873,0.255012005568,-0.106305077672,-0.338111728430,-0.394853293896,-0.644502282143,-0.927687525749,-0.816949665546,-0.584332168102,-0.252295523882,-0.078082449734,0.009878124110,0.347903400660,0.514423906803,0.437485635281,0.667888760567,0.613505601883,0.461032599211,0.469647169113,0.244409486651,-0.076604850590,-0.056745704263,-0.344960540533,-0.517383158207,-0.902922272682,-0.858507692814,-0.400562047958,-0.298636257648,-0.450862258673,-0.290293365717,-0.188528105617,-0.072962291539,-0.028630096465,0.010944138281,-0.069611966610,-0.041228819638,0.424697607756,0.187355071306,-0.061157930642,0.243985533714,0.333835303783,-0.105856440961,0.021155647933,-0.049365922809,-0.041607480496,0.003733107587,-0.071155421436,0.106440894306,0.005457662977,-0.091492012143,0.118483982980,-0.096031829715,-0.136198744178,0.178510040045,0.184255808592,0.068965770304,0.339663416147,0.403990566730,0.172542005777,0.336185485125,0.348895311356,0.126855686307,0.253620833158,0.199348777533,-0.004539820831,-0.152530580759,-0.330353260040,-0.298290520906,-0.395388364792,-0.319207459688,-0.496367514133,-0.410456627607,-0.028909977525,-0.137392356992,-0.068829946220,-0.083935238421,0.031885761768,0.171043828130,0.067084811628,0.370643675327,0.638353168964,0.147299289703,0.307193189859,0.372631669044,0.445799708366,0.728676259518,0.458242028952,0.022028215230,-0.068019114435,-0.207568198442,-0.167281910777,-0.160260215402,-0.154226332903,0.080206252635,-0.322821199894,-0.406554758549,-0.244162529707,-0.343943923712,-0.242285668850,-0.005083118100,0.091533161700,0.208556011319,0.463609158993,0.234066247940,0.359855920076,0.045834496617,-0.376554071903,-0.213585630059,-0.404517382383,-0.386119395494,-0.547038137913,-0.483731716871,-0.049238331616,0.229999765754,0.059437491000,0.191845506430,0.573667943478,0.477055758238,0.242302149534,0.629014253616,0.351307243109,0.171035602689,0.348553717136,0.244281873107,-0.162894368172,0.168158590794,0.049444124103,-0.128963023424,-0.082437060773,-0.036948300898,-0.334366261959,-0.356925427914,-0.206876724958,-0.327081143856,-0.089355863631,-0.373356044292,-0.443054437637,-0.124904759228,-0.280551075935,-0.047513779253,0.163524106145,-0.054370839149,0.231358006597,0.044262226671,-0.045636933297,0.021299703047,0.045855071396,0.028329635039,-0.005840440746,-0.225361168385,-0.040533233434,-0.041158847511,-0.124028071761,-0.263980507851,-0.252266705036,-0.273574650288,0.079868748784,0.207029014826,-0.001057782443,0.430554479361,0.260852456093,0.223620146513,0.506006896496,0.470334500074,0.716838955879,0.485209345818,0.245154455304,0.373401314020,0.210663333535,0.113520219922,0.350887387991,0.423849701881,-0.093307115138,-0.299117803574,-0.140294060111,-0.316416889429,-0.069850683212,-0.187243953347,-0.384666472673,-0.172130420804,-0.114536844194,-0.265593945980,-0.343083709478,-0.336358338594,-0.220245108008,-0.075287766755,-0.046871695668,-0.132848411798,0.121282778680,0.457192510366,0.421240240335,0.215565353632,0.061623029411,0.088684968650,0.123657643795,-0.035054992884,-0.151044741273,-0.154551476240,-0.713513314724,-0.616728305817,-0.568325459957,-0.711574733257,-0.360168755054,-0.560686409473,-0.571881651878,-0.857470512390,-0.832022011280,-0.565073966980,-0.028379024938,-0.219998165965,-0.191487416625,0.300904095173,0.379221200943,0.231794297695,0.451142132282,0.551088154316,0.664427280426,0.600367665291,0.403788894415,0.206057667732,0.172369152308,0.169294580817,0.013829373755,-0.085277020931,0.107864998281,0.246792584658,0.005704616662,0.105807051063,0.151073560119,0.381126850843,0.500964939594,0.537810325623,0.532064557076,0.486300051212,0.845509767532,0.642847716808,0.374014556408,0.376866877079,0.356534421444,0.304460257292,0.415136396885,0.073044605553,0.005070770159,0.041883245111,0.275896012783,0.191619142890,0.034709256142,-0.030539866537,-0.219858214259,-0.354517638683,-0.203699260950,-0.321853965521,-0.450919896364,-0.394425243139,-0.198710799217,-0.164046823978,-0.331604510546,-0.223048031330,-0.302863270044,0.003416184569,-0.247298836708,-0.441309273243,-0.424409478903,-0.479998588562,-0.324603378773,-0.362523019314,-0.354698747396,-0.426862508059,-0.209510892630,0.108136638999,-0.255341261625,-0.499330908060,-0.069043971598,-0.282366156578,-0.603059470654,-0.559575140476,-0.739542186260,-0.803667664528,-0.814426600933,-0.759232640266,-0.388922303915,-0.070727363229,-0.106556147337,0.213964268565,0.264569073915,0.398545235395,0.489082396030,0.906223177910,1.230484962463,1.377524971962,1.270536661148,1.211354374886,0.991915941238,0.798712193966,0.567098975182,0.277003169060,0.284317076206,0.116063840687,-0.111198857427,-0.178699374199,-0.175908803940,-0.326583117247,-0.227303862572,-0.085552781820,0.251879811287,0.266133129597,0.035627096891,0.091010443866,0.146052181721,-0.072349026799,0.240598157048,0.234827697277,0.287799119949,0.221611604095,-0.124937690794,0.089841529727,0.242075771093,-0.166322916746,0.023151852190,-0.170409977436,-0.128279790282,0.253719627857,-0.156448900700,-0.555352210999,-0.189013794065,-0.634924650192,-0.426879018545,-0.173542171717,-0.299755781889,-0.456961989403,0.028720645234,0.250649154186,0.359217971563,0.370059221983,0.263910531998,0.261984288692,0.179757162929,0.084046371281,0.167553558946,0.203217715025,0.381604284048,0.095031671226,0.410600662231,0.420260637999,0.187700808048,0.408587992191,0.302340567112,0.045422907919,0.155580446124,-0.148315906525,-0.309934347868,-0.450775831938,-0.291742146015,-0.184605658054,-0.249286800623,-0.242804288864,-0.198640838265,-0.350179463625,-0.230588346720,-0.014179223217,-0.073476776481,0.187869578600,0.409328877926,0.369939863682,0.297319173813,0.337901800871,0.011413348839,-0.142080336809,-0.129815012217,-0.413782238960,-0.543564319611,-0.511295795441,-0.796654224396,-0.532570838928,-0.386617422104,-0.367474436760,-0.415873110294,-0.363593161106,-0.108828112483,0.027741065249,-0.103675022721,0.118471629918,0.066751420498,0.362708240747,0.386094719172,-0.135017484426,0.163861602545,0.435666412115,0.472314238548,0.603322863579,0.809121191502,0.099974840879,0.071085445583,0.287099421024,-0.238885954022,-0.501232445240,-0.266668170691,-0.311449021101,-0.563456416130,-0.466930657625,-0.564580082893,-0.484657794237,-0.184222906828,0.198076948524,0.195430442691,0.187873691320,0.272105246782,0.327488601208,0.243783861399,0.081605650485,0.037215828896,-0.293977081776,-0.333353757858,-0.233214259148,-0.356233954430,-0.290532082319,-0.135523736477,0.013483638875,0.286733120680,0.273776322603,0.340383678675,0.185535863042,0.310819268227,0.454521298409,0.480591297150,0.546737670898,0.332011967897,0.033268697560,-0.052518691868,0.047328561544,-0.132161065936,-0.217438086867,-0.021077446640,0.153621286154,0.032552532852,-0.299117803574,-0.162239953876,-0.170611664653,-0.163845151663,-0.203283563256,-0.054835934192,-0.084215119481,-0.073032259941,-0.266911000013,-0.473721861839,-0.383830964565,-0.281259000301,0.084404453635,0.154740810394,-0.227900668979,0.050604805350,0.171496570110,-0.089409366250,0.075328923762,0.168557837605,-0.201476693153,-0.120430797338,-0.047797769308,-0.147241666913,-0.253065198660,-0.065533116460,-0.157593116164,-0.121492683887,0.217075899243,0.095365054905,0.040590856224,0.108280695975,-0.024320764467,-0.072246126831,0.095072820783,-0.098414920270,-0.222241312265,-0.150238037109,-0.236222982407,-0.368137061596,-0.202328681946,-0.155201792717,-0.458941727877,-0.367202788591,-0.137058973312,0.194636076689,0.128547310829,0.117010489106,0.427768051624,0.230633616447,0.418729543686,0.477310925722,0.126810416579,0.243010073900,0.173945531249,0.017587175593,0.145702332258,0.179049223661,-0.151114717126,-0.614316403866,-0.494828134775,-0.274220824242,-0.555109381676,-0.262264192104,0.056897994131,-0.114952549338,-0.032198566943,0.396153897047,0.481253951788,0.380200743675,0.496667951345,0.525656104088,0.305155813694,0.289470195770,0.347882837057,-0.115178920329,-0.352735459805,-0.149456009269,-0.326336145401,-0.230481311679,-0.034540504217,-0.306925654411,-0.229917436838,-0.183498501778,-0.029502663761,0.034141264856,-0.330024003983,-0.198422685266,-0.092031180859,-0.352974146605,-0.387156575918,-0.294800251722,-0.122945599258,-0.205975353718,-0.047587860376,0.053045522422,-0.192973256111,0.203740417957,0.423269361258,0.289441376925,0.533739686012,0.083515420556,0.029840165749,0.026790294796,-0.026444561779,0.233243077993,0.275151044130,-0.052535153925,0.162997275591,0.060561127961,-0.104407653213,0.031605880708,0.249134525657,-0.033910777420,0.268207520247,0.385613143444,0.219590693712,0.291095942259,0.240166008472,0.242796063423,0.477524995804,0.262153059244,0.250768512487,0.529928386211,0.283819079399,0.284996211529,0.232856184244,0.152324780822,-0.147579163313,-0.184556275606,-0.211391851306,-0.213416859508,-0.321631699800,-0.250620335340,-0.231650233269,-0.484489023685,-0.466432631016,-0.339560508728,-0.423755019903,-0.042039647698,0.028103262186,-0.298311114311,0.134531810880,0.378068715334,0.352064549923,0.573371589184,0.219450742006,-0.109243817627,0.035079687834,-0.086878098547,-0.389230996370,-0.476491868496,-0.549577653408,-0.502924084663,-0.596655130386,-0.438926190138,-0.206234648824,-0.063549265265,-0.064121372998,0.170002520084,0.151275232434,-0.145418331027,-0.061207324266,-0.131650701165,-0.194825410843,-0.024304298684,-0.140392839909,-0.538135528564,-0.395413070917,-0.134346604347,0.075444169343,0.536876022816,0.511937916279,0.609389662743,0.660101532936,0.699996829033,0.594432532787,0.576935946941,0.381674230099,0.177608668804,0.085816197097,-0.037154093385,-0.232559844851,-0.378863096237,-0.392922937870,-0.142611294985,-0.410662412643,-0.286177486181,-0.219286113977,-0.331674456596,-0.369063168764,0.052053596824,0.307189077139,-0.019945578650,-0.018801363185,0.138306081295,0.127839386463,-0.042986299843,0.084634937346,0.204950481653,0.376607567072,0.304328531027,0.220302730799,0.287955522537,0.522919058800,0.064520612359,0.301542073488,0.085729770362,-0.464732795954,-0.363012820482,-0.510966539383,-0.922213435173,-0.735792696476,-0.803692400455,-0.622021317482,-0.347557663918,-0.537205278873,-0.184231132269,-0.220846027136,-0.183704286814,0.136099964380,-0.038586419076,0.015681521967,0.383682787418,0.387144237757,0.347792267799,0.258341729641,0.130774021149,0.260556101799,0.318174362183,-0.054708342999,0.291046559811,0.036462627351,-0.311823546886,-0.272327512503,-0.458822399378,-0.469103872776,-0.195619776845,-0.458682447672,-0.333695381880,-0.596663415432,-0.399388998747,0.012417625636,0.018200444058,-0.044653236866,0.354229509830,0.501355946064,0.490609377623,0.639361560345,0.502314925194,0.491473734379,0.456579238176,0.239388093352,0.104189507663,0.090738795698,0.001930350089,-0.230415463448,-0.248233139515,-0.360880792141,-0.453270047903,-0.587493181229,-0.529500365257,-0.469037979841,-0.316305756569,-0.538748741150,-0.581051826477,-0.290573239326,-0.486756891012,-0.115565821528,-0.236074820161,-0.141462966800,0.177332893014,0.179876506329,0.128012254834,0.293734222651,0.049304183573,0.163178369403,0.204431891441,0.079346030951,0.222377151251,0.039080329239,-0.139952436090,0.005935105961,-0.194965347648,-0.252357244492,0.131564259529,0.270989865065,0.429159224033,0.188141211867,0.048550978303,0.237326040864,0.257448583841,-0.090026751161,-0.133951470256,0.101254880428,0.026555690914,0.018459744751,0.122147120535,0.101477138698,0.043122123927,0.142170891166,0.218450590968,0.100995585322,-0.031144900247,0.313206493855,-0.057659432292,-0.284020751715,-0.073727846146,-0.173603907228,-0.262153059244,-0.301109910011,-0.428751707077,-0.287803232670,-0.287424594164,-0.419062942266,-0.224282801151,-0.078786268830,-0.011680881493,0.295203626156,0.383567541838,0.136705011129,0.373936384916,0.216977119446,-0.394524037838,-0.268664389849,-0.348590761423,-0.225953862071,-0.240141302347,-0.450236648321,-0.294524490833,0.071818076074,0.174270689487,0.456439286470,0.645774126053,0.455974161625,0.525573849678,0.427282363176,0.296936422586,0.493140637875,0.635434985161,0.355497211218,0.452944904566,0.195660933852,0.214211225510,0.397569805384,0.209469735622,0.124550789595,0.127901121974,-0.185754001141,-0.084552623332,0.172064572573,-0.339544028044,-0.411452680826,-0.227620780468,-0.468416512012,-0.290803730488,0.042545903474,-0.491020947695,-0.477492034435,-0.266478866339,-0.467202335596,-0.175151497126,0.109136804938,-0.141932174563,0.198908373713,0.027856307104,-0.219627737999,0.127065598965,0.116973452270,-0.428426563740,-0.320907294750,-0.310831606388,-0.379550457001,-0.386876702309,-0.111919142306,0.066426269710,0.084947749972,0.277439445257,0.775161027908,0.890377044678,0.833553135395,0.683125793934,0.577248752117,0.549573540688,0.332316547632,0.262214779854,-0.025781903416,-0.306575804949,-0.427998542786,-0.335547506809,-0.227995336056,-0.381274998188,-0.389770179987,0.040751375258,-0.273755759001,-0.217306375504,0.207918047905,0.038487639278,-0.074876174331,0.100958533585,-0.035495389253,0.010651910678,0.402257800102,0.356616735458,0.644827485085,0.486855655909,0.096855007112,0.174599960446,-0.114545084536,-0.207156613469,-0.422203361988,-0.647642731667,-0.710780441761,-0.665814340115,-0.642094492912,-0.262362957001,-0.223039805889,-0.213186383247,0.082980357111,0.453854501247,0.066520936787,0.440737217665,0.302077144384,0.126040741801,0.493445187807,0.409184813499,0.358378350735,0.243816792965,0.109606012702,-0.010293828323,0.086861632764,-0.000419820251,-0.052226465195,-0.034203004092,-0.326422601938,-0.273311227560,-0.481118142605,-0.722037374973,-0.511267006397,-0.651960253716,-0.580426216125,-0.481414496899,-0.444429159164,-0.252431333065,-0.265034198761,-0.269170641899,-0.174064889550,-0.047954175621,0.105531290174,0.242816627026,0.031198408455,-0.003547892906,0.006696545053,-0.116343721747,-0.436382591724,-0.423364013433,-0.460481107235,-0.622618138790,-0.634768247604,-0.696169018745,-0.421614795923,-0.276974350214,-0.333267301321,0.165405064821,0.444507330656,0.264536172152,0.468342453241,0.433538496494,0.319293886423,0.311481922865,0.622354686260,0.489337563515,0.552182972431,0.488699615002,0.607813298702,0.571622312069,0.284946829081,0.491798877716,0.352064549923,0.147348687053,-0.069628424942,0.039528958499,0.212116241455,0.095118097961,0.407657831907,0.463070005178,0.141619369388,0.324072420597,0.340601831675,0.448219865561,0.489596873522,0.376636415720,0.517922401428,0.141648173332,-0.102699555457,-0.101966932416,-0.294890820980,-0.961351394653,-0.800444960594,-0.780581653118,-0.752000987530,-0.832091987133,-0.506204426289,-0.417696475983,-0.358818739653,-0.119780488312,-0.018418585882,0.032062742859,0.295541137457,0.129568055272,-0.035083800554,-0.240791603923,-0.614341080189,-0.446618795395,-0.350685715675,-0.424043148756,-0.620852410793,-0.504928529263,-0.418680131435,-0.136474505067,0.054000411183,-0.097398303449,0.160400152206,0.292022019625,0.006494866218,0.208428412676,0.422298043966,0.235486239195,-0.056601651013,0.052712138742,-0.231403276324,-0.147344574332,-0.001992088277,0.100048929453,0.263910531998,0.480603635311,0.367721378803,0.375553935766,0.833059191704,0.759479582310,0.360753178596,0.409909188747,0.120924703777,-0.052576314658,-0.047855395824,-0.068603567779,-0.461168467999,-0.085882052779,0.278040379286,0.424327164888,0.786438584328,0.376702249050,0.279657930136,0.405007183552,0.317161858082,-0.067191824317,-0.127032682300,-0.116911716759,-0.011055266485,-0.189779341221,-0.024296067655,0.000856104016,0.072373718023,0.027872772887,0.010195046663,0.154028758407,-0.346573978662,-0.468795180321,-0.580920100212,-0.623552441597,-0.547408580780,-0.569383263588,-0.378612041473,-0.271257370710,-0.304003357887,0.016134267673,-0.037647999823,0.496062934399,0.548375785351,0.252999335527,0.429278582335,0.381250292063,0.301159292459,0.146307364106,-0.169434517622,-0.140857920051,0.001745135174,-0.265449881554,-0.126686945558,-0.064973361790,-0.026732672006,-0.024995768443,0.128654330969,0.097978644073,0.194063976407,0.633957445621,0.391284853220,0.134819924831,0.243685081601,0.176649674773,0.376838088036,0.092072345316,-0.036013994366,-0.107864998281,0.013450711966,0.108630545437,-0.021439643577,-0.187869578600,-0.316099971533,-0.581710398197,-0.334831357002,-0.369861662388,-0.625363409519,-0.480377256870,-0.157971784472,-0.240462347865,-0.167969256639,0.114853769541,0.283218145370,0.131650701165,0.306234180927,0.632492125034,0.788772284985,0.458324372768,0.138289615512,0.226834639907,-0.066706150770,-0.272512733936,-0.120138563216,-0.401323467493,-0.678100228310,-0.179353803396,-0.145652934909,-0.192145958543,0.110927209258,0.082910388708,0.005128392484,0.425092726946,0.496095836163,0.698103487492,0.830334544182,0.539152145386,0.249097466469,0.555022954941,0.704680681229,0.314099639654,0.448269248009,0.389515012503,0.194133937359,0.104901559651,-0.025781903416,0.115928016603,-0.266244262457,-0.490144252777,-0.397870272398,-0.436958819628,-0.462003976107,-0.372458785772,-0.421639472246,-0.405789196491,-0.286988317966,-0.393112272024,-0.136239901185,-0.028370793909,-0.202797874808,-0.088545024395,-0.061466623098,-0.064253084362,-0.087713621557,0.187960132957,-0.064965128899,-0.264692574739,-0.179683059454,-0.547145187855,-0.576684832573,-0.502644240856,-0.211449474096,-0.004235245287,0.012261220254,0.285839974880,0.433896571398,0.409049004316,0.509575366974,0.623968124390,0.422693163157,0.372063666582,0.121406257153,0.084828391671,0.485015898943,0.216479092836,0.434402823448,0.570227026939,0.277122527361,0.460686892271,0.715488970280,0.072904668748,0.070315778255,0.261593312025,0.018126357347,-0.147546246648,-0.211848720908,-0.203349411488,-0.068126127124,-0.118492208421,-0.007173987105,-0.099995426834,0.026000047103,0.174587607384,0.028988176957,0.025390895084,-0.266133129597,0.063195295632,-0.176299825311,-0.424722284079,-0.465584784746,-0.559073030949,-0.381941765547,-0.119101360440,-0.500499844551,-0.255641728640,0.113791868091,0.258082449436,0.421660035849,0.552327036858,0.556763947010,0.280238270760,0.355044454336,0.211523547769,-0.176419168711,-0.181378811598,-0.354529976845,-0.193557724357,-0.281477123499,-0.536530256271,-0.523281276226,-0.042780507356,-0.154983639717,-0.167932212353,0.161445587873,0.115726336837,-0.027716368437,-0.092294603586,-0.125266954303,-0.428307205439,-0.093681663275,-0.095476187766,-0.343174248934,-0.410246729851,-0.355126798153,-0.385473191738,-0.157066285610,0.196718707681,0.424084335566,0.452282220125,0.497709274292,0.386934340000,0.384707659483,0.583743631840,0.348035126925,0.132667317986,-0.111223556101,-0.144088894129,-0.209790766239,-0.150682538748,-0.114742644131,-0.051884844899,0.240454122424,0.432476609945,0.442107766867,0.454994618893,0.394079536200,0.512201309204,0.461987525225,0.487555354834,0.518967807293,0.561468482018,0.067051880062,0.019501062110,-0.084622591734,-0.099184587598,-0.274801194668,-0.505698204041,-0.811874806881,-0.797547340393,-0.564213752747,-0.649120330811,-0.608969867229,-0.421417236328,-0.226579457521,-0.137840986252,0.110025830567,0.452393382788,0.368227630854,0.609035730362,0.689986944199,0.631121575832,0.695880889893,0.501166641712,0.220385059714,0.041175313294,-0.001131868339,-0.106761932373,-0.356567323208,-0.292495369911,-0.658965528011,-0.792480707169,-0.398401200771,-0.437559723854,-0.440337955952,-0.094554230571,0.051366247237,0.150143370032,0.355089753866,0.490448832512,0.543062210083,0.566703855991,0.439457148314,0.812311053276,0.445906728506,0.341503202915,0.544403970242,0.396907120943,0.350405871868,0.422256857157,0.551055252552,0.140610978007,0.025049274787,0.013734707609,-0.100188873708,-0.246166959405,0.004535705317,-0.247899755836,-0.205539062619,-0.379859119654,0.187079325318,0.175307884812,0.143669083714,0.096566885710,0.333514273167,0.137087777257,0.267775356770,0.259062021971,-0.111046575010,0.039018590003,0.111779205501,-0.448705554008,-0.414012759924,-0.050069741905,-0.411765486002,-0.432760626078,-0.300694197416,-0.211770504713,0.010022179224,0.189614713192,0.208918198943,0.295438230038,0.498960524797,0.479599356651,0.270335435867,0.349426299334,0.210906177759,-0.078749224544,-0.002358402126,0.165425643325,0.324924409389,0.439728826284,0.254262924194,0.288675814867,0.045241806656,-0.346187084913,-0.444136917591,-0.276225268841,-0.333168536425,-0.746720314026,-0.551154017448,-0.454850554466,-0.640629291534,-0.500610947609,-0.414358466864,-0.436662465334,-0.044933114201,-0.053893394768,0.366535991430,0.029222782701,-0.027708137408,-0.020958086476,0.316268712282,0.342384010553,0.369100213051,0.104193620384,0.252229660749,0.256703644991,-0.083478376269,-0.039590697736,0.047591976821,0.077181071043,-0.000391009060,0.392778903246,0.590069711208,0.382608562708,0.222755819559,0.213495075703,-0.049584068358,-0.098892368376,-0.109210893512,0.361247092485,0.273150682449,0.046661786735,0.274558335543,0.306225955486,0.105654768646,0.264733731747,-0.045159492642,-0.256189137697,0.035310178995,0.016558205709,-0.222591161728,-0.353735625744,-0.072888210416,-0.227863624692,-0.290495038033,0.090825229883,0.299344182014,0.166524589062,0.053226623684,0.063030660152,-0.022871972993,0.073143392801,0.007301579695,-0.273973882198,-0.407168030739,-0.232794448733,-0.584410369396,-0.941076517105,-0.775251626968,-0.834236323833,-0.865006744862,-0.866015076637,-0.531908154488,-0.458361387253,0.007931309752,0.122908554971,0.141265407205,0.337872982025,0.113215640187,0.294824957848,0.590584218502,0.358559399843,0.264223337173,0.205493777990,-0.035079687834,-0.036421466619,0.088429786265,-0.073089882731,0.011738504283,-0.021884160116,-0.335057705641,-0.169533297420,-0.356995403767,-0.292075544596,0.076851807535,-0.024407198653,0.114553309977,0.428336024284,0.437963098288,0.333069741726,0.440630197525,0.272368699312,0.537954390049,0.498783528805,0.519935071468,0.513156175613,0.410942316055,0.102880664170,-0.077843733132,-0.205119252205,-0.303468316793,-0.225970312953,0.066228702664,-0.322137951851,-0.594551920891,-0.119529418647,0.211033761501,0.132004663348,0.610525667667,0.676013469696,0.396886557341,0.392890036106,0.866825997829,0.589666366577,0.355789452791,0.415675550699,0.498684734106,0.095492646098,-0.163873955607,0.072982870042,-0.102773644030,-0.513209700584,-0.490819275379,-0.483941644430,-0.477545559406,-0.419560939074,-0.627232015133,-0.397672683001,-0.514288008213,-0.680158197880,-0.149262562394,-0.018640842289,-0.255987465382,0.036919489503,0.028399607167,0.052086520940,0.418750137091,0.366375505924,0.069879494607,-0.097410649061,-0.171344280243,-0.070439256728,-0.122776851058,-0.383707493544,-0.642835378647,-0.421841144562,-0.580311000347,-0.870826601982,-0.530829787254,-0.528775990009,-0.449252963066,0.095093406737,0.260136276484,0.378109872341,0.430743813515,0.541465222836,0.562526226044,0.672144591808,0.449849754572,0.814385414124,0.838578641415,0.304102152586,0.518679678440,0.349911957979,0.122641019523,0.285420149565,-0.060692839324,0.189252495766,0.107091210783,-0.269915640354,-0.288931012154,-0.264013439417,-0.552932083607,-0.375525116920,-0.102185077965,0.143648490310,0.282324999571,0.030568677932,0.015825577080,0.282481431961,0.250686198473,-0.032342623919,0.349343955517,0.295409411192,0.094636544585,0.151452213526,0.197780624032,-0.062429741025,-0.102769531310,-0.105704158545,-0.177979081869,-0.260222703218,-0.266997456551,-0.049468819052,-0.172529667616,-0.287630379200,-0.345199286938,-0.331867903471,-0.343536436558,-0.310498237610,-0.666653990746,-0.681911587715,-0.381349086761,0.090899318457,0.259868741035,0.458904713392,0.589575767517,0.604409456253,0.851580679417,1.179645538330,1.093812942505,0.591049313545,0.324088901281,0.124225638807,-0.115508191288,0.015253469348,-0.211589425802,-0.408637404442,-0.363840103149,-0.667353689671,-0.351986348629,-0.059737950563,-0.391568809748,-0.252871751785,0.083437219262,0.355439573526,0.487394869328,0.601433634758,0.362177312374,0.468766361475,0.428171396255,-0.000794365769,-0.023452313617,-0.226348981261,-0.388551861048,-0.593782246113,-0.627828836441,-0.623379588127,-0.193817019463,-0.176139280200,-0.134280741215,0.251583456993,0.142899408937,0.185206577182,0.554125726223,0.234815344214,0.160371333361,0.181934460998,-0.140676826239,-0.258424073458,-0.175731822848,-0.515242934227,-0.484229743481,-0.432583630085,-0.826510846615,-0.753515601158,-0.571544170380,-0.678647696972,-0.689645290375,-0.414605468512,-0.370861828327,0.031268376857,0.317544639111,0.364515095949,0.534064888954,0.566053569317,0.754688680172,0.866159141064,0.456756204367,0.349722623825,0.336786389351,0.006420780905,-0.328287094831,-0.357674539089,-0.877856492996,-1.069302797318,-1.066211700439,-1.326360344887,-0.746193468571,-0.546000897884,-0.465296685696,-0.055531520396,0.347767561674,0.418247997761,0.740908682346,0.781725943089,0.753050565720,0.802083075047,0.723527312279,0.755363643169,0.469626575708,0.097538240254,-0.100625149906,-0.197056218982,-0.542111396790,-0.506076872349,-0.085939675570,-0.059318136424,-0.293491393328,-0.209543809295,-0.090948708355,0.109363183379,0.371614992619,0.533237576485,0.508464097977,0.438135981560,0.522466301918,0.304719537497,0.243491619825,0.139886572957,0.008581620641,-0.308090448380,-0.321450591087,-0.432653605938,-0.323891311884,-0.159778654575,-0.374208003283,-0.487909346819,-0.246866658330,-0.067792743444,-0.251031935215,-0.169339850545,-0.057058509439,0.065788306296,0.382258683443,0.436802387238,0.462016314268,0.427039504051,0.201377913356,0.079909905791,0.091553740203,-0.172344461083,0.179464921355,-0.105547755957,0.088129326701,0.135297372937,-0.455171585083,-0.257938385010,0.032552532852,0.189096093178,0.021530194208,-0.305106431246,-0.399368435144,-0.455229222775,-0.555516898632,-0.620037496090,-0.676803767681,-0.757499754429,-0.568551898003,-0.643864333630,-0.529660880566,-0.193409547210,-0.250805556774,-0.083647131920,0.444651395082,0.634805262089,0.646741330624,0.647235274315,0.676507413387,0.563559353352,0.527718186378,0.417070835829,0.281365990639,0.243117094040,-0.056120090187,-0.216158047318,-0.331723839045,-0.233992174268,-0.027415910736,-0.122229434550,-0.141837507486,0.033260468394,-0.045649278909,-0.014722519554,0.346158266068,0.247973829508,0.277114301920,0.656183183193,0.752523720264,0.717118799686,0.817706942558,0.819604337215,0.709212243557,0.411106914282,0.108577042818,0.031181944534,-0.248673528433,-0.783421635628,-0.839562296867,-0.609327971935,-0.548515737057,-0.548882067204,-0.378965973854,-0.331234067678,-0.463946640491,-0.186161458492,0.030815629289,0.280843287706,0.480702400208,0.224682033062,-0.138557150960,-0.126300036907,-0.105650655925,-0.374072194099,-0.391395956278,-0.326270312071,-0.424100786448,-0.493601620197,-0.535735905170,-0.299389481544,0.189293652773,0.226225495338,0.264659643173,0.362383097410,0.763105690479,0.512831032276,0.448726117611,0.306719869375,0.206559807062,0.344330817461,0.130951002240,0.026675051078,0.008997324854,-0.285918176174,-0.178172543645,-0.318404853344,-0.616485476494,-0.453887462616,-0.262782782316,-0.322463124990,-0.376726955175,-0.313264101744,-0.307971090078,-0.260053962469,0.159255936742,-0.000349850219,0.118179395795,0.155584558845,-0.058252118528,0.317046612501,0.443807631731,0.385901272297,0.257539153099,-0.176859572530,-0.234444916248,-0.120167374611,-0.478035360575,-0.441375136375,-0.479961574078,-0.660949349403,-0.327167570591,-0.049271259457,-0.103670902550,0.153057411313,0.183012813330,0.407266825438,0.551557362080,0.725873351097,0.658726811409,0.297726631165,0.406056761742,0.278077423573,-0.118619799614,0.159243583679,0.118965536356,-0.368009507656,-0.606870770454,-0.300496637821,-0.061260834336,0.039747100323,-0.058927122504,-0.074736237526,-0.019838564098,0.057523608208,0.114750869572,0.146677792072,0.049987420440,-0.074040651321,-0.371034711599,-0.258230626583,-0.330517888069,-0.610830247402,-0.105765894055,-0.309625685215,-0.520223140717,-0.241832926869,0.005482358392,-0.085104152560,0.008997324854,-0.242302149534,-0.152308329940,0.019389932975,-0.077991902828,0.030058307573,0.086404770613,0.025530833751,-0.098023913801,-0.231127500534,0.240968599916,0.213589742780,0.263375461102,0.210231170058,-0.175875872374,-0.371833175421,0.270985752344,-0.029733153060,0.214133039117,0.266915142536,0.236939147115,0.316215187311,0.429607838392,0.370417267084,0.381102114916,0.380879849195,0.454315513372,0.117660805583,0.018476206809,-0.023390574381,-0.147591516376,-0.511847317219,-0.808186948299,-0.453661054373,-0.458472549915,-0.494153112173,-0.410411328077,-0.449759215117,-0.013537145220,0.318668276072,0.227419108152,0.338214606047,0.593498289585,0.671247363091,0.457760483027,0.344384312630,0.192746892571,-0.360444486141,-0.658809125423,-0.385045140982,-0.766645252705,-0.944789052010,-0.677779197693,-0.782569706440,-0.624597907066,-0.460131227970,-0.121850773692,0.172990635037,0.392461955547,0.418095737696,0.496569186449,0.472264885902,0.785454928875,1.002185106277,0.578928053379,0.494235455990,0.461769372225,0.134725257754,0.125427469611,0.079239018261,-0.162314042449,-0.370013922453,-0.499207437038,-0.588690936565,-0.598832428455,-0.298039466143,-0.194870680571,-0.388374894857,-0.250961959362,0.115886852145,0.164878234267,0.669670939445,0.710949122906,0.818180263042,1.010470271111,1.110663294792,1.065034627914,0.517407894135,0.566802620888,0.433139234781,-0.443976372480,-0.405822128057,-0.894649326801,-0.891023278236,-0.887018501759,-1.059539914131,-0.774531364441,-0.784051358700,-0.559377610683,-0.523655772209,-0.343573480844,-0.074773281813,0.179374366999,0.327994883060,0.084754303098,0.321598768234,0.603022396564,0.333641856909,0.351854652166,0.290079325438,0.086458273232,0.057033814490,0.285839974880,0.206362247467,-0.085602179170,-0.392573118210,-0.253324478865,-0.555751442909,-0.549482941628,-0.517951190472,-0.315178006887,-0.282139807940,-0.026991974562,-0.125254601240,0.072299629450,0.248134359717,0.109815925360,0.196541741490,0.169043511152,0.097690522671,0.504516899586,0.525898993015,0.296718239784,0.077135793865,0.182728841901,0.177394643426,0.046274892986,-0.010376146063,0.103098794818,-0.059038251638,-0.189816385508,0.063503988087,-0.013224339113,0.106276266277,0.168656617403,-0.058157455176,-0.062507942319,-0.133087128401,-0.243351697922,0.172146886587,-0.224591478705,-0.296841740608,0.239844948053,-0.021423181519,0.150863647461,0.317079544067,0.120517224073,-0.092936687171,-0.088400982320,-0.395038515329,0.035487160087,0.042233094573,-0.418614327908,-0.128864243627,-0.168105080724,-0.401545763016,-0.284086614847,-0.184478089213,-0.459419190884,-0.301151067019,-0.017492510378,-0.013154367916,0.009610591456,0.138087943196,0.255975127220,0.233959242702,-0.096027716994,0.158527418971,0.481278628111,0.148278862238,0.258082449436,0.408711463213,0.568695902824,0.346178829670,0.604788124561,0.464568167925,0.550462543964,0.076123289764,0.226291343570,0.349957227707,-0.071711063385,-0.023966796696,0.476121455431,0.187416821718,0.275714904070,0.722440719604,0.197611868382,-0.033244002610,0.219870582223,-0.093669310212,0.124007493258,0.071159534156,-0.711895823479,-0.575960457325,-0.752009212971,-1.079823017120,-0.808816671371,-0.696066141129,-0.747654616833,-0.619502425194,-0.632677376270,-0.254703283310,-0.215227857232,-0.090627670288,0.395474821329,0.248467728496,0.299459427595,0.657372713089,0.589641690254,0.179329097271,-0.125769093633,-0.619325459003,-0.867142856121,-1.010182261467,-0.969208598137,-0.634780585766,-0.779182255268,-0.642609000206,-0.316709101200,-0.164174422622,0.029938947409,0.237042039633,0.253307998180,0.564946353436,0.463942527771,0.609509050846,0.626429438591,0.518959581852,0.451380848885,0.381908863783,0.392215013504,0.480076819658,0.503730773926,0.197685956955,0.098303794861,-0.261165231466,0.086153700948,0.154765501618,-0.180539175868,-0.090611204505,0.073493242264,0.050390776247,0.339243561029,0.255419462919,-0.043854754418,0.515395224094,0.439197838306,0.456023573875,0.532533764839,0.393005281687,0.193956971169,0.274257868528,-0.094060324132,-0.310732841492,-0.364189952612,-0.609537899494,-0.457073122263,-0.773728728294,-0.975398898125,-0.677812159061,-0.093360617757,-0.463839620352,-0.120994664729,0.132004663348,0.156901642680,0.494626462460,0.264676094055,0.016982141882,-0.093817479908,0.098805934191,0.126481145620,0.403924703598,0.214614585042,0.036627259105,0.321018457413,0.431192457676,0.059067066759,0.349879026413,0.443622440100,0.150744289160,0.015986097977,0.048703264445,-0.119764022529,-0.239857316017,-0.348232686520,-0.400138080120,-0.680224061012,-0.464440554380,-0.304867714643,-0.514082252979,-0.329159677029,0.324076533318,0.118097081780,0.117722541094,0.414621919394,0.485427469015,0.527405381203,0.713793277740,0.370244443417,0.254900872707,0.399681240320,0.248924598098,0.139590233564,0.378002852201,0.425117403269,0.580603182316,0.522433400154,0.151036515832,0.492589116096,0.240935668349,0.021974710748,0.418750137091,-0.015208194032,-0.204271376133,0.163351237774,0.132692024112,0.121789030731,0.218080163002,0.005025495309,-0.073110461235,-0.265124708414,-0.367408573627,-0.392132699490,-0.242812514305,-0.544091165066,-0.656261384487,-0.589732229710,-0.622153043747,-0.723988234997,-0.235128164291,-0.395256638527,-0.317943871021,-0.053255435079,0.135853007436,0.110865473747,0.153666555882,-0.033462144434,-0.046908739954,-0.030144741759,-0.133988514543,0.068422466516,-0.029037568718,-0.333333164454,-0.356554985046,-0.363519072533,-0.729227781296,-0.770456552505,-0.274669468403,-0.247039541602,0.052720367908,0.546659469604,0.570070624352,0.614559233189,0.652544736862,0.710821568966,0.405727446079,0.458476662636,0.378052264452,0.344322592020,0.205687224865,-0.213363349438,-0.102753058076,0.126559346914,-0.190808311105,-0.224739655852,-0.220866620541,-0.427315294743,-0.211482390761,-0.106152787805,-0.097694650292,-0.034227699041,0.320269346237,0.532336175442,0.338885486126,0.557171463966,0.643539190292,0.466914206743,0.280394673347,0.305411010981,0.284452915192,0.307658284903,0.270891070366,0.299488246441,0.087367884815,0.006585415453,-0.215812310576,-0.514835476875,-0.441827923059,-0.606566190720,-0.519408226013,-0.534958064556,-0.504739224911,-0.264816015959,-0.190870046616,-0.318236112595,-0.507295131683,-0.262646973133,-0.111680425704,-0.328295320272,-0.068385429680,0.099522098899,0.120587192476,0.047987103462,0.020196646452,0.069970041513,0.071875698864,0.230016231537,0.247130066156,0.090125530958,-0.111614570022,0.101242534816,-0.357439905405,-0.260313272476,-0.099007606506,0.141290098429,-0.084050484002,-0.298792660236,-0.103000015020,-0.135729536414,-0.206510409713,-0.228904947639,0.018229253590,-0.134819924831,-0.112141400576,0.144710406661,-0.088545024395,0.026942582801,0.310329496861,0.205592557788,0.069541990757,0.240635201335,0.347471237183,0.236708641052,0.049645807594,0.111326448619,-0.031626459211,0.208864703774,0.693152070045,0.517202138901,0.307250827551,0.521256208420,0.114520385861,0.325574725866,0.212935313582,0.130049616098,0.535406649113,0.441609740257,0.261082917452,0.235350415111,0.190532535315,0.473676621914,0.120150908828,-0.012429973111,-0.075724050403,-0.320713877678,-0.232963189483,-0.130798712373,-0.639192819595,-0.652857542038,-0.515065968037,-0.418116301298,-0.142557784915,-0.343783408403,-0.261947274208,-0.000740859308,0.327081143856,0.180860206485,0.252801775932,0.119994506240,-0.008853268810,-0.063985548913,-0.067047767341,-0.225702792406,-0.287683904171,-0.216516122222,-0.430188179016,-0.698753774166,-0.567876875401,-0.305834949017,-0.237256065011,0.014829534106,0.108037866652,0.432110279799,0.179543137550,0.261128187180,0.257024675608,0.438485801220,0.492391556501,0.532611966133,0.363971829414,0.489670932293,0.691941976547,0.863002300262,0.898028492928,0.573095798492,0.395248413086,0.438596934080,-0.020789334550,-0.563147723675,-0.794448077679,-0.760562062263,-0.502586603165,-0.671181440353,-0.692213654518,-0.788821637630,-0.464119523764,-0.086462393403,0.205547288060,0.395939886570,0.358238369226,0.559468150139,0.887759387493,0.884540736675,0.683533251286,0.735483884811,0.726898193359,0.400133967400,-0.073353298008,-0.271059840918,-0.468165457249,-0.562555015087,-0.463308691978,-0.567843973637,-0.406122565269,-0.183181583881,-0.213503301144,0.008231769316,0.012672808953,0.070842608809,0.223113894463,0.364498645067,0.148258283734,0.266622900963,0.157621935010,-0.030395809561,0.083013281226,-0.004893787205,0.028601285070,-0.075929842889,-0.158502727747,-0.239762648940,-0.266219556332,-0.199175909162,-0.340737640858,-0.339815706015,-0.278192669153,-0.494095534086,-0.205909505486,-0.340461879969,-0.371968984604,-0.482727468014,-0.389086961746,-0.296701788902,-0.099583834410,-0.011462739669,-0.109264396131,0.072735913098,-0.013043238781,0.215614736080,0.032190337777,0.010487274267,-0.092582710087,0.016887474805,-0.203649863601,0.058906547725,0.467753887177,0.314169615507,0.265783280134,0.253275096416,0.141191318631,0.188593953848,0.029148697853,-0.021567236632,-0.091895364225,0.052815034986,-0.013734707609,-0.075695239007,-0.176011711359,-0.294820845127,-0.063137672842,-0.077041134238,0.370297938585,0.457517653704,0.454694181681,0.692361772060,0.675935328007,0.689324259758,0.591432094574,0.596239447594,0.574272930622,0.289379626513,-0.028280243278,0.030453432351,-0.095628470182,-0.481212824583,-0.641773462296,-0.380423009396,-0.575446009636,-0.676980733871,-0.687492728233,-0.916537582874,-0.936470806599,-0.771876573563,-0.915858447552,-0.702244043350,-0.481587320566,-0.508274734020,-0.210074767470,0.045163605362,-0.160498932004,0.165977180004,0.516704082489,0.556681692600,0.220829576254,0.216425582767,0.227900668979,0.348216205835,-0.084869548678,-0.271512597799,0.091948866844,0.195677399635,0.149497166276,0.432665944099,0.778762459755,0.614094138145,0.304962396622,0.066813156009,-0.029058147222,-0.043846521527,0.098126813769,-0.276752114296,-0.349380999804,-0.117891296744,-0.037664461881,-0.300364911556,-0.010709532537,0.051440332085,0.220315098763,0.324455201626,0.154987767339,0.292293667793,0.066335715353,0.113248579204,0.266902774572,-0.039928201586,0.013961081393,0.136322215199,-0.089602813125,-0.232037127018,-0.514201581478,-0.347030818462,-0.231567904353,-0.547762513161,-0.283744990826,-0.164145603776,0.042772274464,0.263762354851,0.305567413568,0.295129507780,0.509521901608,0.494527667761,0.419807910919,0.644251227379,0.487868160009,0.307287842035,0.227406755090,0.345804303885,0.257432132959,0.130868673325,-0.180296346545,-0.312239259481,-0.476981669664,-0.586274862289,-0.691094100475,-0.567387104034,-0.534727513790,-0.446948051453,-0.343166023493,-0.448726117611,-0.141384765506,-0.049563486129,0.029226897284,0.181123629212,0.567028999329,0.621366918087,0.511913180351,0.657701969147,0.470700830221,0.355867624283,0.242121040821,-0.008322319016,-0.311362564564,0.108560577035,-0.064882807434,-0.460917383432,-0.280168294907,-0.129535123706,0.005210710224,0.041689798236,-0.010981181636,-0.124950036407,0.329583585262,-0.024460703135,-0.155942648649,0.051444444805,-0.088619112968,-0.058778949082,0.127991676331,-0.243524566293,-0.184469833970,-0.019752131775,-0.135042190552,-0.322607189417,-0.352632552385,-0.117903634906,0.048497468233,0.094443097711,-0.099913112819,0.154691413045,0.317507594824,0.272335767746,0.219874694943,0.323817253113,0.142615407705,0.143236920238,0.423755019903,0.487740576267,0.256143867970,0.511287570000,0.402887523174,0.214141264558,0.310074299574,-0.020744059235,-0.006885875482,-0.146257966757,-0.447050958872,-0.159581080079,-0.255625277758,-0.382415115833,-0.072912901640,0.031692314893,-0.286239206791,-0.120101526380,-0.019608074799,-0.212947651744,-0.230592459440,-0.417696475983,-0.316268712282,-0.443564802408,-0.620568394661,-0.074600413442,-0.019690394402,-0.095842495561,0.291639238596,0.480858832598,0.486509948969,0.481044054031,0.293211519718,0.255905121565,-0.021295588464,-0.295183032751,-0.342388123274,-0.652042627335,-0.977547347546,-0.913656532764,-1.006251454353,-0.676725566387,-0.499985367060,-0.348998218775,0.313387602568,0.184420466423,0.254826784134,0.612534224987,0.534542322159,0.468214839697,0.271154493093,-0.102197423577,-0.260152757168,-0.119969807565,-0.177439898252,-0.247097149491,-0.307333111763,-0.264939516783,-0.168088629842,-0.267717719078,0.085540436208,0.139100447297,-0.059001207352,0.344429582357,0.331361651421,-0.071657553315,-0.086561173201,-0.129267588258,0.109890013933,0.349496245384,-0.295170694590,-0.095801338553,0.049444124103,-0.130210131407,0.087882377207,-0.003815425094,-0.026325199753,0.208502501249,0.081375159323,-0.047184504569,0.131255567074,-0.014566116035,0.079218439758,-0.046999286860,-0.124789521098,-0.143599107862,-0.198060497642,-0.000740859308,-0.117903634906,-0.354122519493,-0.310424149036,-0.568025052547,-0.573507368565,-0.391848683357,-0.270607084036,-0.399055629969,-0.074884414673,-0.215458333492,-0.022279283032,0.300615996122,0.233008474112,0.420198947191,0.907503247261,0.499503791332,0.602656126022,0.340906411409,0.234811231494,0.095015205443,0.019669814035,-0.098752424121,-0.194808945060,-0.432134985924,-0.129123538733,-0.425319075584,-0.533270537853,-0.317602247000,-0.304921209812,-0.492440938950,-0.301941305399,-0.106445021927,-0.235161080956,-0.365601718426,-0.115034863353,-0.189273089170,0.179135650396,0.040689639747,0.086569406092,0.462790101767,0.402842253447,0.076538994908,0.346973210573,0.458382010460,0.322471350431,0.179810658097,0.188157662749,-0.039347860962,0.125439822674,0.304571360350,0.245994105935,-0.121476233006,-0.198500901461,-0.189997464418,-0.176666125655,-0.195134088397,0.163705199957,0.071196578443,0.128440305591,0.385279744864,0.402068465948,0.519004881382,0.644522905350,0.611706912518,0.341083377600,0.553924024105,0.803605973721,0.444741964340,0.080025151372,-0.099789634347,-0.425179153681,-0.398248881102,-0.336634099483,-0.599054694176,-0.711632370949,-0.506574869156,-0.572890043259,-0.662904441357,-0.436489582062,-0.385609030724,-0.420174211264,-0.493161201477,-0.296668857336,-0.284185379744,-0.150913044810,-0.134383648634,0.338128179312,0.312761962414,0.303760528564,0.249015152454,0.211774617434,0.260580778122,0.077275738120,-0.277225434780,-0.152419447899,-0.234337911010,-0.188540458679,-0.143887221813,-0.473384380341,-0.490107238293,-0.326183885336,-0.409884512424,0.139260962605,0.228127032518,0.125081732869,0.312593221664,0.029276289046,0.020641162992,0.170195952058,0.391502976418,0.705256879330,0.427998542786,0.206905543804,0.611208915710,0.727490842342,0.300904095173,0.316947817802,0.506974101067,0.336588829756,0.243401095271,0.386263430119,-0.053930439055,-0.108181916177,0.089524611831,0.129506319761,0.268931925297,0.141751080751,-0.196039602160,-0.264400333166,-0.573153436184,-0.573923110962,-0.416696280241,-0.408155858517,-0.466745436192,-0.285704135895,0.007560880855,0.141401231289,-0.113931812346,-0.297216266394,-0.310321241617,-0.330760747194,-0.275229215622,0.223904147744,-0.194450870156,-0.042652916163,0.262000769377,0.056465826929,-0.070653282106,0.230538949370,0.134523585439,-0.040961287916,-0.078148305416,0.215441882610,0.535488963127,0.378529727459,0.340688258410,0.485699117184,0.727387964725,0.581051826477,0.476598888636,0.495671927929,0.191590324044,-0.150546729565,-0.151394590735,-0.683483839035,-1.102217555046,-0.691122949123,-0.697296738625,-0.580957174301,-0.588913142681,-0.649412572384,-0.386946678162,-0.410180866718,-0.086384192109,-0.034112453461,0.188202947378,0.105020917952,0.234745383263,0.135367333889,-0.138606533408,-0.058260351419,-0.269405245781,-0.486575782299,-0.292828738689,-0.374545544386,-0.032099787146,0.162869676948,0.438547551632,0.315651327372,0.263042092323,0.392869472504,0.346882671118,-0.012100702152,-0.086544707417,-0.169125825167,-0.165141656995,-0.010717764497,-0.263643026352,-0.150205105543,-0.286288619041,-0.206489831209,0.128061637282,-0.051851920784,-0.149608299136,0.102934166789,0.048880249262,-0.025370312855,0.129020646214,0.227452039719,0.118846178055,0.452331632376,0.571284830570,0.296314895153,0.381307929754,0.344828844070,0.536855459213,0.675544321537,0.380859285593,0.542934596539,0.305266946554,-0.000123476551,0.138762935996,0.097575284541,-0.184346362948,-0.378846645355,-0.685965716839,-0.652824640274,-0.635900080204,-0.562579751015,-0.657706081867,-0.353266388178,-0.097711108625,0.099801979959,0.311296731234,0.252316117287,0.218220114708,0.210103586316,0.011602679268,0.100077740848,-0.026827337220,-0.194385007024,-0.144286468625,-0.134210780263,-0.272018849850,-0.287486314774,0.021382022649,-0.559945523739,-0.535999357700,-0.436008036137,-0.556759834290,-0.464963287115,-0.210663333535,-0.523540556431,-0.235737308860,-0.005453547463,0.140224084258,0.271578431129,0.261268138885,0.272936671972,0.378924846649,0.395334839821,0.637196600437,0.794345200062,0.578849852085,0.398417651653,0.641975164413,-0.015533350408,-0.057811718434,0.116928175092,-0.328632831573,-0.339692205191,-0.120825923979,-0.395915210247,-0.492477983236,-0.444268614054,-0.062664344907,0.064574114978,0.108046099544,0.335074186325,0.399459004402,0.332501769066,0.371458619833,0.489329338074,0.461147844791,0.266137242317,0.310094892979,0.447812408209,0.211552366614,0.285716503859,0.305176407099,0.328752189875,0.127604782581,0.290643215179,0.213165789843,-0.348928272724,-0.182329595089,-0.353414595127,-0.217903181911,-0.187285110354,-0.030959684402,-0.429994732141,-0.397779703140,-0.586188435555,-0.217816740274,-0.296022683382,-0.279168128967,-0.247792735696,-0.155456975102,-0.078177116811,-0.181625753641,-0.167080223560,-0.096509270370,-0.354093700647,-0.492988348007,-0.398829221725,-0.271998256445,-0.111585758626,-0.018130471930,0.243874415755,0.239466309547,0.026218188927,0.255081981421,0.406575351954,0.037536870688,-0.103041179478,0.149262562394,0.352303296328,0.416498750448,0.052629821002,0.173616260290,0.251743972301,0.315313816071,0.265606284142,0.234901785851,-0.077061712742,-0.147937253118,-0.087923541665,-0.241968765855,-0.028988176957,0.226916968822,0.184939056635,-0.064487688243,-0.005062538665,0.100069507957,-0.127938166261,0.069212719798,0.276410490274,0.278172075748,0.209955409169,0.472520023584,0.351315498352,0.262523472309,0.312679648399,0.263120293617,-0.063565731049,0.099587954581,0.171249628067,0.045245926827,-0.177098304033,-0.293458491564,-0.098200902343,0.109046258032,0.177464604378,0.158049985766,0.084783114493,0.035894632339,0.011713808402,-0.013981661759,0.158778488636,-0.034071296453,-0.203147724271,-0.275402098894,-0.310992151499,-0.201600149274,-0.254131197929,0.004424576182,-0.124550789595,-0.142948791385,0.068117894232,0.007305695675,-0.333567768335,-0.350521117449,-0.375722676516,-0.116187311709,-0.011133467779,0.021937668324,-0.107939086854,-0.073554977775,-0.077156379819,0.037866141647,-0.333032727242,0.025061624125,0.138993427157,0.041796810925,-0.188758611679,0.005395925138,-0.087709508836,-0.197480142117,0.005037843250,0.155699819326,-0.106675505638,0.154567942023,0.131712436676,0.205921843648,0.444001078606,0.545379459858,0.580677270889,0.719864189625,0.391165465117,0.384184926748,0.360975474119,0.120595425367,0.008309971541,0.065026864409,-0.107284650207,-0.193137884140,-0.153481349349,-0.369902789593,-0.352603763342,-0.260967671871,-0.167286023498,-0.395824640989,-0.337942957878,-0.434299945831,-0.392054498196,-0.237033814192,-0.174011379480,-0.042512975633,0.245105057955,0.257423907518,0.200340703130,0.231489717960,0.599186420441,0.592189431190,0.639732003212,0.603248775005,0.402163118124,-0.030688038096,-0.322442531586,-0.411979496479,-0.597894012928,-0.996459841728,-0.771860122681,-0.884400784969,-0.782919526100,-0.786520898342,-0.677902698517,-0.162005349994,0.112602382898,0.114569775760,0.718559443951,0.855087459087,0.609159231186,0.791390001774,0.954523086548,0.725309431553,0.543523192406,0.656607151031,0.548005402088,0.415247499943,0.156016722322,0.126040741801,-0.048785585910,-0.475870370865,-0.710957407951,-0.602779567242,-0.472750544548,-0.790360987186,-0.774700105190,-0.456649184227,-0.640616893768,-0.577627420425,-0.025308577344,-0.021447876468,-0.069188028574,0.098246179521,0.292371869087,0.644671022892,0.265593945980,0.269602805376,0.330678403378,-0.025193331763,0.076279699802,-0.123748198152,-0.692386507988,-0.450360119343,-0.404451549053,-0.656578302383,-0.821559488773,-0.527993977070,-0.646897733212,-0.211408317089,0.117467358708,0.136239901185,0.392758309841,0.470309823751,0.280316442251,0.582138419151,0.621371030807,0.532492637634,0.618259429932,0.502895295620,0.608706414700,0.508381724358,0.379385799170,0.481583207846,0.428344249725,0.216721907258,0.084692567587,-0.017871173099,-0.022365717217,-0.268458575010,-0.142862364650,-0.204543009400,-0.517905950546,-0.157967671752,0.164055064321,-0.023625178263,-0.287539839745,-0.046731758863,0.289618372917,0.289075076580,0.545996785164,0.665711462498,0.445034176111,0.378916621208,0.497034251690,0.449940294027,-0.097443573177,-0.016978025436,0.148809820414,-0.224924877286,-0.251916855574,-0.333847641945,-0.358271300793,-0.000893147080,-0.089973248541,-0.266347140074,-0.008495186456,0.142652451992,0.306444078684,-0.035536549985,-0.056457594037,-0.061174400151,-0.231905415654,-0.233679369092,-0.277036100626,-0.353817939758,-0.106140434742,0.054004523903,-0.199324071407,-0.127785876393,-0.157128021121,-0.348487854004,-0.380571186543,-0.492350369692,-0.595066428185,-0.278838872910,-0.466914206743,-0.172579050064,0.049534674734,-0.127847611904,0.345915436745,0.452800869942,0.460719794035,0.650540292263,0.574770987034,0.880149066448,0.499125123024,0.284436464310,0.242948353291,-0.060771040618,-0.371018201113,-0.193924024701,-0.491185605526,-0.597416579723,-0.208556011319,-0.211408317089,-0.141907483339,0.378027588129,0.294108778238,0.420100152493,0.474647969007,0.575236082077,0.453496456146,0.479130178690,0.393630892038,0.495227366686,0.517712473869,0.646733105183,0.527985751629,0.541004240513,0.436143875122,0.612912893295,0.496639132500,0.365745753050,0.161165699363,0.053576473147,-0.279517978430,-0.427508741617,-0.631006300449,-0.854293048382,-0.891936957836,-1.142894744873,-1.101698875427,-0.888409674168,-0.843287169933,-0.631203889847,-0.370367914438,-0.576121032238,-0.124987080693,0.105481900275,0.047908898443,0.295483469963,0.256222069263,-0.159391760826,-0.184408098459,0.017537785694,-0.304818332195,-0.123044386506,0.042134314775,0.043875336647,0.092842020094,0.106062233448,0.336029082537,0.626128971577,0.662805616856,0.598844766617,0.293944150209,0.098291441798,0.089919738472,0.108330085874,0.028926439583,-0.014047515579,0.047888323665,0.188573390245,0.037549216300,0.020048474893,0.115199506283,-0.162984922528,-0.088635578752,0.158580929041,0.107741519809,-0.038323003799,0.267273217440,0.083680056036,-0.021686598659,0.173118233681,0.250254034996,0.027045479044,0.182938739657,0.163972735405,-0.005700500216,-0.035734113306,-0.106852486730,0.021398484707,-0.231818974018,-0.093430586159,-0.236844480038,-0.249974161386,-0.184906125069,-0.088442131877,-0.063438132405,0.024757048115,0.024925798178,0.141837507486,0.357085973024,0.430834352970,0.253415048122,0.401570439339,0.466115713120,0.452150523663,0.309712111950,-0.062808401883,0.024341342971,-0.044377472252,-0.400150477886,-0.190491378307,-0.250085294247,-0.493008941412,-0.173105880618,-0.196838080883,-0.349142283201,-0.104494079947,-0.102016322315,-0.083869390190,-0.318721801043,-0.414815366268,-0.053061988205,-0.066636174917,-0.304386138916,-0.120159149170,-0.142471358180,0.017155008391,0.549087822437,0.372034847736,-0.017764160410,0.040677290410,-0.126106590033,-0.112030275166,-0.181259453297,-0.114627398551,0.041484002024,-0.294590353966,-0.293549031019,-0.046707063913,-0.069640770555,-0.054049801081,0.064886927605,0.013784098439,-0.308473229408,0.007593807764,0.376673430204,0.218088388443,-0.291931480169,0.098287329078,0.075464747846,0.053366564214,0.152234241366,0.145751714706,0.200842842460,0.406357198954,0.456624507904,0.496635019779,0.675289094448,0.320524543524,-0.052247039974,-0.390379369259,-0.301056385040,-0.245512530208,0.048102349043,0.087030380964,-0.054885324091,-0.108531765640,0.086001418531,0.142306715250,0.310119569302,0.327579170465,0.302068918943,0.573523819447,0.119414173067,-0.289927035570,-0.090450689197,-0.326817721128,-0.620889484882,-0.684805035591,-0.878976047039,-0.708804786205,-0.588201105595,-0.930445134640,-0.838751435280,-0.392507255077,-0.160910516977,0.128934204578,0.448075801134,0.366770625114,0.644041359425,0.765562772751,0.148027807474,0.154156357050,0.240507632494,-0.055152859539,0.044500946999,0.111367613077,0.186577185988,0.576388537884,0.637176036835,0.296821147203,0.282629579306,0.517951190472,0.329155564308,0.368807971478,0.566230475903,0.120373167098,-0.052498109639,-0.064709939063,-0.197126179934,-0.152991563082,-0.367363333702,-0.144323498011,-0.119430638850,0.128790155053,0.483583539724,0.117714308202,0.044179908931,0.229851588607,0.180753201246,0.189721718431,-0.039590697736,0.011442160234,-0.190742447972,-0.583632469177,-0.571461796761,-0.401191771030,-0.543444991112,-0.422228068113,-0.483604133129,-0.341215103865,-0.725404083729,-0.730133295059,-0.545424759388,-0.464531093836,-0.357625126839,0.088890761137,0.021855348721,0.020394209772,0.110754340887,0.379287004471,0.331225842237,0.405377626419,0.501462936401,0.639427423477,0.276657432318,-0.134803459048,-0.034454073757,0.000176983056,-0.368367582560,-0.124822445214,-0.186498969793,-0.088137559593,-0.110569134355,0.083058558404,0.042969837785,0.148044273257,0.419219344854,0.457945704460,0.507418632507,0.738537967205,0.771337449551,0.706573903561,0.568374872208,0.101180791855,0.246327474713,-0.072665952146,-0.356151640415,-0.224274575710,-0.200492992997,-0.133572816849,0.332555264235,0.363733083010,0.180510357022,0.415000528097,0.462769538164,0.310617595911,0.474899023771,0.196566432714,0.083165571094,0.079037338495,-0.006659501698,0.136470392346,-0.087767124176,-0.156078472733,-0.192273557186,-0.138890534639,-0.236037775874,-0.499363869429,-0.218619346619,-0.325533568859,-0.543992400169,-0.436543107033,-0.789192080498,-0.822621345520,-0.520754098892,-0.569107532501,-0.535834670067,-0.642641961575,-0.401932597160,0.314375400543,0.472458332777,0.404328048229,0.423952609301,0.507352769375,0.433950126171,0.469293206930,0.352006942034,0.129226446152,0.177468717098,-0.150995358825,-0.298582762480,-0.220245108008,-0.203950315714,-0.205053374171,-0.383633404970,-0.339642822742,0.037166442722,-0.057000890374,0.214561074972,0.001514645643,0.061211440712,0.141174852848,-0.224286913872,-0.141034901142,0.309415757656,0.067714534700,0.011742619798,0.093595221639,-0.121756106615,0.067747466266,0.028296709061,0.077913701534,0.176295712590,0.018315687776,0.164709478617,0.333115011454,0.291923254728,0.007894267328,-0.299142509699,-0.102403208613,-0.124538451433,-0.090067915618,-0.141689345241,-0.098633065820,-0.283374577761,-0.193582415581,-0.406221359968,-0.110034070909,-0.072435453534,-0.187075212598,-0.180975452065,-0.061832942069,-0.118265837431,-0.088298082352,-0.246660858393,-0.135313838720,-0.004618023057,0.165977180004,0.255073726177,0.405649274588,0.411308586597,0.339268267155,0.540107011795,0.013294308446,-0.285671234131,-0.170093059540,-0.308814853430,-0.492589116096,-0.459567338228,-0.250011205673,0.050460748374,0.250480413437,0.096147067845,0.035639446229,0.064150176942,0.194105133414,-0.069336198270,-0.311296731234,-0.312951326370,-0.330546706915,-0.540049374104,-0.464481741190,-0.523783385754,-0.409711629152,-0.270174920559,-0.123583555222,0.045472297817,0.325323671103,0.381303817034,0.297162771225,0.504446983337,0.617514431477,0.273656964302,0.302879750729,0.348035126925,-0.074184708297,-0.110449768603,-0.325673520565,-0.566526830196,-0.345343321562,-0.216631382704,-0.212445527315,0.178687021136,0.108416527510,0.196274191141,0.480455487967,0.418799549341,0.246841967106,0.067912101746,0.170093059540,0.671580731869,0.699980258942,0.249356761575,0.512477040291,-0.099896647036,-0.315354973078,0.094797059894,-0.102971203625,-0.389107525349,-0.270413637161,-0.506476104259,-0.815295040607,-0.842628657818,-0.938211858273,-0.968875169754,-0.632714390755,-0.609311461449,-0.522614479065,-0.434452235699,-0.478809088469,-0.164573654532,0.169055864215,0.079099074006,0.282967090607,0.551199316978,0.222928673029,0.048472773284,0.395194917917,0.175810024142,-0.135371446609,-0.250027656555,-0.226106137037,-0.338646769524,-0.222801074386,-0.517263829708,-0.197755917907,0.289951741695,-0.128814846277,-0.273986220360,0.141108989716,0.090409524739,0.181135982275,0.318709433079,0.573211073875,0.544017136097,0.735916078091,0.808886647224,0.450714111328,0.444001078606,0.708158552647,0.487353682518,0.330168038607,0.264626681805,0.038709897548,0.189816385508,-0.018801363185,-0.368355244398,0.198850750923,0.549923419952,0.414934724569,0.496330440044,0.258201807737,0.048884365708,0.106358580291,0.030511053279,-0.279575586319,-0.147570937872,-0.482879728079,-0.309218198061,-0.406686455011,-0.624001085758,-0.502413690090,-0.716456234455,-0.724510967731,-0.271479666233,-0.133766263723,-0.091714270413,-0.050654198974,0.181831568480,0.130234822631,0.468387693167,0.436777710915,0.529636144638,0.393700867891,0.034079525620,-0.195401638746,-0.014977704734,-0.185029610991,0.007359202020,0.224879607558,0.109968215227,0.071122489870,0.174176022410,0.315836548805,0.307296067476,0.001843916485,-0.200583547354,0.077016435564,0.074596300721,-0.252027988434,-0.258378773928,-0.186803549528,-0.278036236763,-0.283279895782,-0.095690205693,-0.183922439814,-0.033811993897,-0.093566410244,-0.269104778767,-0.420091927052,-0.106008730829,-0.219347849488,-0.095262154937,-0.179003953934,-0.586110234261,-0.386625647545,-0.204279601574,-0.411543220282,-0.250838488340,-0.408904910088,-0.268503874540,0.100464634597,0.262091338634,0.057103786618,0.330904811621,0.302982628345,0.331077665091,0.152147799730,0.014438523911,-0.290783137083,-0.053144305944,-0.183469682932,-0.161857172847,-0.230399012566,0.333892941475,0.524166166782,0.540946662426,0.626820445061,0.500228166580,0.757944345474,0.792394220829,0.316918998957,-0.051839571446,0.379048317671,0.330480843782,-0.175093844533,0.038504101336,0.141891017556,-0.207432359457,0.035417191684,0.415008813143,0.384456574917,0.426076412201,0.675634860992,0.670749306679,0.304172128439,0.246401563287,0.300755947828,0.092348106205,-0.369203090668,-0.406032055616,-0.222517088056,-0.713134646416,-1.031053900719,-0.713233470917,-0.928477764130,-0.774300873280,-0.247130066156,-0.350397646427,-0.733318984509,-0.484546661377,-0.561427295208,-0.399491906166,-0.519070684910,-0.511588037014,-0.078370563686,-0.084828391671,-0.268248677254,-0.366922885180,-0.022686759010,-0.056976195425,-0.187947764993,-0.075575880706,-0.492235124111,-0.638381958008,-0.286309182644,-0.211313650012,0.092352226377,0.148258283734,-0.043319687247,0.494836360216,0.448116987944,0.261354565620,0.560538232327,0.618296504021,0.543239176273,0.625388145447,0.534295380116,0.274146735668,0.355941712856,0.351780563593,-0.095739595592,-0.250439256430,-0.346722126007,-0.059252277017,-0.287013024092,-0.301398009062,-0.089088328183,0.276805609465,0.493630409241,0.487888783216,0.351969897747,0.459641426802,0.898365914822,0.434921443462,0.129588633776,0.194389119744,0.228460431099,-0.079510666430,0.079926364124,-0.018961882219,-0.040714334697,0.054354373366,0.056004848331,-0.377319663763,-0.484205067158,-0.624103963375,-0.243479281664,-0.029568517581,-0.217351645231,-0.255160182714,0.119348309934,0.015125877224,-0.143520906568,-0.054074496031,-0.028979945928,-0.329937577248,0.031009076163,-0.047369718552,-0.250986665487,-0.250533908606,-0.215413063765,-0.270051449537,-0.423705667257,-0.629236459732,-0.342705041170,-0.359563678503,-0.503570318222,-0.418387919664,-0.245343789458,-0.132568538189,0.412712156773,0.648589372635,0.689995169640,0.975691139698,1.000760912895,0.498882293701,0.460123002529,0.398553490639,-0.173052385449,-0.061388425529,-0.361399382353,-0.907754302025,-0.792505383492,-0.885878384113,-0.608447134495,-0.383962661028,-0.319948315620,-0.131844148040,0.344392567873,0.115405298769,0.137902721763,0.501676976681,0.316313982010,0.490247160196,0.774090945721,0.226159647107,0.292013794184,0.391330093145,0.237688243389,0.317762762308,0.046151414514,0.164738282561,0.319680780172,-0.051666703075,-0.104967407882,-0.141965106130,-0.159914478660,0.132597357035,0.178522393107,-0.023723959923,-0.183115705848,-0.254979074001,-0.063326999545,0.012108934112,0.036944184452,0.261827886105,0.192273557186,0.034614592791,0.311745375395,-0.150768980384,-0.222636446357,-0.246553853154,-0.398689299822,-0.326595485210,-0.278665989637,-0.527660548687,-0.325039654970,-0.460793912411,-0.356736093760,0.165804311633,-0.083787068725,-0.307242572308,-0.197126179934,-0.186918810010,-0.087437860668,-0.258905619383,-0.343351244926,-0.417589426041,-0.597317814827,-0.370865941048,-0.297133982182,-0.212169751525,-0.026493951678,-0.149097934365,0.108276583254,0.089878581464,0.082453519106,0.058762487024,0.050361968577,0.448483258486,0.458357274532,0.538407146931,0.576767206192,0.345470905304,0.571136653423,0.705730199814,0.515349924564,0.668193340302,0.731627404690,0.882725596428,0.634850561619,0.291400551796,0.099620878696,-0.366301417351,-0.250764399767,-0.363399714231,0.106177486479,0.248508900404,0.135186240077,0.112972810864,0.269705712795,-0.025263300166,0.017665378749,0.083581276238,-0.138219639659,-0.386123508215,-0.287580996752,-0.329814076424,-0.727676093578,-0.606282174587,-0.603154122829,-0.663394212723,-0.282609015703,-0.307254940271,-0.145311310887,0.050094436854,0.017348455265,0.226645320654,0.408703237772,0.445931434631,0.466362714767,0.191005885601,-0.037112932652,-0.158766150475,-0.124110393226,-0.352850705385,-0.592531025410,-0.532052218914,-0.964796304703,-0.641403019428,-0.203127160668,-0.288107812405,-0.110260441899,0.181008383632,0.259667068720,0.675890028477,0.564518332481,0.644345879555,1.048163533211,0.759615361691,0.594642460346,0.672601461411,0.024608874694,-0.274768233299,0.086470626295,-0.326093316078,-0.489934355021,-0.276628613472,-0.641456544399,-0.553002059460,-0.507616162300,-0.678705275059,-0.663694679737,-0.357641577721,-0.294479221106,-0.031507097185,0.078592821956,-0.137347072363,-0.259448915720,-0.207136020064,-0.152411222458,-0.029790775850,0.053029060364,-0.022583859041,-0.032910615206,-0.262527585030,-0.518724977970,-0.068945184350,-0.047032218426,-0.096389904618,0.130765780807,0.313115954399,0.130374774337,0.170611664653,0.321108996868,0.475491702557,0.441556245089,0.714048385620,0.846946239471,0.565020442009,0.321158379316,0.380455940962,0.253583788872,0.142393156886,0.144311159849,0.060676377267,-0.261124074459,-0.184482201934,0.062619075179,0.118726812303,0.159292981029,0.235930755734,0.428381323814,0.397989600897,0.203958556056,0.167034953833,-0.082387670875,-0.247623980045,-0.269224166870,-0.524705350399,-0.308646082878,-0.567494094372,-0.556899845600,-0.591427981853,-0.544934928417,-0.148431152105,-0.144772127271,-0.295030742884,0.207123681903,0.111153595150,0.176880151033,0.267376124859,-0.298858523369,-0.249624311924,0.105889365077,-0.228312253952,-0.153604835272,-0.021842999384,0.311053901911,0.484052747488,0.149900525808,0.217738538980,0.296487778425,-0.303233712912,-0.297101050615,-0.390939086676,-0.376204222441,-0.539732456207,-0.292470663786,-0.337527275085,-0.721950948238,-0.283843785524,-0.156901642680,-0.131745368242,0.523351192474,0.399804711342,0.484999418259,0.586530089378,0.143026992679,0.037755012512,0.219878807664,0.124591954052,0.020262502134,0.052214115858,-0.329892307520,-0.238836571574,-0.032404359430,-0.002745295409,-0.148809820414,-0.128609061241,0.101798176765,0.417877554893,0.494856953621,0.107342280447,-0.159025445580,0.239672094584,0.308436185122,0.202871978283,-0.022690871730,-0.128901287913,-0.458069145679,-0.049312416464,-0.080691926181,0.041615713388,0.254040658474,0.072661831975,0.037351656705,0.257625579834,0.228892594576,0.302957922220,0.410720050335,0.150377973914,0.029860744253,0.219808831811,0.224998980761,0.020521802828,-0.186947599053,-0.271652519703,-0.347347766161,-0.139141604304,0.033523883671,-0.251834541559,-0.035771157593,-0.250488638878,-0.483830511570,-0.247442886233,-0.395960509777,-0.170813336968,-0.163544684649,-0.102193303406,-0.297837793827,-0.145327791572,-0.159860968590,-0.201571360230,-0.577792048454,-0.575976908207,-0.732985556126,-0.856346905231,-0.629495799541,-0.531311333179,-0.607817411423,-0.480653047562,-0.356493264437,-0.506644845009,-0.131704196334,-0.069167442620,-0.058210961521,0.338663250208,0.762171328068,0.560040235519,0.836413681507,0.953835725784,0.599602103233,0.851004481316,0.814706504345,0.688064813614,0.644843935966,0.103555664420,0.421614795923,0.626227796078,0.126793950796,0.032861225307,0.332938045263,0.145953401923,0.108696408570,0.277883946896,0.458773016930,0.603775620461,0.554520845413,0.744806468487,0.882589817047,0.619296610355,0.818793594837,0.781643569469,0.324866801500,0.240989178419,0.292968690395,0.377179682255,0.150032237172,0.000403356738,-0.219557762146,-0.416992634535,-1.018862605095,-0.951613187790,-0.841908395290,-0.877658963203,-0.866068601608,-0.557780623436,-0.393433302641,-0.362094968557,-0.281090259552,-0.228629171848,-0.144837990403,-0.019180024043,0.221414029598,0.120117984712,-0.178044959903,-0.327780842781,-0.377266138792,-0.386633872986,-0.581117689610,-0.628409206867,-0.744082033634,-0.906642973423,-0.821773469448,-0.913405418396,-0.887837588787,-0.732063651085,-0.677289426327,-0.966422140598,-0.503463268280,0.168845951557,0.032865341753,0.214326471090,0.616242647171,0.554459095001,0.952658593655,1.025670289993,0.785957038403,1.002609014511,0.855750143528,0.852263987064,1.001114964485,0.674128472805,0.315750122070,0.525429725647,0.600573480129,0.385835409164,0.222303047776,0.298409879208,0.484135091305,0.320067673922,0.448417454958,0.569103419781,0.887458920479,0.515526950359,0.712891876698,0.475479364395,0.415683776140,0.363646656275,0.539481401443,0.284568160772,0.251612275839,0.059536274523,0.031634692103,-0.092306949198,-0.313284695148,-0.175303772092,-0.331205248833,-0.472466558218,-0.457731664181,-0.267071515322,-0.201567217708,-0.481126368046,-0.417984545231,-0.502286136150,-0.697798848152,-0.416408210993,-0.708467245102,-0.835932135582,-0.691917300224,-0.543860673904,-0.184482201934,-0.251686364412,-0.088096395135,0.066854313016,-0.168463170528,-0.176699057221,-0.053337752819,0.017336107790,-0.104300640523,0.038775753230,-0.145657047629,-0.158807292581,-0.014833648689,0.207374751568,0.168384969234,0.221755638719,-0.148665770888,-0.205720171332,0.094447210431,0.070743829012,-0.034832734615,-0.027066059411,0.158836126328,0.130753427744,-0.044455673546,0.086355380714,0.154176935554,-0.125415131450,-0.086993344128,0.073958329856,-0.336144328117,-0.285222589970,-0.062820754945,-0.187659651041,-0.475516408682,-0.394960284233,-0.040685523301,0.376163065434,0.087927654386,0.040352135897,0.211037874222,0.674243688583,0.761689722538,0.902605354786,0.977448582649,0.399812936783,0.136528030038,0.183342099190,-0.087446086109,-0.227180376649,-0.184914350510,-0.529323399067,-0.818587779999,-0.597149014473,-0.505566477776,-0.351677656174,-0.164170309901,-0.109750069678,0.084795460105,0.300245583057,0.414041548967,0.672753751278,0.138137325644,0.157840073109,0.409896850586,0.094858802855,0.293030411005,0.401376992464,-0.015924358740,-0.298018872738,-0.329155564308,-0.303641170263,-0.288840442896,-0.404657363892,-0.525911331177,-0.540349841118,-0.483414798975,-0.703034341335,-0.672951281071,-0.420375883579,-0.621111750603,-0.578129529953,-0.280258834362,-0.446194827557,0.065862387419,0.415342181921,0.558373332024,0.650198698044,0.377216756344,0.462954699993,0.440724849701,0.306094229221,-0.084239810705,-0.370474934578,-0.401171207428,-0.712813675404,-0.811738908291,-0.663044333458,-0.753667950630,-0.486044853926,-0.163351237774,0.306328862906,0.797971308231,0.808240473270,1.074143052101,1.227089285851,0.913631737232,1.307748317719,1.057235002518,0.820682764053,0.626462340355,0.169479802251,-0.197648912668,-0.210531622171,-0.315453767776,-0.202098175883,-0.351545959711,-0.550178527832,-0.473540812731,-0.155559867620,0.009865775704,-0.046069100499,0.048653874546,-0.131786510348,0.159646943212,0.400529086590,0.351097345352,0.376763999462,0.049271259457,-0.108906313777,0.155720397830,0.040825463831,-0.092043533921,0.001374705578,-0.352451443672,-0.341408550739,-0.429982393980,-0.534797489643,-0.515802741051,-0.449162393808,-0.591683149338,-0.617460906506,-0.592172980309,-0.453327685595,-0.199505165219,0.099308066070,0.041899707168,0.149023845792,0.416041880846,0.383349388838,0.394030123949,0.493720978498,0.376739293337,0.136692658067,0.317873924971,0.011318683624,0.028156770393,0.171735301614,-0.176258653402,-0.329517751932,-0.302011281252,-0.432859390974,-0.399380773306,-0.347364217043,-0.234539583325,-0.011186975986,0.318915218115,0.324047714472,0.399351984262,0.589950323105,0.483999282122,0.597198426723,0.584599733353,0.670098960400,0.871275186539,0.752145051956,0.440621912479,0.426335692406,0.266083747149,0.218516439199,0.050575993955,-0.346512228251,-0.339140683413,-0.322277903557,-0.489271670580,-0.478574514389,-0.566127598286,-0.365083128214,-0.338198155165,-0.400364488363,-0.151110604405,-0.199929118156,0.038355931640,0.062281571329,-0.059721488506,-0.168323233724,0.201102137566,0.380221337080,0.163585841656,-0.073620833457,-0.104971520603,-0.114668555558,-0.235556200147,-0.090141996741,-0.272204041481,-0.403377294540,-0.030453432351,0.029008755460,-0.130547642708,0.034705143422,0.109066836536,-0.238050431013,-0.255328923464,-0.169640317559,-0.175521910191,0.160918757319,-0.095998905599,-0.282810688019,-0.086524136364,-0.064479455352,0.226270765066,0.303986907005,0.287856757641,0.028160883114,-0.035445999354,0.186865299940,-0.078267663717,-0.039759449661,-0.098283216357,-0.050666544586,-0.076814763248,0.080053962767,0.116903476417,0.155732735991,0.191454514861,0.293902993202,0.435472965240,0.663369536400,0.685665249825,0.516387164593,0.291561067104,0.081877298653,0.262963891029,0.064351864159,-0.035269018263,0.119298920035,0.096850894392,-0.564744651318,-0.250105857849,-0.621461570263,-0.708730638027,-0.367190450430,-0.560089647770,-0.746226370335,-0.580693721771,-0.558360934258,-0.524096190929,-0.341400325298,-0.454809397459,-0.282189190388,-0.227468490601,-0.271426141262,-0.085561014712,0.052670978010,-0.000098781238,-0.097949832678,-0.278377860785,-0.520819962025,-0.312984257936,-0.116236701608,-0.162095889449,-0.331892609596,-0.101534768939,0.204555362463,0.383431732655,0.597062647343,0.938096582890,0.778186261654,0.943447232246,0.968887567520,1.037643313408,0.901708066463,0.574355304241,0.498503625393,0.457986861467,0.141899242997,0.282909452915,-0.055313374847,-0.442593455315,-0.474178761244,-0.503212213516,-0.633245348930,-0.701741874218,-0.858577668667,-0.724531590939,-0.746967256069,-0.803782939911,-0.527438282967,-0.265025943518,-0.152081951499,0.176246315241,0.392280876637,0.562822580338,0.728462219238,0.425837665796,0.668893039227,0.306106597185,0.177028328180,-0.191948413849,-0.495354950428,-0.843863427639,-0.932272613049,-1.309230089188,-1.441370487213,-1.605606675148,-1.443058133125,-1.117578029633,-0.557801187038,-0.207761645317,0.332621127367,0.361111283302,0.641139626503,0.981576800346,1.143886804581,1.398248434067,1.290449261665,0.968373060226,1.000583887100,0.896637320518,0.565288007259,0.300200283527,0.182584777474,-0.032717168331,-0.015212311409,-0.194644317031,-0.340219050646,-0.272512733936,-0.192388802767,-0.245072126389,0.014162760228,0.048913177103,0.037273455411,0.228575661778,0.116442501545,0.204843476415,0.595408022404,0.641802251339,0.691353380680,0.542671203613,0.398137778044,0.502191483974,0.405529886484,0.342001229525,0.078082449734,-0.139116898179,-0.282489657402,-0.290733754635,-0.489395201206,-0.798358201981,-0.681582272053,-0.433571428061,-0.456805616617,-0.407065123320,-0.249521404505,-0.155131816864,-0.435382425785,-0.280999690294,-0.371536821127,-0.401969671249,-0.158066451550,-0.218273609877,0.082712821662,0.391482412815,0.306950330734,0.390634506941,0.368733882904,0.269985586405,0.439440697432,0.706030666828,0.383542865515,0.123106114566,0.049518208951,-0.153337299824,-0.461534738541,-0.588686823845,-0.540959000587,-0.404603838921,-0.176810190082,-0.412913829088,-0.521103978157,-0.478212326765,-0.446491181850,-0.249566674232,-0.206963166595,0.105588905513,0.229135423899,0.351648867130,0.584476232529,0.274772375822,0.224554464221,0.009450071491,-0.029313331470,-0.005881599616,-0.155514597893,0.027399444953,-0.164092093706,-0.175879985094,-0.232975557446,0.017142660916,0.154411539435,0.131646588445,0.094846449792,0.276949673891,0.358826965094,-0.061162050813,0.086474746466,0.072711221874,-0.051152214408,0.160227283835,0.359921783209,0.016101341695,-0.004115884658,0.165660247207,-0.605590701103,-0.659496486187,-0.416544020176,-0.467288762331,-0.336951017380,-0.100439943373,-0.203209459782,-0.024250794202,0.229353576899,0.545992672443,0.439189612865,0.394165962934,0.418424993753,0.343281269073,0.502072095871,0.313799172640,0.191565632820,0.095163375139,-0.067027181387,-0.179654255509,-0.386370450258,-0.447277307510,-0.335514575243,-0.202937826514,0.067574597895,0.469013303518,0.377130329609,0.567897439003,1.028823137283,0.774037420750,0.593103110790,0.634710609913,0.243969082832,0.393536210060,0.418145090342,-0.141779884696,-0.447553098202,-0.331431627274,-0.395223736763,-0.571350693703,-0.823432207108,-0.724506855011,-0.582895696163,-0.600347101688,-0.596362948418,-0.557364881039,-0.514522671700,-0.205526709557,-0.328517585993,0.112252533436,-0.054251477122,0.038783982396,0.330793678761,0.376731067896,0.289087414742,0.380027890205,0.599840819836,0.582270085812,0.378101646900,0.465831726789,0.125168174505,-0.318013846874,-0.520128488541,-0.736809253693,-0.973402678967,-1.094907760620,-0.836784124374,-0.738356828690,-0.595741391182,-0.251624643803,0.246928393841,0.283814966679,0.470935463905,0.615193068981,0.633582890034,0.443610042334,0.352620214224,0.142751231790,0.272097021341,0.453961521387,0.330102205276,0.257563859224,0.358547061682,0.311218529940,0.016134267673,-0.066385105252,-0.008775066584,-0.162268757820,-0.436238557100,-0.488559633493,-0.652544736862,-0.193726465106,-0.028239086270,-0.170636355877,0.034947976470,-0.244755208492,-0.092006489635,0.169488027692,0.338021159172,0.348491966724,0.232950851321,0.168030992150,0.581932604313,0.414128005505,0.089763328433,0.163845151663,-0.052518691868,-0.164725944400,-0.067282371223,-0.100588113070,-0.304258555174,-0.640929758549,-0.390741527081,-0.559822082520,-0.726227343082,-0.296899348497,-0.267758876085,-0.240869820118,-0.241598337889,-0.192804515362,0.095760181546,0.029708458111,-0.122731573880,0.068690001965,0.615843415260,0.390017151833,0.281962811947,0.521577239037,0.356439739466,0.294940203428,0.292396575212,-0.160865247250,-0.249887719750,-0.548886179924,-0.597671747208,-0.623301386833,-0.812627971172,-1.013199090958,-0.828733444214,-0.864932596684,-0.611649334431,-0.164067402482,0.105802938342,0.213643237948,0.373166710138,0.483126699924,0.619988083839,0.470655560493,0.499055176973,0.569543838501,0.490704029799,0.305345147848,0.377352565527,0.241022109985,-0.020883999765,-0.035824660212,0.087425515056,-0.006441359874,0.220878973603,0.076259113848,0.228159964085,0.099073469639,0.129979640245,0.126246541739,0.442029595375,0.601005613804,0.662640988827,0.742826640606,0.530615746975,0.797102868557,0.734533131123,0.464802771807,0.001778062317,-0.122480504215,-0.344907045364,-0.672836065292,-1.012264847755,-0.836002111435,-0.975361824036,-0.900506198406,-0.853609859943,-0.636710941792,-0.431130707264,-0.466848373413,-0.300192058086,0.002543616807,0.196278318763,0.016130153090,0.289363175631,0.356600284576,-0.054473735392,-0.204431891441,-0.024135548621,-0.083449564874,-0.497947961092,-0.405957967043,-0.171916395426,-0.365350633860,-0.265272885561,0.142817094922,0.331151753664,0.407213300467,0.328390002251,0.663332462311,0.275118082762,0.288305372000,0.425030976534,0.166643947363,-0.141372412443,0.010808313265,-0.080193899572,-0.056790981442,0.152847498655,-0.175172060728,-0.068278416991,0.245170906186,0.169681474566,-0.087573677301,0.032568998635,-0.051613193005,-0.045690435916,-0.063298195601,0.243257030845,0.175727710128,0.494486540556,0.718349516392,0.254575729370,0.638949990273,0.569021046162,0.448215752840,0.484320312738,0.131420210004,-0.177230000496,-0.246796697378,-0.299010813236,-0.579018592834,-0.476199626923,-0.356159865856,-0.739463984966,-0.660706520081,-0.405143022537,-0.338729083538,-0.537658035755,-0.278958231211,-0.070929042995,-0.288782835007,-0.244479447603,-0.138524219394,-0.155461087823,-0.355229675770,-0.234646603465,-0.046517733485,0.192248880863,0.183873057365,0.205283880234,0.220734909177,0.096657440066,0.260222703218,0.300471961498,0.132938966155,-0.043784782290,0.112063199282,-0.272829651833,-0.260140389204,-0.373495966196,-0.446404755116,-0.301253974438,-0.266499429941,-0.140993759036,-0.034816268831,-0.095039896667,0.239256396890,0.373660624027,0.348722487688,0.505467712879,0.532476127148,0.411090463400,0.140154108405,0.035911094397,-0.096179999411,-0.282152146101,-0.612139105797,-0.750371098518,-0.749214529991,-0.677503466606,-0.673313498497,-0.479903936386,-0.225830376148,-0.156099051237,0.058931242675,0.586949884892,0.568177342415,0.623943448067,0.889911949635,0.906581282616,0.779573321342,0.836207926273,1.017327308655,0.725795149803,0.576865971088,0.519910335541,0.308699607849,0.081099390984,-0.186433121562,-0.505027294159,-0.804363250732,-0.804342687130,-0.862388968468,-1.013594269753,-0.736064314842,-0.672770202160,-0.491897642612,-0.451829493046,-0.074921451509,0.332168370485,0.400977760553,0.407040446997,0.538291871548,0.857655763626,0.754211187363,0.605417847633,0.615604698658,0.291038334370,0.215219616890,0.206954941154,-0.175213217735,-0.360827267170,-0.529924273491,-0.532426714897,-0.702062964439,-0.646938920021,-0.512110769749,-0.523557007313,-0.535077393055,-0.526121199131,-0.300447255373,-0.178740546107,0.002407792490,-0.031437128782,-0.153892934322,-0.296174943447,0.263182014227,0.245253235102,0.199826225638,0.350043654442,0.279855489731,0.112252533436,0.208523079753,-0.043727163225,-0.398376524448,-0.242549106479,-0.443511277437,-0.612575352192,-0.624305665493,-0.750918507576,-0.639456212521,-0.152382403612,-0.135935336351,-0.012532870285,0.128460884094,0.019830333069,0.172496736050,0.280563414097,0.299809277058,0.392420828342,0.493564546108,0.546684145927,0.740077316761,0.520988702774,0.464391171932,0.377570688725,0.327924907207,0.586999297142,0.518724977970,0.143574416637,0.322158545256,-0.113787755370,-0.286531448364,-0.276723295450,-0.195714443922,-0.365527600050,-0.078839771450,-0.074406966567,-0.377969950438,-0.346993803978,-0.055255755782,-0.314280748367,0.053848125041,0.271105110645,-0.083280816674,-0.142845898867,-0.071007251740,-0.396450251341,-0.153765335679,-0.107951432467,0.065006285906,0.259560048580,0.398594647646,0.553203761578,0.424664646387,0.455006957054,0.592638015747,0.723119795322,0.377583026886,0.230275526643,-0.086417116225,-0.545663416386,-0.681310653687,-0.719201505184,-0.857515811920,-1.063050746918,-0.985449850559,-0.960626959801,-0.906033813953,-0.603804409504,-0.467021226883,-0.091380871832,0.090080253780,0.094471901655,0.311593085527,0.333464860916,0.308008134365,0.118451051414,0.199599832296,0.092850245535,0.106634341180,-0.086186632514,-0.344483107328,-0.221455171704,0.020958086476,0.039751216769,0.114084094763,0.078868582845,-0.033881962299,0.070192299783,0.220216318965,-0.200838729739,-0.355274945498,-0.070385746658,-0.113763056695,-0.053086686879,0.148525819182,-0.065413758159,-0.079288408160,0.185614049435,0.394668102264,0.358477115631,0.323520898819,0.489246994257,0.335378766060,0.266182512045,0.340564787388,0.252089709044,0.163766935468,0.041553974152,0.263054430485,-0.030663343146,-0.083346672356,-0.015187615529,-0.041784465313,-0.112075552344,-0.018603799865,-0.008482838981,0.199414610863,0.401582777500,0.156864598393,0.016249513254,0.202369838953,0.065965287387,0.229489400983,0.270067900419,-0.039644204080,-0.191857859492,0.304517865181,0.066352181137,-0.088730245829,-0.222512975335,-0.302908539772,-0.352673709393,-0.637410640717,-0.681693434715,-0.421680629253,-0.703519940376,-0.943611919880,-0.497659891844,-0.701577246189,-0.809969127178,-0.371684998274,-0.127259045839,-0.366523653269,0.012656345963,0.129300534725,0.249529644847,0.547071039677,0.677894473076,0.576940059662,0.612192571163,0.390539854765,0.410966992378,0.327089369297,0.339651048183,0.303423047066,0.305979013443,0.417523592710,0.489526897669,0.341021656990,-0.023604599759,0.114808492362,0.167088463902,0.281435996294,0.373500078917,0.356908977032,0.311486035585,0.335000097752,0.730293810368,0.776696324348,0.657162725925,0.857400536537,0.984453797340,0.659801065922,0.371462732553,0.375846147537,-0.015376945026,-0.363025158644,-0.510233938694,-0.129316985607,-0.309996098280,-0.284399420023,-0.234905898571,-0.675881803036,-0.801329910755,-0.486069530249,-0.262770444155,-0.252019762993,-0.316832602024,-0.515518724918,-0.096451647580,-0.402990400791,-0.521021664143,-0.264527916908,-0.098229706287,0.002078521764,0.315634876490,0.125756740570,-0.250747948885,-0.049514096230,-0.041319370270,-0.560332477093,-0.481624394655,0.133972048759,-0.231189265847,-0.134358957410,-0.095764294267,-0.545395910740,-0.654833197594,-0.422697275877,-0.714040160179,-0.465160876513,-0.463687360287,-0.535365521908,-0.309646248817,-0.281065553427,-0.285008549690,0.203464657068,0.265939682722,0.048707380891,0.055428624153,-0.011174627580,-0.015706216916,0.107432827353,0.229390621185,0.495301485062,0.161552608013,0.028572471812,0.199122384191,0.100748628378,0.216721907258,0.408909022808,0.328217118979,0.125147596002,0.345409184694,0.110050529242,0.211873397231,0.119908079505,0.035046759993,-0.100530482829,0.142689496279,-0.034663982689,0.127456605434,0.406213134527,0.644053697586,0.549161911011,0.699655115604,0.778630733490,0.619086682796,0.672811329365,0.643304586411,0.255773425102,0.069673702121,0.024180825800,-0.257514446974,-0.459962457418,-0.071949779987,-0.182247266173,-0.373253136873,-0.155802711844,-0.389910131693,-0.732845664024,-0.600001335144,-0.548314094543,-0.621226966381,-0.725202441216,-0.507875502110,-0.839817464352,-0.675494909286,-0.290437400341,-0.465774118900,-0.267598360777,0.101230181754,-0.117212176323,0.345417410135,0.156839907169,-0.142310842872,-0.145587086678,-0.216351494193,-0.467058300972,-0.317952096462,-0.783228218555,-1.047159314156,-0.780478775501,-0.900395095348,-0.709368646145,-0.612044453621,-0.572461962700,0.037446320057,0.432637095451,0.416622221470,0.482632786036,0.769053101540,1.072887778282,0.927230715752,0.809182941914,0.954885303974,0.899090349674,0.636727392673,0.608834028244,0.274735301733,0.361074239016,0.188544571400,0.175250276923,-0.056811559945,-0.033470373601,-0.203271210194,-0.224838435650,-0.324269980192,-0.264746069908,-0.127814695239,0.179489627481,0.235626190901,-0.107568658888,0.228637412190,0.616287887096,0.447005689144,0.415803164244,0.804552555084,0.311518967152,0.323442697525,0.226246088743,0.195442795753,0.329007387161,-0.057025585324,-0.294145852327,-0.155078306794,-0.611575245857,-0.784578263760,-0.727371513844,-0.779145181179,-0.570988476276,-0.690176308155,-0.489588648081,-0.072340793908,0.034655753523,-0.043521367013,0.107305236161,0.257526814938,0.172348573804,0.295919775963,0.409221887589,0.190174460411,0.412642151117,0.251645207405,-0.096817955375,-0.110906638205,-0.310926288366,-0.265927344561,-0.018793130293,-0.043751858175,-0.265861451626,-0.212713047862,-0.451273828745,-0.392890036106,-0.048501588404,-0.086754620075,-0.452113509178,-0.122859165072,-0.122653372586,-0.028119726107,0.039314933121,0.064405366778,0.413757562637,0.356415063143,0.633101284504,0.480731248856,0.950650036335,0.712229192257,0.420643419027,0.263046205044,0.079630024731,0.151563346386,0.327645033598,-0.137116581202,0.073180437088,0.359621316195,0.046027939767,0.072583630681,0.232753291726,-0.211280718446,-0.271883010864,0.016932750121,-0.258983820677,-0.161260366440,0.027745181695,0.074793860316,0.374994158745,0.730643630028,0.515810966492,0.420589953661,0.195393413305,-0.379900276661,-0.088499762118,-0.405809789896,-0.393379837275,-0.286300957203,-0.644716322422,-0.313926756382,-0.184679761529,-0.444289177656,-0.302398175001,-0.323241025209,-0.193376615644,-0.147274598479,-0.228641524911,-0.175616577268,-0.380974531174,-0.355838835239,-0.394198894501,-0.399870574474,-0.443787038326,-0.238470256329,-0.108272470534,0.035948138684,0.256901174784,0.304312080145,0.417951643467,0.742262780666,0.323940724134,0.327937245369,0.822897136211,0.368495166302,0.406550645828,0.270652353764,-0.080605491996,-0.139063403010,-0.219936430454,-0.241166159511,0.110227510333,-0.049917448312,0.099900759757,0.051489721984,0.268878430128,0.208424299955,0.277344793081,0.214972659945,0.155440509319,0.209552049637,0.279604405165,0.350241214037,-0.094735324383,-0.154440343380,-0.217734426260,-0.143800780177,-0.206415742636,-0.216960638762,0.115915670991,-0.102213889360,-0.117039307952,0.075715817511,-0.088763169944,-0.198863089085,-0.259000301361,-0.453541696072,-0.546778857708,-0.477434426546,-0.444857180119,-0.483986884356,-0.506566643715,-0.195483937860,0.222191929817,0.329690605402,0.356892496347,0.713727355003,0.536653757095,0.284226566553,0.389424443245,0.025399126112,0.276731520891,0.432797640562,0.161198630929,0.160214930773,0.320886731148,0.142047420144,0.142006263137,0.024864060804,-0.210194140673,-0.253945976496,-0.313399940729,-0.520046174526,-0.555590987206,-0.705137550831,-0.763327956200,-0.568461358547,-0.573293387890,-0.531401872635,-0.408489227295,-0.120830036700,0.349401593208,0.438950896263,0.157523155212,0.449298202991,0.637920975685,0.760648488998,0.376850426197,0.277435332537,0.136503323913,-0.066599130630,-0.407122731209,-0.556739270687,-0.702643275261,-0.768003523350,-0.763064444065,-0.457966268063,-0.108223080635,0.085050649941,0.207712247968,0.362996369600,0.575734138489,0.619535326958,0.514366269112,0.609006881714,0.627487242222,0.417202562094,0.568798840046,0.365716934204,-0.086400657892,-0.118352264166,-0.351397812366,-0.331645667553,-0.359160333872,-0.273525238037,-0.351533621550,-0.461855769157,-0.240067228675,0.077082291245,0.022999564186,0.097328335047,0.059754420072,0.000353966112,0.346191197634,0.235778465867,-0.176559120417,-0.099427431822,0.320779711008,0.090578280389,0.123645298183,0.095435023308,-0.111322335899,-0.119718745351,-0.112898729742,-0.081420436502,-0.089397020638,-0.217845559120,-0.244458869100,-0.349191665649,-0.479603469372,-0.026609195396,-0.056474059820,-0.005861019716,-0.007445636205,-0.283255189657,-0.336457133293,-0.511308133602,-0.758187115192,-0.697658956051,-0.245051562786,-0.215713515878,-0.265153527260,-0.176859572530,0.102036908269,0.443902283907,0.500520408154,0.485876083374,0.799033164978,0.574561059475,0.251727521420,0.240766927600,0.249130412936,0.073225706816,0.045896232128,-0.019739784300,-0.026572152972,0.057638853788,-0.210572779179,-0.415156960487,-0.489189386368,-0.158255770802,-0.270351886749,0.170377060771,0.350628137589,0.380073159933,0.383497595787,0.508250057697,0.164009779692,0.317437618971,0.494202524424,0.315857112408,-0.074040651321,0.034083642066,-0.001662817551,-0.008001280017,0.330291539431,-0.012565796264,-0.138639464974,0.121398031712,-0.087495476007,0.257843703032,0.546799421310,-0.051699627191,0.070632703602,0.480418443680,0.091903589666,-0.180316910148,0.326698362827,0.057354856282,0.044636774808,0.410053282976,-0.056424669921,-0.054407883435,0.071645207703,-0.313885629177,-0.176517963409,-0.267009794712,-0.053654674441,0.095393858850,0.016932750121,-0.019892072305,-0.014463219792,-0.075687006116,-0.380213111639,-0.182346045971,-0.147916659713,-0.442766308784,-0.274570673704,-0.520951688290,-0.897127091885,-0.497532278299,-0.637410640717,-0.492881357670,-0.196344181895,-0.210601598024,-0.014841881581,0.062536753714,0.202192842960,0.388276100159,0.734854221344,0.606319248676,0.156613528728,0.401537477970,-0.097414761782,0.110252209008,0.392754197121,0.053457111120,-0.129456922412,-0.144632205367,-0.086063154042,0.006379621569,-0.160815849900,-0.493548095226,-0.338445097208,-0.357349336147,-0.373249024153,-0.457669913769,-0.937034726143,-0.521923005581,-0.044175792485,-0.217503935099,0.009754647501,0.439086705446,0.429266244173,0.750087141991,0.930638670921,0.832791626453,0.624729573727,0.712706625462,0.541020691395,0.445194691420,0.086639374495,-0.228937879205,-0.054749500006,-0.123912826180,-0.551602661610,-0.650606155396,-0.677363514900,-0.940788447857,-0.489975512028,-0.533007085323,-0.153765335679,0.002494226210,0.049608763307,0.023394688964,0.326562553644,0.008593968116,-0.002794685774,0.267034500837,0.226509496570,-0.005247753114,0.224636763334,-0.181382939219,-0.444034010172,-0.177851513028,0.104975648224,-0.081177599728,-0.225385844707,-0.362136125565,-0.302595734596,-0.372010141611,-0.457674086094,-0.203954443336,-0.027461184189,-0.260617822409,-0.205670773983,-0.144459336996,-0.194627851248,-0.264774858952,0.180078193545,0.156646460295,0.049752816558,0.296417802572,0.560739934444,0.515074193478,0.566493928432,0.354925096035,0.427315294743,0.413675248623,-0.015344019048,0.345178693533,0.234416097403,-0.352821886539,-0.340103805065,-0.102304428816,-0.298130005598,0.022999564186,0.058116294444,-0.169134065509,-0.066376872361,0.022394530475,0.007651430089,0.087775364518,-0.048867899925,0.069945342839,0.034038368613,0.057717051357,0.417268395424,0.110408619046,0.160819962621,0.520885825157,0.395063221455,0.221331715584,-0.128740757704,-0.342445760965,-0.394832700491,-0.628557324409,-0.565049231052,-0.516864597797,-0.752659499645,-0.537711560726,-0.296854078770,-0.403788894415,-0.442358851433,-0.034161843359,0.059252277017,0.181732788682,0.330452054739,0.402224838734,0.218808665872,0.014652550220,0.002889350988,-0.177625119686,-0.452389270067,-0.107506908476,-0.168360278010,-0.019328195602,0.333300232887,0.472660005093,0.463563889265,0.545350611210,0.333180904388,0.702519834042,0.659726977348,0.215569466352,0.275937139988,0.312589108944,0.273368835449,0.494474202394,0.309082359076,0.433242142200,0.608904004097,0.498499512672,0.232033014297,-0.040829576552,-0.012467014603,0.166746839881,-0.254143536091,-0.788801133633,-0.818546652794,-0.800407886505,-0.981070578098,-0.927514731884,-0.873436093330,-1.180481076241,-0.807516038418,-0.502961158752,-0.360950738192,-0.314959853888,-0.071484692395,-0.073694914579,-0.016031371430,-0.192281797528,0.195385158062,0.374681353569,0.092998415232,0.176172226667,0.251328289509,0.136153474450,-0.052020668983,0.090413637459,0.023538747802,-0.031330116093,0.029206318781,0.280394673347,0.289951741695,0.290746092796,0.356217503548,0.129275828600,0.207860425115,0.382958382368,0.270961046219,0.217401042581,-0.003490270348,-0.593296587467,-0.061153817922,0.234576642513,-0.122505195439,-0.073431499302,-0.207494094968,-0.396244466305,0.054905906320,0.275369167328,-0.103806734085,0.177616894245,0.090187266469,0.423022419214,0.607558131218,0.468062549829,0.436790049076,0.410880565643,0.353278726339,0.273504674435,0.014796606265,-0.438259422779,-0.555648565292,-0.471161812544,-0.658191740513,-0.676680266857,-0.665233969688,-0.889150559902,-0.661023437977,-0.301175773144,-0.437189280987,-0.226834639907,0.020266616717,0.366424888372,0.277254253626,0.316017627716,0.564748764038,0.360222250223,0.249064534903,0.386563897133,0.132305115461,0.181592851877,-0.185762226582,-0.311551898718,-0.155214130878,-0.170743361115,-0.219249069691,0.013767635450,0.162108242512,0.188425213099,0.209543809295,0.262811601162,0.451113343239,0.622869193554,0.441543906927,0.609389662743,0.674029648304,0.739871442318,0.782898902893,0.473968833685,0.393877863884,0.194430276752,0.185136616230,0.121266312897,-0.103609174490,-0.057741746306,0.171632394195,0.055358652025,0.096179999411,0.100991472602,-0.394898593426,-0.439300745726,-0.768769085407,-0.494124323130,-0.025987697765,-0.111799776554,-0.228612706065,-0.172015175223,-0.279501527548,-0.302315860987,-0.030688038096,-0.326768338680,-0.180078193545,-0.060816314071,-0.053547665477,-0.058025743812,0.163589954376,0.188330546021,0.429681926966,0.279764920473,0.257440358400,0.095961853862,-0.150752514601,-0.208066210151,-0.151810303330,-0.497750401497,-0.841410398483,-0.931140720844,-0.801366865635,-0.940689623356,-0.757606804371,-0.614439904690,-0.654343366623,-0.279126971960,-0.175587758422,-0.147426888347,0.131473720074,0.229460582137,0.180176973343,0.235617950559,0.318194955587,0.412329375744,-0.033725559711,-0.058639012277,0.056877415627,0.011754967272,0.034713372588,0.071394138038,0.029630254954,0.137310042977,0.199517518282,0.190050974488,0.032161522657,0.066821388900,0.321323037148,0.205716043711,0.404801398516,0.575487136841,0.742674410343,0.967278182507,0.565748989582,0.563402891159,0.791678130627,0.645914077759,0.559027731419,0.302673935890,-0.016731072217,-0.521425008774,-0.623873531818,-0.678306043148,-0.818102061749,-0.640752732754,-0.481151074171,-0.732643961906,-0.430422782898,-0.409835129976,-0.147682070732,0.096616283059,0.267511934042,0.281769365072,0.487263143063,0.403249710798,0.285346060991,0.042031414807,-0.163960382342,-0.250953733921,-0.236338227987,-0.392984718084,-0.386621534824,-0.458945840597,-0.285148501396,-0.016410032287,0.238280922174,0.173887893558,0.221644520760,0.159111887217,0.029691994190,-0.118982002139,0.098065070808,-0.210869133472,-0.607504606247,-0.611768662930,-0.743439972401,-0.617996037006,-0.527825176716,-0.620016932487,-0.382587939501,-0.285498350859,-0.383839190006,-0.138544797897,0.010343219154,0.021637206897,0.081181712449,0.243787974119,0.693234384060,0.777741730213,0.854807496071,0.860804378986,0.830416798592,0.889311015606,0.997130751610,0.721288263798,0.361354112625,0.192034840584,0.134902238846,-0.015912011266,-0.159741610289,-0.610237598419,-0.618053615093,-0.577738523483,-0.460316449404,-0.437374502420,-0.419268727303,-0.275253921747,-0.204341337085,0.250340461731,0.492432683706,0.423030644655,0.554265618324,0.472338974476,0.144549876451,0.115973293781,-0.037676807493,0.117924213409,0.051242768764,-0.058420870453,-0.365749895573,-0.301328063011,-0.243829131126,-0.311481922865,-0.307378411293,-0.338049978018,-0.113285616040,-0.153407260776,-0.408135265112,-0.677347064018,-0.471367597580,-0.330777198076,-0.283588588238,-0.052016552538,-0.191442146897,-0.164968788624,-0.044435095042,0.160803496838,0.190656036139,0.377253770828,0.384390711784,0.571153104305,0.297743111849,0.133013054729,-0.083017393947,-0.055416274816,-0.299480021000,-0.139816612005,-0.197373136878,-0.676313936710,-0.685620009899,-0.326830059290,-0.393573284149,-0.004128232598,0.094039738178,0.376442968845,0.697885274887,0.548886179924,0.405735731125,0.946538269520,0.638048589230,0.340597689152,0.661764323711,0.529455065727,0.141520589590,0.267544865608,0.271804809570,0.097324214876,-0.138396635652,-0.132646739483,-0.164059177041,-0.088343352079,-0.273838043213,-0.279324531555,-0.218047231436,-0.373751163483,-0.438370555639,-0.556747496128,-0.570774435997,-0.587645471096,-0.583961725235,-0.646914243698,-0.126863926649,0.160321950912,-0.244714051485,0.182321339846,0.437864303589,0.094871141016,0.334304511547,0.262502908707,0.051353897899,0.135017484426,0.090755261481,-0.311169117689,-0.034277088940,-0.073925413191,-0.094920538366,0.205761328340,-0.182704135776,-0.107321701944,0.209893673658,0.219882920384,-0.302262336016,-0.140767380595,0.448038786650,0.503080487251,0.216223880649,0.155201792717,0.294520378113,0.312103450298,0.298776179552,0.366807669401,0.002012667712,0.100061275065,-0.323673188686,-0.222340092063,-0.428834050894,-0.357917368412,0.025296229869,-0.187441512942,-0.265947908163,-0.114405140281,-0.001378821325,0.140755027533,0.372347652912,0.535443723202,0.777836382389,1.062647342682,0.921097993851,0.697272062302,0.605549573898,0.389284521341,0.396125108004,0.228341072798,0.273414134979,-0.290330410004,-0.159214779735,0.164022132754,-0.403694212437,-0.356768995523,0.406892269850,0.339844495058,0.272747337818,0.320825010538,0.012055426836,0.097764611244,0.070056475699,-0.334016412497,-0.321722269058,-0.322899401188,-0.245644256473,-0.703841030598,-0.623358964920,-0.448981285095,-0.299282461405,-0.154621437192,-0.390445172787,-0.342095881701,-0.409226000309,-0.375331670046,-0.165096372366,-0.423001855612,-0.320643901825,0.129477515817,-0.072900556028,0.151921421289,0.192611068487,0.165330976248,0.019772710279,0.187713176012,0.115467041731,-0.248414233327,-0.149690628052,-0.296002089977,-0.338700264692,-0.207753419876,-0.175563067198,-0.269915640354,-0.012376465835,-0.015306975693,0.282888889313,0.441276371479,0.595037579536,0.933149278164,0.940866529942,0.829046249390,0.894925057888,0.611204802990,0.354731649160,0.407390266657,0.299784600735,0.104255370796,0.275904238224,-0.026959044859,0.160486593843,0.332485318184,0.142701849341,0.191964879632,0.430274635553,0.401146501303,0.358230143785,0.229341223836,0.220315098763,0.362160861492,0.264511466026,0.223620146513,0.224657356739,-0.262918621302,-0.249369114637,-0.315013349056,-0.767908871174,-0.705154001713,-0.529339849949,-0.641880452633,-0.353801488876,-0.626120746136,-0.724441051483,-0.242931872606,-0.467288762331,-0.356768995523,-0.291812121868,-0.568473696709,-0.334436237812,-0.260704278946,-0.401936709881,-0.182082638144,-0.169018819928,-0.087100356817,0.332604646683,0.336675286293,0.290029942989,0.302212953568,0.245364367962,0.224673807621,0.370857715607,-0.035869937390,0.156148448586,0.072974644601,-0.168133899570,-0.223974108696,-0.035170234740,-0.015047675930,0.141178965569,-0.008569272235,-0.192133620381,-0.240326523781,-0.356106370687,-0.434678614140,-0.410320818424,-0.521515548229,-0.427023053169,-0.310625821352,-0.160358995199,0.023793930188,0.256576031446,0.227316200733,0.468861043453,0.652030229568,0.615917503834,0.431731611490,0.748494207859,0.631685435772,0.506043970585,0.196484118700,-0.204946368933,-0.347129613161,-0.569251596928,-0.448722004890,-0.237132593989,-0.643506228924,0.099143438041,0.375253468752,0.232658624649,0.518803179264,0.633364737034,0.657479703426,0.767587780952,0.467037677765,0.542164921761,0.758055448532,0.282864183187,0.123777009547,0.292697042227,-0.121336288750,-0.471421092749,-0.302719235420,-0.841097533703,-0.983712911606,-1.036573290825,-1.056366562843,-1.012746453285,-0.776914417744,-0.415301024914,-0.003593167523,-0.274015039206,0.153250858188,0.276163518429,0.966837823391,0.923106551170,0.789739549160,0.969887733459,0.702025890350,0.694115161896,0.885067522526,0.492021113634,-0.077353939414,-0.129954949021,-0.123262517154,-0.211560606956,-0.520552396774,-0.347738772631,-0.272039413452,-0.276060640812,-0.141594678164,0.089030705392,0.045266501606,0.022645598277,0.260103344917,0.229723989964,0.448166340590,0.328645199537,0.161601990461,-0.121056407690,-0.221837967634,0.152295976877,0.427553981543,0.090903431177,0.343412965536,0.472474783659,0.342499256134,0.376072525978,0.186350807548,-0.163857489824,-0.025609036908,0.162832632661,0.106494411826,0.198821932077,-0.041130039841,-0.274504840374,-0.291820347309,-0.334012269974,-0.149563029408,0.189828723669,0.039282005280,0.101905189455,0.222200155258,0.166277632117,0.061462510377,-0.113565497100,0.075448289514,0.235984265804,0.133947357535,-0.250677973032,-0.036960646510,-0.245763599873,-0.284140110016,0.109404332936,0.208753570914,0.234333798289,0.338667362928,0.131856486201,0.134667634964,0.196496471763,0.292688786983,0.174620538950,0.243903234601,0.271755397320,0.126180678606,0.074118852615,0.323356270790,-0.007943658158,0.247866809368,0.338486254215,0.109169729054,-0.106519103050,0.126345321536,-0.168294414878,-0.452636212111,-0.414947062731,-0.286379158497,-0.512596428394,-0.501528799534,-0.469227313995,-0.415333956480,-0.335012435913,-0.412769734859,-0.355427235365,-0.076308503747,-0.305122911930,-0.111186519265,0.079831704497,-0.130358308554,-0.034906819463,0.057091441005,-0.022353369743,-0.245426088572,-0.471095949411,0.101588271558,0.166001871228,0.291606336832,0.299973934889,0.360082328320,0.594720661640,0.825391292572,0.769892752171,0.732224166393,0.640534579754,0.661142826080,0.634529471397,0.480064451694,0.533908486366,0.368824422359,0.124847136438,0.044793173671,0.044344544411,-0.001506413915,0.173015326262,-0.004490430467,-0.392688363791,-0.272158771753,-0.594930589199,-0.480632454157,-0.113800108433,-0.109461963177,-0.444425046444,-0.316890209913,0.041615713388,0.136186406016,0.155263528228,0.348035126925,0.191528588533,0.045373518020,0.190215632319,-0.086482971907,0.057149063796,-0.325237214565,-0.436917632818,-0.739657402039,-0.601758837700,-0.838236987591,-0.776494622231,-0.684455215931,-0.579512476921,-0.159634605050,0.057655315846,-0.119517065585,0.141495898366,0.264783114195,0.264330357313,0.213832572103,-0.162840873003,-0.029889557511,-0.045052476227,0.115467041731,-0.034009557217,-0.158897846937,-0.058733679354,0.335436403751,0.379196465015,0.533826172352,0.389729022980,0.055683806539,0.216693103313,0.050205565989,-0.083585388958,-0.200916916132,-0.161330342293,-0.097315981984,-0.148657530546,-0.228633284569,0.116179078817,-0.005276564509,0.155806824565,0.536559104919,0.615353584290,0.666707515717,0.836137950420,0.684570431709,0.529426276684,0.467704474926,0.371964871883,0.288889855146,-0.302464038134,-0.533369302750,-0.403747737408,-0.369388312101,-0.527755200863,-0.366272598505,-0.336238980293,0.021250315011,0.189384207129,0.140779718757,0.195912003517,0.176361560822,0.541596949100,0.559035956860,0.598392069340,0.683998346329,0.444342702627,0.146813616157,0.089261196554,0.167339533567,-0.104662835598,-0.417951643467,-0.559599816799,-0.515893220901,-0.856635034084,-0.916368901730,-0.616115033627,-0.581002473831,-0.602293908596,-0.130057841539,0.123616494238,-0.069389700890,0.129275828600,0.196368858218,0.017846476287,0.047814235091,0.059787340462,-0.002662977669,0.131897643209,0.115030750632,-0.078638099134,-0.151719748974,-0.445334643126,-0.414864718914,-0.359440207481,-0.756886541843,-0.679450273514,-0.330950081348,-0.082712821662,0.273916274309,0.085289366543,0.175686538219,0.625104129314,1.008021354675,0.873654186726,0.626149535179,0.704178452492,0.692328870296,0.426401555538,0.444729596376,0.409621119499,0.093002535403,0.311605423689,0.223447263241,0.141425922513,0.284510523081,0.026016507298,0.068982228637,0.006157364231,-0.091442614794,0.133819773793,0.377694159746,0.408917248249,0.548622786999,0.298360496759,-0.239099979401,-0.002432487905,-0.152382403612,-0.181131869555,-0.063866190612,-0.502162635326,-0.368170022964,-0.071665793657,-0.151423409581,-0.204818785191,-0.280728042126,-0.439218401909,-0.218911558390,-0.407579630613,-0.441659152508,-0.246570318937,-0.174089595675,-0.076333202422,0.115224197507,0.366638898849,0.220681399107,0.044813755900,0.045307662338,-0.300356686115,-0.559521615505,-0.187589690089,-0.390667438507,-0.903428554535,-0.530253529549,-0.697831869125,-0.814541876316,-0.437814891338,-0.224830210209,-0.318927586079,-0.058503184468,-0.130267754197,-0.132823720574,-0.262922734022,-0.290153443813,0.086145468056,0.322965264320,0.450491815805,0.238490834832,0.136206984520,0.219862326980,0.224204599857,0.509933471680,0.291705131531,0.332872182131,0.496392190456,0.805840849876,0.427455216646,0.382810235023,0.236445233226,0.148624598980,-0.048715613782,0.019599843770,0.104140117764,0.003259780817,-0.068237252533,0.211696431041,0.378628492355,0.207255393267,0.459056973457,0.694769620895,0.584966003895,0.514028787613,0.507447481155,0.322483688593,0.277114301920,0.361469388008,0.365325927734,0.153621286154,0.097241893411,-0.049061350524,-0.006227333564,-0.397841423750,-0.548993170261,-0.588974893093,-0.439148455858,-0.808882534504,-0.730783581734,-0.428500652313,-0.089339397848,-0.448047012091,-0.515403449535,-0.237527728081,-0.134066715837,0.098102115095,-0.034762766212,0.126830995083,0.369417130947,0.054938830435,0.168203860521,0.124530211091,-0.044377472252,-0.138388395309,-0.079852283001,-0.425504297018,-0.387329459190,-0.772827327251,-0.640884459019,-0.738714873791,-0.626676440239,-0.452047646046,-0.064961016178,0.110544435680,0.279933691025,0.713385760784,0.640583992004,0.387205988169,1.015479326248,0.931906282902,0.315737754107,0.519400000572,0.474063515663,0.298677444458,0.366605967283,0.329299598932,-0.147863164544,-0.371413320303,-0.456373423338,-0.643946647644,-0.857589840889,-1.095393300056,-0.826206207275,-0.714126646519,-0.520964026451,-0.614304065704,-0.238667830825,-0.218845710158,-0.240215390921,0.282658398151,0.405245929956,0.272636204958,0.313062429428,0.329620629549,0.287568658590,0.219187334180,-0.257786095142,-0.122262358665,-0.215705290437,-0.267672479153,-0.217845559120,-0.298162937164,-0.491597175598,-0.486435860395,-0.293289721012,-0.178440079093,-0.169813185930,-0.027448836714,0.435415327549,0.538761138916,0.538773477077,0.762718796730,0.704701244831,0.816369295120,1.032761931419,0.944632649422,1.011038303375,0.796152114868,0.569416224957,0.707915723324,0.408657997847,0.396956533194,0.119764022529,-0.010631331243,-0.006581299938,-0.189310133457,-0.455163359642,-0.373059689999,-0.525466799736,-0.337696015835,-0.112729974091,-0.413946896791,-0.275303304195,0.047176271677,-0.229160130024,-0.068862870336,-0.002728831489,-0.380711138248,0.107115909457,0.065664827824,-0.217582151294,-0.188433438540,-0.218409419060,-0.317392349243,-0.137264758348,-0.281826972961,-0.076267346740,-0.081869065762,0.126863926649,-0.041599247605,-0.268026441336,-0.067282371223,0.047431457788,-0.607558131218,-0.599635004997,-0.541312932968,-0.806799888611,-0.503829538822,-0.603331089020,-0.466617852449,-0.456208795309,-0.272154659033,0.091454960406,0.274253755808,0.145187839866,0.343100160360,0.127773523331,0.212910607457,0.447219729424,0.512999773026,0.364050000906,0.104173041880,0.196183636785,0.152312442660,0.305946052074,0.258325278759,-0.023246519268,0.315334409475,0.296623587608,0.251023709774,0.409641683102,0.389255702496,0.124122746289,0.406781136990,0.514629662037,0.089108906686,0.447153866291,0.627079784870,-0.098180316389,-0.099649690092,0.134457722306,-0.002588891424,0.237293109298,0.285979926586,-0.046303704381,-0.008063018322,0.080494359136,0.148822173476,0.143739044666,-0.385485529900,-0.217886716127,0.060931559652,-0.033762603998,-0.309683293104,-0.216890677810,-0.245352014899,-0.191746726632,-0.098180316389,-0.191861972213,-0.143035233021,-0.277974516153,-0.564884603024,-0.528072178364,-0.754202961922,-0.533402204514,-0.273084849119,-0.437901347876,-0.626873970032,-0.196953326464,-0.020991012454,-0.082379437983,-0.081000618637,-0.027885120362,-0.032815948129,0.003905974794,0.279736131430,0.008231769316,-0.326685994864,-0.232177078724,-0.544243454933,-0.958750128746,-0.916097164154,-0.850255429745,-0.838977873325,-0.403068602085,-0.122953832150,0.109852962196,0.589460551739,0.985857367516,1.060667634010,0.877901792526,0.956992626190,0.973472654819,0.950164437294,0.721065998077,0.936038672924,0.355591893196,0.137980923057,0.223336145282,0.198352724314,-0.132198110223,-0.159148916602,-0.291960299015,0.110585600138,-0.027502343059,-0.178032591939,-0.113413207233,-0.151320502162,-0.189569428563,0.092142321169,0.179333209991,0.236766293645,0.265223503113,0.250640928745,0.450722336769,0.479360640049,0.444095730782,0.393704980612,0.086857520044,-0.167738780379,-0.366243779659,-0.742476820946,-1.007807374001,-1.013363838196,-0.838949024677,-0.972135007381,-0.733368396759,-0.597272515297,-0.560287177563,-0.238153323531,0.077283971012,0.339902102947,0.305373966694,0.413885146379,0.543621957302,0.547754287720,0.534793376923,0.335164725780,0.174525871873,0.245409637690,-0.059025902301,-0.222973957658,-0.114964894950,-0.246841967106,-0.083260238171,0.004939062055,-0.136865526438,-0.186556592584,-0.195907890797,-0.039302583784,-0.247895628214,-0.222821667790,0.150933623314,0.036923605949,0.041714493185,0.328739851713,0.484221518040,0.160540089011,0.493790954351,0.535431325436,0.312008768320,0.487003862858,0.293993562460,0.139627277851,0.117315068841,-0.075407132506,0.381456106901,0.396680772305,0.081873185933,0.129218205810,-0.142269685864,-0.095636703074,-0.050139710307,-0.169990167022,-0.052547499537,-0.194261536002,-0.319162160158,-0.311588972807,-0.252896428108,0.136412769556,0.224159330130,0.094541877508,0.173101767898,0.158469796181,0.205897137523,0.082210689783,0.087454326451,-0.054807126522,-0.406801700592,-0.360160499811,-0.316359251738,-0.472845226526,-0.590777695179,-0.469536006451,-0.733932256699,-0.634936988354,-0.243285834789,-0.096636861563,-0.227003410459,-0.188832685351,-0.209914252162,0.194599047303,0.031963963062,-0.116500124335,0.356217503548,0.161968305707,-0.133066564798,-0.174838662148,-0.164837077260,-0.362477779388,-0.127398982644,-0.255674660206,-0.146274432540,-0.330151587725,-0.200044348836,0.051674932241,-0.032585460693,-0.356567323208,0.309563934803,0.311856478453,0.112565331161,0.463481575251,0.528895318508,0.281555324793,0.165561467409,0.214503452182,0.250249922276,-0.030597487465,0.177835032344,0.307674735785,0.214783340693,0.129337564111,0.027469415218,0.129777967930,0.222154885530,-0.207485869527,0.085367567837,-0.011265177280,0.007688472513,0.064471222460,0.163552924991,0.211609989405,0.318413078785,0.190125077963,0.220014631748,0.362712353468,0.308148056269,0.291149467230,0.350747466087,0.028527198359,-0.208975821733,-0.478241145611,-0.427553981543,-0.643559753895,-0.939994037151,-0.667119085789,-0.669975519180,-0.749436736107,-0.314733505249,-0.327768504620,-0.344762980938,0.285346060991,0.139717832208,-0.126637548208,0.269059509039,0.200694665313,0.077275738120,0.198690235615,0.076979398727,0.005046074744,-0.241437807679,-0.051436211914,-0.116553626955,0.000176983056,-0.134251937270,-0.082585230470,-0.251274794340,-0.423977315426,-0.347693502903,-0.628968954086,-0.849135875702,-0.573009371758,-0.498046755791,-0.481015264988,-0.295944482088,-0.286988317966,0.090903431177,0.312749624252,0.503208100796,0.376809239388,0.378295093775,0.710776269436,0.894488811493,0.867706716061,0.354369431734,0.329069107771,0.427039504051,0.297084569931,0.347298383713,0.138351351023,-0.099279262125,0.254151761532,-0.045245926827,0.184070602059,0.551783740520,0.140573933721,-0.190372020006,0.068825826049,-0.110931336880,0.202275171876,0.299936890602,0.322368472815,0.204831123352,0.332612872124,0.196801036596,0.165882512927,0.451245039701,0.239009439945,0.044719088823,-0.071958012879,-0.520856976509,-0.567238867283,-0.699428796768,-0.928889334202,-0.990088462830,-0.886573970318,-0.543453216553,-0.259206086397,-0.176859572530,-0.075806371868,-0.097176045179,0.389506787062,0.791912674904,0.589040756226,0.589427649975,0.784672915936,0.450644135475,0.267808288336,-0.199916750193,-0.374681353569,-0.093414127827,-0.085009485483,-0.351739406586,-0.194253310561,-0.259765833616,-0.133087128401,0.198237493634,0.134408339858,0.046048521996,0.118315227330,0.315202683210,-0.063137672842,-0.135379686952,-0.029000524431,-0.115290045738,-0.225381731987,-0.111972644925,-0.266116648912,-0.297710180283,0.192582249641,0.095118097961,0.154699653387,0.122023642063,0.259193718433,0.433760762215,0.377591282129,0.245837703347,0.166549280286,-0.142129734159,-0.175904691219,-0.220800757408,-0.370437890291,-0.440881252289,-0.277900427580,-0.284012526274,-0.212412580848,0.208831757307,-0.042303066701,-0.126357674599,-0.046904627234,-0.320211708546,-0.469914674759,-0.518655002117,-0.285210251808,-0.228361636400,-0.142240867019,0.039903506637,-0.055585023016,-0.058280926198,0.168179169297,0.308757215738,0.218450590968,0.426418036222,0.144944995642,0.294639736414,0.311638355255,-0.019575148821,0.119434751570,0.036989457905,0.004770310596,0.099649690092,0.057404246181,0.250805556774,0.207572311163,0.508394122124,0.615160167217,0.671136200428,0.726280808449,0.713307499886,0.408040612936,0.608973979950,0.445124745369,0.201723650098,0.435011982918,0.527973413467,0.172669604421,0.059692680836,0.132934853435,-0.016932750121,-0.216499656439,-0.468539983034,-0.405282944441,-0.592794477940,-0.473890632391,-0.690233886242,-0.776774525642,-0.463539183140,-0.572585463524,-0.583039820194,-0.508208870888,-0.382909029722,-0.087557218969,0.517350256443,0.353077054024,0.233749330044,0.489246994257,0.451948851347,0.316075265408,0.423236429691,0.386679142714,0.261893779039,0.256559580564,-0.004700340796,-0.026922002435,-0.301365077496,-0.441276371479,-0.260337948799,-0.378171622753,-0.524055004120,-0.702844977379,-0.782697260380,-0.806087851524,-0.697276175022,-0.564847588539,-0.550071537495,-0.340926975012,0.078432299197,0.253592014313,0.257609128952,0.046011477709,0.234177395701,0.667172610760,0.765208899975,0.664225637913,0.692073702812,0.597988665104,0.524610698223,0.454657107592,0.145266041160,0.046147301793,0.265783280134,0.240651682019,0.263177901506,-0.232168823481,-0.188589841127,-0.094220831990,-0.364235222340,-0.109519578516,0.057610042393,0.157070398331,0.385201573372,0.217211708426,0.167607054114,0.186601862311,0.430669754744,0.507068812847,0.454319626093,0.377554237843,0.402871042490,0.179110959172,0.225406438112,-0.154506206512,-0.004552168772,-0.204209625721,-0.581027150154,-0.931050240993,-0.941208243370,-1.021253943443,-1.013067483902,-1.102217555046,-0.976061463356,-0.802185952663,-0.473635464907,-0.190923556685,-0.158210501075,0.123093776405,0.084071062505,0.367610245943,0.472462445498,0.688241779804,0.588682711124,0.544906079769,0.147225201130,0.092854358256,-0.147867277265,-0.259671181440,-0.159984454513,-0.126468792558,-0.263375461102,0.240915089846,0.223916485906,0.203538745642,0.406344860792,0.620992362499,0.241042673588,0.525495588779,0.585673928261,0.380851060152,0.566716194153,0.410357832909,0.369832813740,0.325397759676,0.224908426404,0.391313642263,0.403978228569,0.169726744294,0.051868382841,-0.079514779150,-0.295244783163,-0.532323837280,-0.502146184444,-0.464094847441,-0.400138080120,-0.538489460945,-0.463078230619,-0.250990778208,-0.099522098899,-0.227575510740,0.047168042511,0.268429785967,0.271652519703,0.036903023720,0.267861783504,0.318112611771,0.028918208554,0.004424576182,-0.010232090019,-0.162174090743,-0.181831568480,-0.265239983797,-0.107453405857,-0.224105820060,-0.373187273741,0.074324652553,0.340144962072,0.199896186590,0.273298859596,-0.031745821238,-0.008663938381,0.256160348654,-0.019249994308,-0.117998301983,-0.230291992426,-0.043858867139,0.088977202773,0.086396545172,-0.003535545198,0.597692370415,0.436246782541,0.447964668274,0.488127499819,0.156592965126,0.052329361439,0.375418066978,-0.082428827882,-0.455858945847,-0.408793807030,-0.312054038048,-0.571507096291,-0.409040778875,-0.464638113976,-0.532863080502,-0.130452975631,-0.202818468213,-0.447281420231,-0.386609196663,0.004646833986,-0.243878528476,-0.165582045913,0.197891756892,0.214622810483,0.224188134074,0.245475485921,0.494585335255,0.639073431492,0.680051207542,0.773922204971,0.778593719006,0.331542760134,0.288025498390,0.374611377716,0.157457292080,0.058676052839,-0.038257151842,-0.196718707681,-0.040739029646,-0.129629790783,-0.036400888115,0.096081219614,0.143306881189,0.290918976068,0.270520657301,0.408324599266,0.381073325872,0.198118120432,0.042554132640,-0.083478376269,-0.171492457390,-0.171784684062,-0.009227814153,-0.148595795035,-0.312564402819,-0.364799112082,-0.414877086878,-0.532587289810,-0.246158733964,-0.135445535183,0.019081242383,-0.003457343439,0.054848283529,-0.043710697442,-0.201859459281,-0.099448010325,-0.303097873926,-0.396886557341,-0.532451450825,-0.567045509815,-0.586427152157,-0.430385738611,-0.248097315431,0.112100236118,0.630384802818,0.576071619987,0.533867299557,0.846732199192,0.920863389969,0.635953605175,0.633809208870,0.490210115910,0.185140728951,0.316869616508,0.040907781571,-0.492420345545,-0.690616667271,-0.551804363728,-0.501059591770,-0.314358949661,-0.376619964838,-0.456702709198,-0.385851860046,-0.269923865795,-0.215886399150,0.169677361846,0.153872355819,0.174785166979,-0.040273934603,0.512522339821,0.450306624174,0.466741323471,0.662105917931,0.604759335518,0.020287195221,0.047151576728,-0.156317189336,-0.418227404356,-0.617053449154,-0.724375128746,-0.564522445202,-0.725511133671,-0.829301416874,-0.717114746571,-0.738455593586,-0.746695637703,-0.326579004526,-0.218170717359,-0.005922758486,0.183202147484,0.085738003254,0.223825931549,0.287177652121,0.281209588051,0.372574031353,0.228954330087,0.221031248569,0.547939538956,0.458921164274,0.210342302918,0.439210176468,0.213947817683,0.233926326036,0.635710775852,0.508352935314,0.144693925977,0.200513556600,-0.067249439657,0.070048250258,0.061639491469,0.119270108640,-0.050604805350,0.170776307583,0.104086615145,0.085696838796,0.327657371759,0.200583547354,0.361749231815,0.399479568005,0.421557158232,0.307180821896,0.241137340665,-0.046587701887,-0.104123651981,-0.341853052378,-0.517835974693,-0.772436380386,-0.747473478317,-0.784611165524,-0.380361258984,0.023551095277,0.095282740891,0.163495287299,0.461674720049,0.171327829361,0.188713327050,0.160861134529,-0.287926733494,-0.510554969311,-0.330546706915,-0.375426352024,-0.494470089674,-0.465123802423,-0.262198328972,-0.196965664625,0.162569224834,0.224673807621,0.210189998150,0.246088773012,0.088746711612,-0.188984975219,-0.106407970190,0.068780556321,-0.139680787921,-0.250554502010,-0.478553950787,-0.346788018942,-0.120653055608,-0.192298263311,-0.529660880566,-0.251003116369,0.064355976880,0.097143113613,0.260650753975,-0.039491917938,0.169286355376,0.823847830296,0.908194720745,0.457587629557,0.396989464760,0.817990958691,0.549766957760,0.417239606380,0.371754974127,0.146632522345,0.441967844963,0.350364685059,0.179057464004,0.472396552563,0.368989080191,0.178365990520,0.129852056503,-0.122735686600,-0.070575080812,0.205386772752,-0.043348502368,-0.489769697189,-0.475063681602,-0.456480473280,-0.491095036268,-0.482912689447,-0.526792109013,-0.650696754456,-0.595836043358,-0.523425340652,-0.286782503128,-0.283452749252,-0.160799384117,0.006964076776,-0.013874648139,0.173912599683,0.219389006495,0.328591674566,0.222899854183,0.136725574732,0.184181734920,0.314461827278,0.064532957971,-0.252328455448,-0.382649689913,-0.253810137510,-0.647115886211,-0.420347094536,-0.345680803061,-0.472071409225,-0.063816800714,0.007190451026,0.182523027062,0.458793580532,0.486946225166,0.699511110783,0.713443338871,0.552582204342,0.508608102798,0.618259429932,0.364334017038,0.154901325703,0.167413622141,0.368725657463,0.264976531267,-0.100057162344,-0.048707380891,-0.110754340887,-0.269886791706,-0.107301123440,-0.070673860610,-0.365865141153,-0.523791670799,-0.176682591438,0.042471814901,-0.335576325655,-0.328595787287,-0.193002074957,0.013858184218,-0.226571232080,-0.364000618458,-0.003638442140,0.098468437791,-0.279579699039,-0.257958978415,-0.360465049744,-0.363815397024,-0.447569549084,-0.609710693359,-0.735747396946,-0.737134397030,-0.286836028099,0.070352822542,-0.160507172346,-0.113915346563,0.475755155087,0.435353636742,0.384003847837,0.737340152264,0.691258728504,0.678038537502,0.852202236652,0.898156046867,0.663958132267,0.679088056087,0.214495226741,0.098217368126,0.128856018186,0.113964736462,0.332295984030,0.356945991516,-0.152201309800,-0.013113209046,-0.041508696973,-0.362605333328,-0.422277420759,-0.266943961382,-0.509139120579,-0.051991857588,-0.013269612566,-0.323615580797,-0.307436019182,-0.298335820436,-0.051185142249,0.282065689564,0.016969794407,-0.271076291800,-0.128312706947,-0.286691963673,-0.577870249748,-0.440119773149,-0.816937327385,-0.899370193481,-0.839064300060,-1.033486366272,-1.082852244377,-0.647568643093,-0.444630831480,-0.217553332448,0.009310130961,0.076217956841,0.193249031901,0.480385482311,0.626462340355,0.640806198120,0.543342113495,0.230584233999,0.287506908178,0.402344226837,0.047015756369,-0.086758740246,0.272372812033,0.402936875820,0.125402778387,0.359526664019,0.110951907933,0.063903227448,-0.046307820827,0.020620582625,-0.100769214332,-0.031992774457,-0.079206094146,-0.106679618359,-0.138515993953,0.133371129632,0.327974289656,0.485143482685,0.493622183800,0.355995237827,0.600264787674,0.454422503710,0.250472187996,0.177785634995,0.314729392529,0.349611520767,0.040594972670,-0.215351328254,-0.200081408024,-0.224443316460,-0.229328870773,-0.173554524779,-0.412214130163,-0.229695200920,0.232218220830,0.223220899701,-0.233000248671,-0.374166876078,-0.156193718314,-0.159807473421,-0.027732834220,0.152316555381,0.066702030599,-0.064018473029,-0.475903302431,-0.277497082949,-0.269306451082,-0.389852494001,-0.234518989921,-0.270228415728,-0.242141619325,-0.329460114241,-0.485382169485,-0.405739843845,-0.307905226946,-0.468297153711,-0.338560342789,-0.168298527598,-0.059598013759,-0.153790041804,-0.092134080827,-0.023641642183,0.241832926869,0.221611604095,0.409802168608,0.479871004820,0.344462513924,0.033359248191,0.089006014168,-0.024699425325,-0.287066519260,-0.434596300125,-0.692765176296,-0.560377717018,-0.435703456402,-0.486839205027,-0.272282242775,0.109210893512,0.027580544353,0.034659866244,0.281559437513,0.406760573387,0.438452869654,0.447417289019,0.442630499601,0.489502191544,0.546066820621,0.361111283302,0.534270703793,0.726046264172,0.467955559492,0.358049035072,0.530591070652,0.536686718464,0.364379286766,0.238038092852,0.033042326570,-0.161350920796,-0.349352180958,-0.207391202450,-0.162803828716,-0.173970222473,-0.158021166921,-0.117446772754,-0.484534323215,-0.211745828390,-0.144183561206,-0.171270191669,-0.115174807608,-0.016908055171,-0.241491302848,-0.456579238176,-0.707269489765,-0.597433030605,-0.751564741135,-0.728067100048,-0.720477402210,-0.385547280312,-0.521120429039,-0.473915308714,-0.213244006038,0.367243915796,0.615283608437,0.403290867805,0.473244458437,0.582817554474,0.317433506250,0.263577133417,0.360407471657,0.114960782230,0.205913618207,0.072291404009,0.053230736405,-0.049728121608,-0.342560976744,-0.540740847588,-0.331505715847,-0.609628438950,-0.254040658474,-0.076650120318,-0.298422217369,-0.125892579556,0.153600707650,0.321800440550,0.259201973677,0.443634778261,0.309070020914,0.190116837621,0.347882837057,0.442169517279,0.409419447184,0.335852086544,0.073941871524,0.139186874032,-0.155164748430,0.048674456775,0.044706739485,0.025963002816,-0.228830844164,0.074839137495,-0.089574009180,0.225727468729,0.121612049639,0.370347350836,0.552755117416,0.360053479671,0.111095964909,0.511871993542,0.220273926854,-0.208749458194,-0.013356046751,-0.042298950255,-0.397964924574,-0.237354844809,0.041344065219,-0.227085709572,-0.151345208287,0.031642921269,0.082782797515,0.115228310227,0.067014835775,0.249126285315,0.448586165905,0.081004731357,-0.175307884812,-0.293442010880,-0.484205067158,-0.171751767397,0.017858823761,-0.419285178185,-0.245928227901,-0.121760219336,-0.263643026352,-0.193635910749,-0.078140072525,-0.000370429654,0.124402619898,0.010071570054,-0.201386138797,-0.254756808281,-0.359049201012,-0.248447164893,-0.451607257128,-0.873353719711,-0.897678554058,-0.605887055397,-0.589147746563,-0.531154990196,-0.457369446754,-0.162030041218,-0.137417048216,0.209733143449,0.240906864405,0.110643215477,-0.001926234108,0.084264509380,-0.059462185949,0.060388267040,0.117430306971,-0.373944610357,-0.433847218752,-0.002811149461,-0.064582347870,-0.080848328769,0.084643177688,0.267034500837,0.475936233997,0.239429250360,0.331489264965,0.462539017200,0.327764391899,0.376076638699,0.257584422827,0.151686832309,0.509678244591,0.104704000056,0.272874951363,0.706726253033,0.444449722767,0.529450953007,0.586781084538,0.411798387766,0.354781031609,0.202925473452,0.077831380069,-0.264482647181,-0.393849015236,-0.345536768436,-0.528389096260,-0.375628024340,-0.268215745687,-0.206349879503,0.192734539509,0.198011100292,0.497548729181,0.583681881428,0.405612200499,0.411020517349,0.206469252706,-0.201748326421,-0.144035398960,-0.117611415684,-0.079107306898,-0.080844208598,-0.115491732955,0.055428624153,0.025629615411,0.013578304090,-0.094599492848,-0.246360406280,-0.586126685143,-0.463876694441,-0.426767885685,-0.431324154139,-0.263799428940,-0.414333790541,-0.765106022358,-0.266293644905,-0.106589064002,0.007816065103,-0.069805406034,0.235609710217,0.115948595107,0.167565912008,0.116668872535,0.057638853788,-0.059544507414,-0.326393812895,-0.374520808458,-0.459843128920,-0.542123794556,-0.348829478025,-0.333596587181,-0.045118328184,0.135968253016,0.409378260374,0.437222212553,0.581418156624,0.448746711016,0.573762595654,0.456040054560,0.450611203909,0.149229630828,0.020476527512,0.113532572985,0.140326976776,0.336761683226,0.124867722392,-0.001020739437,0.092541560531,0.232687443495,0.248792901635,-0.062153976411,-0.145657047629,-0.114289887249,-0.038693435490,-0.289136797190,-0.111787430942,-0.262507021427,-0.153901174664,-0.072484850883,-0.165343329310,-0.191396877170,-0.285325497389,-0.052860312164,0.281909286976,0.191429808736,0.219096779823,0.363160997629,0.392988830805,-0.252122640610,-0.419791460037,-0.271603107452,-0.303818166256,-0.352731347084,-0.307444244623,-0.207605242729,-0.358308374882,-0.101571805775,-0.080420278013,0.091096885502,0.253991246223,0.238363251090,0.312967777252,0.039821188897,-0.039714172482,0.263087362051,0.318162024021,0.089121259749,0.133992642164,0.092047646642,0.118562184274,0.269927978516,-0.142092689872,-0.733174920082,-0.558772563934,-0.634191989899,-0.662352859974,-0.702573299408,-0.604738771915,-0.422557324171,-0.382155805826,-0.311440795660,-0.329390168190,-0.248813465238,-0.080453202128,0.006449591368,-0.042895752937,-0.048250518739,0.167767584324,0.271874785423,0.284008413553,0.102349705994,0.309724450111,0.193393066525,-0.024588296190,0.046171996742,0.153464883566,-0.139631390572,-0.444075167179,-0.112252533436,-0.039125602692,0.150550842285,0.545605778694,0.480747699738,0.857725739479,1.212675452232,0.756767213345,1.155164241791,1.246841430664,1.033556342125,0.926786124706,0.684084773064,0.341906577349,0.364478081465,0.378397971392,0.173336371779,0.340251982212,0.233238965273,0.115788072348,0.080774240196,-0.386633872986,-0.264770746231,-0.061256714165,-0.113594301045,0.046406604350,0.150863647461,0.094953469932,0.163861602545,0.060079574585,0.121517382562,-0.020995128900,0.113944150507,-0.072772957385,-0.126345321536,-0.453307121992,-0.523474693298,-0.590728282928,-0.747576415539,-1.502450227737,-1.776893377304,-1.768097758293,-1.778218626976,-1.323092341423,-1.532434463501,-1.102028250694,-0.415156960487,-0.411888927221,-0.206930235028,0.353904366493,0.436596602201,0.537444055080,0.399845838547,0.443667709827,0.685298979282,0.858906984329,0.863755464554,0.949304163456,0.732886791229,1.000588059425,0.831717491150,0.648416519165,0.441276371479,-0.030729195103,0.158790841699,0.427060097456,0.103959023952,0.180160507560,0.099608525634,0.241832926869,0.234016865492,0.048415154219,0.142948791385,0.353159368038,0.353315800428,0.242882475257,0.430196404457,0.413922220469,0.467494547367,0.682257294655,0.605512499809,0.296697676182,0.340659439564,0.201740100980,-0.044887840748,-0.216018095613,-0.491593062878,-0.206078246236,-0.159692212939,-0.578166604042,-0.077510342002,-0.094636544585,-0.267520159483,-0.329978704453,-0.591395020485,-0.396952390671,-0.606685519218,-0.294549196959,-0.243903234601,-0.556969761848,-0.387263596058,-0.184539824724,-0.008709212765,-0.387197762728,-0.376689881086,-0.309032976627,-0.401290535927,-0.454179644585,-0.351237267256,-0.307135552168,-0.033606201410,-0.451780080795,-0.115689285100,-0.215791732073,-0.324125945568,-0.100402891636,-0.024403080344,-0.153950557113,-0.065784193575,0.324055969715,0.325064361095,0.525133430958,0.572869420052,0.506410241127,0.417470067739,0.620066285133,0.314642935991,0.297792524099,0.033256348222,-0.366725325584,-0.422503829002,-0.206728547812,-0.204806417227,-0.130699932575,-0.000469210878,-0.418848901987,-0.404105812311,-0.074114739895,-0.100279420614,0.073604367673,0.173986688256,0.251966238022,0.306551098824,0.262572884560,0.468984514475,0.515778005123,0.173579216003,0.283654451370,0.148106008768,-0.188877955079,-0.014718404040,-0.168022766709,-0.327653259039,-0.359814763069,-0.172978296876,-0.134449496865,0.071064867079,0.119105480611,0.131160899997,0.036623142660,0.210803285241,0.209280401468,0.453060150146,0.085705071688,0.227139219642,0.094920538366,-0.056391738355,-0.293223857880,-0.269154161215,-0.661933064461,-0.698111712933,-0.386514514685,-0.460123002529,-0.462283849716,0.139944210649,0.283448636532,0.040467381477,0.222525313497,0.132724940777,0.308012247086,0.354846894741,0.042356569320,0.314996898174,0.239737942815,-0.169286355376,-0.050419591367,-0.200612336397,-0.264202773571,-0.215643554926,-0.218541145325,-0.108223080635,-0.209469735622,-0.313539892435,-0.146418482065,-0.137017801404,-0.209687858820,-0.179843604565,-0.081012964249,0.215684726834,0.456068843603,0.516905784607,0.673675715923,0.694008171558,0.841245710850,0.821687042713,0.860503971577,0.695440471172,0.338634431362,0.328159511089,0.372355878353,0.076720096171,0.004506893922,0.138351351023,-0.214182421565,-0.086157813668,-0.010240321979,-0.201917067170,0.440354406834,0.875559806824,0.384040862322,0.885145723820,0.842690408230,0.700729370117,1.077588081360,0.442120134830,0.115676946938,0.379167675972,0.315671890974,0.039545420557,-0.086729928851,-0.251229494810,-0.573136985302,-0.576870083809,-0.557739436626,-0.320610970259,-0.375940829515,-0.490321248770,-0.400360375643,-0.385736614466,-0.248010873795,0.156597077847,-0.092257559299,-0.298899680376,-0.452932566404,-0.416025429964,-0.552018404007,-0.687690317631,-0.412049472332,-0.294001787901,-0.206415742636,-0.227410867810,-0.125991359353,-0.124044544995,-0.002605355112,-0.171364858747,-0.133930891752,0.060462351888,-0.069451443851,-0.284996211529,-0.292552977800,-0.586579442024,-0.429686039686,-0.082766331732,-0.132189869881,-0.307621240616,-0.066438615322,0.106704317033,0.218244791031,0.251151293516,0.484270900488,0.606763780117,0.740237772465,0.740982770920,0.724844396114,0.730557203293,0.680927872658,0.656302571297,0.648844540119,0.356575548649,0.156267806888,0.088948391378,-0.019035967067,-0.548738002777,-0.606817245483,-0.559303462505,-0.682553648949,-0.394536375999,-0.366457819939,-0.143726691604,0.021476687863,-0.196656987071,-0.015936706215,0.484328538179,0.405459940434,0.793011605740,0.705162227154,0.437637954950,0.364017099142,0.241116777062,0.153514280915,-0.029687877744,-0.348915934563,-0.822839498520,-0.672362744808,-0.642609000206,-0.794546902180,-0.313679814339,-0.447808295488,-0.281711727381,0.215297818184,0.043755970895,0.047373834997,0.124867722392,0.053321290761,-0.029527358711,-0.038392972201,-0.237675890326,-0.003980060574,0.019542220980,0.104103080928,-0.038676969707,0.208239078522,-0.087244406343,-0.171397805214,-0.099991314113,-0.112178444862,-0.211313650012,-0.273986220360,-0.737257897854,-0.471104174852,-0.382131099701,-0.571593523026,-0.151760905981,-0.089516378939,-0.034396450967,0.307308435440,0.078827425838,0.322096794844,0.691254615784,0.461785823107,0.495943546295,0.333160310984,0.149954035878,0.039076212794,-0.137882143259,-0.721835672855,-0.657273888588,-0.251299470663,-0.210058301687,-0.264816015959,-0.190162122250,0.060198929161,0.165244549513,0.381822437048,0.381205052137,0.276328146458,0.324220597744,0.545033693314,0.299747556448,0.314754068851,0.080852441490,0.231481492519,-0.027251273394,-0.418881833553,-0.361053645611,-0.144455224276,-0.143055811524,-0.419569164515,-0.581895530224,-0.405192404985,0.103514507413,0.183321505785,0.174328297377,0.242903068662,0.263573020697,0.445569247007,0.378686100245,0.249579042196,0.213058784604,0.265729755163,0.181000158191,0.344441950321,0.093661077321,-0.090903431177,-0.266528248787,-0.258996188641,-0.203703373671,-0.206028848886,-0.044188141823,-0.148719266057,-0.298327565193,-0.280382335186,0.208000376821,0.340799361467,0.374327391386,0.378044039011,0.459534436464,0.082996822894,0.026041204110,0.093694001436,0.095776647329,-0.203114807606,-0.022793769836,-0.339502871037,-0.104802779853,-0.038442365825,-0.231053426862,-0.023835089058,-0.026378706098,0.042500630021,0.241590082645,0.186042115092,-0.265272885561,-0.364309310913,-0.563921511173,-0.414819478989,-0.353315800428,-0.556957423687,-0.388613641262,-0.530809223652,-0.332588195801,-0.140841469169,-0.357439905405,-0.261564493179,0.476627707481,0.567819237709,0.426743179560,0.323846042156,0.517560184002,0.633047819138,0.519070684910,0.198303341866,0.431723386049,0.367733716965,0.253382116556,0.470733731985,0.208432525396,0.419581532478,0.522709131241,0.364399880171,0.352998882532,0.175842940807,0.167812868953,0.245755374432,0.235712602735,0.121393904090,0.222850456834,0.392021566629,0.321816921234,0.271323263645,0.477619647980,0.214351177216,-0.019262339920,-0.022398646921,-0.361864507198,-0.403282642365,-0.645304858685,-0.277118414640,-0.533764421940,-0.531496584415,-0.207527026534,-0.447989374399,-0.653948247433,-0.113635465503,-0.151411056519,0.017998764291,0.063763283193,0.281139642000,0.050493676215,-0.094887614250,-0.125485107303,-0.250480413437,-0.372376441956,-0.358674705029,-0.503134012222,-0.858244299889,-0.586287260056,-0.680590391159,-0.777782857418,-0.611040174961,-0.388477772474,-0.131922349334,-0.115528769791,-0.061129122972,0.026255229488,-0.013067933731,0.193520680070,0.324216485023,0.255514144897,0.436736553907,0.381147414446,0.636369347572,0.589773356915,0.462082177401,0.533270537853,0.503413856030,0.538234293461,0.605035126209,0.402574717999,0.107778564095,0.151271119714,-0.072340793908,-0.191392749548,-0.128893047571,-0.041294671595,-0.239244028926,-0.129777967930,0.048028260469,0.277385950089,0.367890149355,0.191722035408,0.165252774954,0.329287260771,0.125217571855,0.501993894577,0.040315091610,-0.410419613123,-0.113046891987,-0.272689729929,-0.802074849606,-0.661258041859,-0.664670169353,-0.764151096344,-0.635591387749,-0.405822128057,-0.278237938881,0.021205039695,-0.072838820517,0.026374591514,0.121393904090,-0.054103307426,-0.038714013994,0.095686092973,-0.150443822145,-0.209938928485,0.112779363990,-0.001893306966,0.034112453461,0.106527335942,-0.150431469083,-0.289066821337,-0.073583789170,0.023139502853,-0.123266629875,-0.034758646041,-0.398895114660,-0.509427189827,0.041772115976,-0.157288536429,-0.087898842990,0.107663311064,0.250826150179,0.559118270874,0.531426608562,0.611126601696,0.567345917225,0.574663996696,0.556076586246,0.273842155933,0.225476399064,0.047764845192,-0.088540911674,-0.266812235117,-0.322273790836,-0.407575488091,-0.546042084694,-0.139882460237,-0.009622938931,0.238169804215,0.421013861895,0.347063750029,0.188091814518,0.066179312766,-0.012154208496,0.007762558758,0.003309171414,-0.080358535051,0.066216357052,-0.217174679041,-0.482645124197,-0.477212131023,-0.415128171444,-0.154835477471,-0.501285970211,-0.381209164858,-0.190594270825,-0.432814091444,-0.465329587460,-0.394425243139,-0.437802553177,-0.244689375162,-0.192104816437,-0.159692212939,0.119829878211,-0.165936008096,0.229304179549,0.366206735373,-0.004906134680,0.406702935696,0.638925254345,-0.023666338995,0.208909973502,0.120467834175,-0.168138012290,0.073073416948,0.112997502089,-0.169582694769,-0.067208282650,-0.258522838354,0.079210206866,0.447339087725,0.572457849979,0.781849443913,0.649881720543,0.404978394508,0.272965490818,0.022151691839,0.079378955066,0.032988816500,-0.277686387300,-0.260457307100,-0.476010292768,-0.338169336319,-0.344063282013,-0.485291659832,-0.213178128004,0.131193831563,0.179650142789,0.007618503179,-0.172282710671,-0.180255174637,0.043155055493,0.023806277663,0.007951890118,-0.016903940588,0.034791573882,-0.124023959041,-0.303324252367,-0.331999629736,-0.199780941010,-0.317676365376,-0.087207369506,0.126044854522,0.091607250273,0.084050484002,0.326517254114,0.066043488681,-0.080288566649,-0.017978183925,0.105831749737,0.096608050168,-0.035890515894,-0.208095014095,-0.102757185698,-0.003885395359,-0.229110732675,-0.089586347342,-0.139256849885,-0.165936008096,0.130971580744,0.280505776405,0.232806801796,0.182399556041,0.341840684414,0.373985767365,0.319067537785,0.217569783330,0.277081370354,0.145805224776,0.012248872779,-0.042356569320,-0.163873955607,-0.301212787628,-0.584496855736,-0.763130366802,-0.571437120438,-0.465835839510,-0.460287660360,-0.442914485931,-0.290696710348,-0.172731339931,-0.012166555971,-0.089413478971,0.059812039137,-0.059630941600,0.215894624591,0.206510409713,-0.086087852716,0.071554660797,0.165717884898,-0.270104944706,-0.170200064778,-0.029947178438,-0.238885954022,-0.208959370852,-0.078090682626,-0.077016435564,0.017640681937,0.137310042977,0.336806982756,0.181070119143,0.238536104560,0.244405359030,-0.049460589886,0.067817434669,0.061800014228,-0.020513569936,0.164318472147,0.115664601326,-0.240174233913,-0.034244164824,0.204645901918,0.076341435313,0.218796327710,0.216730162501,-0.065092720091,-0.319973021746,-0.500421643257,-0.168545484543,-0.438230603933,-0.638822376728,-0.156457126141,-0.002239041263,-0.138116747141,-0.139549076557,-0.046036172658,0.073024027050,0.126958593726,0.365148931742,0.190199151635,0.016764000058,-0.355925261974,-0.276110023260,-0.502450764179,-0.922925472260,-0.644905626774,-0.344705373049,-0.468255996704,-0.084766648710,-0.016385337338,-0.125727936625,0.345759034157,0.371075838804,0.224225178361,0.495630741119,0.260510832071,0.269294112921,0.257012337446,0.173636838794,0.265425175428,0.395853430033,0.291915029287,0.560348927975,0.639205157757,0.374105125666,0.520317852497,0.485419243574,0.132782563567,0.079765848815,-0.109988793731,-0.495210915804,-0.181555792689,-0.288239538670,-0.411897152662,-0.037133511156,-0.066850200295,-0.047427345067,0.105288445950,-0.385678976774,-0.336485952139,0.032902382314,-0.327764391899,-0.563629269600,-0.165499731898,-0.299751669168,-0.169422164559,0.084988906980,0.006997004617,0.132712587714,0.365922749043,0.100806251168,0.210906177759,-0.053831655532,0.140339329839,0.178691148758,0.208720639348,0.171694129705,-0.040039330721,0.323936611414,-0.080502592027,-0.460752725601,-0.148690462112,-0.207741051912,-0.193294316530,-0.208802968264,-0.196973890066,-0.182473629713,0.129263475537,0.275081038475,0.161054581404,0.167092576623,0.507307469845,0.492712587118,0.319038689137,0.054008644074,-0.060655795038,-0.155740961432,-0.502438426018,-0.392643064260,-0.429278582335,-0.503385066986,-0.297973603010,-0.382411003113,-0.203242391348,0.267050951719,0.277007281780,0.723226845264,0.474396884441,0.575215458870,0.574095964432,0.215326622128,0.082330048084,0.009577664547,-0.169434517622,-0.126740440726,-0.016986256465,-0.257214009762,-0.583904147148,-0.492992460728,-0.241532474756,-0.141969218850,0.047213312238,-0.099168136716,-0.161754280329,-0.022493312135,-0.094463676214,0.199151203036,0.042899869382,-0.158696174622,0.326381444931,0.293417304754,0.252291411161,0.493856787682,0.118348151445,-0.019418746233,-0.192059546709,-0.134762302041,-0.109877660871,-0.183123946190,0.023431731388,-0.221537500620,-0.291067153215,-0.378760188818,-0.377352565527,-0.483250170946,-0.419548600912,-0.530986189842,-0.528175055981,-0.208214387298,-0.165071681142,-0.308666676283,-0.100888572633,-0.144253522158,0.029206318781,0.050456635654,-0.464703977108,-0.356452077627,-0.245598971844,-0.236823901534,-0.140215858817,-0.067903868854,-0.001374705578,0.473228007555,0.455011099577,0.399356096983,0.519897997379,0.281073778868,0.263173788786,0.322862356901,0.349055856466,0.346380501986,0.328332364559,-0.006947613787,-0.136470392346,-0.131181478500,-0.088820800185,-0.116286091506,-0.096344627440,-0.205267414451,-0.217195242643,-0.114820845425,-0.097320102155,0.049497634172,-0.043266180903,-0.166133567691,-0.191573858261,0.102432034910,0.030720964074,-0.068545944989,0.360683232546,0.308218032122,0.191754966974,0.341861277819,0.010120960884,-0.007873687893,-0.172019287944,-0.285399585962,-0.301348626614,-0.678054988384,-0.527792274952,-0.477994173765,-0.417819947004,-0.337428480387,-0.286815434694,-0.127962857485,-0.019575148821,0.215330764651,0.348121523857,0.140125304461,0.268145799637,0.679051041603,0.531105577946,0.399940520525,0.686488449574,0.806799888611,0.351858764887,0.433476775885,0.559542179108,0.453833937645,0.368120610714,0.350060135126,-0.027230694890,-0.540448606014,-0.535283207893,-0.677655756474,-0.790747940540,-0.886648058891,-0.879107713699,-0.754388213158,-0.710043609142,-0.502096772194,-0.091096885502,0.053716413677,-0.092615641654,0.215207278728,0.271269738674,0.201275005937,0.227768957615,0.226904630661,0.181016609073,0.061306104064,-0.341560840607,-0.205024585128,-0.310411810875,-0.603927910328,-0.787105321884,-0.620337963104,-0.725218892097,-0.356464415789,-0.217635646462,-0.291120648384,-0.060227744281,-0.187248066068,-0.093455277383,0.457081377506,0.173056498170,0.323837816715,0.483797609806,0.124357342720,0.159013107419,0.621766149998,0.411802500486,0.409489393234,0.609155058861,0.735232889652,0.754544615746,0.777350664139,0.744839370251,0.444910675287,0.539864182472,0.333641856909,0.042344223708,0.319096326828,0.107910268009,-0.008264696226,0.050263185054,-0.008659821935,-0.012751012109,-0.019962042570,0.167685270309,0.127966970205,0.128250971437,0.088170483708,0.158280462027,-0.005107813049,-0.009252509102,0.094257883728,-0.096608050168,-0.200809895992,-0.231629669666,-0.227163925767,-0.265565127134,0.023028377444,-0.085725650191,-0.090792305768,-0.310292452574,-0.133235305548,-0.248574748635,-0.082943312824,-0.423545122147,-0.740278959274,-0.683154582977,-0.570227026939,-0.766834616661,-0.544152915478,-0.700182020664,-0.499923586845,-0.231341540813,-0.084309786558,0.015010632575,-0.000222257790,0.121015243232,0.241540700197,0.142685383558,0.434777379036,0.473104506731,0.530537545681,0.338576823473,0.327612102032,0.137252420187,0.182094976306,0.103094682097,0.065212085843,0.228789702058,-0.190721869469,-0.433933615685,-0.054728917778,-0.183049872518,-0.517160952091,-0.393606185913,-0.364490419626,-0.009289552458,0.091541402042,0.107630386949,0.275661408901,0.720621466637,0.914874792099,0.907396256924,1.012635231018,0.877502501011,0.917381405830,0.918542087078,0.616440176964,0.325529456139,0.486888617277,0.060655795038,-0.080177433789,-0.669687390327,-0.806869804859,-0.843093752861,-0.441074699163,-0.668843686581,-0.796588361263,-0.745650112629,-0.717859685421,-0.497680455446,-0.481192201376,-0.283880829811,0.399957031012,0.676462173462,0.427788615227,0.442255944014,0.419696807861,0.155057728291,0.172105729580,-0.061544824392,-0.434353470802,-0.169520944357,-0.129271715879,-0.284288287163,-0.710677564144,-0.579718291759,-0.648465871811,-0.972279012203,-0.608871102333,-0.656718254089,-0.734928250313,-0.490391224623,-0.430233448744,-0.012252989225,0.524705350399,0.555092930794,0.632553935051,0.767242133617,0.660200297832,0.894320070744,0.400619655848,0.535172045231,0.475631684065,0.024361923337,0.006927034352,-0.053263667971,-0.252307862043,-0.567625761032,-0.451520800591,-0.668609023094,-0.539571940899,-0.534340620041,-0.620757758617,-0.640707433224,-0.423351675272,-0.350661039352,-0.231555566192,-0.105605378747,-0.102942399681,0.393470376730,0.411209821701,0.555710315704,0.742542624474,0.732388794422,0.454484254122,0.484723657370,0.217792049050,0.201682478189,0.149682387710,0.010890631936,-0.181399390101,-0.213297501206,0.020991012454,-0.373607099056,-0.518502712250,-0.330036342144,-0.370289713144,-0.265980839729,-0.005737543572,0.042117848992,0.268602639437,0.219607144594,0.297150433064,0.292219609022,0.096645087004,0.164939969778,0.142520740628,0.273875087500,0.240717530251,0.292470663786,0.183300927281,0.049798093736,0.060898635536,0.202258691192,-0.164030358195,-0.189236044884,-0.287576884031,-0.792114377022,-1.043232679367,-0.652618825436,-0.760668992996,-0.656504213810,-0.421149671078,-0.588135242462,-0.496211081743,0.052317012101,0.352393865585,0.365169554949,0.479002565145,0.625659763813,0.669761478901,0.602701365948,0.670942783356,0.206559807062,-0.009013787843,0.239779099822,0.069928884506,-0.468585252762,-0.512493491173,-0.608895778656,-0.315964132547,-0.043360847980,0.103119380772,0.508188307285,0.447779446840,0.144730985165,0.238507285714,0.553265452385,0.244413599372,0.480821818113,0.517115652561,0.455949485302,0.611036062241,0.458019793034,0.544152915478,0.767184436321,0.507591485977,0.492062240839,0.437798440456,0.034425262362,-0.089417591691,-0.143216326833,-0.285979926586,-0.377142667770,-0.241050928831,-0.528487861156,-0.463950753212,-0.498112618923,-0.447170317173,-0.596091270447,0.057227265090,0.107823841274,0.042743466794,0.128135725856,-0.017924679443,0.132033467293,-0.063726246357,-0.311313182116,-0.283835530281,-0.196805149317,-0.175978764892,-0.321528822184,-0.460127115250,-0.253810137510,-0.036606680602,-0.206736773252,0.246977776289,0.431624621153,0.084729604423,0.142240867019,-0.024983420968,-0.209440916777,0.130885139108,-0.025757208467,-0.258387029171,-0.013269612566,0.023682802916,0.161091625690,0.274611860514,0.218627586961,0.539769470692,0.448392719030,0.428846389055,0.696362495422,0.324467569590,0.196533501148,0.295088380575,0.145159035921,-0.031305421144,-0.034836851060,0.043064504862,-0.097637020051,-0.215445995331,-0.095002859831,-0.136272832751,-0.104086615145,-0.129127666354,-0.079477734864,-0.343166023493,-0.188672170043,-0.261082917452,0.046620629728,-0.191590324044,-0.066446848214,0.004317563027,0.281757026911,0.473458468914,0.410847634077,0.386498063803,0.697527229786,0.514913678169,0.337675422430,0.074406966567,-0.128032833338,-0.168446704745,-0.422853648663,-0.552491724491,-0.602499663830,-0.388918191195,-0.425903558731,-0.374261528254,-0.349187552929,-0.622860968113,-0.574593961239,-0.645407795906,-0.490123689175,-0.366400182247,-0.240803971887,-0.211688175797,0.019756248221,-0.069949463010,0.117047533393,0.336391270161,0.404146999121,0.376479983330,0.261029422283,0.392651289701,0.591218054295,0.431270658970,-0.018994810060,0.023863902315,0.000448631472,-0.463901400566,-0.546918809414,-0.216701343656,-0.424804598093,-0.559739768505,-0.662155330181,-0.532797157764,-0.330608457327,-0.150032237172,0.269038945436,0.312914252281,0.543696045876,0.742933690548,0.803042054176,0.660187959671,0.504529297352,0.409201264381,0.314963966608,0.093265950680,-0.232864409685,-0.288795173168,-0.088195174932,-0.201711282134,-0.392334371805,-0.203024268150,-0.351233154535,-0.311226755381,-0.480241447687,-0.676951944828,-0.542415976524,-0.248447164893,-0.215429544449,0.015809113160,0.358604699373,0.204493626952,0.118726812303,0.462065726519,0.816266417503,0.913849949837,0.725330054760,0.419194668531,0.292363643646,0.194771900773,0.279036432505,0.009853428230,-0.053852237761,-0.316824376583,-0.353315800428,-0.569370925426,-0.506842434406,-0.428990453482,-0.710891544819,-0.401541590691,-0.154930144548,-0.189046695828,-0.094739437103,0.211729347706,0.069052204490,-0.227583736181,-0.162923187017,-0.092648565769,0.321574091911,0.506990551949,0.281036734581,0.486102491617,0.616604864597,0.273912131786,0.570799171925,0.445807933807,0.209774300456,0.072093844414,-0.187486782670,-0.348269701004,-0.200208991766,-0.583640694618,-0.934672176838,-0.533262312412,-0.452006489038,-0.864586889744,-0.358666419983,-0.158173456788,-0.269578129053,0.183407947421,0.181234762073,0.295281797647,0.623194396496,0.678989291191,0.969500839710,0.724473953247,0.250455707312,0.334473282099,-0.119315385818,-0.368725657463,-0.084285087883,-0.396343231201,-0.267997622490,0.017093269154,0.089401140809,0.124563142657,0.401821494102,0.339194178581,0.346545159817,0.189902797341,0.390194147825,0.522289335728,0.381423175335,0.444355040789,0.409822791815,0.447306156158,0.298619776964,0.391749918461,0.504743337631,0.356036394835,-0.056404087692,-0.271319150925,-0.505838155746,-0.649745941162,-0.584908425808,-0.460460484028,-0.479290664196,-0.464152425528,-0.456764429808,-0.401282310486,-0.141183078289,-0.371565639973,-0.116347834468,-0.058750141412,-0.421787679195,-0.279468595982,-0.286033421755,-0.590065598488,-0.467650979757,-0.572758316994,-0.608669400215,-0.566177010536,-0.729178428650,-0.355723589659,-0.043369080871,-0.043702468276,0.433419138193,0.921324312687,0.700819969177,0.812508642673,0.815998852253,0.714653491974,0.717987298965,0.640674531460,0.560171961784,0.309510439634,0.288733452559,0.107445180416,-0.518033504486,-0.448388606310,-0.325298964977,-0.429875373840,-0.110713191330,-0.171813502908,-0.323105216026,-0.066953100264,-0.148995041847,-0.254378139973,0.415432721376,0.725326001644,0.614382266998,0.516477704048,0.449697494507,0.350982069969,0.645988106728,0.413934558630,0.594893574715,0.737694144249,0.497626930475,0.223179742694,0.107416369021,0.120574854314,-0.303933411837,-0.379953801632,-0.626005530357,-1.114614605904,-1.020957589149,-0.713562786579,-0.717110574245,-0.536970674992,-0.211943387985,-0.159021332860,0.031046118587,0.251476466656,0.616530776024,0.313140660524,0.190384373069,0.396005749702,0.558204531670,0.392725378275,0.431036025286,0.039010357112,-0.076946467161,-0.033091716468,-0.117450892925,-0.309020638466,-0.571165442467,-0.895373761654,-0.750383436680,-0.598297357559,-0.527862250805,-0.549153685570,-0.541251242161,-0.037899069488,-0.217816740274,0.014084558934,0.379295229912,0.308366209269,0.518169343472,0.757985472679,0.368836760521,0.328068941832,0.295504063368,0.036153931171,0.024464819580,-0.225949749351,-0.457645237446,-0.456040054560,-0.631442606449,-0.552668690681,-0.637875735760,-0.743123054504,-0.442618131638,-0.182296663523,-0.220685511827,0.129452809691,0.074756823480,0.053506501019,0.404924869537,0.513049185276,0.723004579544,0.857326447964,0.751655220985,0.742196977139,0.536530256271,0.516564130783,0.775119900703,0.483032017946,0.456513375044,0.312276303768,0.274294912815,-0.184753835201,-0.040627900511,-0.419363379478,-0.429212719202,-0.462901234627,-0.683434486389,-0.469787091017,-0.328591674566,-0.853395819664,-0.187309801579,-0.004177622963,-0.233481809497,0.030671574175,0.411444455385,0.364045888186,0.346606910229,0.602265119553,0.304921209812,0.041364643723,0.225081279874,-0.058581393212,-0.393606185913,-0.519214749336,-0.774498462677,-0.395277261734,-0.296438395977,-0.537114739418,-0.378945410252,-0.366420745850,-0.383267074823,-0.032527837902,0.135272666812,0.000765554549,0.051617313176,-0.219170883298,-0.121941320598,0.162989035249,0.264297425747,0.490695804358,0.494515329599,0.445989042521,0.559097707272,0.386872589588,0.508575201035,0.382077574730,0.019924998283,-0.322553664446,-0.602664351463,-0.238667830825,0.024650035426,-0.118706241250,-0.238235652447,-0.119471788406,0.000222257790,0.106943041086,0.240680485964,0.267067402601,0.306332975626,0.123649418354,0.187713176012,0.439070254564,0.427982062101,-0.155115351081,-0.202419221401,-0.237317815423,-0.225743934512,-0.105963453650,-0.246821373701,-0.503562092781,0.175982892513,0.001115404768,0.105605378747,0.040352135897,-0.181699857116,0.162379890680,0.226871684194,-0.211540028453,-0.297891288996,-0.346964985132,-0.089429944754,-0.060190703720,0.034067180008,-0.082972124219,0.090059675276,-0.015286396258,-0.064183108509,-0.080144509673,-0.167454779148,-0.191298082471,-0.354385942221,-0.211943387985,-0.065998218954,-0.277406543493,-0.033021744341,0.507797300816,0.372479349375,0.341881871223,0.544564485550,0.533747971058,0.224031731486,0.361140072346,0.284839808941,-0.035256668925,0.225719243288,0.060482926667,-0.293174475431,-0.295561701059,-0.067270025611,-0.443951696157,-0.241709455848,-0.087133288383,-0.135758355260,-0.102366171777,0.485567390919,0.324183553457,0.384242564440,0.208481907845,-0.069644883275,0.227102190256,-0.051946580410,-0.423565685749,-0.299714624882,-0.489847928286,-0.523783385754,-0.604672908783,-0.466761946678,-0.396392643452,-0.391988664865,-0.115434102714,-0.036631375551,-0.138557150960,-0.176324501634,-0.109210893512,-0.000481558527,0.181922107935,0.175254389644,0.176213383675,0.273632258177,0.132498562336,0.321594655514,0.222257792950,-0.049444124103,-0.065072141588,0.158827885985,0.118595108390,-0.072974644601,-0.091726608574,-0.174978613853,-0.319561421871,-0.314235478640,-0.468877494335,0.002436603885,0.091368533671,-0.093031339347,0.136104092002,0.439119637012,0.440358519554,0.601157903671,0.372722178698,0.012051311322,0.191977217793,0.336844027042,-0.060058992356,-0.213787302375,0.156453013420,-0.064668782055,-0.066771999002,0.328167736530,0.227657824755,0.355991125107,0.334024637938,0.053226623684,-0.013426016085,-0.056613996625,-0.541897416115,-0.238840684295,-0.370232045650,-0.796555459499,-0.520585358143,-0.263741791248,-0.414893537760,-0.306818634272,-0.397384583950,-0.122706875205,0.134305432439,0.083297282457,0.301418602467,0.561612486839,0.597103774548,0.638192653656,0.341412663460,0.358769327402,0.291906803846,0.089750990272,-0.328200668097,-0.692991554737,-0.491782397032,-0.599688529968,-0.723494350910,-0.419346928596,-0.332156032324,-0.166343495250,0.240980938077,0.424989819527,0.606693804264,0.573799610138,0.669860303402,0.543671369553,0.739673852921,0.743756890297,0.456776797771,0.552578091621,0.228563323617,0.133996754885,0.127658292651,-0.323022872210,-0.161997109652,-0.150048702955,-0.251311808825,-0.086602337658,-0.624182224274,-0.508480548859,-0.237852871418,-0.389831930399,-0.289647161961,-0.217417493463,-0.243635684252,0.145879313350,0.074456356466,0.258395254612,0.461263120174,0.236819788814,-0.077473305166,0.162989035249,0.178172543645,-0.085742115974,-0.071735754609,-0.014166875742,-0.337247371674,-0.124505519867,0.257106989622,0.227122753859,0.139824837446,0.283127605915,0.343215405941,0.524894714355,0.546622455120,0.562921345234,0.259597092867,0.143730819225,-0.009841080755,-0.185037836432,-0.163380056620,-0.220697864890,-0.223204448819,-0.515963196754,-0.628709673882,-0.510340929031,-0.338667362928,-0.332176625729,-0.263416618109,-0.269335269928,-0.241042673588,-0.101283699274,-0.089018352330,0.040611434728,0.197072684765,0.231098711491,0.081288725138,0.093628145754,0.029247479513,-0.035450115800,0.068031460047,0.093327686191,0.039994053543,-0.127567738295,0.002790570026,0.029667297378,0.211428880692,-0.118899680674,0.215120837092,0.223669543862,0.154477402568,0.026391053572,0.105374887586,0.064047284424,0.388942897320,0.352949470282,0.256860047579,0.025201562792,-0.251451760530,-0.140890866518,-0.099485047162,-0.050238490105,-0.172863051295,-0.166224122047,-0.403698325157,-0.152139574289,-0.197229072452,0.163342997432,0.534138917923,0.280637502670,0.104296520352,0.357954382896,0.060993298888,-0.175451949239,-0.156304851174,-0.410131484270,-0.371191084385,-0.171562433243,-0.385193347931,-0.233086690307,-0.230024456978,-0.268656164408,-0.087355546653,-0.140825003386,0.103621512651,0.253859549761,0.171105563641,-0.034223582596,-0.320257008076,-0.137565225363,-0.407793641090,-0.616617202759,-0.582508862019,-0.576915383339,-0.924065530300,-0.851551949978,-0.826885342598,-0.479891598225,-0.282674878836,0.035281363875,0.304900616407,0.381966471672,0.400014609098,0.705121099949,0.611925065517,0.426117569208,0.643958985806,0.903276205063,0.849629759789,0.834256947041,0.633500516415,0.276929080486,0.359489619732,0.269343495369,0.101135529578,-0.252958148718,-0.651244103909,-0.582603514194,-0.744925796986,-0.929041683674,-0.545741677284,-0.379435211420,-0.592954933643,0.139981240034,0.399549543858,0.034396450967,0.479200124741,0.950370192528,0.783623337746,0.720724344254,0.710150659084,0.295347660780,0.196368858218,0.348920047283,-0.035507738590,-0.147636786103,-0.393672049046,-0.674111962318,-0.674099624157,-0.638554871082,-0.674173712730,-0.319569647312,-0.189005538821,-0.114450417459,-0.037775591016,0.000246953103,-0.071023710072,0.043257951736,-0.020381862298,-0.028160883114,-0.039339628071,0.027938628569,-0.072151459754,0.243787974119,0.177452266216,-0.018719043583,0.475528776646,0.372767478228,0.191866099834,0.390288800001,-0.103498041630,-0.459522098303,-0.318194955587,-0.286819577217,-0.118183523417,-0.305110543966,-0.258819192648,0.148636952043,-0.174904540181,-0.221479877830,-0.078658677638,0.045669861138,0.008585735224,0.015167036094,0.265700936317,0.592666804790,0.220467388630,0.200645267963,0.231868371367,-0.093389429152,0.112417161465,0.133749797940,-0.176069319248,-0.072130881250,0.331727981567,0.296063840389,0.448820799589,0.237482443452,0.310000240803,0.185778707266,0.211317762733,0.288111954927,0.099176362157,0.006696545053,-0.230773538351,-0.173764422536,-0.142055645585,0.070941388607,0.041698031127,0.325014978647,0.225595757365,0.264136910439,0.359312653542,0.484904766083,0.091780118644,-0.115170694888,-0.099341005087,-0.109622478485,-0.070838496089,-0.084087528288,0.078127726912,0.046542428434,-0.338560342789,-0.147822007537,0.206399276853,-0.102218002081,0.069772481918,-0.106218643486,-0.390786826611,-0.136840820313,-0.036771316081,-0.301323950291,-0.320685058832,-0.370437890291,-0.665847301483,-0.911186933517,-0.591041088104,-0.324582785368,-0.464061915874,0.027691673487,0.264869540930,-0.141388878226,0.290322184563,0.387572288513,0.256699502468,0.382727921009,0.379241764545,0.207687541842,0.411074012518,0.284045457840,0.051242768764,0.096966132522,0.203575789928,0.052588663995,0.206255227327,-0.012668693438,0.072855278850,-0.058453794569,-0.217944338918,-0.232724472880,-0.395343065262,-0.086618795991,0.011273408309,0.120068594813,0.063899114728,0.199533984065,0.433740168810,0.651700973511,0.474816709757,0.631417870522,0.393120527267,0.346347600222,0.309518665075,0.110120497644,-0.027226578444,-0.214976772666,-0.498359590769,-0.567942738533,-0.434085935354,-0.622819840908,-0.433085769415,-0.284753382206,-0.214425250888,0.027477648109,0.075522370636,-0.081379279494,0.122488729656,0.275031656027,-0.012837444432,0.042541787028,-0.104382961988,-0.170776307583,-0.102283857763,-0.329888194799,-0.296384871006,-0.023707497865,-0.191450402141,-0.075295999646,-0.231045201421,-0.508204758167,-0.534427046776,-0.268421560526,-0.342861443758,-0.545140743256,-0.367532044649,-0.192006036639,0.009388334118,0.292997509241,0.292701154947,0.119554109871,0.065611325204,0.134136691689,0.184017091990,0.117216289043,0.148455858231,-0.081951387227,0.153386682272,0.198085203767,-0.199768587947,-0.048415154219,0.159107759595,0.001901538926,-0.077456839383,-0.341766625643,-0.214598119259,0.289309680462,0.313177675009,0.294191122055,0.768246412277,0.745440244675,0.846312403679,0.801062345505,0.547824263573,0.539283812046,0.522178173065,0.336955130100,0.001666933415,-0.056852716953,-0.112289570272,-0.264202773571,-0.462942361832,-0.530010700226,-0.375829696655,-0.250410437584,-0.193640023470,-0.188980862498,0.028580706567,0.013080282137,-0.032795369625,-0.118800900877,-0.060063112527,-0.124011605978,0.275204539299,-0.052489880472,0.259107321501,0.355764716864,0.181856259704,0.010030412115,-0.154378607869,-0.292087882757,-0.307168483734,-0.461913406849,-0.593082547188,-0.486575782299,-0.443449556828,-0.358826965094,-0.433262765408,-0.282353818417,-0.000757322821,0.108383595943,0.312066406012,0.251797497272,-0.095035783947,0.080473780632,-0.043443165720,-0.030988497660,-0.025942422450,-0.277023732662,-0.169652670622,-0.112396582961,-0.014808953740,-0.041591018438,0.059314016253,0.061734158546,0.070451602340,0.160824090242,-0.009454187937,-0.305979013443,0.005959801376,-0.101077899337,-0.241030335426,-0.182926401496,-0.219442516565,-0.135206818581,-0.260498493910,-0.270623564720,0.066319249570,0.104679301381,0.406340748072,0.737146794796,0.497371762991,0.423631578684,0.540938436985,0.652174293995,0.627758860588,0.616431951523,0.354031950235,-0.013701781631,0.035396609455,-0.098810046911,-0.437662631273,-0.413745224476,-0.406176090240,-0.536443889141,-0.176756680012,-0.173447504640,-0.165145769715,0.057840529829,0.219738870859,-0.108268357813,0.107449293137,0.575697064400,0.399850010872,0.230329021811,0.189585894346,0.334423899651,0.560982763767,0.730404913425,0.497552841902,0.446170151234,-0.060536433011,0.261601537466,0.015315208584,-0.120426684618,-0.457632899284,-0.508550524712,-0.153905287385,-0.043850641698,-0.063376396894,0.095352709293,0.058762487024,0.239667981863,0.017768274993,0.006531909574,0.050493676215,-0.239169955254,-0.364235222340,-0.365614056587,-0.860833227634,-1.051855564117,-0.886182904243,-0.519375264645,-0.608916342258,-0.571186065674,-0.335823297501,0.243306428194,0.053794618696,0.281505942345,0.682570099831,0.835800409317,0.830762565136,0.826494395733,0.783627390862,0.431731611490,0.214614585042,0.223257958889,0.127193197608,-0.271195650101,-0.254402846098,-0.093549944460,-0.275467932224,-0.381554871798,-0.200451821089,-0.073703147471,-0.162519827485,0.027111334726,0.156169027090,0.171480119228,0.070175841451,0.462934136391,0.332855731249,0.208539530635,0.093418240547,-0.059120573103,0.061281409115,0.251278907061,0.183177471161,0.232259377837,-0.039088558406,-0.242845445871,0.032466098666,0.135494932532,-0.075501792133,-0.230296120048,-0.076646007597,0.134074956179,-0.032429058105,-0.065212085843,0.039952896535,0.382184594870,0.089318811893,0.153164431453,0.258646309376,0.166656285524,-0.084318019450,-0.054012756795,-0.112445972860,-0.281843453646,-0.472655892372,-0.226019710302,-0.355760604143,-0.715892314911,-0.464662849903,0.076119177043,-0.052794452757,-0.097830466926,-0.021015707403,0.080029271543,-0.064775794744,-0.106901876628,0.085894398391,-0.368680387735,-0.722642362118,-0.335777997971,-0.190742447972,-0.455698430538,-0.363350301981,-0.187338620424,-0.120426684618,0.120430797338,0.488901287317,0.503105163574,0.731079936028,0.815027475357,0.786319255829,0.700021505356,0.490255385637,0.584344506264,0.489238768816,0.011372189969,-0.273714572191,-0.288079023361,-0.182107329369,-0.227217420936,-0.260638415813,-0.049468819052,0.018216906115,0.035886399448,0.024217868224,0.036174513400,0.218043118715,0.347644120455,0.102300316095,0.572782993317,0.346100658178,0.118763864040,0.008581620641,-0.086734041572,0.230436056852,0.118574522436,-0.237033814192,-0.191331028938,-0.403554290533,-0.562785506248,-0.404455661774,-0.347899287939,-0.513551294804,-0.368984967470,-0.055189900100,0.175349056721,0.278941750526,0.285403698683,0.209622010589,0.163577616215,0.263433098793,0.047472614795,0.098855324090,-0.112450093031,-0.209041669965,-0.351628273726,-0.476516544819,-0.542132019997,-0.575643539429,-0.382678508759,-0.410114973783,-0.441029429436,-0.206419870257,-0.031848717481,-0.287070631981,0.239054694772,0.287580996752,0.095332130790,0.321508258581,0.321347713470,0.376191884279,0.406600028276,0.213869601488,0.367972463369,0.410765320063,0.102238580585,-0.173031806946,0.128123372793,0.099077582359,-0.166281744838,0.083231426775,0.092150546610,-0.109507225454,0.114775568247,0.246607363224,0.210832074285,0.266927480698,0.222788736224,0.363160997629,0.284782201052,0.105160854757,0.299743443727,0.339605778456,0.229468807578,-0.023188894615,-0.337848275900,-0.499771326780,-0.500454604626,-0.495445519686,-0.511419296265,-0.451722502708,-0.369462430477,-0.651614546776,-0.472861677408,-0.149176135659,-0.091343834996,0.266112536192,0.434851497412,0.065384946764,0.309819132090,0.347570002079,0.519897997379,0.468387693167,0.079074382782,0.382995426655,0.204662382603,-0.184202313423,0.031540028751,-0.362535357475,-0.415766119957,-0.640802085400,-0.509591817856,-0.458484888077,-0.515621602535,-0.329879939556,-0.447083860636,-0.869209051132,-0.734187364578,-0.523281276226,-0.486670434475,0.004058262333,0.180506244302,-0.121393904090,0.290733754635,0.226727634668,0.339930921793,0.344454288483,0.464123636484,0.346750944853,0.609698355198,0.377508938313,0.067072458565,0.044097587466,-0.073752544820,-0.124649576843,0.216470837593,-0.105234943330,0.045052476227,0.376932740211,0.201196804643,0.099472709000,0.605039238930,0.803659439087,0.905614018440,0.664941787720,0.952720344067,0.633714556694,0.410954654217,0.700379550457,0.435230106115,0.458427250385,0.404307484627,0.090228430927,0.340684145689,-0.001469370909,-0.043439049274,0.014685477130,-0.294944316149,-0.272171139717,-0.176015824080,-0.390844434500,-0.496647357941,-0.529821395874,-0.462794214487,-0.278546631336,-0.427776277065,-0.477936565876,-0.154209867120,-0.231893077493,-0.207983896136,-0.148764535785,0.019303500652,0.177514001727,-0.040475614369,-0.147389829159,-0.055029384792,-0.202061131597,-0.286823689938,-0.497264772654,-0.475997954607,-0.695703923702,-0.507402181625,-0.750527441502,-0.609373211861,-0.310313016176,0.178691148758,-0.051115177572,-0.138911113143,0.070677973330,0.141405344009,0.235663220286,0.381052732468,0.147583290935,0.373109072447,-0.004457503557,0.297878921032,0.412312895060,0.176781371236,0.406048536301,0.245195612311,0.287486314774,0.320475161076,0.323594987392,-0.038170717657,-0.047587860376,0.254341095686,0.169471561909,0.372615158558,0.298846185207,0.178724065423,0.130815163255,0.262782782316,0.588435709476,0.440786570311,0.463440388441,0.333222031593,0.312959551811,0.181551679969,0.100028350949,-0.127658292651,-0.149760589004,-0.253287434578,-0.499964773655,-0.697029232979,-0.807190895081,-0.463053494692,0.042920447886,0.210762113333,0.128448531032,0.011927833781,0.080988273025,0.411576151848,0.355929374695,0.344392567873,0.476096749306,0.584002912045,0.086631141603,0.174776941538,0.015154687688,-0.107836179435,-0.034639287740,-0.077806688845,-0.305921375751,-0.326718956232,-0.091286204755,-0.221282318234,-0.079761736095,-0.099065236747,-0.451146245003,-0.242664352059,0.426788479090,0.064141951501,0.183267995715,0.496927231550,0.213680267334,0.355657726526,0.426492124796,0.188742130995,0.119916304946,-0.077156379819,-0.079568289220,0.070015318692,-0.333205580711,-0.543963551521,-0.371820807457,-0.545704603195,-0.831363499165,-0.795995652676,-0.627108573914,-0.567827463150,-0.162758558989,0.069365009665,0.065356135368,0.098805934191,0.485048800707,0.271059840918,0.145348355174,0.347870469093,0.080576680601,0.141718149185,0.443729460239,-0.091590791941,-0.455727249384,-0.073530286551,-0.061524249613,-0.326941192150,-0.407991200686,-0.339976221323,-0.467515110970,-0.533599793911,-0.280905038118,-0.087693043053,-0.145101413131,0.294355750084,0.518790841103,0.194549649954,0.333045065403,0.100542835891,-0.012368234806,0.109741844237,0.151423409581,0.025753092021,0.035145539790,0.213453903794,0.155358195305,0.068076737225,0.097550593317,0.137795701623,0.088940151036,0.281913429499,0.203888595104,0.265001237392,0.466514974833,0.186391964555,0.395388364792,0.259551823139,0.267199128866,0.050987578928,0.040520887822,-0.266059041023,-0.292717605829,-0.614402830601,-0.572243869305,-0.588987290859,-0.731882572174,-0.509159684181,-0.160651221871,-0.102670744061,0.196821615100,0.335271775723,0.037224065512,-0.069900073111,0.077316895127,-0.131539568305,-0.127036795020,-0.180460974574,-0.031387738883,-0.263070881367,-0.533616244793,-0.372191250324,-0.674581170082,-0.494601786137,0.039566002786,-0.061170279980,0.037643883377,0.326990574598,0.298545718193,0.160655334592,0.125884339213,0.156111389399,0.176917195320,0.031210755929,0.015413988382,0.183938905597,0.022480964661,-0.291989088058,0.072155579925,0.282065689564,0.323525011539,0.505755841732,0.364696204662,0.233111366630,0.315449655056,0.293886512518,0.235794931650,-0.005177782848,0.424796372652,0.621017038822,0.333559542894,0.284131884575,0.314309537411,0.075794018805,0.011627375148,-0.369725823402,-0.191697329283,-0.476154386997,-0.526697456837,-0.393420964479,-0.434690952301,-0.406348973513,-0.197747692466,0.126546993852,0.342186421156,0.169874906540,0.257995992899,0.524668276310,0.404179900885,0.381921201944,0.238680168986,0.137474671006,0.078387029469,-0.343050777912,-0.280197113752,-0.415206372738,-0.613365650177,-0.929720818996,-0.802095472813,-0.805025935173,-0.773979783058,-0.641913414001,-0.365412384272,-0.039932314306,0.304509639740,0.199974387884,0.709570348263,0.676569163799,0.538279533386,0.687570929527,0.748663008213,0.198768422008,0.130485892296,0.294553309679,0.218512326479,-0.142788276076,-0.262811601162,-0.070628583431,-0.193500101566,0.190071567893,0.138754710555,-0.078185349703,-0.010244437493,-0.010470811278,0.199262335896,0.158650904894,-0.029185740277,0.089800380170,0.245356127620,-0.034808039665,0.105070307851,0.162614494562,0.134181961417,0.151546880603,0.386979609728,0.039183225483,-0.020320123062,0.009129032493,0.122974410653,-0.037203483284,-0.259687632322,-0.328134804964,-0.354241877794,-0.334777861834,-0.335172981024,0.192121282220,0.544976055622,0.617592692375,0.382489174604,0.506200313568,0.309638023376,0.274307280779,0.392334371805,0.243837356567,0.007388013881,-0.023485239595,-0.111824475229,-0.250978440046,-0.213186383247,-0.276842653751,-0.243610993028,-0.327908426523,-0.291449934244,-0.532278597355,-0.467597454786,-0.679693102837,-0.720251083374,-0.615715801716,-0.559324085712,-0.438354104757,-0.213635012507,-0.243532791734,-0.140536889434,0.097855165601,0.195269927382,0.478887319565,0.581986129284,0.435876339674,0.593881070614,0.561484932899,0.069636657834,0.247125953436,0.123093776405,-0.610595643520,-0.931581139565,-1.100101947784,-1.352664947510,-1.130320787430,-0.994463622570,-0.617514431477,0.038512337953,0.191112890840,0.641777575016,0.605594813824,0.964944481850,1.038367748260,0.956700384617,1.146916031837,0.709936678410,0.623745858669,0.935890495777,0.349356293678,-0.109420798719,-0.250772655010,-0.464477628469,-0.548511624336,-0.753585577011,-1.013602495193,-0.774922311306,-0.563736259937,-0.461300164461,-0.146002784371,-0.162346959114,0.150476753712,0.555199980736,0.438580453396,0.143031105399,0.459410965443,0.478286385536,0.193940490484,0.624947726727,0.226501271129,0.151452213526,0.253859549761,-0.066607370973,-0.119294807315,-0.149056762457,-0.441383391619,-0.164841189981,-0.115458801389,-0.343795746565,-0.360411584377,-0.432184398174,-0.382365703583,-0.304056882858,0.145994544029,-0.225776866078,-0.181531116366,0.081251688302,-0.036051038653,-0.198747858405,-0.051296275109,-0.134741723537,-0.045534037054,0.373993992805,0.193677082658,0.200163707137,0.239519804716,0.173961982131,0.073217473924,0.090010285378,-0.341943591833,-0.086577638984,0.176756680012,-0.485159933567,-0.308176875114,-0.182942852378,-0.575680613518,-0.605129718781,-0.726540088654,-0.770929932594,-0.545260071754,-0.494914591312,-0.198241606355,-0.089195348322,0.010018063709,0.263128519058,0.543626070023,0.454290807247,0.514415681362,0.370948255062,0.356332719326,0.630039095879,0.339132457972,-0.040212195367,0.080827750266,0.098225593567,-0.013681201264,-0.109795346856,-0.256123274565,-0.194985926151,-0.199772700667,-0.065446682274,-0.315544307232,-0.052786227316,0.257238686085,0.294466882944,0.198422685266,0.379702717066,0.609397888184,0.464526981115,0.934898614883,0.989108860493,0.452578574419,0.438292354345,0.479241311550,0.017854709178,-0.402537643909,-0.238515540957,-0.567267715931,-0.724687993526,-0.519926846027,-0.589880406857,-0.891459524632,-0.734125733376,-0.794789671898,-0.414634257555,-0.373327255249,-0.208498388529,-0.007202798966,-0.218417659402,-0.217956677079,-0.094257883728,-0.161733701825,-0.570671558380,-0.360530942678,-0.307436019182,-0.526800334454,-0.480031549931,0.063997894526,0.010639562272,0.398997992277,0.397141724825,0.271998256445,0.361000150442,0.585912704468,0.447837084532,0.499816596508,0.482994943857,0.451384961605,0.401998490095,0.425463110209,0.362798780203,0.278624832630,0.184008866549,0.159988567233,-0.061651840806,-0.191610917449,-0.211371272802,-0.162729740143,-0.496396303177,-0.282765388489,-0.111643373966,-0.046122606844,0.121097557247,0.366116195917,0.286934792995,0.632364571095,0.496742010117,0.438703924417,0.412382841110,0.179613098502,0.178053185344,0.147842586040,-0.132515028119,0.089932084084,-0.170047774911,-0.540209889412,-0.538435995579,-0.370853602886,-0.149698853493,-0.213206961751,0.038121327758,-0.066533282399,0.033458027989,0.103053532541,0.184712678194,0.197583064437,-0.131070360541,-0.190923556685,-0.085927329957,-0.071480572224,-0.132255733013,-0.377533674240,-0.338630318642,-0.348187416792,-0.340280771255,-0.267400801182,-0.340021491051,-0.126868039370,-0.232860296965,-0.235169321299,0.161408543587,0.151785612106,0.090491853654,0.575927555561,0.888936519623,0.674181938171,0.848633706570,0.886573970318,0.796847701073,0.794201135635,0.632343947887,0.473964720964,0.336876958609,0.001238881378,-0.139339163899,-0.220788419247,-0.673334121704,-0.870312094688,-0.812953114510,-0.886598646641,-1.107238888741,-0.809150040150,-0.457295417786,-0.529273986816,-0.226933419704,0.275723129511,0.028934668750,0.245170906186,0.443099677563,0.471585750580,0.332530587912,0.287506908178,0.065738916397,0.289630711079,0.194092795253,-0.203411132097,-0.187470331788,-0.346524566412,-0.157967671752,0.024378385395,0.013294308446,-0.123353071511,-0.464370608330,-0.361135959625,-0.315474331379,-0.539197385311,-0.515522837639,-0.378295093775,-0.642106831074,-0.382353365421,-0.525112807751,-0.271660774946,0.121867232025,0.234593093395,0.122031874955,0.373516529799,0.239647388458,0.282238572836,0.505249559879,0.251340627670,-0.102946512401,0.184325799346,0.163046658039,-0.159996792674,-0.060985065997,-0.062326844782,0.099493287504,0.419244021177,0.208251431584,0.409481137991,0.598708987236,0.578528821468,0.635776638985,0.783787965775,0.780923247337,0.652672290802,0.747465252876,0.108091369271,-0.164367854595,-0.019225299358,-0.259045541286,-0.361234754324,-0.229715764523,-0.323706120253,-0.306732207537,-0.258251219988,-0.273451149464,-0.401076525450,-0.299072533846,-0.323759615421,-0.396853595972,-0.566991984844,-0.731705605984,-0.685603559017,-0.699420571327,-0.479138404131,-0.460608690977,-0.553294301033,-0.674959838390,-0.285086780787,-0.163198962808,-0.492856621742,-0.234309092164,-0.049966841936,-0.069385588169,0.137133061886,-0.108190156519,-0.087820634246,0.080165088177,0.008289392106,0.050460748374,0.036886561662,-0.020628815517,0.058684289455,-0.147752031684,-0.156811103225,-0.059552740306,0.273998558521,0.110704958439,0.332592308521,0.203798040748,0.297903627157,0.441766172647,0.562143445015,0.639991283417,0.514934241772,0.190265014768,0.214112445712,-0.115664601326,-0.228480994701,-0.365935087204,-0.328875660896,-0.475261241198,-0.317137181759,-0.071933321655,-0.201949998736,0.010528433137,0.525108695030,0.497108340263,0.502417802811,0.815159261227,0.889512658119,0.355530142784,0.587168037891,0.533974349499,0.214877992868,0.333460748196,0.208473682404,-0.417470067739,-0.440988242626,-0.632570385933,-0.753972470760,-0.869052588940,-0.966006457806,-0.508365273476,-0.434962600470,-0.509069085121,-0.249286800623,-0.120784759521,-0.032803602517,0.453109562397,0.178843438625,0.351751744747,0.709294617176,0.540699660778,0.196541741490,-0.024394849315,-0.028160883114,-0.045060709119,-0.084861315787,0.109482534230,-0.086606450379,-0.029609676450,-0.140536889434,-0.256720095873,0.036351494491,-0.016331830993,-0.016405917704,0.348331451416,0.288478255272,0.348878860474,0.480702400208,0.452953130007,0.080276213586,0.395931661129,0.522989034653,0.137787476182,0.081424556673,-0.081716775894,-0.235724970698,-0.310226589441,-0.459760785103,-0.252530127764,-0.588892579079,-0.381451994181,-0.159770414233,-0.274953454733,-0.096110031009,0.022275170311,0.044060546905,0.474067628384,0.311642467976,0.255863994360,0.346771538258,0.244578227401,-0.115520544350,-0.059972558171,-0.053592935205,-0.075629390776,-0.005889831576,-0.199175909162,-0.936668336391,-0.688571035862,-0.124896526337,-0.231386825442,-0.246216341853,-0.081276379526,-0.051530878991,0.022559164092,0.419890254736,0.404480367899,0.147179931402,0.241725921631,0.178077876568,0.063582189381,0.009783457965,-0.260461419821,-0.144928544760,0.131407856941,0.034980908036,0.401302903891,0.412473410368,0.134523585439,-0.012989732437,-0.233642324805,-0.220068141818,-0.101493604481,-0.016871012747,-0.017150891945,-0.144027158618,-0.168537259102,-0.011495666578,0.175842940807,0.271689563990,0.312914252281,0.473647803068,0.606006443501,0.221599236131,0.295108944178,0.464621663094,0.143578529358,0.371890783310,0.459122836590,0.148962095380,0.317091882229,0.130136042833,-0.031301304698,0.012281800620,0.082684010267,-0.021011592820,-0.409287691116,-0.413802802563,-0.389580875635,-0.541551709175,-0.850070178509,-0.513695359230,-0.563937962055,-0.226604163647,0.219179108739,0.000938421756,0.127637714148,0.467157065868,0.344684779644,0.356563210487,0.466860711575,0.289869427681,0.145220771432,-0.071731641889,-0.405690431595,-0.412045359612,-0.612517774105,-0.433168083429,-0.259732902050,-0.445227622986,-0.447816520929,-0.173221141100,0.039339628071,0.245722442865,0.097184270620,0.344598352909,0.325311303139,0.321644067764,0.339383512735,0.193183168769,-0.236222982407,-0.109338484704,-0.289091527462,-0.483999282122,-0.385213911533,-0.154851943254,-0.159618139267,0.071044288576,-0.139211580157,-0.049608763307,0.195994332433,0.192985609174,0.193738803267,0.125748515129,-0.033276930451,0.145615890622,0.210782691836,0.127954632044,0.261017084122,0.156152561307,0.296965211630,0.641226053238,0.719806492329,0.352122187614,0.365840405226,0.076835334301,-0.161964192986,-0.057741746306,-0.132152825594,-0.212992936373,-0.143253371119,-0.482254117727,-0.747374773026,-0.576964735985,-0.191977217793,-0.001053666580,-0.027337707579,0.176769018173,0.187198668718,0.305839061737,0.199073001742,0.483579427004,0.538127243519,0.321446478367,0.424401253462,0.329879939556,-0.055506825447,0.029099306092,0.115244783461,-0.280139476061,-0.405258268118,-0.175558954477,-0.527989864349,-0.873110949993,-0.445894390345,-0.342437505722,-0.561484932899,-0.247023060918,-0.003576704068,-0.045953854918,-0.130424171686,0.033503305167,0.068607687950,-0.212260305882,0.260934740305,0.798848032951,-0.140347555280,0.269969135523,0.652701139450,0.388383150101,0.098575443029,0.055078774691,-0.053440649062,-0.191903144121,-0.368244141340,-0.222093150020,-0.331678599119,-0.211383610964,-0.006618342828,0.422631412745,0.361683398485,0.719283819199,0.588164031506,0.550306200981,0.576392650604,0.447548985481,0.407649606466,0.342174082994,0.091133922338,0.319816619158,0.180168747902,-0.168718352914,-0.123246058822,-0.182889357209,0.055963687599,0.220780178905,-0.045348819345,-0.090512417257,-0.117479696870,-0.304995298386,-0.145319551229,-0.192705735564,-0.534468233585,-0.273743391037,-0.556854546070,-0.598741889000,-0.112964577973,-0.379616320133,0.040397409350,-0.026662703604,-0.327484488487,-0.095393858850,-0.265034198761,-0.529459238052,-0.506426751614,-0.550594270229,-0.917101442814,-0.686821818352,-0.578751027584,-0.363214492798,-0.170850381255,-0.140433996916,0.294322818518,1.010223388672,0.912611007690,0.624108076096,0.869163751602,0.851070344448,0.691518068314,0.775194048882,0.357402861118,0.387123674154,0.183905959129,0.229188948870,-0.013656505384,-0.143031105399,-0.038178946823,0.016846317798,-0.134918704629,-0.194389119744,0.173727393150,0.171615928411,0.173805579543,0.109659522772,0.221595123410,0.476067930460,0.477084547281,0.548894405365,0.583904147148,0.303492993116,0.500010013580,0.811072170734,0.785747170448,0.801745533943,0.880066752434,0.568642437458,0.165302172303,0.109453722835,-0.360485672951,-0.659784615040,-0.774654805660,-0.956996738911,-1.371231794357,-1.422466278076,-0.958165705204,-0.895723581314,-0.682998180389,-0.644481718540,-0.540889024734,-0.381419062614,0.008408753201,0.071649320424,0.172603756189,0.112804062665,0.347261309624,0.292725861073,-0.089932084084,0.068368963897,-0.061660073698,-0.111639261246,0.117714308202,0.202559158206,-0.036376193166,-0.081889644265,-0.266334801912,-0.264519691467,-0.218421787024,-0.546313762665,-0.112404823303,-0.088392741978,0.023160085082,0.101748786867,0.144138291478,0.084392108023,0.469680100679,0.601952314377,0.511715650558,0.358275443316,0.433266878128,0.470573246479,0.479694008827,0.535534203053,0.321969211102,0.308201581240,0.224743768573,-0.101538881660,0.165059328079,0.054708342999,0.022398646921,0.264396220446,0.370804190636,0.058721330017,0.165174573660,0.184453383088,0.237054377794,-0.000872567587,0.190211504698,0.068183749914,-0.036355610937,-0.034301783890,-0.219940543175,-0.039710059762,-0.031284842640,-0.049896873534,0.011298103258,-0.113857723773,-0.143372729421,-0.050526600331,-0.333621263504,-0.219854101539,0.009166075848,0.123546518385,-0.051016394049,0.159758076072,0.153234392405,0.080198019743,0.387823373079,0.216787785292,0.038018427789,0.543667256832,0.416638672352,0.032001007348,-0.036236248910,-0.061063271016,-0.203221827745,-0.382637351751,-0.582652926445,-0.076724208891,-0.154711991549,-0.430323988199,-0.087791822851,0.196410030127,0.384407192469,0.590584218502,0.895060896873,0.959490954876,0.400117516518,0.274187892675,0.246924281120,-0.054362606257,-0.125789672136,-0.070426903665,0.067990303040,-0.132617935538,-0.178818732500,0.181012496352,0.130642294884,-0.351842314005,-0.457163661718,-0.279694974422,-0.688859164715,-0.643753230572,-0.224039956927,-0.581154704094,-0.965747117996,-0.660875320435,-0.319182753563,-0.017710652202,-0.217396929860,-0.521992981434,-0.184601545334,0.075131364167,0.163824573159,0.413436532021,0.386922001839,0.259041428566,0.471795648336,0.352978259325,-0.284057796001,0.006857064553,-0.167380690575,-0.360251039267,-0.147529780865,-0.049386505038,-0.115421764553,0.070756182075,0.307246685028,0.433810144663,0.472153753042,0.635731339455,0.542411863804,0.373742938042,0.120846495032,0.239038243890,0.201213255525,0.083593621850,0.073427386582,0.047600205988,-0.096986711025,-0.487180799246,0.077909588814,0.138149678707,0.087993502617,0.007820181549,0.181045427918,0.164232045412,0.514292120934,-0.132963672280,-0.228966668248,0.227246239781,0.088413320482,-0.271459072828,-0.007844876498,-0.148888021708,0.038495872170,0.279629081488,0.318186730146,0.236190050840,0.288342416286,0.072097957134,0.143866643310,0.084342718124,-0.057869337499,-0.153086230159,-0.316334575415,-0.695428133011,-0.794917345047,-0.421762943268,-0.382382154465,-0.178744658828,0.076382592320,0.538016140461,0.501240670681,0.453286498785,0.610929071903,0.407460272312,0.238091588020,0.740834534168,0.569634318352,0.278270870447,0.336699962616,-0.062071662396,-0.257374525070,-0.232251152396,-0.507179915905,-0.304966509342,-0.459398627281,-0.958177983761,-0.649301469326,-1.042092680931,-1.358344912529,-1.071899890900,-0.743464648724,-0.679767191410,-0.417054384947,-0.145204305649,0.129230558872,0.267857670784,0.220697864890,0.575260758400,0.645189642906,0.540518581867,0.662159442902,0.544206380844,0.217647999525,0.119315385818,-0.115314744413,-0.270187258720,-0.433065205812,-0.375500410795,-0.232284083962,-0.424849867821,-0.452360451221,0.032766558230,0.248488321900,0.278028011322,0.423252910376,0.403426676989,0.629425823689,0.655096590519,0.859536767006,0.576989412308,0.569572627544,0.625997304916,0.646235108376,0.180493906140,0.129214093089,0.147904321551,0.304172128439,0.072460152209,-0.094858802855,-0.283691495657,-0.407163918018,-0.153785929084,-0.327011168003,-0.476179063320,-0.200575307012,0.106844261289,0.094278454781,-0.046521846205,0.168697774410,0.392387896776,0.176373898983,0.243067696691,0.234235018492,-0.288836330175,-0.322080343962,-0.144615724683,-0.238898307085,-0.518272221088,-0.557825863361,-0.799996316433,-0.946583569050,-0.923176527023,-0.946344792843,-0.922015845776,-0.649136781693,-0.104629911482,0.183230966330,0.513530731201,0.427899748087,0.362930476665,0.630450665951,0.695341706276,0.430830240250,0.774107396603,0.609142720699,0.416037768126,0.352838337421,-0.036870095879,0.063940271735,0.266326576471,-0.039055634290,-0.052563969046,0.073254518211,-0.147665604949,0.041051834822,0.076510183513,0.039096791297,0.075526483357,0.066627942026,0.142002150416,0.232572183013,0.357765048742,0.349265754223,0.331007689238,0.406628876925,0.655228316784,0.706903219223,0.682582437992,0.453957408667,0.299842208624,0.085976719856,0.013722360134,-0.230757087469,-0.209012866020,-0.144693925977,-0.033067021519,0.094513066113,0.326295018196,0.164783567190,0.287395775318,0.362057924271,0.063479296863,0.199278801680,0.156234875321,-0.357966721058,-0.270006150007,-0.237326040864,-0.489749133587,-0.631998240948,-0.387572288513,-0.475467026234,-0.487501889467,-0.108338326216,0.076736554503,-0.020130792633,-0.160029709339,-0.166273519397,-0.222294822335,-0.769271194935,-0.800893604755,-0.579351961613,-0.771613180637,-0.572400212288,-0.862096726894,-0.844365596771,-0.504788577557,-0.580220401287,-0.582903981209,-0.140129417181,-0.177765071392,0.060017835349,0.296356052160,-0.001967393095,-0.046863462776,0.122299410403,-0.127205550671,-0.410913467407,-0.232675075531,-0.208197906613,-0.273352384567,0.017632450908,0.320960819721,0.534460008144,0.586410701275,0.831351101398,0.826420366764,0.917105615139,0.863549649715,0.818118512630,0.491584837437,0.185194239020,0.389399766922,0.491877079010,0.201060965657,0.243816792965,0.345956593752,0.538608789444,0.313976168633,0.086507663131,0.549096047878,0.261823773384,0.148468211293,0.101069673896,-0.329945802689,-0.152020201087,-0.198764309287,-0.380851060152,-0.057696476579,-0.073019914329,-0.044649120420,-0.050777669996,-0.100349389017,-0.051102828234,0.028243202716,-0.109988793731,0.172636672854,-0.018472092226,-0.585410535336,-0.601956427097,-0.435151934624,-1.226167440414,-1.419198274612,-1.400450468063,-1.122545838356,-0.987059175968,-0.872345328331,-0.827383399010,-0.389453262091,-0.396989464760,-0.237272545695,0.097488850355,0.265614509583,0.431768685579,0.551841378212,0.716604351997,0.691876173019,0.743975043297,0.602380335331,0.009343058802,0.110486820340,0.129304647446,-0.247150659561,-0.157844185829,-0.324891477823,-0.812627971172,-0.630854070187,-0.499886572361,-0.760323345661,-0.225015431643,0.137820407748,0.180884912610,0.418392062187,0.317725747824,0.751412391663,1.041182994843,1.054687261581,1.040141701698,0.899329066277,0.810092568398,0.911351561546,0.549013793468,0.197126179934,0.107017129660,-0.047670178115,0.146661326289,0.230720043182,0.159770414233,0.087614841759,0.167487710714,0.242265105247,0.354579359293,0.339206546545,-0.091866552830,0.208580702543,0.321257144213,-0.073559090495,-0.413226634264,-0.224278688431,-0.256995856762,-0.015092949383,-0.087186791003,-0.341338574886,-0.336856365204,-0.045484647155,-0.167574137449,-0.427241176367,-0.356439739466,-0.234510764480,-0.158173456788,-0.544634461403,-0.339305341244,-0.316544473171,-0.299249529839,-0.092977836728,-0.332057237625,-0.421565383673,-0.137548759580,-0.062413278967,0.117393270135,0.088392741978,-0.053140189499,-0.081292845309,-0.120031557977,-0.331863790751,-0.259930461645,-0.368528097868,-0.565839469433,-0.633669316769,-0.540810823441,-0.446289509535,-0.243672728539,-0.271652519703,-0.374084532261,-0.135173887014,-0.091891251504,-0.009100222029,0.416465818882,0.670288324356,0.462934136391,0.343133091927,0.113417319953,0.168706014752,0.093035466969,-0.108795188367,-0.110639102757,-0.084972441196,-0.014500262216,0.129724457860,0.067632220685,0.150238037109,0.471639275551,0.308193325996,0.234020978212,0.092018842697,0.172558471560,0.268689095974,-0.002115564886,-0.061087965965,0.149460121989,0.033774949610,0.090302512050,0.285535395145,0.425952911377,0.629582226276,0.578709900379,0.197451353073,0.498820543289,0.692728102207,0.552121281624,0.669358134270,0.516148447990,0.345833092928,0.627750635147,0.692686975002,0.159251809120,0.426582664251,0.605631887913,0.634122014046,0.244816944003,-0.062820754945,0.029235132039,-0.020278966054,-0.268898993731,-0.178370103240,-0.319285660982,-0.495354950428,-0.597124338150,-0.636089444160,-1.046076893806,-0.816212892532,-0.319335043430,-0.930284678936,-0.981428623199,-0.836915791035,-0.845040559769,-0.522342860699,-0.544494509697,-1.058226943016,-1.087083339691,-0.962326824665,-0.577166438103,-0.770888805389,-0.664081573486,-0.529014706612,-0.566942572594,-0.725852727890,-0.146838307381,0.162289336324,0.238503172994,0.301636755466,0.241425454617,0.234165027738,0.511304020882,0.411604940891,0.445112407207,0.502220273018,0.175818249583,0.413271874189,0.531290769577,0.407242119312,0.738340377808,0.910162031651,0.607747435570,0.689007401466,0.757084131241,0.436403155327,0.548100054264,0.679100394249,0.380604088306,0.441506832838,0.298282295465,0.011602679268,0.130642294884,0.255090206861,0.270351886749,0.569584965706,0.584196388721,0.006881759968,0.129172921181,0.066990144551,-0.287078857422,-0.496709108353,-0.617967188358,-0.474713802338,-0.334288060665,-0.399808824062,-0.094175562263,0.171294897795,0.155267640948,0.308073997498,0.580874800682,0.174155429006,-0.017056226730,-0.233144298196,-0.258740991354,-0.622120141983,-1.000415205956,-0.910359621048,-0.913034975529,-1.314288496971,-1.133078336716,-0.950678884983,-1.137177824974,-0.360699683428,-0.181020721793,-0.035351336002,0.313539892435,0.595757842064,0.730063319206,0.780935645103,0.704717695713,0.888162732124,0.743752717972,0.798819184303,0.498890519142,0.083103828132,0.232181191444,0.079975761473,0.068183749914,-0.182732954621,-0.385234475136,-0.107552185655,-0.049868058413,-0.511299908161,-0.140738561749,-0.044192254543,-0.065891198814,-0.315824180841,-0.351657092571,-0.260045737028,-0.120537802577,-0.241944059730,-0.014920082875,-0.012162440456,-0.059091761708,-0.032346740365,-0.430225223303,-0.321606993675,-0.012586376630,-0.202962502837,-0.188021853566,-0.328846871853,-0.641501784325,-0.525211632252,-0.358703494072,-0.157811254263,0.170274153352,0.251900374889,0.375224679708,0.526907384396,0.670568227768,0.921546638012,0.458723604679,0.075012005866,0.472170203924,0.390511035919,0.183642551303,0.386061757803,0.005861019716,-0.155481666327,-0.015027095564,-0.206251099706,-0.141985684633,-0.000716164010,-0.450767576694,-0.211729347706,-0.222615867853,-0.643296360970,-0.434588044882,-0.494647026062,-0.364860862494,-0.210963800550,-0.303879886866,-0.334724336863,-0.070356935263,-0.004445155617,0.158222854137,0.210506930947,0.188700973988,0.119879268110,-0.058647245169,-0.101065553725,-0.039685361087,-0.215540662408,-0.340326070786,-0.431303590536,-0.493107706308,-0.365375339985,-0.332427680492,-0.441321611404,-0.263391941786,-0.409909188747,0.100345276296,-0.058087483048,-0.248163163662,-0.139717832208,0.025300344452,0.160527735949,0.092669151723,0.343993335962,0.783141791821,0.933832585812,0.526425778866,0.697687745094,0.882034122944,0.944414436817,0.910182654858,0.854058504105,0.542868733406,0.093694001436,-0.085980832577,-0.172052219510,-0.481134593487,-0.363165110350,-0.162799715996,0.075851641595,0.109383761883,0.061359614134,0.230415463448,0.356406837702,0.417581200600,0.303093761206,0.687928974628,0.421676516533,0.357933819294,0.284909784794,-0.058927122504,-0.191808477044,-0.202789649367,-0.680759131908,-0.703474640846,-0.577244639397,-0.667839348316,-0.556405901909,-0.080831862986,-0.083099715412,0.060211278498,0.507262229919,0.314474165440,0.228958442807,0.327575057745,0.236144781113,0.024361923337,-0.143726691604,-0.136116430163,0.053634099662,-0.291593968868,-0.437683194876,-0.471581637859,-0.548075318336,-0.266651719809,-0.302982628345,-0.286510854959,-0.231954813004,-0.191833153367,-0.064141951501,-0.030992614105,0.087750673294,0.095681980252,0.015179383568,0.012141860090,-0.032297346741,0.046143189073,0.160317838192,0.211239546537,0.351117908955,0.051045205444,-0.016953328624,-0.242133393884,-0.630734682083,-0.676556825638,-0.481402158737,-0.791241884232,-0.578294157982,-0.269557535648,-0.361885070801,-0.378393858671,-0.081251688302,0.061400771141,0.255942195654,0.662546336651,0.495103925467,0.160000905395,0.330431491137,0.444601982832,0.358929842710,0.649922907352,0.664139151573,0.405122429132,0.232815027237,0.069801293314,0.186107963324,0.201332628727,-0.064611159265,-0.221232935786,-0.094068549573,-0.505603551865,-0.275525569916,-0.398244768381,-0.385555505753,-0.142125621438,-0.192705735564,-0.095550276339,0.036207441241,0.275118082762,0.234420239925,0.525651991367,0.619424223900,0.602857768536,0.670041382313,0.657887160778,0.416898012161,-0.006075046491,-0.114158183336,-0.404982507229,-0.649935245514,-0.743892669678,-0.830923080444,-0.641304254532,-0.631376743317,-0.717160046101,-0.200007304549,-0.233967468143,0.247998535633,0.324224710464,0.335588663816,0.497828602791,0.542885184288,0.165565595031,0.154884859920,0.415926635265,0.441115826368,0.262046039104,-0.028695948422,0.079580634832,0.047159809619,-0.240507632494,-0.202509760857,-0.483122587204,-0.497795701027,-0.452566236258,-0.505126059055,-0.423026531935,-0.407349139452,-0.301245719194,-0.257967203856,-0.291034221649,-0.291091829538,-0.173208788037,-0.134614139795,-0.036442045122,0.128082230687,0.222603514791,0.033462144434,-0.000423936144,-0.067442893982,-0.054502546787,-0.192767471075,0.057453636080,0.040920127183,-0.172410294414,0.059104111046,0.005478242878,0.124340884387,0.226649448276,0.278270870447,0.345487385988,0.543794810772,0.659344196320,0.493041843176,0.689246058464,0.559813857079,0.260873019695,0.298179417849,0.330427348614,0.310358315706,0.346899122000,0.502652466297,0.567559957504,0.252801775932,0.203937977552,0.231251001358,0.428908139467,0.161618456244,-0.161029890180,-0.018789015710,-0.053996294737,-0.119764022529,-0.002617702819,-0.256888836622,-0.563995599747,-0.108721099794,0.060021948069,-0.224101707339,-0.190388485789,-0.415593236685,-0.072093844414,0.318697094917,0.115965060890,0.101740561426,0.363905966282,-0.040804881603,-0.115574046969,-0.516169011593,-0.746592760086,-0.786381006241,-0.358806401491,-0.662303507328,-0.601503670216,-0.694913685322,-0.977053463459,-0.808837234974,-0.899152100086,-0.736619889736,-0.362304896116,-0.433546751738,-0.456229388714,0.039199687541,0.117179237306,-0.028144421056,0.031577069312,0.255839288235,0.424232482910,0.255106657743,0.357073575258,0.370697170496,0.455517321825,0.550668358803,0.333312571049,0.607442915440,0.592399299145,0.466263920069,0.625593960285,0.222764045000,0.200776994228,0.435892790556,0.368174135685,0.345108717680,0.501874566078,0.526047110558,0.423730343580,0.400208055973,0.279308080673,0.374561995268,0.577343404293,0.395100265741,0.559435188770,0.465490132570,0.234267920256,0.293783634901,0.228604480624,0.288893967867,0.280110657215,0.160511285067,-0.051312733442,0.001930350089,-0.011409233324,-0.480521351099,-0.591794312000,-0.564942240715,-0.364951372147,-0.414140343666,-0.367630839348,-0.359637796879,-0.258457005024,-0.447450190783,-0.498651832342,-0.566687405109,-0.909273087978,-0.732080101967,-0.715748250484,-0.651540458202,-0.495490819216,-0.539415538311,-0.458484888077,-0.270948708057,-0.216549053788,-0.276924967766,-0.220640242100,-0.008803877980,-0.116549514234,-0.187145173550,-0.365663468838,-0.518901944160,-0.352426767349,-0.514497935772,-0.532204508781,-0.359230309725,-0.184869095683,-0.244092568755,-0.134342491627,-0.126567572355,0.295928001404,0.796131491661,1.059301137924,1.306410670280,1.418082833290,1.359184622765,1.204357266426,1.203192591667,0.903165042400,0.918904185295,0.780202984810,0.607591032982,0.466333866119,0.039561886340,-0.257119327784,-0.256979376078,0.007881919853,-0.154802545905,-0.069768361747,-0.189129024744,-0.132350400090,-0.359353780746,-0.289112120867,-0.233247190714,-0.127534806728,0.101407170296,0.202888429165,0.460003644228,0.200781106949,-0.087524294853,0.139709591866,0.255884557962,0.111499316990,-0.044743783772,0.037981383502,-0.045064821839,-0.429681926966,-0.355777084827,-0.386012405157,-0.803811788559,-0.838636279106,-0.839163064957,-0.717423439026,-0.769123077393,-0.925510227680,-0.377397835255,-0.020517686382,-0.251542299986,-0.067389383912,0.153119146824,0.249920636415,0.351023256779,0.231189265847,0.485876083374,0.698169291019,0.449952661991,0.367058753967,0.340902298689,0.603462815285,0.697963476181,0.627635419369,0.268154025078,0.197867050767,0.110202811658,0.196253627539,-0.227015748620,-0.388877004385,-0.354567021132,-0.122846819460,0.101773485541,-0.150324463844,-0.086721695960,0.015652710572,0.034622821957,0.265112370253,0.172076925635,0.107029467821,0.281621187925,0.187486782670,-0.074872061610,-0.308975368738,-0.363881289959,0.048917289823,-0.114899046719,-0.187466219068,-0.129679188132,-0.025814831257,-0.189281314611,-0.134099647403,0.227114528418,0.259226650000,0.196636408567,-0.057642966509,-0.132239267230,-0.332814574242,-0.405464053154,-0.038578189909,0.029975991696,0.136067032814,0.097546473145,-0.151711523533,0.121492683887,0.383069515228,0.653075695038,0.721913874149,0.724885523319,0.236198276281,0.143372729421,0.074468702078,0.122151233256,-0.138005629182,-0.324360549450,-0.157498449087,-0.598762512207,-0.587703108788,-0.554734826088,-0.751572966576,-0.573215186596,-0.292886376381,-0.380180150270,0.025477329269,0.386950790882,0.278060942888,0.456175863743,0.229905098677,0.105321384966,-0.080852441490,-0.300327897072,-0.444610208273,-0.437543272972,-0.419437497854,-0.506027460098,-0.281114935875,-0.138166144490,-0.033927239478,-0.068784669042,-0.043566644192,-0.104440577328,-0.025403242558,0.375479817390,0.094998732209,0.011845516972,-0.087256759405,-0.196060180664,0.162034153938,0.184000626206,0.180880784988,0.513794124126,0.212717160583,0.066372759640,0.185749888420,0.129086494446,0.042842246592,0.103082343936,0.354517638683,0.211791098118,0.158766150475,0.261243462563,-0.083782956004,-0.125168174505,-0.013998124748,-0.118570409715,0.135931223631,-0.012763359584,-0.145706444979,0.061845287681,-0.146653100848,-0.167586490512,0.109943516552,-0.043825943023,-0.192220062017,0.191405117512,0.193899348378,-0.053827542812,-0.063112981617,-0.037219945341,0.181753367186,-0.027967438102,-0.195084705949,-0.071352981031,0.033729676157,-0.402126044035,-0.136639147997,-0.242137506604,-0.242075771093,-0.085219398141,-0.364383429289,-0.650597929955,-0.545428872108,-0.221529275179,-0.185206577182,-0.525853693485,-0.377216756344,-0.107391670346,0.120171487331,0.395869940519,0.293310314417,0.056128323078,0.328180074692,0.363897740841,0.530780434608,0.502467215061,0.300550132990,0.097587630153,-0.044677931815,-0.041257631034,0.107671551406,-0.240017831326,-0.059116456658,0.098464310169,-0.166261166334,-0.345598518848,-0.407217413187,-0.212857112288,0.081251688302,-0.029457386583,0.132667317986,0.332559376955,0.432196736336,0.469083279371,0.269878566265,0.362045556307,0.755997478962,0.756713688374,0.376998573542,0.299101352692,0.183819532394,0.034437611699,-0.119850449264,-0.154386848211,-0.348693639040,-0.277752280235,-0.302583396435,-0.480422556400,-0.350047767162,-0.512670516968,-0.794946134090,-0.758602857590,-0.636159420013,-0.706804454327,-0.534583508968,-0.264083415270,-0.280703365803,0.004506893922,0.118673309684,0.294335156679,0.436180919409,0.405085384846,0.396849483252,0.403834134340,0.356365650892,0.279213398695,-0.005667573307,0.073567323387,0.045657511801,-0.079737037420,0.065014518797,0.224171668291,0.065594859421,-0.067870944738,-0.230530709028,-0.070817910135,-0.197488397360,-0.283337533474,0.135359108448,-0.037269338965,0.043043926358,0.261893779039,0.005445315968,0.376805126667,0.653968811035,0.292038500309,0.498775303364,0.653668344021,0.305402755737,0.518148720264,0.435452401638,-0.222607642412,-0.296174943447,-0.158881381154,-0.415679663420,-0.440185666084,-0.395816415548,-0.441194027662,-0.510464370251,-0.670864522457,-0.522396385670,-0.376220703125,-0.064125485718,-0.266873985529,-0.266495317221,0.121797271073,0.249414384365,0.319483220577,0.490267723799,0.343873947859,0.406686455011,0.539781868458,0.142343759537,0.121496804059,-0.336214303970,-0.488736629486,-0.306658118963,-0.475397050381,-0.550474882126,-0.499240368605,-0.538411259651,-0.267310261726,-0.032276768237,0.014191571623,0.196372985840,0.012783938088,-0.216717794538,-0.334296286106,-0.193788200617,-0.104218319058,-0.197690069675,-0.150024011731,0.027839846909,0.259029090405,0.456822067499,0.741081595421,0.771250963211,0.741435468197,0.805989027023,0.774733006954,0.526001870632,0.294569760561,0.281901061535,0.072871737182,-0.223052144051,-0.049390617758,-0.171080872416,-0.621198177338,-0.564859926701,-0.264527916908,-0.132947206497,-0.260523170233,-0.032260306180,0.052197650075,0.083042092621,-0.099065236747,0.071233622730,0.182440713048,0.102641940117,-0.218096628785,-0.191442146897,-0.281057327986,-0.439325422049,0.008721560240,0.065125651658,0.108033746481,-0.015862619504,-0.001432328019,0.175299659371,0.251101911068,0.204921677709,-0.087133288383,-0.205082193017,-0.211585283279,-0.501183092594,-0.739640951157,-0.791254162788,-0.685862839222,-0.716752529144,-0.693300247192,-0.575244307518,-0.644066035748,-0.447162091732,-0.549684643745,-0.489016532898,-0.043570756912,0.478632152081,0.452208161354,0.400059908628,0.380649387836,0.352188020945,0.414469599724,0.465708255768,0.369203090668,0.157634273171,0.142277911305,0.143257498741,-0.175258502364,-0.302212953568,-0.384259015322,-0.272627979517,-0.435374200344,-0.455739587545,-0.444219231606,-0.000703816302,0.042796969414,0.108293049037,0.246944874525,0.506299138069,0.693979382515,0.818011581898,0.698280394077,0.772658646107,0.581023037434,0.561451971531,0.463172882795,0.230110898614,0.062944225967,-0.054160930216,-0.178802281618,-0.402014940977,-0.873518347740,-0.571256041527,-0.441338121891,-0.926588535309,-0.655104815960,-0.210107699037,-0.424022585154,-0.418124526739,-0.328925043344,-0.366503089666,-0.222064346075,-0.476598888636,-0.313729196787,-0.098332606256,-0.221961453557,-0.328390002251,0.019661583006,-0.104510553181,0.093969769776,0.344203233719,0.218660488725,-0.170850381255,-0.056873299181,-0.001144216047,-0.066479772329,-0.008227653801,-0.030103582889,-0.246825501323,-0.112301923335,0.196887478232,0.338988393545,0.234239131212,-0.056539911777,0.258238852024,-0.080761894584,-0.127843499184,0.202542692423,-0.035622984171,0.045068938285,0.114709712565,0.210087105632,0.342227607965,0.174447655678,0.259057909250,0.464292407036,0.087351426482,0.282888889313,0.271788328886,-0.205411478877,-0.216063365340,0.127884656191,-0.276838511229,-0.459472715855,-0.062248643488,-0.285164952278,-0.638896465302,-0.387251257896,-0.224361002445,-0.397211700678,-0.144768014550,0.106572613120,0.256740659475,0.463374555111,0.349072307348,0.392305582762,0.316667944193,0.033742025495,-0.061865866184,0.078564010561,-0.068508900702,-0.611566960812,-0.292178422213,-0.341713130474,-0.321788102388,-0.171089097857,0.097031988204,0.177909120917,0.166298210621,0.248438939452,0.493202388287,0.671856462955,0.547449707985,0.844501376152,0.773498237133,0.488584369421,0.328723371029,0.250612109900,0.376801013947,0.138853490353,0.288675814867,0.036322683096,-0.272220522165,-0.072077378631,-0.168948844075,-0.256781816483,-0.370120942593,-0.406847000122,-0.202526241541,-0.264993011951,-0.217207595706,-0.345726102591,-0.272450983524,-0.073229826987,-0.257703781128,-0.041879128665,0.190569594502,0.100262962282,-0.098501361907,-0.192014262080,-0.034482885152,-0.192384690046,-0.481677889824,-0.365708708763,-0.503339827061,-0.482616335154,-0.317071318626,-0.179102733731,0.028111493215,0.627495467663,0.572976469994,0.625322282314,0.646412074566,0.519939184189,0.454101473093,0.489613324404,0.124773055315,0.079358376563,0.034046601504,-0.144537538290,-0.225793316960,-0.370013922453,-0.386547446251,-0.160009145737,-0.347701728344,-0.167574137449,-0.070542149246,0.095566727221,-0.265947908163,-0.120640702546,0.099493287504,0.078531078994,0.033894311637,0.345944255590,0.178489476442,-0.083647131920,0.284955054522,0.602034568787,0.386465132236,0.322533100843,0.193652391434,-0.140541017056,-0.257094621658,-0.110309831798,-0.324817419052,-0.714237749577,-0.645988106728,-0.327484488487,-0.379789143801,-0.545288860798,-0.375311076641,-0.419680297375,-0.116520702839,0.076069787145,0.126970931888,0.356838971376,0.228872001171,0.330567300320,0.536727845669,0.723551988602,0.639229893684,0.274854689837,0.336909860373,0.503710210323,0.235601484776,-0.066615596414,-0.270520657301,-0.348944723606,-0.337486088276,-0.352904230356,-0.747053682804,-0.777992844582,-0.778976500034,-0.552166521549,-0.419523924589,-0.482896178961,-0.439037352800,-0.153534859419,-0.076448448002,-0.233889281750,0.124196827412,0.020669974387,0.069188028574,0.260696053505,0.024069694802,0.277546465397,-0.061371963471,-0.383888572454,-0.123064957559,-0.496672064066,-0.542251408100,-0.625120580196,-0.733640015125,-0.919875562191,-0.636657416821,-0.355254352093,-0.002086753724,0.278661876917,0.366437226534,0.614176452160,0.579170882702,0.452735006809,0.275616109371,0.451858311892,0.499458521605,0.586015582085,0.607002437115,0.365255981684,0.430114090443,0.389980107546,0.191985443234,0.185276567936,0.103926099837,-0.048365764320,0.258193582296,0.038845721632,0.007305695675,0.378801345825,0.351759970188,0.312609702349,0.536065220833,0.627359628677,0.717686831951,0.491325527430,0.410625398159,0.512859821320,0.337424367666,0.189124912024,0.131366699934,-0.147151112556,-0.367828398943,-0.807413101196,-0.740990996361,-0.890105366707,-0.888994097710,-0.411757230759,-0.608936965466,-0.339922696352,-0.334226340055,-0.055140513927,0.085828550160,-0.223282635212,-0.020937506109,-0.043093316257,-0.153468996286,-0.193965196609,-0.427208274603,-0.460999697447,-0.363370925188,-0.319635510445,-0.386831432581,-0.316437453032,-0.069105707109,0.033211074769,0.307818800211,0.216302096844,0.125703245401,0.078168883920,0.274636536837,-0.050868224353,0.043648958206,-0.147389829159,-0.091282092035,-0.280431717634,-0.374669015408,-0.318137317896,-0.186643034220,0.173933178186,0.248747617006,0.482505202293,0.729413032532,0.481167525053,0.601697087288,0.428620010614,0.411362111568,0.343985080719,0.134424805641,0.086145468056,0.082140713930,0.111268833280,-0.155160620809,0.051493838429,0.178703501821,0.512324810028,0.314334243536,0.280065387487,0.455599665642,0.250587433577,0.107292890549,-0.033379826695,-0.392869472504,-0.143376842141,0.219780027866,-0.028263783082,-0.002691788832,0.183165103197,0.269899159670,0.125699117780,0.055210478604,-0.057614155114,-0.016488235444,-0.468601733446,-0.362304896116,-0.554043352604,-0.625001251698,-0.402183681726,-0.504187643528,-0.400397390127,-0.117068119347,-0.099122859538,-0.023127155378,0.280250608921,0.320845574141,0.276550441980,0.288716971874,-0.018031690270,-0.001115404768,0.109017446637,0.011368074454,0.054473735392,-0.036055151373,-0.304768949747,-0.363416165113,-0.133877381682,-0.102242693305,0.102226227522,0.326558440924,0.307695329189,0.183379143476,0.406204909086,0.267730087042,0.120294965804,-0.155354082584,-0.274196118116,-0.281481266022,-0.149484813213,-0.292647659779,-0.205925956368,-0.254271149635,-0.277381837368,-0.210527509451,-0.164865881205,0.109153263271,0.172620221972,-0.236066594720,-0.136766731739,0.000847872288,-0.132774338126,-0.122221209109,-0.085264675319,0.080864794552,0.409341216087,0.107803255320,0.045212995261,0.229135423899,0.163668155670,0.121381565928,-0.230024456978,-0.261766165495,-0.060487046838,-0.013734707609,-0.284061908722,-0.432851165533,-0.446166038513,-0.362914025784,-0.329785287380,-0.145060256124,-0.218870416284,0.231082245708,0.459332764149,0.499849557877,0.408151745796,0.839558184147,1.002925872803,1.012318372726,0.774086833000,0.765138924122,0.719094455242,0.635817766190,0.571935176849,0.150118678808,0.045542266220,-0.041553974152,-0.202518016100,-0.263651251793,-0.363737195730,-0.689064979553,-0.542185485363,-0.453570514917,-0.551853716373,-0.346059501171,-0.242199257016,-0.249274447560,-0.026860266924,0.144381135702,-0.000753206958,0.163964509964,0.249019265175,0.296582430601,0.291231781244,0.053794618696,0.236099496484,0.017319643870,-0.526857972145,-0.527487695217,-0.458995252848,-0.640740394592,-1.081691622734,-0.858067333698,-0.830293297768,-0.703528165817,-0.267479032278,-0.242528513074,0.097287170589,0.474429845810,0.042768158019,0.304398506880,0.778416693211,0.496770858765,0.260798931122,0.441708534956,0.530607521534,0.379496932030,0.391054332256,0.326002776623,0.251381784678,0.405719220638,0.596358835697,0.494173735380,0.184103533626,-0.028605401516,0.195232883096,0.054543707520,-0.358036696911,-0.250130563974,-0.090689405799,0.074884414673,-0.070990778506,-0.160486593843,0.121978364885,-0.143348038197,-0.116689458489,0.159231230617,0.349154621363,0.237334266305,0.031544141471,-0.163808107376,-0.095599651337,-0.471371710300,-0.204608857632,-0.009923398495,-0.375327557325,-0.334415644407,-0.170076593757,0.049724005163,0.180790245533,0.371458619833,0.575837016106,0.495688378811,0.317310035229,0.173064723611,0.193775862455,0.119216606021,0.118121780455,0.147237554193,-0.172414422035,-0.343935668468,-0.390449285507,-0.247541666031,-0.268647909164,-0.324368774891,-0.104959182441,0.135058656335,-0.160511285067,-0.235893711448,-0.325093150139,-0.241454273462,-0.236050114036,-0.403233230114,-0.066195778549,-0.122476391494,-0.125633269548,-0.118018887937,-0.262379437685,-0.076156221330,0.502232611179,0.495984733105,0.667053222656,0.583591282368,0.353723257780,0.372137755156,0.363128066063,0.236342340708,-0.118055924773,0.121344514191,-0.060952141881,-0.337395548820,0.038512337953,0.374047517776,0.060569360852,0.085355222225,0.386333435774,0.289095640182,0.114339277148,0.554710149765,0.405311763287,0.241684749722,0.484624862671,0.025263300166,0.172348573804,0.122892089188,-0.030733311549,0.092574484646,0.068471856415,-0.062458556145,-0.318898767233,-0.162556871772,-0.367787241936,-0.734817147255,-0.817982733250,-0.519066572189,-0.696362495422,-0.518609762192,-0.330032229424,0.054901786149,-0.077543273568,0.074192941189,0.410781770945,0.579059720039,0.497894495726,0.523573458195,0.516099035740,0.249290928245,0.049526441842,-0.244635835290,-0.234975874424,-0.358003795147,-0.108074903488,-0.407345026731,-0.195088833570,-0.432361364365,-0.561299681664,-0.308831304312,-0.144891500473,0.289116233587,0.496462166309,0.570185899734,0.742880165577,0.543362677097,0.803996980190,0.690645456314,0.348088622093,0.649029791355,0.445770919323,0.081050008535,0.309831470251,0.140866160393,-0.011503897607,0.073847211897,-0.122282937169,-0.017303179950,0.017315527424,-0.191203445196,0.065821230412,0.038928039372,0.143109321594,0.253291547298,0.267162084579,0.047262705863,0.321668744087,0.287132352591,0.235696151853,0.125262841582,-0.071385905147,0.417799383402,0.193886980414,-0.266672283411,0.076394937932,-0.016652870923,-0.591419756413,-0.131000384688,-0.236346453428,-0.495367348194,-0.502965271473,-0.325821667910,-0.384752929211,-0.220376834273,-0.038681086153,-0.005939222407,-0.131737127900,-0.052794452757,0.285572439432,0.008347014897,0.108486495912,0.134675860405,0.148147165775,0.263017386198,0.448306322098,0.272986054420,0.323273956776,0.117854245007,0.037351656705,0.186536014080,0.083235539496,0.083317853510,0.037248760462,-0.262692242861,-0.369923382998,-0.155255302787,-0.368688613176,-0.388864666224,-0.524503707886,-0.662060678005,-0.442675769329,-0.387695789337,-0.297537326813,-0.252332568169,-0.007313927636,-0.136318102479,0.007083437871,0.201665997505,0.362951070070,0.243557497859,0.247706294060,0.329583585262,0.329731762409,0.012541101314,-0.135766580701,-0.217084124684,-0.074851483107,0.183502614498,0.564291954041,0.679400861263,0.426121681929,0.428632348776,0.291569292545,0.201583698392,0.296491891146,0.075283654034,0.006927034352,0.206769719720,0.116162613034,0.138083830476,0.184325799346,0.242306262255,0.346672743559,0.204242557287,0.201797723770,0.262457638979,0.030902063474,-0.369643539190,-0.232275843620,-0.320767372847,-0.413271874189,-0.309629797935,-0.419565051794,-0.331234067678,-0.354101926088,-0.144714519382,0.131835907698,0.114750869572,0.262926846743,0.246109336615,-0.011857864447,0.058972399682,-0.077642053366,-0.443210810423,-0.605973482132,-0.530146539211,-0.443289041519,-0.789122104645,-0.904832005501,-0.565440237522,-0.466440856457,0.015389293432,0.221459314227,0.417260169983,0.420878022909,0.155016571283,0.267931759357,0.406982809305,0.179518431425,0.069484367967,0.116553626955,-0.078658677638,-0.191174626350,-0.389749586582,-0.373269617558,-0.299451202154,-0.304205030203,-0.209107533097,-0.045883886516,-0.151081785560,-0.040323324502,0.172690182924,0.339432924986,0.543523192406,0.671901762486,0.896398544312,0.797559738159,0.490094900131,0.704190850258,0.649922907352,0.465370774269,0.514744937420,0.389424443245,-0.025761323050,-0.063022427261,-0.336090803146,-0.524664163589,-0.479377120733,-0.482702761889,-0.332024306059,-0.414506673813,-0.256596595049,-0.125559180975,-0.127259045839,0.258247077465,0.541810929775,0.452813208103,0.623297274113,0.697996437550,0.559192359447,0.587805986404,0.628528535366,0.508505225182,0.279382139444,0.257518559694,0.261111736298,0.028086798266,-0.220594957471,-0.465835839510,-0.515012443066,-0.597404241562,-0.574186503887,-0.627746522427,-0.491601288319,-0.599997222424,-0.778877735138,-0.568309009075,-0.257057607174,-0.392992943525,0.065063908696,0.102534927428,-0.220232769847,0.027275968343,0.170628130436,-0.193133771420,-0.154921919107,0.000358082005,-0.187425062060,0.044657349586,-0.019352890551,-0.501100778580,-0.270026743412,-0.342943757772,-0.520988702774,-0.384715884924,-0.413881033659,-0.473236232996,-0.352891862392,0.038220107555,0.364593327045,0.293808341026,0.441017061472,0.505360722542,0.426442712545,0.566057682037,0.434073567390,0.653758943081,0.733211934566,0.578327119350,0.415111690760,0.587904751301,0.402039617300,0.526446342468,0.523639321327,0.259934574366,0.204024419188,0.395347207785,0.039977591485,-0.191335141659,-0.062092237175,-0.392289131880,-0.407398521900,-0.237346619368,-0.209630250931,-0.389428555965,-0.152789875865,0.219030931592,0.012495826930,-0.019785057753,0.371808439493,0.302410513163,0.219166770577,0.388901740313,0.115454688668,-0.025897147134,0.017554249614,-0.172043979168,-0.405624568462,-0.056428782642,-0.475722223520,-0.332509994507,-0.397787928581,-0.297981858253,-0.326101571321,-0.247681617737,-0.264359176159,-0.499561429024,-0.537575721741,-0.451183289289,-0.176694944501,-0.143516793847,0.056198291481,0.281905174255,0.466535538435,0.590831160545,0.779058873653,1.071574687958,0.971171855927,0.608587086201,0.400257468224,0.428957492113,0.308555543423,0.005243637133,-0.302262336016,-0.330044597387,-0.568942904472,-0.487403094769,-0.250167578459,-0.406735867262,-0.355842947960,-0.100826829672,0.152242466807,0.586250185966,0.840150833130,0.784150183201,0.801984250546,0.446133136749,0.502207934856,0.295100718737,0.070715017617,0.010343219154,-0.496243983507,-0.765735685825,-0.482291132212,-0.489860266447,-0.074600413442,0.074324652553,-0.065438456833,0.257469177246,0.247924432158,0.284551709890,0.141845747828,-0.189684674144,-0.145570620894,-0.302678078413,-0.534188330173,-0.535163819790,-0.424026697874,-0.552466988564,-0.668341517448,-0.599655628204,-0.361605197191,-0.550524294376,-0.483748197556,-0.248171389103,-0.231197491288,0.038569957018,0.371223986149,0.575441896915,0.560546457767,0.783894956112,0.601758837700,0.376714587212,0.550347328186,0.305040568113,0.106453247368,0.051456794143,-0.421837031841,-0.522989034653,-0.503854274750,-0.998093843460,-0.909898638725,-1.082514762878,-1.017207980156,-0.820299923420,-0.736574590206,-0.525602638721,-0.157086864114,0.276546329260,0.866513133049,1.055852055550,0.810380756855,1.142330884933,1.037688612938,0.828515350819,0.777807533741,0.293878287077,0.261412203312,0.254925578833,-0.236218869686,-0.566012382507,-0.651783287525,-0.711076736450,-0.535563051701,-0.500833213329,-0.763303160667,-0.331546872854,0.004506893922,0.030428737402,0.412399291992,0.526557505131,0.467354625463,0.640526354313,0.588279306889,0.630693495274,0.569498538971,0.191656187177,0.111849166453,0.150978893042,0.072167925537,-0.286556124687,-0.071624629200,-0.214421138167,-0.462016314268,-0.245368480682,-0.467844426632,-0.810565888882,-0.452430427074,-0.528693675995,-0.326076865196,-0.527619421482,0.030416388065,0.445873796940,0.284588754177,0.426792591810,0.585632801056,0.457385957241,0.320960819721,0.300414323807,0.477660804987,0.273957431316,0.251801609993,0.224525630474,-0.099814325571,-0.168891221285,-0.183428540826,-0.112244293094,-0.135593712330,-0.458283215761,-0.453640490770,-0.644103050232,-1.066405177116,-1.039240360260,-0.698761999607,-1.098085165024,-0.725408256054,-0.360123455524,-0.358127266169,-0.353142917156,-0.061816472560,0.149011492729,0.550878226757,0.611332416534,0.744246661663,0.947645485401,0.652680575848,0.634599506855,0.692415297031,0.415124058723,0.353159368038,0.213770821691,-0.220722571015,-0.528092741966,-0.406628876925,-0.493074804544,-0.372713953257,-0.242973029613,-0.319878339767,-0.125682651997,0.129428118467,0.138618886471,0.372586369514,0.681775748730,0.569049894810,0.762126088142,0.826354444027,0.796761274338,0.726634800434,0.618386983871,0.322339624166,0.251768678427,0.080465555191,-0.259564161301,-0.292182534933,-0.671535432339,-0.839023172855,-0.736047804356,-0.549067258835,-0.648696362972,-0.563629269600,-0.391416549683,0.015912011266,-0.078452885151,0.313383489847,0.194339722395,0.283160537481,0.298241138458,0.349220484495,0.259555935860,0.116977564991,-0.240491151810,-0.498433649540,-0.362230777740,-0.147002950311,-0.505475938320,-0.452656775713,-0.003469691146,-0.054712455720,0.157160952687,0.315754234791,0.306390583515,0.469140917063,0.312589108944,0.056996770203,0.201023936272,-0.045221228153,-0.297183364630,-0.304464370012,-0.319413244724,-0.245409637690,-0.227192744613,-0.022168157622,-0.165964826941,-0.190631330013,-0.001238881378,0.092957258224,0.081226989627,-0.164721831679,-0.162849113345,0.008293508552,-0.241820588708,-0.259127885103,0.115870393813,-0.000798481691,-0.147369265556,-0.137647539377,-0.203900933266,0.059713255614,0.295092493296,0.040294513106,-0.301138728857,-0.179152131081,-0.468391805887,-0.487962841988,-0.317610472441,-0.488637864590,-0.645234942436,-0.285741180182,0.089890919626,0.034260626882,0.097126655281,0.363996505737,0.402595281601,0.537814438343,1.038746476173,0.791073083878,0.683479726315,0.548865616322,0.588114678860,0.105934642255,-0.031782865524,0.217458650470,0.021711293608,-0.276468098164,-0.191224008799,-0.264264494181,-0.049201287329,-0.093195982277,-0.050868224353,0.376908034086,0.086894556880,0.155724510550,0.225044235587,0.205098658800,0.034853313118,0.046348977834,-0.207333579659,0.073229826987,-0.136832594872,-0.236050114036,-0.351739406586,-0.353212893009,-0.311914116144,-0.115232430398,0.060610517859,-0.337160944939,-0.385218024254,-0.116010330617,-0.126600503922,-0.135025724769,-0.381163865328,-0.077259272337,-0.062968924642,-0.326920628548,-0.397697389126,-0.005395925138,0.376183629036,0.083367243409,0.380291283131,-0.001539341058,-0.034791573882,0.463358104229,0.269516378641,0.292775243521,0.289272636175,0.470079332590,0.334543228149,0.452438652515,0.583257913589,0.368725657463,0.234383180737,0.007807833608,-0.183333873749,-0.075267188251,-0.147583290935,-0.516160786152,-0.622815728188,-0.623737633228,-0.462378531694,-0.409090131521,-0.374228626490,-0.248068496585,-0.309041202068,0.021328516304,0.196438848972,0.102625466883,0.019258225337,0.339461743832,0.621502757072,0.469671875238,0.199377596378,0.059474535286,-0.115495845675,-0.440646648407,-0.671737134457,-0.721691608429,-0.930033564568,-0.873872339725,-0.649692416191,-0.572383761406,-0.491403728724,-0.072575397789,0.191306337714,0.494721144438,0.328003108501,0.491630107164,0.617983639240,0.425681293011,0.305225789547,0.258000135422,0.011936065741,-0.046011477709,-0.191207557917,-0.387946844101,-0.247183591127,-0.235869020224,-0.260733067989,-0.243660390377,-0.306629300117,0.241087958217,0.008915007114,-0.079424232244,0.131350234151,0.243207648396,0.497128903866,0.487415432930,0.424557626247,0.684183537960,0.777807533741,0.955231070518,1.068697810173,0.758063733578,0.494704663754,0.492741376162,0.301937192678,-0.169574454427,-0.311724781990,-0.585525810719,-0.777655303478,-0.742287456989,-0.954547762871,-0.881754279137,-0.638628900051,-0.614526331425,-0.463535070419,-0.386868476868,-0.299677580595,-0.210984364152,-0.143183410168,0.149423092604,0.055729083717,-0.133576929569,0.337543725967,0.386987864971,0.393108159304,0.418976485729,0.321561753750,0.345594406128,0.565193295479,0.102818921208,-0.216944172978,-0.109902352095,-0.424837529659,-0.551458597183,-0.255641728640,-0.495527833700,-0.316371589899,-0.369927495718,-0.229147776961,-0.098875902593,0.029292752966,0.269187092781,0.411123424768,0.244364202023,0.588094115257,0.354184210300,0.385222136974,0.027387097478,-0.301636755466,-0.217590376735,-0.040640246123,-0.094401933253,-0.248850524426,-0.360773801804,-0.234000399709,0.092446893454,0.081041775644,0.214540511370,0.134309560061,0.139038711786,0.317244172096,0.335922062397,0.064948663116,0.148583441973,0.354488849640,0.392223238945,0.246368631721,0.433604359627,0.048946101218,0.060598172247,0.052461072803,0.007836645469,-0.357987344265,-0.297998309135,0.205460861325,-0.383810400963,-0.529965460300,-0.082358859479,-0.324529290199,-0.021612511948,-0.029016990215,-0.166495770216,-0.326356738806,-0.438687473536,-0.464860409498,-0.118274070323,-0.219524845481,0.113865949214,0.320565700531,0.230007991195,0.167775809765,0.280164152384,0.375953167677,0.582805216312,0.370343238115,0.331094145775,0.559134721756,0.575767040253,0.409678727388,0.525409162045,0.453726917505,0.417544186115,0.309699773788,0.400644332170,0.216166272759,0.275006979704,0.007071090396,-0.207415908575,0.320034742355,0.156514748931,0.042241327465,0.063557498157,-0.308864235878,-0.452804982662,-0.044896069914,-0.184029459953,-0.454986393452,-0.476541280746,-0.671346127987,-0.694255113602,-0.587283253670,-0.433703124523,-0.559649229050,-0.707273662090,-0.538835227489,-0.340173780918,-0.315132737160,-0.151604503393,0.212733611465,0.153275549412,0.112380124629,0.192479357123,0.389403879642,-0.028695948422,-0.438893258572,-0.320623338223,-0.488872438669,-1.071953415871,-0.811471462250,-0.624153375626,-0.605319082737,-0.495601922274,-0.374212116003,-0.280769199133,0.237988695502,0.337136238813,0.421050906181,0.347187250853,0.487530678511,0.392832398415,0.655479371548,0.452850222588,0.383411169052,0.091368533671,-0.021908855066,-0.047526124865,0.223974108696,0.020822262391,0.342857331038,0.168619573116,0.149970501661,0.204868182540,0.313593387604,0.355995237827,0.692345321178,0.449639856815,0.470902502537,0.467091202736,0.281139642000,0.330917149782,0.230304345489,-0.052329361439,0.127114996314,0.074711546302,-0.255407124758,0.092027068138,-0.000567992101,-0.354274779558,-0.219635963440,-0.447828859091,-0.495017468929,-0.545239508152,-0.771049261093,-0.746477484703,-0.446273058653,-0.798880934715,-0.263889968395,-0.096780918539,0.110400378704,0.201995283365,0.410991668701,0.281172543764,0.038248918951,-0.177711561322,0.312749624252,0.251912713051,0.225320011377,0.294376313686,0.476565957069,0.389445036650,0.135478466749,0.327406287193,0.181173011661,0.323525011539,0.123410686851,0.039845883846,-0.265635102987,-0.419869631529,-0.375191718340,-0.447133272886,-0.323236912489,-0.366688311100,-0.427858561277,-0.350722789764,-0.179695427418,-0.193076163530,0.153847664595,0.192108929157,0.159465849400,0.224813759327,0.351727068424,0.465741157532,0.275970071554,0.142142087221,-0.006054467056,-0.162272870541,0.062721967697,-0.008770950139,-0.052485760301,0.401953220367,0.556200146675,0.458225578070,0.749634325504,0.530245304108,0.411979496479,0.413650542498,0.387107223272,0.340149074793,0.174694612622,0.239318132401,0.137515828013,-0.034779224545,-0.133782714605,-0.200385972857,-0.338782608509,-0.347598820925,-0.274949342012,-0.356851339340,-0.591888964176,-0.859631419182,-0.617230474949,-0.485497444868,-0.328221231699,-0.241783544421,-0.269425839186,-0.035038527101,0.017480162904,0.317692816257,0.140660360456,-0.107078857720,0.064565889537,0.151439875364,0.173640951514,0.230193212628,0.201554879546,-0.044253993779,-0.468272477388,-0.372154206038,-0.322689473629,-0.410024464130,-0.540806710720,-0.521758377552,-0.384127318859,-0.165808424354,0.105757661164,0.213388055563,0.273669302464,0.388181418180,0.405225306749,0.562427461147,0.584657311440,0.395100265741,0.423215866089,0.264783114195,0.110515624285,0.181848034263,-0.043920606375,-0.350574612617,-0.195138230920,-0.603191137314,-0.610179960728,-0.229184806347,-0.314774632454,-0.340647101402,0.320668607950,0.310576438904,0.164553076029,0.376858651638,0.609492599964,0.707853972912,0.711640596390,0.200027897954,0.298109412193,0.341927140951,0.465728819370,-0.032416708767,0.053778152913,-0.291046559811,-0.133346438408,-0.117487937212,-0.483427166939,-0.553183138371,-0.066916055977,-0.236115977168,0.011853748932,-0.086832828820,-0.250406324863,0.000205794233,-0.040504422039,-0.043286763132,-0.099114626646,-0.189273089170,-0.088750831783,-0.202155798674,-0.334642022848,-0.224035844207,-0.252406626940,-0.219512477517,0.035972833633,-0.248706459999,-0.068336032331,0.228110581636,0.203230053186,0.330612570047,0.103666789830,-0.003543776926,0.329349011183,-0.040014635772,-0.263494849205,-0.006140900310,0.014368554577,-0.221763893962,-0.169726744294,-0.063993781805,-0.047760725021,0.138166144490,0.143393307924,0.409444123507,0.193586528301,0.355731815100,0.647412240505,0.297121614218,0.206222295761,-0.074098274112,0.120657168329,0.033169917762,-0.280991464853,-0.270895183086,-0.335926175117,-0.680022418499,-0.362239032984,0.154995992780,0.166298210621,0.354381799698,0.922633230686,0.625989079475,0.405628681183,0.426331579685,0.526989698410,0.338383346796,0.370993524790,0.419877856970,0.320475161076,0.307156145573,0.386876702309,0.269294112921,0.369869887829,0.249434977770,-0.045147143304,-0.435666412115,-0.327249914408,-0.589559316635,-0.889080524445,-0.845509767532,-0.925255060196,-0.854778766632,-0.527368366718,-0.557117938995,-0.451623708010,-0.003062218195,0.052633933723,0.292137265205,0.546503067017,0.326990574598,0.487452477217,0.661076962948,0.292236059904,0.020748175681,0.252810001373,-0.169348075986,-0.278991162777,-0.326768338680,-0.583019196987,-0.671774148941,-0.577388644218,-0.269252955914,-0.201579585671,0.051530878991,-0.120965853333,-0.083708867431,0.215594172478,0.344742417336,0.495334386826,0.646399676800,0.668106913567,0.694444417953,0.917331933975,0.943216800690,0.821538865566,0.692579984665,0.716604351997,0.126020163298,-0.300768285990,-0.351245492697,-0.647420465946,-0.564563572407,-0.536468565464,-0.889574408531,-0.684977889061,-0.445244073868,-0.356489151716,-0.105650655925,0.006075046491,-0.128415614367,0.242339178920,0.773543536663,0.711019158363,0.855585455894,0.864944994450,0.693073868752,0.590703606606,0.153534859419,0.153942331672,-0.021653670818,-0.400463253260,-0.540432155132,-0.482073009014,-0.536456227303,-0.218886882067,-0.356592059135,-0.286539673805,-0.217302262783,-0.257777869701,-0.294409245253,-0.115742802620,-0.103852011263,-0.212643086910,-0.087738320231,-0.068426586688,-0.139713704586,-0.056354697794,0.095570847392,-0.193891093135,-0.049868058413,0.080527290702,0.025131592527,0.227501422167,0.519029557705,0.358892828226,0.085729770362,0.117026954889,-0.373125523329,-0.130214244127,-0.296648293734,-0.363663136959,-0.516485929489,-0.443634778261,-0.290169894695,-0.184457495809,-0.252875864506,-0.257827252150,-0.545437097549,-0.095328018069,-0.274986386299,-0.293507874012,0.133609846234,-0.074369922280,-0.120229117572,-0.023127155378,0.106626115739,0.395968735218,0.463049381971,0.424479454756,0.477039307356,0.694921910763,0.273344129324,0.159535825253,0.219035044312,-0.054033339024,0.034017786384,0.085643336177,-0.030552214012,-0.198607906699,-0.174394145608,-0.060803968459,0.021571353078,0.026358127594,0.153621286154,0.234296754003,0.444972425699,0.594506621361,0.494408339262,0.167862251401,0.303460061550,0.553956925869,0.191647931933,0.341017544270,0.288461804390,-0.024485398084,-0.075448289514,-0.097353026271,-0.635965943336,-0.831034183502,-0.691398680210,-0.967899739742,-1.043380975723,-1.293840765953,-1.140445828438,-1.096331834793,-1.118228316307,-0.924575924873,-0.590304315090,-0.266297757626,-0.145117864013,0.334168672562,0.560760498047,0.667703568935,0.727890133858,0.776383459568,0.627565443516,1.011528134346,0.709883153439,0.104963295162,0.175056830049,0.106626115739,-0.257588535547,-0.061026226729,0.072390183806,-0.039446640760,0.217849671841,-0.022530354559,-0.033976629376,0.266869843006,0.070196419954,-0.022036446258,0.336177259684,0.239770874381,0.227423220873,0.336226642132,0.152612894773,0.289951741695,0.481352746487,0.244055509567,0.339774519205,0.354525864124,0.260140389204,0.495717167854,0.330715477467,0.135630756617,0.202876091003,0.210511058569,0.299130171537,0.034046601504,-0.165166348219,0.006124436390,-0.345573812723,-0.543774247169,-0.373006165028,-0.431332379580,-0.169381022453,0.172118067741,0.054066263139,-0.061800014228,0.056305304170,0.511299908161,0.575627088547,0.292664110661,0.299097239971,0.617444455624,0.001008391730,0.030638648197,0.270582377911,-0.157490223646,-0.305221676826,-0.230123236775,-0.675009250641,-0.790665626526,-0.610052347183,-0.801984250546,-0.810030817986,-0.620679557323,-0.574626922607,-0.323294520378,-0.080786585808,-0.077971324325,0.026559803635,0.159223005176,0.655121266842,1.023138999939,1.052085995674,1.028069853783,1.020747661591,0.882206976414,0.698910176754,0.401035338640,0.165800198913,-0.064948663116,-0.214935630560,-0.303517699242,-0.720251083374,-0.724218726158,-0.533735573292,-0.353834390640,-0.000403356738,-0.005926874466,-0.043076850474,0.425957024097,0.364235222340,0.293693095446,0.300607770681,0.468733429909,0.337897688150,0.323599100113,0.192248880863,0.278324365616,0.014673130587,0.187676116824,0.065487846732,-0.176760792732,-0.179621323943,-0.017945257947,-0.164680674672,-0.300723016262,-0.210902065039,-0.286338001490,-0.232889115810,-0.037693273276,-0.061026226729,-0.188733905554,0.036079846323,0.297031044960,0.145624116063,0.160552427173,0.248109653592,0.160610064864,0.003716644133,0.094377234578,-0.255773425102,-0.378620266914,0.043307341635,0.018480323255,-0.011285755783,0.007795486134,-0.214091882110,-0.083169691265,-0.179497867823,-0.225060701370,0.130263641477,-0.040961287916,0.036499667913,-0.129876747727,-0.289638936520,-0.354488849640,-0.337720721960,-0.485629141331,-0.305032342672,-0.262683987617,-0.546140909195,-0.011186975986,0.170640468597,0.344590127468,0.446322470903,0.389440894127,0.340782910585,0.415547966957,0.017311410978,0.017714768648,-0.200719356537,-0.418387919664,-0.655071854591,-0.516296565533,-0.333670675755,-0.323113441467,-0.578043103218,-0.279513865709,-0.193265497684,-0.201052740216,0.074600413442,0.085536316037,0.089026592672,0.016940981150,0.103193461895,-0.152032554150,-0.160955801606,0.037536870688,0.102222114801,0.036960646510,0.125616803765,0.166030675173,0.268149912357,0.313288807869,0.253987133503,0.105638302863,0.271368533373,0.417000889778,-0.105477787554,0.001860379940,0.127641826868,-0.101909317076,-0.022995447740,-0.035680606961,-0.424627602100,-0.154827252030,-0.034585781395,-0.188095942140,-0.108161337674,0.141335368156,0.016257746145,-0.137832760811,-0.016282441095,0.041298791766,-0.118553943932,-0.031079048291,-0.092767931521,-0.010993529111,-0.250517427921,-0.258419960737,-0.445285230875,-0.421347260475,-0.182798802853,-0.464494079351,-0.316330462694,-0.231913641095,-0.408666223288,-0.403031557798,-0.301311582327,-0.457818120718,-0.081301078200,-0.055630300194,-0.383341163397,-0.265919089317,0.089549310505,0.052189420909,0.307637691498,0.380003184080,0.395762920380,0.445523977280,0.452632099390,0.192429959774,0.200501218438,0.239528045058,-0.108432985842,-0.196533501148,-0.139586120844,-0.178065523505,-0.387041360140,-0.491226732731,-0.247582837939,-0.164565429091,-0.184552162886,-0.270100831985,0.026172911748,0.285774141550,0.301085203886,0.070599772036,0.317528188229,0.334267467260,0.482834458351,0.668646097183,0.514012277126,0.563135385513,0.710508704185,0.556080758572,0.549676418304,0.426409780979,0.229950383306,0.282032787800,0.166676878929,-0.151810303330,-0.241129115224,-0.017430773005,-0.221562206745,-0.046015590429,-0.188157662749,-0.187058731914,-0.210622176528,-0.339124232531,0.134260177612,0.348158597946,0.127695322037,0.468441218138,0.336749345064,0.261045902967,0.676194608212,0.949691057205,0.557360768318,0.372129470110,0.181695744395,-0.225081279874,-0.428253680468,0.008812109940,-0.167454779148,0.007499142550,0.000831408775,-0.040833692998,-0.105288445950,0.110795505345,-0.277653485537,-0.216861858964,-0.308695465326,-0.592621564865,-0.260370880365,-0.362547695637,-0.553450703621,-0.543021082878,-0.425133854151,-0.591794312000,-0.327904313803,0.016286555678,-0.159313559532,-0.061631258577,-0.016167195514,-0.134610027075,0.068397775292,0.185770466924,-0.047312095761,-0.135005131364,-0.189923390746,-0.218146011233,-0.120159149170,-0.031363043934,-0.061511900276,0.025440284982,-0.149863496423,-0.397442191839,-0.254069477320,0.081766173244,0.104066029191,0.129761502147,0.352286815643,0.199472233653,0.228460431099,0.739035964012,0.628092288971,0.232020661235,0.533657431602,0.615794003010,0.193002074957,0.281333088875,-0.000304575486,0.071641094983,-0.144051849842,-0.279995411634,0.046933434904,-0.003663137555,-0.222463592887,-0.231625527143,-0.408909022808,-0.364066511393,-0.085519857705,0.137058973312,-0.106572613120,0.009338943288,0.112005576491,0.278867661953,0.305472761393,0.243985533714,0.141413584352,0.106432668865,0.027683442459,0.229958608747,0.162223488092,0.102576076984,0.142545446754,0.153032720089,0.089993827045,0.199990853667,-0.008935586549,0.001732787467,-0.076584272087,0.069867148995,0.238449662924,-0.079399533570,-0.162165865302,-0.006927034352,-0.268536806107,-0.181559905410,-0.220022872090,-0.249554336071,-0.529459238052,-0.263684183359,-0.298916131258,-0.676025867462,-0.693987607956,-0.308489680290,-0.215536549687,-0.158255770802,-0.246800810099,-0.028424302116,-0.168265610933,-0.015294628218,0.089199461043,-0.126900956035,-0.250130563974,-0.050036814064,-0.213388055563,-0.353188216686,-0.663534164429,-0.594905912876,-0.907894253731,-0.881688416004,-0.291458159685,-0.276068866253,-0.433406800032,0.189445942640,0.355439573526,0.375253468752,0.561604261398,0.778272688389,0.769118964672,0.700309574604,0.486662209034,0.375488042831,0.177374050021,-0.017537785694,0.027609355748,0.256547212601,0.171488344669,0.081198178232,0.129979640245,-0.021373789757,0.107922621071,0.182243153453,-0.043603684753,0.215182587504,0.131934687495,-0.047410875559,0.056379392743,0.149661809206,-0.028580706567,0.037792056799,0.241614788771,0.243413433433,0.447487235069,0.664966523647,0.675610125065,0.899291992188,0.765040099621,0.317507594824,0.664731860161,0.557270228863,0.161149233580,-0.042582944036,-0.463724404573,-0.813241183758,-0.734804868698,-0.926275789738,-1.128958344460,-1.206493496895,-0.979206025600,-0.682985782623,-0.375142335892,-0.173410460353,-0.194084540009,-0.152818694711,0.073896601796,0.181156560779,0.020447716117,0.206596836448,0.495466113091,0.157955318689,-0.219430178404,0.177205309272,0.044229298830,0.125941962004,-0.047332677990,-0.203608706594,-0.228538632393,-0.225361168385,-0.345425635576,-0.378986567259,-0.429554313421,-0.364354610443,-0.079304866493,0.191516250372,0.019871491939,0.369433581829,0.339675754309,0.176098138094,0.341885983944,0.539810657501,0.279176354408,0.305814385414,0.368556916714,0.140067681670,0.131436660886,0.318668276072,0.084655523300,-0.027704020962,-0.064376555383,-0.347294270992,-0.024172591045,0.189355388284,0.174896284938,0.406933456659,0.686249732971,0.418527871370,0.361543446779,0.497832715511,0.248496547341,0.197924658656,0.354143083096,0.205168634653,0.246673211455,0.151304036379,0.063495755196,-0.148447617888,0.044505063444,0.220302730799,0.204629451036,0.051831338555,0.202159911394,-0.008956165053,0.067484050989,-0.122871518135,-0.298344045877,0.040022864938,-0.302649259567,-0.488617271185,-0.736253619194,-0.615571737289,-0.809187114239,-0.657965362072,-0.487929910421,-0.471141248941,-0.253991246223,-0.060359451920,-0.129983767867,0.174435317516,0.140306398273,0.006791209802,0.064845763147,-0.037964921445,-0.356649637222,-0.058182150126,0.086610570550,0.041891478002,0.006700660568,0.060581710190,0.069521412253,0.060305945575,0.062623187900,0.200283080339,0.390976160765,0.091105110943,0.028465459123,0.286519110203,0.007704936434,0.217627421021,0.393112272024,0.364762097597,0.280950307846,0.436098575592,0.621996641159,0.143570289016,-0.217475131154,0.065557815135,0.097834579647,0.078366450965,0.286720782518,-0.041183542460,-0.021888276562,-0.236918568611,-0.362979888916,-0.244784012437,-0.033589739352,0.095002859831,0.120146796107,0.294125258923,0.070307545364,0.014166875742,0.211474165320,0.171727061272,-0.363412052393,-0.043278530240,-0.326714843512,-0.383427619934,-0.601182639599,-0.697317361832,-0.461596488953,0.098917067051,0.229180693626,0.182732954621,0.408686786890,0.440704256296,0.214355289936,0.311580717564,0.021060982719,0.060857474804,0.116088539362,-0.370182693005,-0.472911059856,-0.341935366392,-0.646930694580,-0.495182126760,-0.473581939936,-0.574396431446,-0.703079521656,-0.497709274292,-0.463860243559,-0.433213353157,-0.095875427127,0.230357840657,0.341173917055,0.537069499493,0.425743013620,0.855750143528,0.702367484570,0.631010413170,0.623877644539,0.417651176453,0.269314676523,0.249784827232,0.136692658067,-0.135301485658,-0.367186337709,-0.158687949181,-0.428179621696,-0.460337013006,-0.288148969412,-0.342153519392,-0.305703222752,-0.046628862619,0.081111744046,0.479158967733,0.445598036051,0.218853935599,0.461423605680,0.307226121426,0.404735565186,0.606014668941,0.423380523920,0.458982914686,0.353134691715,0.258769810200,0.144438743591,0.225949749351,-0.151497483253,-0.116705916822,-0.141471192241,-0.547437369823,-0.616230309010,-0.514839589596,-0.854881644249,-0.672683775425,-0.836421906948,-0.914961278439,-0.412555724382,-0.234621912241,-0.101477138698,0.010359682143,0.122702762485,0.234753608704,0.682442545891,0.738467931747,0.615818738937,0.389346241951,0.308646082878,-0.011117004789,-0.121138721704,-0.387679308653,-0.448878407478,-0.722708225250,-1.107053637505,-0.951465010643,-0.667658269405,-0.252291411161,-0.215277239680,0.204905211926,0.486509948969,0.652429521084,0.521235644817,0.735837876797,0.592152357101,0.416721016169,0.652960419655,0.740970373154,0.649013340473,0.680182874203,0.322401374578,-0.000991928275,0.128563776612,0.234840050340,0.033647358418,-0.073427386582,-0.404517382383,-0.475615173578,-0.252867639065,-0.484950006008,-0.388185590506,-0.336646467447,-0.223891779780,-0.131193831563,-0.200398325920,-0.197537794709,-0.190791845322,-0.163766935468,-0.267701268196,-0.222327753901,-0.068562410772,-0.128522619605,-0.020385976881,-0.179683059454,-0.490358293056,-0.292297810316,-0.180275753140,-0.412419915199,-0.112684696913,-0.343816339970,-0.441194027662,0.121706716716,0.325183719397,0.213939592242,0.344256728888,0.545646965504,0.425310850143,0.482735693455,0.282687216997,-0.070212878287,-0.125884339213,-0.185511156917,-0.138096168637,-0.105309031904,-0.171159073710,0.234066247940,0.166228249669,0.026374591514,0.405974417925,0.499738395214,0.352611988783,0.269368201494,0.236445233226,0.191820815206,0.027909815311,0.157284423709,0.509336650372,0.166528701782,0.047143347561,0.260185658932,0.275558501482,0.346203535795,0.384444236755,0.423335224390,0.273508787155,-0.175110325217,0.094562456012,0.078391142190,-0.457250118256,-0.271887123585,-0.219973474741,-0.442877441645,-0.137968569994,-0.349821418524,-0.212622493505,0.190594270825,0.115858040750,0.036676649004,0.485476851463,0.204641789198,0.082906268537,0.048600371927,-0.186326116323,-0.294783771038,-0.281752914190,-0.616855919361,-0.272681504488,-0.550985276699,-0.422948330641,-0.173949643970,-0.151419296861,-0.044966042042,-0.222397714853,-0.370026260614,-0.086021989584,-0.075909264386,-0.274908185005,-0.089290000498,-0.144195914268,-0.277599990368,0.012944458053,-0.068056158721,-0.008194726892,-0.104308873415,0.109857089818,0.366091489792,0.252324342728,0.249484375119,0.309391051531,-0.146558433771,-0.125690892339,-0.178555324674,0.028872933239,-0.318511873484,-0.271512597799,-0.277711093426,-0.365173667669,-0.065170921385,0.245759487152,0.284967392683,0.386823207140,0.900049328804,0.626952171326,0.669102966785,0.833409130573,0.621152877808,0.503780186176,0.564012050629,0.280872106552,0.717983245850,0.691040575504,0.459180474281,0.079745270312,0.202312201262,0.185041949153,-0.169488027692,-0.278295576572,-0.234020978212,-0.368367582560,-0.788179576397,-0.737871110439,-1.035219192505,-1.185889363289,-0.947427272797,-0.489930242300,-0.381600141525,-0.434287607670,-0.232247039676,-0.099139325321,-0.086766965687,0.314132571220,0.325344234705,0.288239538670,0.396297991276,0.110350988805,-0.143208101392,-0.171422496438,-0.471375823021,-0.617563843727,-0.513444304466,-0.441445142031,-0.432884097099,-0.182543620467,0.189869895577,0.326924741268,0.357954382896,0.450281918049,0.527874588966,0.744822919369,0.538353621960,0.346656292677,0.320796191692,0.225110098720,0.069842450321,0.209391519427,0.064611159265,0.014179223217,0.106642581522,0.169648543000,0.036820705980,0.003547892906,-0.203719839454,-0.237568885088,-0.187886029482,-0.374541431665,-0.171257853508,0.248957529664,0.294985473156,-0.033742025495,-0.047357372940,0.275900125504,0.585941493511,0.496919006109,0.741521894932,0.645909965038,0.486584007740,0.798103034496,0.651458144188,0.395804077387,0.195516884327,0.169714391232,0.257061719894,-0.067838013172,-0.270191371441,-0.209988325834,-0.479941010475,-0.297146320343,0.015965517610,-0.184037685394,-0.250739723444,0.042525324970,0.138240218163,-0.011475087143,-0.056260030717,-0.127259045839,-0.031622342765,0.101761139929,-0.080214478076,-0.213379815221,-0.173879668117,-0.024534789845,-0.078152425587,-0.182523027062,-0.309930235147,-0.539950609207,-0.369721680880,-0.201472580433,-0.221714496613,-0.022682640702,-0.016591131687,0.024695308879,-0.019785057753,0.051407404244,0.095027558506,0.284461140633,-0.084416799247,-0.230230242014,-0.184189975262,-0.268396854401,-0.548404633999,-0.518655002117,-0.400973618031,-0.538538873196,-0.712558507919,-0.449915617704,-0.393227517605,-0.472717583179,-0.139919504523,0.113199189305,0.115347675979,0.104856282473,0.452553898096,0.950567781925,0.583237349987,0.339836269617,0.523882210255,0.406678229570,0.267557203770,0.372611045837,0.165277481079,0.040208078921,0.234333798289,-0.015990212560,0.088705554605,0.201040402055,-0.042871057987,-0.160490706563,-0.039837650955,-0.175320237875,0.267989397049,0.162927299738,-0.087586030364,-0.038302425295,-0.022530354559,0.099349230528,0.156638234854,-0.241713583469,-0.061322569847,0.005062538665,0.000872567587,-0.177682742476,0.020879885182,-0.064565889537,-0.163087815046,-0.347199589014,-0.124023959041,-0.352542012930,-0.359279721975,-0.509974598885,-0.274587154388,-0.470980703831,-0.476249039173,-0.206535100937,-0.189857542515,-0.067636333406,0.094945229590,0.125555068254,0.123472437263,0.057190220803,-0.010079802014,-0.128069877625,0.044957809150,0.125695005059,0.002025015419,0.282403200865,0.601923465729,0.411987721920,0.639201045036,0.469758301973,0.228991374373,0.449878543615,0.775959491730,0.487176686525,0.350093036890,0.041323486716,-0.014660782181,-0.086297757924,-0.295792192221,-0.327978402376,-0.137203022838,-0.195874959230,0.205979466438,0.140619218349,-0.051143985242,0.170212417841,0.324578672647,0.170315310359,0.002465415047,-0.087190903723,-0.060026068240,-0.274714738131,-0.505986332893,-0.492070525885,-0.608109652996,-0.849617421627,-0.626606464386,-0.584393918514,-0.398384749889,-0.294680893421,-0.309008300304,-0.304941803217,0.002016783459,-0.205436155200,0.050827059895,0.341610223055,0.397409260273,0.195780292153,0.011092309840,-0.091590791941,-0.191701471806,0.045138910413,0.001634006388,-0.202604427934,-0.110095806420,-0.229822769761,-0.205403223634,-0.477932453156,-0.653022170067,-0.495437294245,-0.116388998926,-0.077098757029,0.060861591250,0.249677821994,0.680409312248,0.775938987732,0.763702452183,0.981222808361,1.053617119789,0.920583546162,0.859153926373,0.768505692482,0.782256841660,0.418169766665,0.122764497995,-0.093842178583,-0.414951175451,-0.083280816674,0.109840624034,-0.114977248013,-0.062186904252,0.017373150215,0.034663982689,0.182926401496,0.412913829088,0.384880483150,0.202797874808,0.390716850758,0.425356119871,0.264280974865,0.169821411371,0.252962291241,0.177674517035,0.084931284189,0.221582785249,0.244084313512,-0.035359568894,-0.176336854696,-0.307160258293,-0.310436487198,-0.369425356388,-0.562188744545,-0.670745193958,-0.487580060959,-0.440605461597,-0.670243084431,-0.532504975796,-0.545828104019,-0.397849649191,-0.138067349792,-0.006457823329,-0.147834345698,0.053975716233,0.086643494666,0.497581690550,0.249710738659,0.017401961610,0.240227743983,0.178440079093,-0.116767659783,0.136042341590,-0.187696695328,-0.465300798416,-0.389510899782,-0.255485326052,-0.465185552835,-0.093290649354,-0.021480804309,0.096698604524,0.386963129044,0.200497105718,0.352904230356,0.377978175879,0.067356459796,0.483381867409,0.628590285778,0.113841257989,0.186441347003,0.293857723475,-0.034334711730,0.139001667500,0.219224378467,0.242619067430,0.107712700963,0.042508859187,-0.149978727102,-0.183716624975,-0.198887795210,-0.269421726465,0.104745149612,-0.085062995553,0.089693367481,0.147344574332,0.001127752475,0.003407952609,0.083470150828,-0.262153059244,-0.122229434550,-0.061911143363,-0.164190873504,-0.212531939149,-0.333596587181,-0.392215013504,-0.730079770088,-0.310218364000,-0.387255370617,-0.027988018468,0.308646082878,0.202851384878,0.150579646230,0.589596390724,0.438860356808,0.325270146132,0.126744553447,-0.022011751309,-0.061688881367,-0.116500124335,-0.258345842361,-0.179094508290,-0.228151738644,-0.110853120685,-0.030947336927,0.007079321891,0.074534557760,0.111347034574,0.097155466676,-0.162865564227,-0.302756249905,-0.105202019215,-0.128963023424,-0.283794373274,-0.293586075306,-0.432097941637,-0.341696649790,0.078300595284,-0.217779710889,0.031902223825,0.334995985031,0.138882309198,0.095863074064,0.490930408239,0.445392251015,0.310304790735,0.423347562551,0.267865896225,-0.137552872300,0.184095293283,0.036104541272,-0.296500116587,-0.257621467113,-0.188519880176,-0.129469275475,0.142129734159,0.298368722200,-0.126386478543,0.073464430869,0.009585895576,-0.109177961946,-0.001181258936,-0.019974390045,0.008347014897,0.079621791840,-0.068344265223,-0.445120632648,-0.313420504332,-0.096863232553,0.009408912621,-0.033919006586,-0.220648467541,-0.328571081161,-0.085289366543,-0.557834088802,-0.652709364891,-0.481727302074,-0.852280437946,-0.738710820675,-0.426895469427,-0.692859828472,-0.717205286026,-0.278546631336,-0.281209588051,0.006182058714,0.365893930197,0.545914530754,0.592769742012,0.392198562622,0.385485529900,0.264210999012,0.260535508394,0.113985314965,-0.305682659149,-0.142002150416,-0.287239372730,-0.521898329258,-0.371602654457,-0.228744432330,0.024427777156,-0.099188707769,-0.326611936092,0.082301236689,0.325969845057,0.297039300203,0.549186646938,0.722687661648,0.699576914310,1.167660117149,1.094920039177,0.576096296310,0.567041337490,0.873296082020,0.655421733856,0.495210915804,0.317692816257,0.015261700377,0.009795806371,-0.420268863440,-0.397335171700,-0.016130153090,0.250826150179,0.190429642797,0.279513865709,0.329661786556,-0.091397345066,0.012273568660,0.155757427216,-0.384806454182,-0.420952111483,-0.319808363914,-0.517737150192,-0.792793512344,-0.472021996975,-0.365083128214,-0.501010179520,-0.409736365080,-0.440490216017,-0.226789370179,-0.023188894615,-0.042212516069,0.171307250857,0.463181108236,0.450965166092,0.583262026310,0.505521178246,0.073114581406,0.278921157122,0.167434200644,-0.065578393638,-0.158025279641,-0.122142992914,-0.117813095450,-0.070134676993,-0.271594882011,-0.174636989832,0.041183542460,-0.027448836714,-0.081375159323,0.109013333917,0.392095655203,0.265453994274,0.338906079531,0.124628990889,0.001650469843,0.138240218163,-0.287605673075,-0.416963815689,-0.268479168415,0.131461367011,0.037277568132,-0.326953560114,0.001946813543,0.372174769640,0.080449081957,0.078642211854,0.267651885748,0.013170830905,-0.133745685220,0.207485869527,0.210346415639,0.069060429931,-0.256674826145,0.018171630800,-0.108091369271,0.150093972683,-0.039393134415,0.343153685331,0.336621761322,0.001703976304,0.168566063046,0.118430465460,-0.443700611591,-0.224410399795,-0.244524717331,-0.209490299225,-0.218545258045,0.496190518141,0.727112174034,0.508645176888,0.707088470459,0.832429528236,0.725021362305,0.627083897591,0.475541114807,0.338408052921,0.181164786220,0.080156862736,-0.106375046074,-0.117730766535,-0.506294965744,-0.647671520710,-0.598285019398,-0.261679708958,-0.500129401684,-0.189046695828,0.118998460472,-0.138651818037,-0.002020899439,0.213807865977,-0.116693571210,-0.102094523609,-0.173575103283,-0.510369718075,-0.499182760715,-0.606068193913,-1.096582889557,-1.101937651634,-0.690876007080,-0.583043932915,-0.424240708351,-0.351270198822,-0.453047782183,-0.158226966858,-0.226394265890,-0.480574816465,-0.127259045839,-0.322755366564,-0.384473025799,-0.284629911184,-0.314589440823,-0.343964487314,-0.161112204194,0.054337911308,-0.127674743533,-0.165108725429,0.022390414029,0.106827795506,0.303015559912,0.579520702362,0.432834684849,0.407213300467,0.679038703442,0.770481288433,0.686644852161,0.633459389210,0.570494592190,0.544194042683,0.752099752426,0.749440908432,0.470211029053,0.272204041481,-0.028181465343,-0.317594021559,-0.348944723606,-0.555253446102,-0.764155149460,-0.573223412037,-0.297105163336,-0.504105329514,-0.145064368844,0.522314012051,0.414444923401,0.486176550388,0.421779394150,0.585073053837,0.554599046707,0.442255944014,0.201810061932,0.222471818328,0.058799531311,-0.073332719505,0.049493514001,-0.305431574583,-0.290935426950,-0.024810554460,-0.293800115585,-0.398520559072,-0.515757441521,-0.394355267286,-0.016253629699,-0.402554124594,-0.641139626503,-0.361531078815,-0.146842420101,-0.136075273156,-0.141010209918,-0.148859202862,-0.214272961020,0.071114256978,-0.020764639601,0.070093519986,-0.049263026565,-0.106070473790,0.325792849064,-0.012804518454,-0.109099760652,0.016142500564,-0.012845676392,-0.109873548150,-0.225266501307,-0.494861066341,-0.578561723232,-0.252879977226,0.072879977524,0.080531403422,0.390461623669,0.764406263828,0.852605581284,0.602656126022,0.788591146469,0.662332296371,0.332188963890,0.275002866983,0.051012277603,-0.347302496433,-0.445050626993,-0.597972214222,-0.525014042854,-0.511036515236,-0.257835477591,-0.302772730589,-0.355324357748,-0.173957869411,-0.142434313893,-0.110495045781,0.257304549217,0.001115404768,0.088652044535,0.061384309083,-0.115524657071,-0.079605333507,0.127584204078,0.180349841714,0.211313650012,0.303838729858,0.150163948536,0.116631828249,0.169438630342,0.163581728935,0.230592459440,0.580487906933,0.261119961739,0.060326527804,0.190026298165,0.015092949383,-0.225373506546,-0.116598904133,-0.162297561765,-0.165619090199,0.090924017131,0.106659039855,-0.294964879751,-0.127617120743,-0.675367295742,-0.499726027250,-0.164302006364,-0.484505534172,-0.495486706495,0.044891957194,-0.033388059586,-0.196228921413,0.144537538290,0.168467283249,0.448462694883,0.269504010677,0.076271459460,0.367746114731,0.011388652958,-0.237074971199,-0.205374434590,-0.508834540844,-0.489238768816,-0.257716149092,-0.219615399837,-0.304184466600,-0.245216190815,-0.231312721968,-0.446668177843,-0.096669785678,0.139919504523,0.107852645218,0.142183244228,0.469256162643,0.549396514893,0.338156968355,0.476689428091,0.601038515568,0.463864356279,0.577149987221,0.365963935852,0.524038553238,0.662608087063,0.450845807791,0.469951748848,0.191763192415,-0.050538949668,-0.099435657263,0.076596617699,-0.070085287094,0.041278209537,0.275809556246,0.254686832428,0.137614607811,0.092562139034,0.180959001184,0.279999524355,0.276167660952,0.000230489561,0.031935151666,-0.168228566647,-0.237400114536,-0.430525660515,-0.481064617634,-0.572322010994,-0.470849007368,-0.511291682720,-0.518157005310,-0.353179961443,-0.218685194850,-0.504607498646,-0.585735678673,-0.105510711670,0.084066949785,0.037462785840,-0.203551083803,-0.059462185949,-0.030078886077,0.197175577283,-0.096225276589,-0.198496788740,-0.260992377996,-0.544901967049,-0.534357130527,-0.423956722021,-0.619967520237,-0.237844631076,-0.022341022268,0.476146161556,0.550248563290,0.505224823952,0.679923593998,0.380171924829,0.034071296453,0.293446153402,0.138429552317,0.028448997065,0.084112219512,-0.196261852980,-0.382904917002,-0.222488269210,-0.159251809120,-0.125448063016,-0.102148026228,0.223607808352,0.050859987736,-0.254760950804,0.183181583881,0.121167533100,0.077008202672,0.214614585042,-0.037088237703,-0.184630364180,-0.529500365257,-0.321261286736,-0.346499890089,-0.474553316832,-0.469680100679,-0.396018087864,-0.386016517878,-0.510563194752,-0.015426335856,0.167590603232,0.061120890081,0.198813706636,0.560184299946,0.183321505785,0.312465637922,0.543449103832,0.456686258316,0.501067817211,0.872477114201,0.737233221531,0.542403638363,0.181226521730,0.251225382090,0.042294833809,0.084272742271,0.008700980805,-0.251571118832,-0.214211225510,-0.306950330734,-0.244059637189,-0.045208882540,-0.054914135486,0.093570522964,0.216713681817,0.315042167902,0.103827320039,-0.044863145798,-0.076518416405,-0.114602699876,-0.107115909457,-0.167471244931,-0.272331655025,-0.268199294806,-0.116586551070,-0.229921564460,-0.159334138036,-0.057762328535,0.028267895803,0.253188669682,0.419268727303,0.333040952682,0.199982628226,-0.399421930313,-0.406884044409,-0.432645350695,-0.312370955944,-0.481241613626,-0.599383950233,-0.549515902996,-0.368869721889,0.029696110636,0.226106137037,-0.079230785370,-0.085025951266,0.086042575538,-0.207066059113,-0.085482813418,-0.073011681437,-0.055811397731,0.076160334051,0.024452472106,-0.034606359899,-0.128415614367,-0.365214824677,-0.207872763276,0.113874189556,0.254390507936,0.399957031012,0.216001644731,0.357497543097,0.189437717199,0.150637269020,-0.111861519516,-0.086396545172,-0.067080691457,-0.309600979090,-0.195241123438,0.062602609396,0.185029610991,-0.025864221156,-0.169623851776,0.188746243715,0.285975813866,0.430472195148,0.603022396564,0.209831923246,0.221562206745,0.327488601208,0.348792403936,-0.025378547609,0.042208399624,-0.262947440147,-0.308444410563,-0.192339405417,-0.019879724830,0.110754340887,0.227229773998,0.163363590837,0.088915459812,0.399438381195,0.179534882307,0.223669543862,0.185885712504,0.019986737520,0.082840412855,-0.025901265442,-0.198826044798,-0.185367092490,-0.151872038841,-0.082309469581,0.046694714576,0.027016669512,0.010334987193,-0.227320328355,-0.171438947320,-0.220393285155,-0.426068156958,-0.237992808223,0.083980515599,-0.369705229998,-0.504525125027,-0.743567526340,-0.485435694456,-0.433612585068,-0.606455087662,-0.567555844784,-0.428113758564,-0.639624953270,-0.475804507732,-0.691291689873,-0.512884497643,-0.411543220282,-0.452590942383,-0.305703222752,-0.124748356640,-0.280983239412,-0.417490661144,-0.047764845192,-0.214194774628,0.013183179311,0.408131152391,0.449384659529,0.597111999989,0.602520287037,0.476952850819,0.556698143482,0.741826534271,0.621704399586,0.555125892162,0.710619866848,0.546140909195,0.315746009350,0.185721084476,0.166294097900,0.323002278805,0.548812091351,0.425862371922,0.624141037464,0.566172897816,0.320610970259,0.318454235792,0.802840411663,0.889364540577,0.626334786415,0.263964056969,0.215717643499,0.115730449557,-0.101682938635,-0.014878924936,0.019830333069,-0.064685247838,0.051502071321,-0.078617513180,-0.180312797427,-0.399187326431,-0.451035141945,-0.338181674480,-0.363519072533,-0.214931517839,-0.096258200705,-0.031025540084,-0.085836783051,0.324875026941,0.204345449805,-0.170624002814,0.035511855036,-0.071357101202,-0.335662752390,-0.210140615702,-0.314190208912,-0.546717107296,-0.572659552097,-0.716476738453,-1.097648859024,-1.086861133575,-1.022262334824,-0.851263761520,-0.916578769684,-0.734212160110,-0.660669505596,-0.417490661144,-0.316313982010,0.048830855638,0.179444357753,0.249352648854,0.498660057783,0.548458099365,0.726420760155,0.673091232777,0.475273579359,0.885158121586,0.823469161987,0.768814384937,0.630146086216,0.385860085487,0.233753442764,-0.121430955827,-0.181144207716,0.058988861740,-0.078053638339,0.155930295587,0.222916334867,0.147393941879,0.343223631382,0.493922650814,0.672630250454,0.851823568344,0.816653311253,0.974847376347,0.697247385979,0.456678032875,0.704993486404,0.949448227882,0.352714896202,0.398051321507,0.233514726162,-0.296598911285,-0.291544586420,-0.315997064114,-0.781865894794,-0.530628085136,-0.166487544775,-0.328126579523,0.060910984874,-0.080119818449,-0.188013628125,-0.311300843954,-0.111528135836,-0.216228023171,-0.107136480510,-0.483814060688,-0.592337548733,-0.248694121838,-0.274224936962,-0.253822505474,-0.051086362451,-0.323171049356,-0.410267293453,-0.202769085765,-0.232835620642,-0.213643237948,-0.050526600331,-0.112503603101,-0.110610291362,-0.028959365562,-0.207868650556,-0.471359372139,-0.324805051088,-0.195455148816,-0.130683466792,-0.077020555735,-0.386349886656,0.055778473616,0.192446440458,-0.003185695037,0.242610841990,0.568432509899,0.502339661121,0.625585734844,0.548552811146,0.356670230627,0.179469048977,0.093990348279,-0.001564036240,0.080753661692,-0.185169562697,-0.270849913359,-0.152094289660,-0.537102401257,-0.944657325745,-0.443659454584,0.220261573792,0.002428371925,-0.208790600300,0.134651169181,0.390165299177,0.641213715076,0.766587674618,0.740744054317,0.678553044796,0.489518672228,0.472030282021,0.408238172531,-0.001185374800,-0.274747669697,-0.310798704624,-0.600384116173,-0.788916289806,-0.593580603600,-0.525623202324,-0.399742960930,-0.655195355415,-0.327163457870,-0.005021379795,0.130510598421,0.150106325746,0.326480209827,0.390737414360,0.754001319408,0.483892232180,-0.061948183924,0.052004206926,-0.246595025063,-0.326574891806,-0.352467894554,-0.417659401894,-0.207098975778,-0.370462566614,-0.531974017620,-0.906671822071,-0.876609385014,-0.446956276894,-0.230864092708,-0.763788878918,-0.621478021145,-0.164018005133,-0.086116656661,-0.162071198225,0.019624538720,0.115763373673,-0.119747549295,0.132757857442,0.678038537502,0.360275775194,0.353332251310,0.534418821335,0.233728766441,-0.183181583881,-0.145249575377,-0.131498411298,-0.146002784371,-0.183226853609,-0.256851792336,0.036606680602,0.081095278263,0.332176625729,0.616053283215,0.846007764339,0.635850727558,0.919875562191,0.986441850662,0.717925548553,0.738167524338,0.677198886871,0.352332085371,0.400282174349,0.163672283292,-0.285354286432,-0.036693114787,-0.160531863570,-0.281765252352,-0.253279209137,-0.339902102947,-0.122789189219,-0.130843982100,0.118677422404,0.002473647008,-0.136655613780,-0.046497151256,0.042093154043,0.029926599935,-0.016488235444,-0.197718873620,-0.285284340382,-0.188252329826,-0.181477591395,-0.129485741258,-0.040586739779,-0.355958163738,-0.393532097340,-0.120159149170,-0.392894148827,-0.368149459362,-0.356662005186,-0.486123055220,-0.386444538832,-0.100896805525,-0.435542970896,-0.282102763653,-0.139100447297,-0.128530859947,0.046126719564,0.508352935314,0.449606925249,0.472935765982,0.191582098603,0.360246926546,0.010746574961,0.173414573073,-0.089409366250,0.050452515483,0.009590012021,-0.048637412488,-0.018303340301,0.084046371281,0.119796946645,0.134869322181,0.326336145401,0.537378191948,0.283662676811,0.590645909309,0.785195589066,0.638760626316,0.737389624119,0.782141566277,0.642637789249,0.483921051025,0.387555837631,0.315445542336,0.313128292561,0.408061176538,0.171504810452,-0.060495276004,-0.075703471899,-0.243623346090,-0.408806145191,-0.106580838561,-0.224019393325,-0.344429582357,-0.063475176692,-0.030144741759,0.039644204080,0.211502984166,0.144516944885,0.089796267450,0.186976417899,0.039681244642,-0.312515020370,-0.130794599652,-0.112371884286,0.077670864761,0.146056294441,-0.059314016253,-0.055984266102,-0.376912146807,-0.348825365305,-0.179637804627,-0.304929465055,-0.277665823698,-0.147435113788,-0.215622976422,-0.122768618166,0.138104408979,0.049880407751,-0.037524521351,-0.113145671785,-0.147303402424,-0.220747247338,-0.506076872349,-0.318837016821,-0.479286551476,-0.710751593113,-0.359106838703,0.083659477532,-0.002790570026,0.239383980632,0.321207761765,0.051530878991,0.124044544995,0.284041345119,0.142994076014,0.138454258442,-0.088466830552,0.005593487993,0.182160824537,0.031568836421,0.079642377794,0.057083204389,0.009495345876,0.193849951029,0.709800839424,0.424162507057,0.649869382381,0.664237976074,0.404826074839,0.177863851190,0.344725936651,0.480006873608,0.172694310546,0.347043186426,0.366128534079,-0.031247798353,-0.219343736768,-0.117594949901,-0.616312623024,-0.818772971630,-0.790529847145,-0.749947130680,-0.539670705795,-0.621996641159,-0.448717892170,-0.307892888784,-0.338556230068,-0.295606970787,0.046888157725,-0.056173596531,-0.102740719914,0.136667951941,0.195031195879,0.114343389869,-0.004506893922,-0.309160590172,-0.349426299334,-0.715349078178,-0.480253785849,-0.697107434273,-0.619646489620,-0.258922100067,-0.143203973770,-0.389955401421,0.358049035072,0.684323489666,0.709813117981,0.855404376984,1.238543868065,0.991207957268,0.864269971848,0.493115931749,0.494729369879,0.383242398500,0.295660465956,-0.038335353136,-0.232695668936,-0.679726064205,-0.596716880798,-0.493218839169,-0.807952284813,-0.615703463554,-0.523882210255,-0.308390915394,-0.092014729977,-0.192903295159,-0.031161366031,-0.047707222402,0.208823531866,0.628993630409,0.658022999763,0.675918877125,0.523445904255,0.601137340069,0.505879282951,0.294540971518,0.118064157665,-0.138219639659,-0.634261965752,-0.510859549046,-0.988882482052,-1.219635486603,-0.971830368042,-1.197076320648,-0.862792313099,-0.524079740047,-0.191709697247,0.195924341679,0.416288822889,0.327068805695,0.422717839479,0.457851022482,0.604055523872,0.595737278461,0.443132638931,0.624457955360,0.688809812069,0.438341766596,0.437518537045,0.234185621142,0.321409463882,0.187519729137,0.303982794285,0.051028743386,-0.113162137568,-0.205963000655,-0.281975150108,-0.563065409660,-0.156201943755,0.040376830846,-0.033482722938,0.037075892091,0.012907415628,0.060993298888,0.261819660664,0.444573193789,0.423977315426,0.390827953815,0.464292407036,0.782289743423,0.337650716305,-0.073851324618,0.219928205013,-0.068891681731,-0.066376872361,-0.155629843473,-0.802066624165,-0.666382372379,-0.318890541792,-0.679639637470,-0.319857746363,0.177135333419,0.053724646568,0.289692431688,0.482710987329,0.381242066622,0.291474610567,0.299191921949,0.024806438014,0.093533486128,0.085919097066,0.062783710659,0.136556833982,0.077399216592,0.040813114494,0.261494517326,0.526681005955,0.574412882328,0.391803443432,0.046727638692,0.019118284807,-0.042879287153,-0.083503067493,-0.335004210472,-0.375146448612,-0.281197249889,-0.372709840536,-0.352455556393,-0.509513616562,-0.391498863697,-0.496923118830,-0.381312072277,-0.167364224792,0.138038545847,0.384921669960,0.496894329786,0.499322682619,0.124740131199,-0.091298557818,-0.098460197449,0.150254487991,-0.425207972527,-0.500446379185,-0.213606193662,-0.124991193414,-0.241211444139,0.135964140296,0.045287083834,0.323809027672,0.237132593989,0.434250563383,0.578191280365,0.260490238667,-0.096933208406,0.053378909826,-0.084713138640,0.025991812348,-0.030531635508,-0.289453715086,-0.350916236639,-0.325912237167,-0.127176716924,-0.477578461170,-0.888516604900,-0.538999795914,-0.248904019594,-0.366807669401,-0.114326938987,-0.009503578767,0.195648595691,0.454887628555,0.638764739037,0.729791641235,0.765953838825,0.398866295815,0.851749479771,0.646473824978,0.275290966034,0.165232196450,0.191351607442,-0.084606133401,-0.209757849574,-0.479644656181,-0.326229155064,-0.384757041931,-0.359761238098,0.079555943608,0.355690687895,0.412193506956,0.707454741001,0.718884587288,0.556821584702,0.644860386848,0.280534595251,0.007392129395,0.174064889550,-0.115380600095,-0.116969332099,-0.196685805917,-0.180316910148,-0.358551174402,-0.234910011292,-0.273574650288,-0.594111502171,-0.579759418964,-0.233687594533,-0.424104899168,-0.175126791000,-0.051156334579,-0.213149338961,-0.069015160203,-0.258280009031,-0.168899446726,0.167335420847,0.179135650396,0.229707539082,0.322681248188,0.253649622202,0.387996256351,0.178415372968,0.320096492767,0.494535923004,0.224385693669,-0.066212244332,-0.460390537977,-0.417684108019,-0.845612645149,-1.115767002106,-1.009824156761,-1.149854779243,-1.182123303413,-0.468210697174,-0.073114581406,-0.038302425295,0.275542020798,0.497454106808,0.520795285702,0.674844622612,0.585826277733,0.358917504549,0.534126579762,0.402220726013,0.449088305235,0.438444644213,0.187318041921,-0.057144943625,0.124559022486,-0.158342212439,-0.317351192236,-0.328472316265,-0.683504462242,-0.736862778664,-0.689653575420,-0.539930045605,-0.568226695061,-0.404422730207,-0.295532882214,-0.305555045605,-0.331826746464,-0.030988497660,0.076736554503,0.397693276405,0.425129741430,0.349627971649,0.532340288162,0.508859217167,0.313165336847,0.261280477047,0.251706928015,0.186301410198,0.055432736874,0.157967671752,-0.073666110635,-0.385378509760,-0.340412497520,-0.242800176144,-0.322845876217,-0.131663039327,-0.040911898017,0.019797405228,-0.094150863588,-0.234700098634,0.069525532424,0.156794637442,0.075855761766,0.211976304650,0.177122995257,0.435020208359,0.627413153648,0.499207437038,0.546865284443,0.399327248335,0.208049759269,0.017685957253,-0.250587433577,-0.106152787805,-0.320524543524,-0.687002956867,-0.775128126144,-0.636324048042,-0.680540978909,-0.792707085609,-0.603182911873,-0.376603454351,0.127711787820,0.292948126793,0.398405313492,0.627223789692,0.550042748451,0.664711296558,0.711463630199,0.617753148079,0.614670336246,0.534723401070,0.354674011469,-0.034042485058,-0.537658035755,-0.502705931664,-0.072785310447,-0.144409939647,-0.343725770712,-0.066706150770,-0.026078246534,-0.189244270325,0.019291153178,0.054486084729,0.158992514014,0.140277594328,0.466189831495,0.340684145689,0.519231259823,0.505813419819,0.590378463268,0.310732841492,0.217034727335,0.106288611889,-0.101806417108,-0.521420896053,-0.696597039700,-0.831437528133,-0.976431906223,-1.113573193550,-0.618403494358,-0.457587629557,-0.559859097004,-0.347574114799,-0.163075476885,-0.180107012391,0.041484002024,0.162746205926,-0.067093044519,0.365852802992,0.242289796472,-0.067986182868,0.137038394809,-0.218837484717,-0.378151059151,-0.223550170660,-0.209465622902,-0.153324946761,0.309267580509,-0.041545741260,0.145657047629,0.580426216125,0.321676999331,0.554747164249,0.840196132660,0.157247379422,0.339996784925,0.092549785972,0.145109638572,-0.035026181489,-0.045896232128,0.209720805287,0.156193718314,0.205884799361,0.397796154022,0.253085762262,0.100736290216,0.175756528974,0.162515714765,0.237712934613,-0.017533669248,-0.081296958029,-0.055091120303,0.148937404156,0.256193250418,0.063664503396,0.383489340544,0.495116263628,0.211593538523,0.010293828323,0.182020887733,0.032297346741,-0.412222355604,-0.647362828255,-0.406176090240,-0.586303710938,-0.716250419617,-0.765739858150,-0.547334492207,-0.733911693096,-0.308329164982,-0.392231464386,-0.669827342033,-0.151793837547,0.124217413366,-0.028074448928,-0.183519065380,-0.091977678239,-0.178147852421,-0.276496917009,-0.212906494737,-0.164573654532,0.103654451668,-0.112474791706,-0.004700340796,0.245582491159,-0.098949991167,-0.027160724625,0.603944361210,0.203522279859,-0.110297478735,-0.030354650691,-0.079317212105,-0.354937434196,-0.213581487536,-0.425426095724,-0.382394492626,-0.233037292957,-0.197015061975,-0.030251754448,-0.025489676744,0.079831704497,0.292849332094,0.158848464489,0.491374939680,0.691089987755,0.344446063042,0.422487378120,-0.105218477547,-0.440905928612,-0.397792041302,-0.590349614620,-0.833421409130,-0.662632763386,-0.814233183861,-0.670860409737,-0.741291463375,-0.131132096052,0.444647282362,0.536270976067,1.045525312424,0.827815592289,0.858717620373,1.224574565887,1.044825673103,0.906947612762,0.769172489643,0.422598481178,0.472837001085,0.334926038980,0.044772598892,0.139915391803,0.221459314227,-0.159848615527,-0.128909513354,-0.317314147949,-0.526701569557,-0.395886391401,-0.400310963392,-0.430291086435,-0.047130998224,-0.195142343640,-0.105354309082,-0.074888527393,0.204263150692,0.467930823565,0.543959438801,0.520112037659,0.567144274712,0.337424367666,0.521766602993,0.236721009016,0.290445655584,0.267721861601,0.048221707344,0.107128255069,-0.171060293913,-0.448446244001,-0.537007749081,-0.781400740147,-0.663530051708,-0.674198389053,-0.608047902584,-0.610204637051,-0.776622176170,-0.597136676311,-0.496886104345,-0.370557248592,-0.077049359679,-0.227587848902,0.037993732840,0.102580204606,0.148653417826,0.127460733056,0.278513699770,0.325023204088,0.400664955378,0.038759287447,-0.199513405561,-0.431217133999,-0.610599756241,-0.683800816536,-0.765225350857,-0.555660903454,-0.635183930397,-0.414823591709,-0.248558282852,-0.363663136959,-0.037034731358,0.215421289206,0.412304639816,0.450479477644,0.436995834112,0.516255438328,0.624272763729,0.853564560413,0.823032915592,0.686126232147,0.747074306011,0.266573518515,0.141718149185,-0.076917655766,-0.142421960831,-0.132502675056,-0.184420466423,-0.258123606443,-0.085791505873,-0.132906034589,0.062569685280,0.154407426715,0.003901858814,0.086557060480,0.412889093161,0.120809458196,0.232559844851,0.204213753343,0.129185274243,0.386596858501,0.241610676050,0.118027113378,0.440066307783,0.187762558460,-0.259922236204,-0.218755155802,-0.140536889434,-0.179003953934,-0.035750575364,0.012512289919,0.066549740732,0.190668374300,0.310333609581,0.457007288933,0.214705139399,0.169981926680,0.266161918640,-0.054424345493,-0.061499554664,-0.405636936426,-0.435258954763,-0.537234127522,-0.721354067326,-0.858334898949,-0.786891341209,-0.798551619053,-0.648552358150,-0.789080977440,-0.717192947865,-0.441910207272,-0.134219005704,-0.050662428141,-0.031235450879,-0.068245485425,-0.078601054847,0.009120801464,-0.010437883437,-0.086939834058,-0.159284755588,-0.038039010018,-0.017615986988,-0.010878283530,0.043550178409,0.190586045384,0.032918848097,0.024003840983,-0.086050808430,-0.430426895618,-0.337173283100,-0.033943701535,-0.276957899332,-0.531352519989,-0.094648882747,-0.070439256728,0.117269791663,0.418029844761,0.000234605439,0.319923609495,0.610151112080,0.388860553503,0.348088622093,0.506830096245,0.167170777917,0.160379573703,0.070595659316,-0.111507557333,-0.185893937945,-0.036248598248,-0.123604141176,-0.243034765124,0.009157843888,-0.182889357209,-0.199410498142,-0.168347924948,0.004029451404,0.155436396599,0.456151157618,0.579516589642,0.489473372698,0.299726992846,0.417037934065,0.266729921103,0.090471267700,0.223089188337,0.360749065876,0.189306020737,0.067409962416,0.158794954419,0.027625817806,-0.095900125802,-0.150406777859,-0.252336680889,-0.429937094450,-0.466716647148,-0.713616192341,-0.688295304775,-0.577495694160,-0.812027037144,-0.889187514782,-0.937351644039,-0.408102333546,-0.390087127686,-0.339865088463,-0.158008813858,-0.061697117984,0.260679572821,0.623630642891,0.575721740723,0.857647538185,0.782487332821,0.573676168919,0.642477273941,0.857618689537,0.519021332264,0.095566727221,0.261017084122,0.176797851920,-0.062265105546,0.093241259456,0.391614109278,0.467144697905,0.370730072260,0.300109744072,0.145500645041,0.290264546871,0.110194586217,0.162371650338,0.203139498830,0.153584241867,0.225040122867,0.892241537571,0.530603408813,0.438802719116,0.511378109455,0.263243764639,-0.071945667267,-0.220245108008,-0.321722269058,-0.095813684165,-0.074995540082,-0.210181772709,-0.172266244888,-0.302455782890,-0.346561610699,-0.179596647620,-0.268985420465,-0.436452567577,0.072254359722,0.473433792591,-0.039232615381,-0.035981066525,0.058766603470,-0.284489959478,-0.178843438625,0.066471539438,-0.021954130381,0.067887403071,-0.384802341461,-0.508929193020,-0.384382486343,-0.755367815495,-0.469457834959,-0.363012820482,-0.472894579172,-0.528010427952,-0.388432532549,-0.542341947556,-0.588559210300,-0.542428374290,-0.591370344162,-0.390766203403,-0.130136042833,-0.254229992628,0.148418813944,-0.143413901329,0.225904464722,0.520227253437,0.328085422516,0.717691004276,0.717896759510,0.365898042917,0.365873366594,-0.041352294385,-0.156362459064,0.202538579702,0.105971693993,-0.226262539625,-0.198879569769,-0.389836043119,-0.250653266907,-0.097966291010,-0.136038228869,0.204934030771,0.258638083935,0.362094968557,0.496548563242,0.350743353367,0.316857278347,0.221426382661,0.206374585629,0.204382494092,0.098670110106,0.359563678503,0.487481266260,0.373080283403,0.643349885941,0.721819221973,0.631566107273,0.650186300278,0.434411078691,0.321096628904,0.132976010442,0.158515080810,0.074332885444,-0.067718654871,-0.012977384962,0.012532870285,-0.287548065186,-0.132733166218,-0.301435053349,-0.432809978724,-0.404739677906,-0.573503255844,-0.797390937805,-0.843398332596,-0.792805850506,-0.852934896946,-0.867900252342,-0.616242647171,-0.630709946156,-0.602034568787,-0.437535047531,-0.106342114508,0.185918644071,0.105346076190,-0.119611732662,-0.329851120710,-0.146039828658,-0.322368472815,-0.327550351620,-0.453969746828,-0.639690816402,-0.856742024422,-0.845501542091,-0.436353772879,-0.204411312938,-0.530315279961,0.004535705317,0.339457631111,0.460205316544,0.622992694378,0.936396718025,0.817538201809,0.909511744976,0.890722811222,0.826436817646,0.879021286964,0.442161291838,0.341416776180,0.434723854065,0.031387738883,0.122797429562,0.209774300456,0.051242768764,0.045130677521,-0.193812906742,0.020381862298,-0.104502320290,-0.411288022995,0.310024917126,0.485275149345,-0.064705826342,0.142730653286,0.442412346601,0.378451496363,0.276957899332,0.411024630070,0.641073763371,0.344693034887,0.260757774115,0.456126481295,0.275118082762,-0.305913150311,-0.031832251698,-0.090187266469,-0.415272206068,-0.274714738131,-0.692933917046,-0.831248223782,-0.868064761162,-0.815579056740,-0.567259490490,-0.571350693703,-0.134832277894,-0.023275328800,-0.339013099670,0.082490563393,0.158087030053,0.252917021513,0.279032289982,-0.091952979565,-0.125291660428,0.192232400179,0.084766648710,0.151345208287,-0.016508813947,-0.026884961873,0.021196806803,0.005136624444,0.091442614794,0.262367069721,0.060264788568,-0.386880815029,-0.271479666233,-0.016233049333,-0.160597711802,-0.257152259350,-0.197027400136,-0.073427386582,-0.078465230763,-0.144278228283,0.185906276107,0.341046333313,0.352406203747,0.920315980911,1.018986105919,0.684286415577,0.770781815052,0.615975081921,0.262515246868,0.176435634494,0.225846841931,0.212869450450,0.071464106441,0.166767433286,0.053551778197,-0.045348819345,-0.180498018861,-0.203069537878,-0.151793837547,-0.415202260017,-0.025366198272,0.136585637927,-0.065784193575,0.251464098692,0.229654029012,0.380007326603,0.493762105703,0.666686952114,0.653812468052,0.372578144073,0.296837627888,0.107132367790,-0.206926107407,-0.212799489498,-0.461012035608,-0.774597167969,-0.756367921829,-0.536810159683,-0.449701607227,-0.714250028133,-0.621473908424,-0.558945417404,-0.444610208273,-0.331966698170,-0.367252200842,-0.527446508408,-0.644136011600,-0.475141882896,-0.489580422640,-0.159716919065,-0.044587381184,-0.216421455145,-0.029091075063,0.038874533027,0.227937698364,0.622910380363,0.728499293327,0.628960728645,0.822423756123,0.688562810421,0.463448613882,0.570461630821,0.425051540136,0.132547959685,0.079691767693,0.001555804512,-0.117191590369,-0.288021385670,0.058643128723,-0.160453647375,0.028148535639,0.443951696157,0.443066775799,0.533286988735,0.535707116127,0.491852343082,0.399598926306,0.425845891237,0.449220031500,0.250525683165,0.006079161540,-0.331308156252,-0.283600926399,-0.368186473846,-0.412522822618,-0.227608442307,-0.237737625837,-0.032844763249,0.065508425236,-0.155247062445,-0.143319234252,-0.240145415068,-0.140804424882,-0.038146022707,-0.114754989743,-0.117187477648,-0.326793044806,-0.623330175877,-0.353920847178,-0.314535945654,-0.132296890020,0.256353765726,0.297055751085,0.092665039003,0.235070541501,0.238075137138,0.233885169029,-0.139672562480,-0.085779160261,-0.074118852615,-0.009482998401,0.077794335783,-0.259177267551,-0.204654142261,0.103539198637,-0.213585630059,-0.315820068121,-0.275529682636,-0.294030576944,-0.442778676748,-0.714402377605,-0.707919895649,-0.474466860294,-0.283127605915,-0.326360851526,-0.083992868662,0.104588747025,0.054235015064,0.057140830904,0.225394085050,0.354801625013,0.366342544556,0.554187476635,0.499898910522,0.261128187180,0.164717718959,-0.073464430869,-0.678771138191,-0.626203060150,-0.591991841793,-0.865603506565,-0.510538518429,-0.466288596392,-0.248994573951,0.332168370485,0.676791429520,0.967986166477,1.069430351257,0.997509419918,1.127571344376,0.881182193756,0.531084954739,0.466247409582,0.288470029831,-0.047295633703,-0.127324894071,-0.376076638699,-0.526512205601,-0.334934264421,-0.124925337732,-0.136482745409,-0.335736840963,-0.221064180136,-0.053411837667,-0.089133605361,-0.031445357949,-0.023044839501,0.182374849916,0.347294270992,0.028156770393,0.225484639406,0.213861376047,0.241688877344,0.298257589340,0.416264116764,0.365066647530,0.176736086607,-0.074538677931,-0.115183040500,-0.107757978141,-0.376245409250,-0.561777114868,-0.504883229733,-0.670296549797,-0.460221797228,-0.297203928232,-0.542243123055,-0.467877328396,-0.231061667204,-0.228242293000,-0.395017921925,-0.483999282122,-0.530586957932,-0.429237395525,-0.532241523266,-0.283074110746,0.124740131199,0.111659839749,0.063623346388,0.037248760462,0.492572665215,0.736447036266,0.893612146378,0.961750566959,0.921394288540,0.560394227505,0.598536074162,0.285897582769,0.168463170528,-0.037540987134,-0.029712572694,0.013586536050,0.208918198943,-0.152300089598,-0.467716813087,-0.429307371378,-0.574466407299,-0.251237720251,0.216244474053,0.453405886889,0.479488223791,0.645609498024,0.330172151327,0.314293086529,0.391535907984,0.593432366848,0.492593228817,0.158375129104,0.144171208143,-0.107889696956,-0.298455148935,-0.240194797516,0.038183066994,-0.242713734508,-0.353443384171,-0.219557762146,-0.083474263549,-0.029449155554,0.366770625114,0.100098319352,0.038853950799,0.330357372761,0.400405615568,-0.023147737607,0.015467494726,0.059791460633,-0.020324239507,-0.221504569054,-0.136536255479,-0.302237659693,-0.553520679474,-0.686093330383,-0.492453277111,-0.408608585596,-0.420429408550,-0.010787734762,0.192648112774,-0.063174717128,-0.175661861897,0.084519699216,0.081140555441,0.065430223942,-0.012294148095,-0.151777371764,-0.118883222342,-0.247125953436,-0.055395696312,-0.192615181208,-0.288486480713,-0.193804681301,-0.178868129849,-0.654470980167,-0.174110159278,-0.029016990215,-0.274500727654,0.090088486671,0.509056746960,0.310922175646,0.375323444605,0.394211232662,0.258749216795,0.199389934540,0.025098666549,-0.188215315342,0.195899665356,-0.106403857470,-0.065125651658,0.176114603877,-0.172653138638,-0.218928039074,0.065413758159,-0.006729471963,0.069698393345,-0.036400888115,-0.118846178055,-0.236609861255,-0.018768435344,0.298652738333,0.180510357022,0.383295863867,0.498795866966,0.017101502046,0.321010231972,0.398714005947,0.259774059057,0.394128888845,0.449376404285,0.274253755808,0.249830111861,0.184210538864,-0.252501308918,-0.396985352039,-0.726210832596,-0.456920862198,-0.323747277260,-0.945748031139,-0.822341501713,-0.458633035421,-0.269063621759,-0.188075363636,0.185272455215,0.194331496954,0.182062044740,0.178505927324,0.187758430839,-0.391017287970,-0.382719695568,0.035009715706,-0.305139362812,-0.453591108322,-0.556401789188,-0.355386108160,-0.115388825536,-0.122439339757,0.032112132758,-0.157321467996,-0.083000935614,-0.285123825073,-0.199834451079,-0.209420338273,-0.251163631678,0.007095785812,-0.292878121138,-0.192413508892,0.116903476417,0.138293728232,0.087631307542,0.021970594302,0.195154681802,0.219117373228,0.432480722666,0.507891952991,0.258909732103,0.176139280200,0.104790426791,0.148332372308,0.126139521599,0.201336741447,0.196475878358,-0.017916448414,-0.039294354618,0.016010792926,0.340396016836,0.402117818594,0.160264328122,-0.135927096009,-0.043253831565,-0.052539270371,-0.049740467221,0.109531924129,0.060009602457,0.059001207352,0.136244013906,0.125884339213,0.186700657010,0.253345072269,0.370676606894,0.287753850222,0.130082547665,0.149962276220,-0.308205693960,-0.310296565294,-0.719868242741,-0.805182337761,-0.596000730991,-0.456698596478,-0.596185922623,-0.537600398064,-0.582764029503,-0.677087724209,-0.447816520929,-0.094150863588,0.084943629801,0.222986295819,0.613065183163,0.624688446522,0.560303628445,0.361601084471,0.297088682652,0.380661725998,0.273751616478,-0.064479455352,0.102292090654,0.164972901344,-0.091080412269,0.060873940587,0.201596036553,0.122665710747,0.402294814587,0.483353048563,0.168146252632,0.400594949722,0.304995298386,0.184424579144,0.342630952597,0.330851286650,0.383439958096,0.386621534824,0.242647886276,0.440383225679,0.099365696311,-0.252534240484,-0.467321664095,-0.385580211878,-0.745740711689,-0.878737270832,-0.883622825146,-0.984206855297,-1.023711085320,-0.956441164017,-1.010844826698,-0.924065530300,-0.813870966434,-0.355423122644,-0.320149987936,-0.096443414688,-0.018537946045,-0.028975829482,-0.097834579647,0.144438743591,0.239754423499,0.162676244974,0.044727321714,0.309588611126,0.257345706224,0.075328923762,0.166108876467,0.171772345901,-0.106531448662,0.336057871580,0.330040484667,-0.005889831576,0.168146252632,0.218825146556,0.183687835932,0.322504281998,0.021456109360,0.163342997432,0.270965188742,0.182062044740,0.168850064278,-0.359975308180,0.037396930158,0.440082758665,0.504055976868,0.212869450450,0.086124889553,0.078864470124,0.284860372543,0.281839340925,0.303986907005,0.187453851104,0.316807895899,0.420244187117,0.285757660866,0.481537967920,0.294993698597,-0.009244277142,0.014800721779,-0.017204398289,-0.181341782212,-0.434250563383,-0.510563194752,-0.252357244492,-0.483962208033,-0.822353780270,-0.852885425091,-0.989829182625,-1.022134780884,-0.983280837536,-0.950510084629,-0.657125711441,-0.174287140369,0.186889991164,0.401261746883,0.259485960007,0.434398710728,0.685047864914,0.550989389420,0.389218658209,0.241483077407,0.179477274418,0.020085519180,-0.290556788445,-0.277719318867,-0.284551709890,-0.311868816614,0.066311024129,-0.117463245988,-0.231522634625,-0.009697024710,0.192269444466,0.197117954493,0.325924575329,0.221755638719,0.358810514212,0.635225057602,0.782796025276,0.349718511105,0.195286378264,0.343063116074,0.316054672003,0.090076141059,0.372425824404,0.070854954422,-0.045957971364,0.207341805100,0.333452522755,0.210881471634,0.144257649779,0.237169638276,0.031902223825,-0.192166551948,-0.333687126637,-0.192392915487,-0.279291599989,-0.267754763365,-0.153139725327,-0.288762271404,-0.451323240995,-0.523548781872,-0.342453986406,-0.530101299286,-0.328649312258,-0.110844895244,0.123777009547,0.268722027540,0.311798870564,0.582648754120,0.489284068346,0.470881938934,0.475059568882,0.232016548514,0.049625225365,-0.031671736389,-0.469931155443,-0.808166325092,-0.871032416821,-1.123476028442,-0.858067333698,-0.798905611038,-0.652503609657,-0.634122014046,-0.751148998737,-0.465132027864,-0.053148422390,0.011977224611,0.344894707203,0.459423303604,0.225085392594,0.560501217842,0.526713907719,0.184869095683,0.261050015688,0.079181395471,0.092397503555,-0.041376989335,-0.079132005572,-0.066055834293,-0.044657349586,-0.199566900730,0.287609785795,0.305818498135,0.230053275824,0.587917149067,0.432250261307,0.217425748706,0.366429001093,0.409748703241,0.552327036858,0.557891726494,0.311230868101,0.295265346766,0.137227728963,0.286831915379,0.319886565208,-0.291894435883,-0.593457102776,-0.448615014553,-0.556525290012,-0.643242835999,-0.485464513302,-0.556517004967,-0.495038032532,-0.137680470943,-0.433073431253,-0.256592482328,0.076127409935,0.243384614587,0.344388425350,0.321285963058,0.252567172050,0.350554019213,0.317433506250,0.013179063797,-0.121945433319,-0.419021785259,-0.421454250813,-0.235099345446,-0.438963234425,-0.405727446079,-0.108675822616,-0.172439113259,0.107832066715,0.720016419888,0.438308805227,0.319820731878,0.315824180841,0.285864651203,-0.170936822891,-0.454031497240,-0.655783951283,-0.707109034061,-0.623959898949,-0.572795331478,-0.607920289040,-0.542288422585,-0.380846947432,-0.318347245455,-0.257514446974,-0.129090607166,0.106091044843,0.116368412971,0.332876324654,0.399314910173,0.641493558884,0.708092749119,0.550219714642,0.710800945759,0.609389662743,0.603503942490,0.476018577814,0.163561150432,-0.084651403129,-0.101715862751,-0.495725393295,-0.309403419495,-0.274154990911,-0.619531214237,-0.457781076431,-0.424228370190,-0.547313928604,-0.371491521597,-0.518531560898,-0.256473124027,0.061976995319,0.183115705848,0.812018811703,0.548277020454,0.401162952185,0.433596134186,0.372639894485,0.251538187265,0.318544805050,0.147529780865,0.007626734674,0.362798780203,0.023127155378,-0.196031361818,-0.141290098429,0.010009832680,-0.062137514353,-0.241120889783,-0.224665582180,-0.334098726511,-0.478595077991,-0.732845664024,-0.421812355518,-0.264355063438,-0.457085490227,-0.603524506092,-0.430509209633,-0.501882791519,-0.406674116850,-0.189906939864,-0.060820430517,0.055165201426,0.229608759284,0.441251695156,0.482982605696,0.375558048487,-0.031083162874,-0.292565345764,-0.079523012042,-0.038495872170,-0.203905045986,-0.562781393528,-0.684636294842,-0.337988227606,-0.469239711761,-0.254127085209,-0.073377996683,0.206596836448,0.215050876141,0.349759668112,0.688167691231,0.519017219543,0.511966705322,0.683784306049,0.731055200100,0.575832903385,0.424644082785,0.337461411953,0.603203475475,0.411432087421,0.357295870781,-0.023180663586,0.004000640009,0.048209358007,-0.279155790806,-0.382933706045,-0.355262607336,-0.404455661774,-0.226826414466,-0.490712255239,-0.530047774315,-0.275303304195,-0.499886572361,-0.308222144842,0.016500582919,0.107482217252,0.380468279123,0.350800991058,0.191137567163,0.518317520618,0.522104144096,0.219442516565,0.185210704803,-0.056153018028,-0.186581298709,-0.243833243847,-0.210881471634,-0.322627753019,-0.209753736854,-0.351945191622,-0.255662322044,-0.106877185404,0.042422425002,0.043286763132,0.109375521541,-0.099209286273,0.224793165922,0.251558750868,0.178617060184,-0.173727393150,-0.097949832678,0.073460318148,0.084935396910,-0.278641313314,0.061310224235,0.127259045839,-0.255950421095,-0.199003040791,-0.173953756690,-0.128510281444,0.074530445039,-0.050271417946,0.127876430750,-0.006149131805,0.107770331204,0.219668895006,0.281596511602,0.560851037502,0.589645802975,0.423833250999,0.646663129330,0.495091557503,0.105518937111,0.231856033206,0.252052664757,-0.239001199603,-0.238449662924,-0.055613834411,-0.245010390878,-0.235617950559,-0.123896367848,-0.177983209491,0.002769990359,0.300521343946,0.300974100828,0.333209693432,0.284016638994,0.146961778402,0.049892753363,-0.145899891853,-0.329192608595,-0.359464913607,-0.243479281664,-0.464720427990,-0.462341457605,-0.505019068718,-0.250476300716,0.031984541565,-0.311387270689,-0.198138698936,-0.121278665960,-0.304011613131,-0.130605265498,0.079288408160,-0.067463465035,-0.077353939414,0.329966366291,-0.104741036892,-0.291379958391,-0.037874370813,-0.306740432978,-0.208428412676,-0.171200230718,-0.401665091515,-0.505171358585,-0.415226936340,-0.398166596889,-0.169590920210,-0.050094436854,-0.061248484999,0.255501776934,0.390070617199,0.494762301445,0.696387171745,0.888162732124,0.784738719463,0.783289968967,0.949295938015,0.635352730751,0.613266825676,0.464605212212,0.292981028557,0.213005274534,0.228024140000,0.007976585068,0.199385821819,0.216005757451,0.050855875015,0.243388727307,0.012100702152,0.393898427486,0.510415017605,0.253826618195,0.084696680307,0.372697472572,0.237782910466,-0.199525758624,-0.085729770362,-0.102069832385,-0.285782366991,-0.245738923550,-0.195813223720,-0.727634966373,-0.620831847191,-0.301081091166,-0.369129002094,-0.425290286541,-0.374430298805,-0.395384252071,-0.324269980192,-0.209959521890,-0.336403608322,-0.252633005381,-0.541115343571,-0.641633570194,-0.285597145557,-0.411642014980,-0.528002202511,0.083276696503,0.073958329856,0.129654496908,0.261264026165,0.448824912310,0.271598994732,0.159432917833,0.298381090164,0.067702189088,-0.404883712530,-0.302826225758,-0.332645833492,-0.632969617844,-0.346932053566,-0.307876408100,-0.305653840303,-0.157621935010,-0.251151293516,-0.321866333485,-0.274949342012,-0.073620833457,-0.257160484791,0.229670494795,0.342108249664,0.297278016806,0.388967573643,0.495449632406,0.574738085270,0.426562070847,0.238918885589,0.343207180500,0.432888209820,0.201233848929,0.000868451723,0.329744130373,0.199278801680,-0.085532203317,-0.033713214099,0.058721330017,-0.372261226177,-0.319479107857,-0.140014171600,-0.149488940835,-0.079716458917,-0.043920606375,0.393626779318,0.440202116966,0.307460725307,0.675387918949,0.538843452930,0.756051003933,0.675083339214,0.614633321762,0.448446244001,0.399981707335,0.069397941232,-0.208267897367,0.008766834624,-0.124176248908,-0.486341178417,-0.657841861248,-1.029456973076,-1.018302917480,-1.041849851608,-1.083601355553,-0.840006828308,-0.606833755970,-0.515959084034,0.067475818098,0.195516884327,0.250587433577,0.505257785320,0.572910606861,0.809664547443,0.762891590595,0.686216831207,0.975172519684,0.713682115078,0.294981360435,0.231436222792,0.073015801609,-0.143611460924,-0.075271300972,-0.155596911907,-0.267767101526,-0.310605257750,-0.365148931742,-0.110330402851,0.132288649678,0.489897340536,0.376496434212,0.269487559795,0.386024743319,0.504064202309,0.298595100641,0.105304919183,0.043249718845,-0.064438298345,0.378817826509,0.193150252104,0.027033131570,-0.030622182414,0.153077989817,0.152102515101,0.153724178672,0.065491959453,0.027020784095,0.003938901704,0.216874212027,0.117549672723,-0.253896594048,-0.299895733595,-0.454200267792,-0.592028856277,-0.485028237104,-0.552853882313,-0.406390130520,-0.025658426806,-0.117183357477,-0.112145513296,0.030823862180,0.173447504640,0.155889138579,0.241380184889,0.603236436844,0.053090799600,0.160449534655,0.267087996006,-0.453525245190,-0.090998098254,-0.112524181604,-0.167903408408,0.064565889537,0.265445768833,0.224896058440,0.374837756157,0.275764286518,0.060268901289,0.051991857588,0.106066346169,0.216977119446,0.513493657112,0.339807480574,0.107992589474,0.399142026901,0.260272085667,0.188791513443,0.155317023396,0.162441626191,0.089388787746,-0.117072232068,-0.118208222091,-0.606315076351,-0.286193937063,-0.028556009755,-0.371619105339,-0.252163797617,-0.107531607151,-0.475960940123,0.084890127182,0.009174306877,-0.141129583120,0.174073114991,0.151460453868,0.075036697090,-0.149563029408,-0.173077076674,-0.119817525148,-0.417696475983,-0.535879969597,-0.400792539120,-0.392667740583,-0.223747730255,-0.324689805508,-0.310745209455,-0.009746415541,0.331929653883,0.289618372917,0.431501150131,0.466193944216,0.519700467587,0.514954805374,0.560204863548,0.714883983135,0.818147361279,0.786714375019,0.391992777586,0.411674916744,0.592065930367,0.174138978124,0.385382622480,0.180876672268,-0.131531327963,-0.434431642294,-0.535925269127,-0.765797436237,-0.675260305405,-0.556274175644,-0.495964139700,-0.344890594482,-0.253242164850,-0.278945863247,-0.245784178376,-0.138939917088,-0.127761185169,0.062191020697,-0.061483085155,-0.073143392801,-0.034725721925,-0.140273481607,-0.284564048052,-0.371734410524,-0.374940663576,-0.301344513893,-0.285671234131,-0.206312850118,-0.139466762543,-0.091076299548,0.090528890491,0.115417651832,0.043130360544,-0.051502071321,-0.125777319074,-0.042179588228,-0.066253401339,-0.276147067547,-0.150423243642,0.271743059158,0.137993276119,0.077230460942,0.248488321900,0.519354701042,0.483875751495,0.561513721943,0.655944466591,0.695102989674,0.448968946934,0.473528474569,-0.014278004877,-0.060503508896,-0.002243157243,-0.152666404843,-0.065166808665,-0.226986929774,-0.302105933428,-0.139458522201,-0.339391738176,-0.194652542472,0.034836851060,0.406147301197,0.540304541588,0.151695057750,0.387695789337,0.329056769609,0.207868650556,0.072723567486,-0.034849196672,-0.077423915267,-0.500273466110,-0.383332937956,-0.443136751652,-0.479533523321,-0.156527101994,-0.027078408748,0.148620486259,0.165129303932,0.083762370050,0.133634552360,0.042673494667,-0.155210018158,0.280065387487,0.054506666958,0.006297303829,-0.345079898834,-0.410715937614,-0.457118421793,0.048839092255,-0.159655168653,-0.181955039501,-0.370380252600,-0.362354248762,-0.309139996767,-0.330785453320,-0.107618048787,-0.244277760386,-0.209691971540,0.281333088875,0.227349147201,0.132889583707,0.564810514450,0.414609581232,-0.088804334402,-0.006321999244,-0.097213082016,-0.007787254173,0.143702000380,-0.023016029969,-0.288037866354,-0.379472225904,-0.599272847176,-0.421853512526,-0.485415130854,-0.552890956402,-0.328455835581,-0.226756453514,-0.003416184569,0.471491068602,0.353406339884,0.392774790525,0.748062133789,0.885483264923,0.771032810211,0.811706006527,0.971686363220,0.744880497456,0.626968622208,0.782656133175,0.276200592518,-0.102008096874,-0.174982726574,-0.237634733319,-0.132004663348,-0.148595795035,-0.281098484993,-0.094545990229,-0.234346136451,-0.309473395348,0.298842072487,0.377657145262,0.555236995220,0.772189438343,0.672045826912,0.191866099834,0.221866786480,-0.116936407983,0.023530513048,-0.069830104709,-0.178172543645,-0.123097889125,-0.181518748403,-0.333246737719,-0.316721439362,-0.470178127289,-0.485089957714,-0.478298723698,-0.544622123241,-0.515370547771,-0.744234263897,-0.655174791813,0.075810484588,0.078794501722,0.229131311178,0.404723167419,0.332053124905,0.202834919095,0.087343193591,0.046723525971,0.011178743094,-0.326533734798,-0.237461879849,-0.082338280976,-0.030663343146,-0.136783212423,-0.366284936666,-0.220203951001,-0.349072307348,-0.319034576416,-0.158222854137,-0.293940037489,-0.303789347410,0.016303021461,0.205777779222,0.256897062063,0.266511768103,0.017471931875,0.339799225330,0.364486306906,0.348372608423,0.394783347845,0.355534255505,0.246302783489,0.313737452030,0.213338673115,0.315383791924,0.328900367022,0.027164839208,-0.011401000433,0.285062074661,0.191730260849,0.157687783241,-0.047945942730,0.057412479073,0.116195552051,0.315091580153,0.238799512386,0.235654979944,0.311527192593,0.189849302173,0.159745723009,0.156041428447,0.325834035873,0.351615935564,0.217907294631,0.169356316328,-0.045163605362,-0.035911094397,0.195681512356,-0.201892390847,-0.052247039974,-0.214297667146,-0.389663159847,-0.867937207222,-0.910532474518,-0.853716790676,-0.775622069836,-0.804918944836,-0.795699298382,-1.026995539665,-0.817986845970,-0.607838034630,-0.629997909069,-0.422075748444,0.149143204093,0.528491973877,0.491374939680,0.576660156250,0.671123802662,0.583080947399,0.478804975748,0.536365687847,0.276060640812,0.018509134650,-0.063388742507,-0.013911690563,-0.378879547119,-0.576981186867,-0.212655425072,-0.147146999836,-0.266071379185,0.145805224776,-0.155419930816,-0.262852758169,0.227040439844,0.183436766267,0.083116181195,0.404644995928,0.429101586342,0.463440388441,0.475656360388,0.438917964697,0.424125462770,0.451232701540,0.319244503975,-0.035869937390,-0.399463117123,-0.620457291603,-0.545330047607,-0.562353312969,-0.725041985512,-0.366198509932,-0.315482586622,-0.181654572487,-0.166092425585,0.100081853569,0.146142721176,0.142973497510,0.316264599562,0.179493740201,-0.003049870953,-0.048205245286,-0.046279005706,0.068908147514,-0.209683746099,-0.186239674687,-0.108815766871,-0.396516114473,-0.104107193649,-0.214355289936,-0.536299824715,-0.338889598846,-0.274916410446,-0.032136827707,0.097669951618,0.250402212143,0.634628295898,0.773238897324,0.589538753033,0.846407055855,0.718254864216,0.478331685066,0.518325746059,0.364889651537,-0.116113223135,0.160025596619,0.189923390746,0.103069990873,-0.159597545862,-0.094591267407,-0.326373219490,-0.508715152740,-0.316256374121,-0.084536157548,-0.529702067375,-0.438424050808,-0.275422662497,-0.338111728430,-0.401426345110,-0.184202313423,-0.132733166218,-0.222582936287,-0.103004142642,-0.198336273432,-0.137960344553,-0.078518733382,0.048830855638,0.112627081573,-0.091858312488,-0.229394733906,-0.313424617052,-0.035680606961,0.045089520514,-0.171928748488,-0.019147098064,0.442766308784,-0.078098915517,-0.016455307603,0.370503723621,0.160494819283,-0.076036855578,0.276311695576,0.072917014360,0.130506485701,0.271454960108,-0.012853909284,0.166113004088,0.365811616182,0.145862847567,0.326986461878,0.240248307586,0.006638922729,-0.022542702034,-0.003576704068,-0.232189416885,-0.180518597364,-0.210807397962,-0.063401088119,-0.216174498200,0.138413086534,0.229530543089,0.064553536475,0.247562244534,0.197546020150,0.089697480202,0.105926416814,-0.153036832809,0.271434366703,0.229160130024,0.006531909574,-0.090092606843,-0.386139959097,-0.398417651653,-0.354233622551,-0.317462325096,-0.464609324932,-0.545243620872,-0.616040945053,-0.437646180391,0.008799762465,0.444836616516,0.233802840114,0.341355025768,0.574416995049,0.439304858446,0.320722103119,0.248327791691,0.255032569170,0.080465555191,-0.198579102755,-0.329571247101,-0.540094614029,-0.379249989986,-0.445651561022,-0.676441550255,-0.261354565620,-0.299142509699,-0.285399585962,-0.098653644323,-0.397429823875,-0.461575925350,0.174665808678,-0.020316008478,-0.189544722438,0.154275715351,0.132346287370,0.063302308321,0.362033218145,0.302348792553,0.143002301455,0.385539054871,0.483587652445,0.254674494267,0.359962940216,0.278900593519,0.031832251698,-0.288684040308,-0.395894616842,-0.479442983866,-0.733010351658,-0.863026976585,-0.408324599266,-0.375702083111,-0.306258887053,0.029333913699,0.325196057558,0.427899748087,0.450627654791,0.420758664608,0.566909611225,0.530850350857,0.474215775728,0.396129220724,0.837776005268,0.670959234238,0.552220046520,0.385448515415,0.382324546576,0.120467834175,0.411325097084,0.012080121785,-0.191956654191,-0.456879705191,-0.652384221554,-0.661352694035,-0.722667038441,-0.760187447071,-0.400887191296,-0.472289562225,-0.354785174131,0.053317170590,0.062742553651,0.251929193735,0.379505157471,0.512575864792,0.214808031917,0.316820234060,-0.022715568542,-0.175978764892,-0.303472429514,-0.279933691025,-0.394791573286,-0.436543107033,-0.467482209206,-0.335876792669,-0.291396409273,-0.107613928616,0.122451692820,0.132770210505,0.404035866261,0.199505165219,0.298364609480,0.399170875549,0.305929601192,0.367618471384,0.258555769920,0.276254087687,0.180337503552,0.007968353108,0.010050990619,0.146747767925,-0.018418585882,0.160317838192,-0.230238497257,-0.014652550220,-0.224575027823,-0.417786985636,-0.492449164391,-0.150797784328,-0.186527788639,0.098604254425,-0.063100628555,0.114746756852,0.352290958166,0.236346453428,0.018188096583,0.047719568014,0.313243538141,0.194389119744,0.126950353384,0.092006489635,0.054926481098,-0.041414033622,0.003679601010,-0.287618041039,-0.014216266572,-0.179740697145,-0.296977549791,-0.360378652811,-0.583245575428,-0.293392628431,0.098978802562,0.044488601387,0.163281276822,0.171562433243,-0.015817346051,0.177847400308,0.402796953917,0.046690594405,0.155004233122,0.303682327271,-0.010158004239,-0.194286227226,-0.032260306180,-0.215598285198,-0.267832994461,-0.084931284189,-0.205897137523,-0.288844555616,-0.267503708601,-0.341252148151,-0.206897288561,-0.389502674341,-0.353554517031,0.220142215490,0.082902155817,-0.184194087982,0.033836688846,-0.215264886618,-0.193043217063,-0.071283012629,-0.159000754356,-0.102485537529,0.101464793086,-0.357394635677,-0.186943486333,-0.297619640827,-0.548412859440,-0.409793943167,-0.088092282414,-0.308320939541,-0.179390847683,-0.169520944357,-0.137676358223,-0.266017854214,0.127320781350,0.127135574818,0.084816038609,0.252427220345,-0.115327097476,0.169455096126,0.363696068525,-0.000465094985,0.031963963062,0.077008202672,-0.043570756912,0.400064021349,0.448759049177,-0.103568010032,0.201637208462,0.233078449965,-0.084890127182,-0.253246277571,-0.226958125830,-0.342610388994,-0.243899121881,-0.408769100904,-0.141549393535,0.021974710748,-0.175361394882,0.116413690150,0.385971218348,0.204378381371,0.557937026024,0.700865209103,0.385197460651,0.754371762276,0.513292014599,0.384304314852,0.225645154715,0.133058324456,-0.104074262083,-0.197986423969,-0.152287736535,-0.345890730619,-0.195232883096,-0.357863813639,-0.279242217541,-0.221969678998,-0.202542692423,-0.366581290960,-0.038030777127,-0.124797746539,-0.276608049870,0.109614253044,-0.022921361029,-0.241590082645,-0.113335005939,0.041405800730,-0.016722839326,-0.006029771641,0.086030222476,0.002160839504,-0.012269453146,-0.345261007547,-0.164096221328,-0.599260509014,-0.691884398460,-0.285247296095,-0.501409411430,-0.411320984364,-0.148986801505,-0.148879781365,0.006807673723,0.401031225920,0.585661590099,0.575911045074,0.612900495529,0.563678681850,0.572840631008,0.407299727201,0.343458265066,0.013845836744,0.129926145077,-0.010347334668,-0.411465018988,-0.011285755783,-0.120632469654,-0.307440131903,-0.141973331571,-0.261807322502,-0.083070904016,0.236688077450,-0.032400246710,0.076983511448,0.128683149815,0.256576031446,0.507060587406,0.463440388441,0.295676946640,0.435761094093,0.199661567807,0.266540586948,0.286786615849,0.358510047197,0.356493264437,0.069402053952,-0.201336741447,-0.247558131814,-0.570251762867,-0.938471138477,-0.844772994518,-0.803597748280,-0.762903988361,-0.108124293387,-0.005190130789,0.097624674439,0.089290000498,0.244644090533,0.427763938904,0.525145769119,0.307929933071,0.390366971493,0.379385799170,0.526294112206,0.071871578693,-0.022530354559,0.381624847651,0.517527282238,0.280452281237,0.303122580051,0.082486450672,0.265013605356,0.467860877514,0.339873313904,0.307765305042,0.090117305517,0.205419704318,-0.024394849315,-0.341050475836,-0.430970191956,-0.344125002623,-0.498104393482,-0.427895635366,-0.464695751667,-0.370013922453,-0.182132035494,0.012236525305,0.311938822269,0.370684832335,0.356390386820,0.717896759510,0.238354995847,0.126291811466,0.121295124292,-0.139639616013,-0.342766791582,-0.280365854502,-0.502360224724,-0.497919172049,-0.435654073954,-0.685187816620,-0.749408006668,-0.120023317635,-0.220096945763,-0.261605650187,0.025094550103,0.095290966332,-0.069282688200,0.021382022649,-0.320767372847,-0.149900525808,-0.275410324335,-0.164244398475,-0.055918414146,-0.278678327799,-0.252295523882,0.109231464565,0.318536579609,0.308382660151,0.340984582901,0.553771734238,0.572564899921,0.342260539532,0.241149708629,0.121607936919,0.024328995496,-0.215598285198,-0.147118180990,0.001189490780,-0.172216847539,-0.052526924759,0.187392115593,0.327657371759,0.129444569349,0.149213165045,0.196599364281,-0.094928771257,0.015870852396,0.263289064169,0.630734682083,0.473462581635,0.308847784996,0.195936709642,-0.066615596414,0.010717764497,-0.083721213043,-0.467325776815,-0.147373378277,-0.008635126054,-0.560558795929,-0.425537228584,-0.674951612949,-0.688315927982,-0.298496335745,-0.519523441792,-0.426183432341,-0.410703569651,-0.104638144374,0.292083770037,0.100225910544,-0.104592867196,0.042105503380,0.299056082964,0.117920100689,0.033136989921,-0.040784303099,-0.062248643488,0.062133401632,0.110099919140,0.141956865788,0.254699170589,-0.003856583964,0.162112355232,0.288601726294,-0.146764218807,-0.223031565547,-0.455155134201,-0.544877290726,-0.550009846687,-0.446133136749,-0.494560599327,-0.590757071972,-0.138585954905,0.153493687510,-0.122410528362,-0.358189016581,-0.254464596510,-0.013565956615,0.186968192458,0.344746530056,0.469342619181,0.309016525745,0.176056981087,0.090463027358,0.176452115178,0.281608849764,-0.132074639201,0.023999726400,0.088438019156,-0.433847218752,-0.441140562296,-0.116203777492,-0.315877705812,-0.187523841858,0.225130662322,0.447655975819,0.409765154123,0.751416563988,0.871616840363,0.706471025944,0.975361824036,0.791986823082,0.509106159210,0.646893620491,0.206300497055,0.303455948830,0.072591863573,-0.411176890135,-0.337934732437,-0.264309793711,-0.612525999546,-0.818517804146,-0.818394303322,-0.698786675930,-0.622190117836,-0.578034877777,-0.589094281197,-0.477685481310,-0.180407464504,0.039286121726,0.237112030387,0.270360112190,0.482698649168,0.578627586365,0.554743051529,0.593247175217,0.417449504137,0.148509353399,0.008515765890,-0.224739655852,-0.287860870361,0.086466506124,0.077283971012,-0.034038368613,0.022793769836,-0.031877528876,-0.026691513136,0.371610879898,0.471207082272,0.319754868746,0.139894813299,0.171084985137,0.185268342495,0.062269225717,0.424187242985,0.062800168991,0.255365967751,0.376035481691,0.324858576059,0.302480489016,0.363584935665,0.348310858011,0.542177259922,0.335292339325,0.056683965027,-0.138285502791,-0.392058610916,-0.679363846779,-0.565003991127,-0.737550139427,-0.843900501728,-0.624013423920,-0.516337752342,-0.642691314220,-0.523643434048,-0.465267866850,-0.269989699125,-0.042747579515,0.059865549207,0.273652851582,0.269257068634,0.067352339625,0.259140223265,0.201583698392,0.241713583469,0.417074948549,0.344795912504,0.415741413832,0.371429771185,0.012183018960,0.409143656492,0.555500447750,0.235700264573,0.366396069527,0.279670268297,0.066492117941,0.041484002024,-0.049390617758,-0.180325135589,-0.137021914124,0.048629179597,0.083387829363,0.115294173360,0.517947077751,0.379468113184,0.309638023376,0.694588541985,0.264754295349,0.389873057604,0.143722578883,0.046258430928,-0.064071983099,-0.200945734978,-0.013286076486,0.088442131877,-0.325121968985,-0.313074767590,-0.163882195950,-0.158049985766,-0.507612049580,-0.215450108051,-0.271784216166,-0.209597334266,-0.208325520158,-0.032210916281,-0.270549446344,-0.218788102269,-0.161005184054,-0.071941554546,-0.218162477016,-0.249472007155,-0.142919987440,-0.008614547551,0.165191039443,0.517185628414,0.178938105702,0.462213873863,0.415786683559,0.159745723009,0.136573284864,0.130819290876,-0.195039451122,-0.027024900541,-0.301142841578,-0.307588309050,-0.167837560177,-0.122719228268,-0.157086864114,0.068912260234,0.269487559795,0.412177056074,0.305361628532,0.124336764216,0.167763471603,-0.023761002347,-0.073048725724,-0.296516567469,-0.352451443672,-0.304435551167,-0.229337111115,-0.112515941262,-0.502685368061,-0.357365816832,0.032285001129,0.005939222407,0.144093006849,0.124517872930,-0.125254601240,-0.099476821721,-0.101563580334,-0.201180338860,-0.438374668360,-0.320648014545,-0.630862295628,-0.383942097425,-0.453908026218,-0.281921654940,0.207839831710,0.330851286650,0.361226528883,0.123595908284,0.141977444291,0.390264064074,0.295726329088,0.350508779287,0.340301364660,0.425578415394,0.139894813299,-0.090253122151,-0.027992133051,-0.171447187662,-0.332032561302,-0.050831180066,-0.022707337514,-0.399302572012,-0.259415984154,-0.207852199674,-0.391544133425,-0.251027822495,0.175641268492,0.259436577559,0.085873827338,0.124217413366,0.417729407549,0.231382712722,0.032235611230,0.278624832630,0.194566115737,-0.115125417709,0.045748062432,-0.270866394043,-0.446219563484,-0.254328757524,-0.454224944115,-0.393169939518,-0.426677346230,-0.545083105564,-0.477907717228,-0.582348346710,-0.622280657291,-0.121406257153,0.031243681908,-0.091389112175,0.029477968812,0.165923669934,0.235362753272,0.305131137371,0.410954654217,0.165754914284,0.209305107594,0.140903204679,0.157724827528,0.178913399577,0.397491604090,0.129617437720,0.220022872090,0.695275843143,0.516790509224,0.346405208111,0.494457691908,0.124192714691,-0.263955801725,-0.147793203592,-0.087907068431,-0.217042967677,-0.054193858057,-0.125176399946,-0.205341488123,0.087627194822,0.352262109518,0.263021498919,0.448269248009,0.443313717842,0.387975633144,0.265124708414,0.341305643320,0.199003040791,0.060573477298,-0.201217368245,-0.424265384674,-0.463555663824,-0.590032696724,-0.405464053154,-0.287292867899,-0.007844876498,0.236667513847,0.259523004293,0.155909717083,0.308197438717,-0.089919738472,-0.243042990565,-0.359962940216,-0.415066421032,-0.295368254185,-0.291668057442,-0.374257415533,-0.197504848242,0.033519767225,-0.072810001671,0.284736931324,0.313297033310,0.503710210323,0.220981866121,0.277834564447,0.077749066055,0.301928967237,0.007408592850,0.152625232935,0.111417002976,-0.096233509481,-0.196759879589,-0.185778707266,-0.361090719700,-0.312111675739,-0.218471184373,-0.332876324654,-0.288120180368,-0.209399774671,0.040043443441,0.176847234368,0.240511745214,0.278451979160,0.479903936386,0.398833364248,0.439510643482,0.747987985611,0.461275458336,0.462448477745,0.739608049393,0.495231509209,0.298027098179,0.560818135738,0.457920998335,0.298360496759,0.455430895090,0.162268757820,-0.116356067359,-0.106230989099,-0.130786359310,-0.649988770485,-0.805050611496,-0.806487083435,-0.825325489044,-0.805030047894,-0.619658827782,-0.629783928394,-0.523750483990,-0.536612570286,-0.451232701540,-0.187297448516,0.057544186711,-0.156774058938,-0.061618912965,0.340338408947,0.333073884249,-0.016582898796,0.103160537779,0.134865209460,0.190660148859,0.353352814913,0.175122678280,-0.214713364840,-0.009059062228,-0.085174120963,-0.201357319951,-0.329402506351,-0.161741927266,-0.028625980020,-0.085914984345,0.155765667558,0.141911596060,0.085952028632,0.500960826874,0.654454529285,0.412218242884,0.638571321964,0.689735889435,0.657656669617,0.505159020424,0.376693993807,0.224891945720,0.213643237948,0.271245032549,-0.009178423323,-0.117455005646,-0.027897467837,0.120541922748,-0.377764135599,-0.582694053650,-0.541243016720,-0.722136139870,-0.492934823036,-0.289202630520,-0.673650979996,-0.459485054016,-0.257078170776,-0.165763139725,-0.152884542942,-0.056506983936,-0.125044703484,0.217030614614,0.200394198298,0.026658585295,0.074316419661,-0.061437815428,-0.139890685678,-0.435250729322,-0.743645727634,-0.617032885551,-0.202732026577,-0.177085936069,-0.491407841444,-0.314313650131,0.128127500415,0.220874845982,0.138857603073,0.264425009489,0.406908720732,0.343993335962,0.850905716419,0.903033375740,0.592345774174,0.764245748520,0.602544963360,0.313120067120,0.094595380127,0.157790690660,0.348212093115,0.260313272476,0.265017718077,0.254032403231,-0.214840963483,-0.072464272380,-0.385304450989,-0.689748227596,-0.474606782198,-0.509686470032,-0.418795436621,-0.299500584602,-0.387765735388,-0.528734803200,-0.348907709122,-0.019180024043,-0.015566276386,0.172595515847,-0.062137514353,-0.215326622128,-0.004671529401,-0.224591478705,-0.538612902164,-0.399434268475,-0.389387428761,-0.860396921635,-0.813924491405,-0.750745654106,-0.565399110317,-0.630816996098,-0.415486216545,-0.182403668761,0.053481806070,0.356991291046,0.756516098976,0.660171508789,0.464675188065,0.577265202999,0.935038506985,0.573560893536,0.859474956989,0.651993215084,0.423886775970,0.283642083406,0.409291803837,0.321409463882,0.262194216251,0.018994810060,-0.341062813997,-0.533179998398,-0.744073808193,-0.535945832729,-0.386275768280,-0.541074216366,-0.544967830181,0.048188783228,0.253587901592,0.262181848288,0.759043276310,0.696000277996,0.372631669044,0.827552199364,0.908116519451,0.539892971516,0.534719288349,0.638764739037,0.103880822659,0.266297757626,0.343882173300,-0.177991449833,-0.201513722539,-0.307806462049,-0.620675444603,-0.449170619249,-0.250694423914,-0.183206260204,0.103662677109,-0.049180708826,-0.063092403114,0.120208539069,-0.030054191127,-0.109420798719,-0.049263026565,0.108898080885,0.104321211576,0.192429959774,-0.198920711875,-0.149838790298,-0.028889395297,0.153271436691,0.150501444936,0.180065840483,-0.024896988645,0.133062452078,-0.330871850252,-0.291470497847,-0.247479915619,-0.466440856457,-0.252237886190,-0.137367650867,-0.145669400692,-0.381332635880,-0.402607619762,-0.475672811270,-0.444523811340,-0.315914750099,-0.197653025389,0.022579746321,-0.186075046659,-0.350150674582,-0.452154636383,-0.922686755657,-0.723864793777,-0.694390952587,-0.343030184507,-0.359975308180,-0.372779816389,-0.093805126846,0.228872001171,0.409744590521,0.340824067593,0.434332847595,0.282222092152,0.383493453264,0.482912689447,0.478294610977,0.530031323433,0.450755238533,0.209889546037,0.386996090412,0.679219782352,0.688324153423,0.413868695498,0.449668645859,0.496635019779,0.316556811333,0.296866416931,0.208132058382,-0.103852011263,-0.162960231304,-0.130267754197,-0.250896126032,-0.137602269650,-0.154148116708,-0.332563489676,-0.565942406654,-0.452825546265,-0.157473757863,0.047661945224,0.021209154278,-0.136194631457,-0.078642211854,-0.172002837062,-0.291437566280,-0.018122240901,-0.118138246238,-0.283782035112,-0.214157715440,-0.023444078863,-0.158037632704,-0.334320992231,-0.205469101667,0.147179931402,0.072661831975,0.299796938896,0.236379384995,0.070949621499,0.107202336192,0.279555022717,0.307962864637,0.096077106893,-0.140648022294,-0.117953024805,0.012051311322,-0.049118969589,-0.239268735051,-0.159741610289,-0.395524173975,-0.329949915409,-0.172681957483,-0.223644837737,-0.004992568400,0.079621791840,0.052049476653,0.314527690411,0.177304089069,0.428463637829,0.456731528044,0.330200970173,0.530393540859,0.364848494530,0.027127798647,-0.024082044140,0.126830995083,-0.140557467937,-0.218347698450,-0.057906381786,-0.207440599799,-0.188408762217,-0.335740953684,-0.237610027194,-0.419976651669,-0.453084826469,-0.153135612607,-0.058453794569,-0.048826742917,0.193323105574,0.165536776185,0.211033761501,0.326776564121,0.014002240263,-0.045756295323,-0.282419651747,-0.461139619350,-0.175727710128,-0.332752823830,-0.560982763767,-0.309880852699,-0.129032999277,-0.201423183084,-0.020941622555,0.277921020985,0.168006300926,0.179625436664,0.331443995237,0.068550065160,-0.140277594328,-0.196850433946,-0.046188458800,0.108819879591,0.081980191171,-0.100353501737,0.411016404629,-0.198290988803,0.247817426920,0.627878248692,0.356587946415,0.254859715700,0.701256275177,0.323269844055,0.028362562880,-0.020694669336,-0.325039654970,-0.595309257507,-0.646337985992,-0.983564794064,-0.707944571972,-0.395865827799,-0.503068149090,-0.212289124727,-0.019608074799,0.017998764291,0.246549740434,0.440350294113,0.178831070662,0.316260486841,0.180716156960,0.038030777127,-0.073600254953,-0.087022155523,0.149612411857,0.277147233486,0.317643404007,0.082140713930,0.189326584339,0.308452665806,0.047698989511,-0.016722839326,0.129975527525,0.250587433577,0.084293320775,0.090166695416,0.011561521329,-0.418836563826,-0.307946383953,0.171578899026,-0.151250541210,-0.072221435606,0.204543009400,0.117681376636,0.256444305182,0.288338303566,0.220426216722,0.104103080928,0.172504961491,0.193034991622,0.022789653391,-0.198620244861,-0.164610698819,-0.089022479951,-0.108017288148,-0.379435211420,0.017060343176,0.014730752446,0.193096756935,0.323796659708,0.016533510759,0.010330871679,0.005346534308,-0.120969966054,-0.586385965347,-0.617123425007,-0.095430910587,-0.324772119522,-0.319367974997,-0.151057094336,-0.036606680602,-0.089738637209,0.251711040735,0.031395968050,-0.256094455719,-0.185321837664,-0.111565172672,-0.594218552113,-0.432748228312,-0.133527532220,-0.210301145911,-0.543782472610,-0.275389730930,-0.013150252402,0.113812446594,-0.341560840607,0.186984658241,-0.056021306664,-0.109289094806,0.438539326191,0.288074910641,-0.132922500372,0.118134133518,0.040767837316,0.032885920256,0.213709086180,-0.026181144640,0.246656745672,0.727725505829,0.422137498856,0.484460234642,0.748724699020,0.604499995708,0.392223238945,0.290396243334,0.253229826689,0.361794531345,0.305867880583,-0.043772432953,0.274327844381,0.285683572292,-0.056877415627,-0.099094048142,0.130897492170,0.179115071893,0.298405766487,0.343141317368,0.028136188164,-0.335699796677,-0.334926038980,-0.241446033120,-0.111577525735,-0.685105502605,-0.639435648918,-0.284033119678,-0.472355425358,-0.624194562435,-0.262008994818,-0.549766957760,-0.421141445637,-0.069085128605,-0.254867941141,-0.242582023144,0.349516838789,0.013730592094,-0.057375434786,-0.112981043756,-0.318828791380,-0.285502463579,-0.209576740861,-0.539444327354,-0.382888406515,-0.126921534538,0.060639332980,0.125468641520,0.142985850573,0.525228083134,0.572758316994,0.052078291774,0.066936634481,0.175600126386,-0.008927354589,-0.140466928482,-0.085635095835,-0.082531720400,-0.337675422430,-0.342095881701,0.034511692822,-0.408941984177,-0.607730984688,-0.286943018436,-0.364334017038,-0.593226611614,-0.430957853794,-0.240573480725,-0.220636129379,-0.082264192402,0.222603514791,0.035804081708,0.298525124788,0.316416889429,0.124764822423,0.176769018173,0.336358338594,0.612303733826,0.454356640577,0.403233230114,0.164968788624,0.003432648024,-0.084540277719,-0.312782555819,-0.071838654578,-0.413666993380,-0.700791120529,-0.588538587093,-1.014364004135,-0.667477190495,0.241668298841,0.422351509333,0.662649214268,1.151365280151,1.141001582146,0.710636317730,1.290523409843,1.449762821198,0.985248208046,0.844324350357,0.801272213459,0.450993984938,0.314157247543,0.505224823952,0.369445949793,0.059215232730,0.117393270135,0.044225186110,-0.369976907969,-0.414543688297,-0.548384010792,-0.312049925327,-0.116619482636,-0.138285502791,-0.000160519514,-0.112606495619,-0.190133303404,-0.189524158835,-0.138709440827,-0.233605280519,-0.190409079194,-0.137141287327,-0.419104099274,-0.512201309204,-0.422014027834,-0.822279751301,-0.998534262180,-1.254163622856,-1.747419476509,-1.703873515129,-1.298273563385,-1.018088817596,-0.959408640862,-0.663925170898,-0.259119659662,-0.232415780425,-0.272640317678,0.425129741430,0.615625262260,0.511234104633,0.458789467812,0.485929608345,0.760360300541,1.015080094337,0.725630521774,0.706726253033,1.006778359413,0.992879033089,0.897143602371,0.809191167355,0.362127900124,0.237725287676,0.263564795256,0.396013975143,0.442791014910,0.238622546196,-0.044015273452,0.036491435021,-0.174801647663,-0.376043707132,-0.189153715968,-0.081465713680,0.335074186325,0.263251990080,0.721658706665,0.768143475056,0.562929570675,1.084004759789,0.784965157509,0.803782939911,0.866451382637,0.095011085272,0.066887244582,0.203863903880,-0.298920243979,-0.065100952983,-0.051403287798,-0.151271119714,-0.010944138281,0.013644157909,-0.218960955739,-0.159021332860,-0.282283872366,-0.268051117659,-0.422223925591,-0.504471659660,-0.501483559608,-0.464317083359,-0.492992460728,-0.331715613604,-0.325319558382,-0.607607483864,-0.333382576704,-0.261095285416,-0.665756762028,-0.696831643581,-0.472610592842,-0.300562500954,-0.551372170448,-0.147805541754,-0.219117373228,-0.108861044049,0.016710491851,-0.253316253424,-0.229250684381,0.006807673723,-0.064376555383,0.051777832210,0.292338937521,0.171801149845,0.252135008574,0.291923254728,0.172237426043,0.073542632163,0.286428540945,0.006536025554,-0.137100130320,-0.151357561350,-0.608994543552,-0.274463683367,-0.130214244127,-0.128481462598,-0.171899929643,-0.349965453148,-0.115434102714,0.140059441328,0.127110883594,0.504286468029,0.415741413832,0.217149972916,0.504208266735,0.692855715752,0.596692204475,0.402632296085,0.389811336994,0.034861546010,-0.139569655061,-0.071394138038,0.034133035690,-0.293392628431,-0.267466664314,-0.234453141689,-0.355867624283,-0.236548140645,0.044871378690,0.202629134059,-0.051333315670,0.217433974147,0.279040545225,0.450216084719,0.299747556448,0.364111751318,0.384057343006,-0.003222737927,-0.057935196906,-0.091570205986,-0.683878958225,-0.644868612289,-0.642271518707,-0.774424314499,-0.803811788559,-0.639859616756,-0.505323648453,-0.369779348373,-0.506360888481,-0.164602473378,-0.028304940090,0.137614607811,0.248023211956,-0.022250473499,0.096344627440,0.077102869749,0.170624002814,0.163141325116,0.025769555941,0.104127779603,0.043817710131,-0.061742387712,-0.143109321594,-0.187832519412,-0.358328938484,-0.392206788063,-0.398170709610,-0.693390786648,-0.500508069992,-0.077106989920,-0.010273248889,-0.044126402587,0.026963161305,0.044430974871,0.290054649115,0.613168060780,0.700490713120,0.766505420208,0.429056286812,0.575092017651,0.705598473549,0.519634604454,0.199435204268,0.263754129410,0.109087415040,0.028909977525,-0.268380403519,-0.220422104001,0.163960382342,0.223360851407,0.450487703085,0.674754083157,0.629664540291,0.644296467304,0.618296504021,0.732965052128,0.598869502544,0.412642151117,0.476080298424,0.410715937614,0.041858550161,-0.035672374070,-0.017422540113,-0.171998724341,-0.195866733789,-0.156226649880,-0.183247432113,-0.208374902606,-0.351871103048,-0.395112603903,-0.478253483772,-0.353311687708,-0.382789641619,-0.644115447998,-0.579104959965,-0.457953929901,-0.483974546194,-0.771497905254,-0.612645328045,-0.297455012798,-0.171245500445,-0.108951590955,0.019867377356,-0.181004270911,0.060281250626,-0.014092789963,0.013903458603,0.148110121489,0.309028863907,0.028477806598,0.096122369170,-0.087149746716,-0.554747164249,-0.232259377837,-0.393322199583,-0.389593213797,-0.010133308358,-0.089746870100,-0.177662178874,0.252250224352,0.228472769260,0.226851120591,0.392803609371,0.749654948711,0.930342257023,0.679553151131,0.756944179535,0.818258464336,0.472606480122,0.517300903797,0.677227735519,0.240478813648,0.276171773672,0.123678222299,-0.172772496939,-0.220269814134,-0.191750854254,-0.302690416574,-0.023295909166,-0.067949146032,-0.193714126945,-0.077720254660,-0.017587175593,-0.023966796696,0.054457273334,0.315025717020,0.508237719536,0.641403019428,0.537785649300,0.372594594955,0.171772345901,-0.081844367087,-0.117179237306,-0.324385225773,-0.772078335285,-0.820386409760,-0.741110324860,-0.579261422157,-0.600602269173,-0.286617875099,0.041788578033,-0.049102507532,0.292194902897,0.318651795387,-0.177221775055,-0.009668213315,-0.076378479600,-0.142887070775,-0.335325270891,-0.346940279007,-0.291351139545,-0.246216341853,-0.038627579808,0.020262502134,-0.305518031120,0.031165478751,-0.002169071464,0.044142864645,0.100933842361,-0.467420458794,0.002383097308,0.315754234791,-0.222105488181,-0.090779952705,0.207366511226,-0.011639722623,0.279855489731,0.225727468729,-0.297138094902,-0.093582876027,0.219191446900,0.112256646156,0.247932687402,-0.142323181033,-0.305497437716,-0.041961446404,-0.557768225670,-0.636307537556,0.034840963781,-0.123871676624,-0.260663121939,0.058033980429,0.142985850573,0.385555505753,0.553998112679,0.347627639771,0.617716133595,0.547725498676,0.282275617123,0.578014314175,0.285934656858,-0.150958299637,0.218812778592,-0.007754327264,-0.329933464527,-0.172451466322,-0.201266765594,-0.355987012386,-0.112285457551,-0.292268991470,-0.431089550257,-0.119710512459,0.027444720268,-0.151279345155,-0.025098666549,0.250517427921,0.148184195161,0.084774881601,0.058387942612,-0.048530399799,0.266281306744,0.106502637267,0.171294897795,0.325879305601,0.189375981688,-0.021254429594,-0.158749684691,-0.220492064953,0.064006127417,-0.196385338902,-0.269553422928,-0.152440026402,-0.195529222488,-0.391161352396,-0.224418625236,0.010631331243,-0.098032146692,-0.098196782172,-0.135906517506,-0.247973829508,0.076633661985,-0.029202202335,-0.243084162474,-0.035783503205,0.298998445272,0.089030705392,0.173282861710,0.013072051108,-0.264577299356,-0.347915738821,-0.031416550279,-0.136956065893,-0.470198690891,-0.882976710796,-0.919110000134,-0.693217933178,-0.686550199986,-0.933034062386,-0.201534301043,0.096463993192,-0.169265761971,0.098863549531,0.336407721043,-0.181263566017,0.192808628082,0.392638951540,0.488176852465,0.743814468384,0.820275247097,0.601618885994,0.534509360790,0.502397239208,0.561192691326,0.395359545946,0.433748424053,0.333641856909,0.160239636898,-0.053432416171,0.096105918288,0.225735694170,-0.022555049509,-0.238330319524,-0.107412241399,0.222883403301,0.163577616215,0.323788434267,0.562513887882,0.476413667202,0.283596813679,0.583607792854,0.652474761009,0.353324025869,0.439568281174,0.601668298244,0.552508175373,0.221870899200,-0.287753850222,-0.410514235497,-0.340659439564,-0.851160883904,-0.808783769608,-0.793439745903,-0.754536390305,-0.564234316349,-0.619588851929,-0.398895114660,-0.005470010918,0.186778858304,0.161103978753,0.358991622925,0.306509941816,0.161260366440,-0.027963323519,0.218960955739,0.074575722218,-0.450998097658,-0.301245719194,-0.221335828304,-0.335028916597,-0.551343381405,-0.595082879066,-0.553199648857,-0.290902525187,-0.198743730783,0.126682832837,0.297784268856,-0.081535674632,-0.016023140401,0.125876098871,0.029815470800,0.255888670683,0.362477779388,0.230337277055,0.210354655981,0.465877026320,0.229707539082,0.300418436527,0.542942821980,0.561550736427,0.646638453007,0.780137181282,0.126238316298,0.276653319597,-0.052954975516,0.137515828013,0.067994415760,-0.575236082077,-0.583739519119,-0.184556275606,-0.510933637619,-0.448203414679,-0.318334877491,-0.507706761360,-0.330345034599,-0.073785468936,0.118376962841,-0.009240161628,0.179971173406,0.089458756149,-0.026831453666,-0.194496154785,-0.022600324824,-0.213733792305,-0.197327867150,-0.227875962853,-0.046830538660,0.135091573000,0.298965513706,0.581944942474,0.470062881708,0.275653153658,0.092965491116,0.183980062604,0.184976100922,-0.367482662201,-0.109552502632,0.030688038096,-0.295183032751,-0.200715228915,-0.146179765463,0.000596803322,-0.093887455761,-0.092525094748,-0.145146682858,-0.288087248802,-0.183091029525,-0.128856018186,-0.140775606036,0.190540775657,0.149760589004,0.438181221485,0.513703584671,0.408888459206,0.564061462879,0.742571473122,0.663517713547,0.729857563972,0.699420571327,0.327731430531,0.062606729567,0.238095700741,-0.156864598393,-0.492794901133,-0.332201302052,-0.462876558304,-0.640604555607,-0.618415832520,-0.664143264294,-0.152184844017,-0.006350810640,0.247632220387,0.404455661774,0.424154281616,0.137890368700,0.231411516666,0.108309507370,-0.257263392210,-0.074670389295,-0.022209314629,-0.087289683521,-0.329365462065,-0.407200932503,-0.218594640493,-0.232543379068,-0.364667415619,-0.130658760667,-0.090409524739,-0.277608215809,-0.291803896427,-0.401060074568,-0.369273096323,-0.683821380138,-0.540983676910,-0.515016555786,-0.286095172167,-0.064553536475,0.036828938872,0.013154367916,0.250089406967,0.482484579086,0.509102046490,0.216223880649,-0.036874212325,-0.044406279922,0.102020435035,0.033947817981,0.215713515878,0.236284717917,0.057992815971,-0.018430933356,0.090347789228,-0.282440245152,-0.165322750807,0.417605936527,0.250974327326,-0.055420391262,0.109289094806,0.096373446286,0.031218986958,-0.034589897841,-0.035606518388,-0.078090682626,-0.014339743182,0.150719583035,0.284012526274,0.224509179592,0.124777168036,0.443511277437,0.532472014427,0.287383437157,0.289140909910,0.025806596503,-0.185823976994,-0.212252065539,-0.246973663568,-0.194026932120,-0.049756936729,-0.213857263327,-0.485188722610,-0.621819674969,-0.427241176367,-0.198081091046,-0.244071975350,-0.164981126785,-0.391786992550,-0.153333172202,0.058239769191,-0.323557943106,-0.090891093016,0.058128640056,0.104629911482,-0.176254540682,-0.041405800730,0.037746779621,0.052041251212,0.075975120068,-0.033490955830,-0.085124731064,0.093315340579,0.360934287310,0.245076239109,0.193672955036,0.396470874548,0.301698476076,0.155761539936,0.292746424675,0.086606450379,0.311407864094,0.073464430869,-0.154917791486,0.146274432540,-0.065257355571,-0.242339178920,-0.082630500197,-0.518255770206,-0.466016948223,-0.051580268890,-0.273035466671,-0.155909717083,-0.150575533509,-0.125662088394,-0.131560146809,0.046682368964,-0.043809477240,0.038360048085,-0.054905906320,-0.091771885753,0.110779039562,-0.376640528440,0.003181579057,0.336037307978,-0.065199732780,0.015907894820,0.202262803912,-0.067097157240,0.269722163677,0.286963611841,-0.029041685164,0.131333768368,-0.110334530473,-0.274998754263,0.031766399741,-0.105020917952,-0.036223903298,-0.197224959731,-0.415136396885,-0.388329625130,-0.160231411457,0.138347238302,-0.028148535639,0.260086864233,0.352616101503,0.572918832302,0.644576370716,0.590036809444,0.571996867657,0.391914576292,-0.201357319951,-0.166602790356,-0.091454960406,-0.331221699715,-0.287741512060,-0.268005847931,-0.027061942965,-0.024020304903,0.145212531090,0.293520212173,0.128218039870,0.174953922629,0.138627126813,0.109346717596,-0.095072820783,-0.248121991754,-0.219557762146,-0.498408973217,-0.441259920597,-0.350628137589,-0.497421145439,-0.333555430174,-0.338543862104,-0.139372095466,-0.169656783342,0.015730911866,0.424302458763,0.284444689751,0.006523677614,-0.103572122753,0.217759117484,0.005799281877,-0.183255657554,0.069266229868,0.217927888036,0.072192624211,0.318750590086,0.424870431423,0.022550933063,-0.015677405521,0.431447625160,0.121105797589,0.277546465397,0.070237576962,0.015940820798,-0.158951357007,-0.306044846773,-0.282897114754,-0.054774194956,-0.068278416991,0.086445927620,-0.048266980797,-0.205617263913,-0.152246579528,-0.050999928266,-0.090150229633,-0.157379090786,-0.083280816674,-0.007388013881,-0.062582030892,-0.135540202260,0.139001667500,-0.171381339431,-0.146101564169,0.237741738558,0.007540300954,-0.056264147162,0.198620244861,-0.067739233375,0.235268101096,0.490518808365,0.526335239410,0.372479349375,0.293055117130,0.037067659199,0.017714768648,0.105465434492,-0.219664782286,-0.204390719533,-0.060618750751,-0.037866141647,-0.126398816705,-0.011479202658,-0.001263576676,0.172867164016,0.225167721510,0.070743829012,-0.052263509482,-0.155740961432,-0.187984809279,-0.249723076820,-0.617967188358,-0.738081037998,-0.546799421310,-0.774946987629,-0.789476096630,-0.651137113571,-0.391350686550,-0.167664691806,0.197154998779,0.412049472332,0.567683458328,0.906457781792,0.928613662720,0.913372516632,0.660690069199,0.569951295853,0.094562456012,0.139952436090,0.008865616284,-0.342857331038,-0.443984597921,-0.762307226658,-0.732907414436,-0.484777152538,-0.463041156530,0.119068436325,-0.051963049918,-0.278324365616,0.104819238186,0.347677022219,0.332201302052,0.538880467415,0.608735263348,0.183959469199,0.390692144632,0.414082705975,0.110350988805,0.067216515541,0.022172272205,-0.130029037595,-0.224138736725,-0.176378011703,-0.150192752481,-0.473516076803,-0.591464996338,-0.719571948051,-0.674589395523,-0.211782842875,-0.278102129698,-0.361810982227,-0.223871216178,-0.240758702159,0.101732328534,0.098908826709,-0.041208241135,0.122496969998,-0.002518921625,-0.054354373366,-0.013376625255,-0.101794064045,-0.147945493460,-0.205971226096,-0.440963566303,-0.032128598541,-0.186811774969,-0.098735958338,0.074954375625,0.327430993319,0.157551959157,0.078819200397,0.260210365057,0.377891719341,0.379459887743,0.136836707592,0.224077001214,0.131465479732,-0.065845929086,0.151357561350,-0.137170091271,-0.143883109093,0.001601079246,0.137573450804,-0.055869020522,0.042331874371,0.284666925669,0.107844419777,0.008462259546,0.269713938236,0.259782314301,0.153267323971,0.098941758275,-0.018492670730,-0.038763403893,0.268549144268,-0.267532527447,-0.031531792134,0.290869593620,-0.178094342351,-0.270438343287,-0.094031512737,-0.143228679895,-0.256538987160,-0.422705501318,-0.253093987703,-0.588361620903,-0.414144456387,-0.185173675418,-0.235490351915,-0.170031324029,0.086635261774,0.137857452035,0.054527241737,0.094838224351,0.330242156982,0.615514159203,0.417358964682,0.468729317188,0.659249484539,0.661916613579,0.523544669151,0.705499768257,0.248595342040,0.072591863573,0.340219050646,0.007947773673,-0.442021369934,-0.383691012859,-0.661904275417,-0.721634030342,-0.687542080879,-0.516448915005,-0.426788479090,-0.395491272211,-0.263861149549,-0.300624251366,-0.317742198706,-0.127493649721,-0.117899522185,-0.100308224559,-0.231222167611,-0.246792584658,-0.093961536884,-0.192265331745,-0.305719703436,-0.139380320907,-0.009581780061,-0.132473871112,-0.231909528375,-0.343985080719,-0.377550125122,-0.502331376076,-0.167858138680,-0.186560705304,-0.220529109240,0.031284842640,-0.156473591924,-0.046414833516,0.012059543282,-0.091920055449,0.054914135486,0.359234422445,0.341519653797,0.457468241453,0.772308766842,0.650083422661,0.473787724972,0.713999032974,0.594955265522,0.616983473301,0.755334913731,0.587200939655,0.414979964495,0.144850328565,0.019678045064,-0.052222345024,-0.214927390218,0.013570072129,0.103300474584,0.138923466206,0.000613266835,0.093726925552,0.166187077761,0.239198759198,0.308106929064,0.208033278584,0.072316102684,-0.052518691868,-0.136651501060,-0.081638582051,-0.136495083570,-0.200385972857,-0.456233501434,-0.401693910360,-0.365688145161,-0.448898971081,-0.122501082718,-0.238293275237,-0.173044160008,-0.035845238715,0.022871972993,-0.052251160145,0.010334987193,0.081313423812,0.112005576491,-0.275089263916,-0.268668502569,-0.271722495556,-0.566819071770,-0.439527094364,-0.149394273758,-0.269380569458,0.000901378808,-0.076983511448,-0.188363477588,-0.233210146427,-0.203991487622,0.098460197449,0.246459186077,0.115104839206,0.076222069561,0.101345434785,-0.142162665725,0.158543884754,-0.025851873681,-0.116195552051,0.027617586777,0.501335322857,0.306649893522,0.177616894245,0.217746779323,0.230724155903,-0.008898543194,-0.081041775644,0.239507466555,0.220360353589,-0.150880098343,-0.237202554941,-0.132918387651,-0.048567440361,0.364564508200,0.480447262526,0.693654179573,0.868710994720,0.730664253235,0.676820218563,0.495548397303,0.196019008756,0.220800757408,0.384633570910,0.173217028379,-0.077028788626,-0.111519902945,-0.303007334471,-0.508492887020,-0.380896329880,-0.496001183987,-0.805462181568,-0.747868657112,-0.692892789841,-0.731590330601,-0.259481847286,-0.089298240840,-0.022460382432,0.011709691957,-0.145743474364,0.231160447001,0.378574967384,0.262692242861,0.120208539069,0.248797014356,0.059984903783,-0.006651270203,-0.026810875162,-0.458674222231,-0.790418624878,-0.698667347431,-1.203665852547,-0.979975759983,-0.751498818398,-1.023254275322,-0.724399805069,-0.556549966335,-0.495980620384,-0.161778971553,0.240305945277,0.265095919371,0.409732252359,0.636768579483,0.659241259098,0.431093662977,0.655528783798,0.489423990250,0.486341178417,0.440086871386,-0.086137242615,0.017508974299,-0.006564836483,-0.271718382835,-0.274587154388,-0.113359704614,-0.100633382797,-0.026374591514,-0.012722199783,-0.000168751285,-0.074481047690,0.171220809221,0.403315544128,0.184181734920,0.334304511547,0.526137650013,0.430949598551,0.453619927168,0.545972108841,0.273932725191,0.124970614910,0.167594715953,0.038545262069,0.003379141446,-0.140985518694,-0.248615905643,0.020735828206,-0.201303809881,-0.365054309368,-0.142570137978,-0.207094863057,-0.281859904528,-0.068126127124,0.041302904487,-0.107461631298,-0.107618048787,0.148221254349,0.015549813397,-0.197537794709,-0.064779914916,-0.193426012993,-0.051312733442,-0.025798365474,0.096616283059,0.030498705804,-0.209646716714,-0.110758468509,0.271598994732,-0.252501308918,-0.242059305310,-0.258745104074,-0.842105984688,-0.675976455212,-0.868451714516,-0.967302978039,-0.701252102852,-0.502125620842,-0.469177961349,-0.396787762642,-0.565786004066,-0.060289483517,0.290239840746,0.284004300833,0.381785362959,0.706648051739,0.625091791153,0.678236126900,0.731993675232,0.531727015972,0.464996218681,0.280637502670,0.135132744908,-0.029790775850,-0.348928272724,-0.409102469683,-0.182901695371,-0.132889583707,0.163096055388,0.388123840094,0.407583743334,0.324665129185,0.494647026062,0.532657265663,0.456406384706,0.235383346677,0.373763501644,0.494107872248,0.361728668213,0.447227954865,0.318750590086,0.433229804039,0.373109072447,0.336938679218,0.520149052143,0.264955967665,0.105444848537,0.257609128952,-0.193759396672,-0.369375973940,-0.149933457375,-0.463543295860,-0.496165841818,-0.508731603622,-0.689328432083,-0.601474821568,-0.268507987261,-0.135235637426,-0.320170581341,0.099196940660,0.073460318148,-0.379315853119,-0.076617196202,0.258716285229,-0.416502863169,-0.324002474546,-0.187482669950,-0.634702384472,-0.585089504719,-0.353089451790,-0.324426382780,-0.228941991925,0.242960691452,0.360695570707,0.141730487347,0.123283095658,-0.058988861740,-0.187881916761,-0.031153131276,-0.158181682229,-0.097044326365,-0.313572794199,-0.286753684282,-0.304822444916,-0.439601182938,-0.192199483514,0.290301591158,0.279727876186,0.372392922640,0.443976372480,0.318170249462,0.311383157969,0.211914569139,0.030004801229,0.245911777020,-0.036442045122,-0.014701941051,0.304505497217,0.074308186769,-0.017015067860,0.239840835333,-0.080111585557,-0.031416550279,0.285844087601,0.059787340462,0.071838654578,0.205695465207,-0.284214198589,-0.248788788915,0.109346717596,0.006408432964,0.031346581876,0.212997049093,0.113742478192,0.313494622707,0.513077974319,0.301900148392,0.291956186295,0.385259181261,0.076720096171,0.075193107128,0.282604873180,-0.293347358704,-0.299488246441,0.286037534475,0.111396424472,-0.205094546080,0.185716971755,-0.073044605553,-0.271335601807,-0.401825606823,-0.713175892830,-0.832742273808,-0.761282324791,-0.458242028952,-0.349615633488,-0.595576763153,-0.372528731823,0.191182851791,0.388469547033,0.351282536983,0.418968260288,0.461341291666,0.577487468719,0.402924537659,0.374372661114,0.325714677572,-0.101975157857,-0.449327051640,-0.424076110125,-0.543560206890,-0.396540790796,-0.519375264645,-0.672687888145,-0.592592775822,-0.363926529884,-0.194660782814,-0.013022660278,-0.146299138665,0.453788667917,0.577096462250,0.604261279106,0.711908102036,0.562085807323,0.435077846050,0.386037081480,0.092467471957,-0.081062354147,-0.226126715541,-0.286934792995,-0.527113139629,-0.543778359890,-0.615810453892,-0.231123387814,-0.366733551025,-0.427866846323,-0.485571503639,-0.290206938982,-0.005099581555,0.146982371807,0.128991827369,0.360621482134,0.373545378447,0.182687669992,0.354920983315,0.217656224966,0.090220198035,0.520181953907,0.308345615864,-0.015632130206,0.301488578320,0.416132420301,0.223916485906,0.563818573952,0.135091573000,-0.199167668819,-0.194866567850,-0.317968577147,-0.496083498001,-0.645761787891,-0.455307424068,-0.382464468479,-0.241199076176,-0.106868952513,0.123406574130,0.035524204373,0.244323045015,0.064133718610,-0.043200328946,0.076069787145,0.364934921265,0.573898375034,0.611250042915,0.260000467300,0.535834670067,0.628652036190,0.434361696243,0.450977504253,-0.010092149489,-0.071925088763,0.006149131805,-0.573326349258,-0.660513103008,-0.861899197102,-0.711360752583,-0.574935615063,-0.741661906242,-0.720419824123,-0.161713123322,-0.073308028281,-0.152357712388,0.356316268444,0.562489211559,0.690250337124,0.761344075203,0.847942292690,0.550524294376,0.436884731054,-0.023332953453,0.068982228637,-0.033449795097,-0.267450213432,-0.323784321547,-0.248434826732,-0.267355531454,0.008552808315,-0.041533391923,0.164223805070,0.034149497747,0.215734109282,0.635780751705,0.751716971397,0.418404400349,0.509040296078,0.321611136198,0.396433800459,0.345775485039,0.422186911106,0.214799806476,0.240293592215,0.274887591600,-0.218619346619,-0.502306699753,-0.453035444021,-0.708965301514,-0.683368563652,-0.725173652172,-0.550643682480,-0.266775190830,-0.318931698799,-0.573313951492,-0.282975316048,-0.227999448776,-0.116076186299,0.190030410886,-0.064516499639,-0.194216266274,-0.254925578833,-0.363646656275,-0.422796070576,-0.242717847228,-0.472285449505,-0.800848305225,-0.536950111389,-0.711237251759,-0.632936656475,-0.393647342920,-0.131189718843,0.200562953949,0.571350693703,0.717904984951,0.894398212433,0.893579185009,1.023064970970,0.916253626347,0.828581154346,0.660673618317,0.407435566187,0.312663197517,0.141467079520,-0.184338137507,-0.289955854416,-0.338255763054,-0.081210523844,-0.315140962601,-0.492749601603,-0.306304156780,-0.190207391977,-0.063055358827,-0.032050393522,0.377727121115,0.247195929289,0.458349049091,0.529586791992,0.080502592027,0.265474557877,0.180164620280,0.211247801781,0.363469690084,0.047032218426,0.021567236632,-0.085552781820,0.182926401496,0.072073258460,-0.281629443169,-0.206979617476,-0.339996784925,-0.530307054520,-0.417894035578,-0.396145671606,0.001547572785,0.034890357405,-0.221179425716,-0.270298391581,-0.128592595458,0.351821720600,0.595350384712,0.208959370852,0.444124579430,0.199566900730,0.446474730968,0.351377189159,0.114261075854,0.263634771109,0.026288157329,0.082630500197,-0.051790181547,-0.187420934439,-0.326788902283,-0.468140721321,-0.500590384007,-0.548293471336,-0.588452160358,-0.441832035780,-0.207835718989,-0.416552245617,-0.152575850487,0.045801565051,0.097307749093,0.229024291039,0.438074201345,0.154497981071,0.347833454609,0.439560055733,0.468626409769,0.463481575251,0.084643177688,-0.224780812860,-0.152337133884,-0.194977700710,-0.267643660307,-0.392173886299,-0.556969761848,-0.589374125004,-0.658928453922,-0.510620832443,-0.076300270855,-0.109844736755,-0.104057803750,0.180082306266,0.290297478437,0.196982130408,0.424689352512,0.258514612913,0.325043767691,0.376870989799,0.356629073620,0.447170317173,0.374561995268,0.356600284576,0.565407335758,0.523310065269,0.510225713253,0.332464724779,0.181024834514,-0.019241761416,-0.573404490948,-0.598441421986,-0.572391986847,-0.624927163124,-0.670881032944,-0.238227427006,-0.238416761160,-0.077119335532,0.438646346331,0.197521314025,0.338778495789,0.558459699154,0.033519767225,0.395701169968,0.408361643553,-0.217701494694,-0.140779718757,-0.055934876204,-0.475409388542,-0.133021280169,-0.013602999970,-0.337556064129,-0.356176316738,-0.186655372381,-0.410802334547,-0.210844442248,-0.181107163429,-0.117883063853,-0.239256396890,-0.017615986988,-0.406122565269,-0.365186005831,0.193162590265,0.339124232531,0.683516800404,0.829161465168,0.558682024479,0.957367181778,0.882770895958,0.528940558434,0.455970048904,0.202727913857,0.103506274521,-0.017434889451,-0.234794765711,-0.169932544231,0.100147709250,-0.168212100863,-0.177876189351,-0.057819955051,-0.347915738821,0.051477376372,0.024378385395,-0.214594006538,-0.143541485071,-0.088878422976,0.186387851834,0.278056830168,0.186272606254,-0.033095829189,-0.008248233236,0.055490363389,-0.078329406679,-0.136178165674,-0.132119908929,-0.140080019832,-0.144677475095,0.121216922998,-0.097604095936,-0.045933276415,0.062940113246,0.122665710747,-0.108605854213,-0.140289932489,-0.399710029364,-0.460439920425,-0.024855829775,-0.096328176558,-0.308275669813,-0.019151212648,-0.204950481653,-0.259333670139,0.072381950915,0.244043171406,0.132103443146,0.197834134102,0.059388101101,-0.175274953246,-0.131193831563,-0.056095395237,-0.046805843711,0.271541386843,0.058622550219,0.030663343146,0.225562840700,-0.068797014654,0.096595697105,0.182148486376,0.091928288341,0.252633005381,0.106313303113,-0.077716141939,-0.161589637399,0.110762581229,0.082078978419,0.127110883594,0.137314155698,-0.021670132875,0.129514545202,0.241548940539,0.393001168966,0.167561799288,0.018414469436,0.291729807854,-0.034635171294,-0.335518717766,-0.115940369666,-0.116553626955,-0.314626455307,-0.390169411898,-0.333847641945,-0.397816747427,-0.654886722565,-0.260296791792,-0.117101043463,-0.269392907619,-0.273887425661,0.037520404905,-0.160116150975,-0.366601854563,0.043599564582,0.235202237964,0.028835890815,0.319993585348,0.461201369762,0.319405019283,0.379994928837,0.655611097813,0.398808658123,0.325200200081,0.215902864933,0.291445791721,0.179781839252,0.148291215301,-0.239618584514,-0.181983858347,-0.094706512988,-0.474479198456,-0.344108551741,-0.271146267653,-0.466589063406,-0.407501399517,-0.279653787613,0.072427228093,0.294647961855,0.189091980457,0.261955499649,0.398306518793,0.167191356421,0.215594172478,0.506204426289,0.130518823862,0.006840600632,0.378587305546,0.290795505047,-0.168232679367,0.100032463670,-0.070274621248,-0.304258555174,-0.294256955385,-0.500294029713,-0.460431694984,-0.428969889879,-0.928440749645,-0.811738908291,-0.746555685997,-0.676256358624,-0.535324335098,-0.104564055800,-0.169134065509,0.086487092078,0.593662858009,0.303814053535,0.705656111240,1.041343569756,0.662377595901,0.535353183746,0.534237742424,0.216742500663,0.153217926621,-0.015274048783,-0.614472806454,-0.572478413582,-0.425072163343,-0.605133891106,-0.465650647879,-0.154609099030,-0.254225879908,0.074003607035,0.477611392736,0.787698030472,1.108872890472,1.133115410805,0.803708851337,1.116754889488,1.215239644051,0.626100182533,0.684352278709,0.634179651737,0.319405019283,-0.016574669629,0.122953832150,0.237433061004,-0.008042438887,-0.215433657169,-0.524404883385,-0.731339216232,-0.452475667000,-0.485736161470,-0.478010624647,-0.765056550503,-0.772584557533,-0.632018804550,-0.618193566799,-0.355423122644,-0.205329149961,-0.067681610584,0.108148992062,0.133568704128,0.309740900993,0.468865156174,0.469663649797,0.246315136552,-0.022098185495,0.205143928528,0.465070307255,0.344857662916,0.196809262037,0.022814350203,-0.252698868513,0.198706686497,-0.023719845340,0.008754487149,-0.187252178788,-0.326130360365,-0.351648867130,-0.449812740088,-0.533221125603,-0.169817298651,-0.275443226099,-0.421310216188,-0.280818581581,-0.246673211455,-0.126649886370,0.289651274681,0.184399873018,0.149427205324,0.241236120462,0.163396522403,0.197105616331,0.202221661806,-0.230073839426,-0.275681972504,-0.040026981384,-0.198669642210,-0.225850954652,-0.112520061433,-0.038866300136,-0.181041315198,0.003222737927,-0.026284040883,0.042825784534,0.313235312700,0.112754672766,0.232703894377,0.360703796148,0.162021800876,0.323010534048,0.553854048252,0.242524400353,0.284329444170,0.460814476013,0.192183002830,0.366046190262,0.662118256092,0.339914470911,-0.099402733147,0.177826806903,0.082198336720,-0.101942241192,0.140409290791,-0.141775771976,-0.173241719604,-0.101637661457,-0.346364051104,-0.350154787302,-0.091508463025,-0.453051894903,-0.001913886401,-0.237428933382,-0.545881569386,-0.386057645082,-0.321113109589,-0.659430623055,-0.506327927113,-0.095220997930,0.102205656469,-0.020678205416,0.217269316316,0.040068138391,0.094047971070,0.175933495164,0.176764905453,0.238457918167,0.224212840199,-0.249743670225,-0.472655892372,-0.419984877110,-0.651956140995,-1.037310004234,-0.811236798763,-1.070940852165,-1.252295017242,-0.985495150089,-0.818040370941,-0.584702610970,-0.339338243008,-0.218862175941,-0.064430065453,0.486674576998,0.681512355804,0.935520052910,1.009704709053,1.043212175369,0.731577932835,0.862310826778,0.705886662006,0.858771145344,0.278810054064,0.167158424854,0.124472595751,0.121480345726,-0.058429099619,-0.142265558243,-0.513662457466,-0.542934596539,-0.736479938030,-0.711315453053,-0.539255023003,-0.469482541084,-0.321067839861,-0.007906614803,0.093002535403,0.312922477722,0.708347916603,0.839533507824,0.841286838055,0.688282966614,0.539370238781,0.574305891991,0.347347766161,0.260584890842,0.095871299505,-0.098978802562,-0.266696989536,-0.372495800257,-0.854556500912,-0.976608932018,-0.920064926147,-0.849193453789,-0.888574302197,-0.515695691109,-0.136873751879,-0.171089097857,-0.048690918833,0.240783378482,0.223788887262,0.378118127584,0.456673860550,0.369252502918,0.664077460766,0.526038885117,0.202954277396,0.224377468228,0.251196563244,0.556957423687,0.515123605728,0.035791736096,-0.253336846828,-0.558846592903,-0.739550471306,-0.686364948750,-0.870209217072,-0.705367982388,-0.563007771969,-0.423026531935,-0.236729234457,-0.162688583136,-0.060976836830,0.370433747768,0.252311974764,0.333596587181,0.848304450512,0.793279170990,0.577487468719,0.534460008144,0.344301998615,0.173599794507,-0.049053117633,0.021559005603,-0.333456635475,-0.487707674503,-0.515642166138,-0.508587539196,-0.260370880365,-0.115088373423,-0.109387874603,-0.062713734806,-0.108140766621,0.042866941541,0.220846027136,0.254604518414,0.200180187821,0.167891070247,0.367560893297,0.556117773056,0.560357153416,0.665061175823,0.806762814522,0.736224770546,0.498215526342,0.554586708546,0.242034614086,0.103411607444,-0.093134246767,-0.106214523315,-0.363716632128,-0.192298263311,-0.361345857382,-0.489456892014,-0.188013628125,-0.352348566055,-0.350541681051,-0.146875351667,-0.262408256531,-0.240384131670,-0.007988932543,0.105757661164,0.034083642066,0.138878196478,0.124727778137,0.187289223075,-0.156901642680,-0.168743044138,-0.173299342394,-0.192730426788,-0.232934400439,-0.410090297461,-0.401829719543,-0.393375724554,-0.397956699133,-0.264083415270,-0.376595228910,-0.039401367307,-0.038648158312,-0.287704467773,-0.100098319352,-0.125855520368,-0.267145633698,0.044056430459,0.124822445214,0.177530452609,0.484369665384,0.156790509820,0.087232068181,0.109523698688,0.106523223221,0.038722243160,-0.130395352840,-0.055235173553,0.127254933119,0.351138502359,0.178621172905,0.124365583062,-0.048485122621,0.089368201792,0.214330598712,0.204584181309,0.100695125759,-0.115129530430,-0.182424247265,-0.020554728806,-0.103234626353,-0.111338801682,-0.071340627968,-0.270401299000,-0.282781869173,-0.284296512604,-0.387000203133,-0.531418383121,-0.149320185184,0.025271534920,0.020698785782,0.207539379597,0.331085890532,0.216240361333,0.264083415270,0.169829651713,0.232769742608,-0.086610570550,-0.011746735312,-0.140812650323,-0.586229622364,-0.224101707339,-0.365873366594,-0.665135204792,-0.333403140306,-0.414366722107,-0.427014827728,-0.219467222691,-0.098801814020,-0.152884542942,-0.344092100859,-0.202727913857,0.151118829846,0.149670034647,0.157815381885,0.189972788095,0.052909702063,0.046167884022,-0.076370246708,-0.212906494737,-0.351266086102,-0.397800266743,-0.283057630062,-0.222681716084,-0.437753170729,-0.448524445295,-0.378406196833,-0.202694982290,-0.118776202202,-0.147196397185,0.218100741506,0.426327466965,0.647667407990,0.876345992088,0.996710956097,0.894274771214,0.860421657562,0.963063538074,0.558019340038,0.371170520782,0.041689798236,-0.181979745626,-0.516716420650,-0.658702135086,-0.384917557240,-0.522383987904,-0.581430494785,-0.414934724569,-0.450232535601,-0.435131341219,-0.439020842314,-0.076119177043,-0.037639766932,-0.105918176472,-0.171792909503,-0.065356135368,0.019040083513,0.102308556437,0.050123248249,0.092311069369,0.175394311547,0.243923798203,0.270952820778,0.182909920812,-0.000432167930,-0.096859119833,0.056671615690,-0.136898443103,-0.107058279216,-0.206703871489,-0.260613709688,-0.011536825448,-0.076773598790,-0.128316819668,-0.004181738943,0.084610246122,0.145237237215,-0.150427356362,-0.028716526926,0.048275217414,-0.029901904985,0.144772127271,0.114499807358,-0.090372487903,0.039887040854,0.006988772191,0.053481806070,0.001934465836,0.014397365041,0.092175237834,0.216532602906,-0.026135867462,-0.005223058164,-0.256230294704,-0.366466045380,-0.151168227196,-0.460192978382,-0.521585524082,-0.221875011921,-0.461061418056,-0.488213926554,-0.252834707499,-0.105864673853,0.249488487840,0.598659574986,0.600009560585,0.691431641579,0.742382168770,0.773753404617,0.678857564926,0.733627676964,0.606607317924,0.355851173401,0.225044235587,-0.250476300716,-0.609994709492,-0.898398935795,-1.116322636604,-1.281159758568,-0.990841686726,-0.634500682354,-0.268652021885,-0.077246926725,-0.033894311637,0.331061214209,0.611311852932,0.653466701508,0.800000488758,0.970957815647,0.864553928375,0.717386364937,0.833001613617,0.804935395718,0.525923669338,0.457497090101,0.141989797354,0.108511194587,-0.079280175269,-0.076921768486,-0.378751963377,-0.719748914242,-0.710780441761,-0.571231305599,-0.223904147744,-0.073205128312,-0.127329006791,0.008688632399,0.036055151373,0.157568424940,0.152847498655,0.288684040308,0.125682651997,-0.104679301381,-0.311420202255,-0.724420428276,-0.924621224403,-0.871341109276,-0.549878120422,-0.884647727013,-0.750276446342,-0.395515948534,-0.309963166714,-0.127090290189,-0.051123406738,0.147513315082,0.606714367867,0.336374819279,0.502516627312,0.727313876152,0.285584807396,0.338461577892,0.213178128004,0.287597447634,0.024156128988,0.059828504920,-0.078012481332,-0.202793762088,-0.279690861702,-0.128086343408,-0.151369899511,0.330279171467,0.180251061916,0.154888972640,-0.025329155847,-0.044319845736,0.125686779618,0.515740990639,0.007396245375,-0.002749411156,-0.216018095613,-0.402891635895,-0.289918810129,-0.126584038138,-0.217808514833,-0.117319181561,-0.112548865378,-0.174764588475,0.375582724810,0.432653605938,0.418700754642,0.637196600437,0.637328267097,0.378146946430,0.233164876699,0.093875102699,0.082819841802,0.021266777068,-0.208095014095,-0.189174309373,-0.490823388100,-0.674968063831,-0.641098439693,-0.716546773911,-0.986799895763,-0.733965158463,-0.491490185261,-0.608488321304,-0.580718457699,-0.516934573650,-0.284156560898,-0.100612811744,0.165524423122,0.026991974562,-0.038738708943,-0.347236633301,-0.255020231009,-0.069150984287,-0.192071884871,-0.679639637470,-0.410999894142,-0.071892164648,-0.367927163839,-0.158799067140,-0.202814340591,-0.169389247894,0.443626552820,0.543831884861,0.420989185572,0.784014284611,1.017347931862,0.910655975342,0.538090229034,0.434320509434,0.150242149830,0.193886980414,0.061256714165,-0.100295886397,-0.065265588462,-0.095657281578,-0.178308367729,-0.345763146877,-0.232687443495,0.114800266922,0.058540228754,-0.082988590002,-0.147558584809,-0.025041045621,0.093574643135,0.491358429193,0.602170407772,0.519181847572,0.139565542340,-0.011343379505,0.103238739073,0.229098394513,0.276665657759,0.319528490305,0.106848374009,0.072563052177,-0.195286378264,-0.383123040199,-0.452804982662,-0.565753102303,-0.445598036051,-0.138470709324,0.201748326421,0.349652647972,0.106910109520,0.147278711200,-0.022678524256,-0.230654194951,0.042624104768,-0.095397979021,-0.182975783944,-0.433653771877,-0.833318531513,-0.538649976254,-0.258625745773,-0.467840284109,-0.314371287823,0.127711787820,-0.153744757175,0.068068504333,0.206588611007,-0.034840963781,-0.072328448296,0.363115698099,0.645325481892,0.583237349987,0.434213489294,0.630508303642,0.275554388762,0.211198404431,0.332180738449,0.124633111060,-0.015541581437,-0.048464544117,-0.163417086005,-0.110951907933,-0.260823637247,-0.179683059454,0.273031353951,-0.068463630974,-0.209366828203,0.063001848757,-0.195352256298,-0.146657213569,0.107943199575,0.163322433829,0.049464702606,0.066125810146,0.023769237101,0.178156077862,0.134313672781,0.148287102580,-0.273833930492,-0.161046341062,-0.051707860082,-0.331847339869,-0.165417417884,-0.213651478291,-0.220500290394,-0.077164612710,-0.139886572957,-0.258979707956,-0.023859784007,-0.104564055800,0.044546220452,0.190306186676,0.197270244360,0.412884980440,0.765990853310,0.624132812023,0.373273730278,0.575565338135,0.338778495789,0.098098002374,0.301348626614,0.180633842945,-0.224134624004,-0.092245213687,-0.400533199310,-0.594177365303,-0.666547000408,-0.781976997852,-0.527557671070,-0.848707854748,-0.816887915134,-0.784442424774,-0.850354135036,-0.758751034737,-0.462180972099,-0.314375400543,-0.168380841613,0.220504418015,0.280456393957,0.203312352300,0.785928189754,0.723617792130,0.646576702595,0.465169101954,0.616596639156,0.420791625977,0.305052906275,-0.279682606459,-0.131020963192,-0.257650285959,-0.163470596075,-0.207588762045,-0.164923503995,0.109363183379,0.356575548649,0.571062564850,0.657673180103,0.464082509279,0.671922326088,0.533282876015,0.359530776739,0.484731882811,0.202587977052,0.170842140913,0.151723861694,0.025423821062,0.043760087341,0.170228883624,-0.069356776774,-0.049654033035,-0.137054860592,0.116487778723,0.143208101392,0.083062671125,0.041344065219,-0.287465751171,-0.550042748451,-0.373784095049,-0.533805549145,-0.660809457302,-0.580623805523,-0.402039617300,-0.725177764893,-0.538357734680,-0.200126677752,-0.272014737129,0.030235290527,-0.160671800375,-0.136923134327,-0.125814378262,-0.092767931521,-0.335222363472,-0.235654979944,-0.268388628960,-0.587764799595,-0.590711832047,-0.685187816620,-0.749848425388,-0.405887991190,-0.372504025698,-0.400759607553,-0.369824588299,-0.383057177067,-0.093751624227,0.240853369236,0.157580763102,0.312004655600,0.288083136082,0.353970199823,0.485666185617,0.542304873466,0.357431679964,0.473894745111,0.601857602596,0.417507141829,0.173480436206,0.387704014778,0.094904080033,0.044525645673,0.223352596164,0.387366503477,0.156765818596,0.194615498185,0.229263022542,0.405962079763,0.528800666332,0.596354663372,0.307901114225,0.324969679117,0.461024373770,0.292454212904,-0.053683489561,-0.178719952703,-0.140503957868,-0.058420870453,-0.286498516798,-0.443235546350,-0.684088885784,-0.622334122658,-0.354406505823,-0.307349592447,-0.261869072914,-0.117524974048,0.291968524456,0.310222476721,0.440337955952,0.664291501045,0.751729309559,0.470285117626,0.531821727753,0.441119939089,0.279859602451,0.086203090847,-0.068385429680,-0.343845158815,-0.402521193027,-0.414444923401,-0.424841642380,-0.433806031942,-0.549787521362,-0.495770692825,-0.413794577122,-0.606339812279,-0.118249371648,0.128539085388,-0.020542381331,-0.057441290468,-0.144916191697,-0.132247492671,0.385604918003,0.337893575430,0.204575940967,0.148443505168,0.171418368816,0.409514069557,0.202542692423,-0.136190518737,0.065623670816,-0.035194929689,-0.213820219040,-0.349043518305,-0.240696936846,-0.395236074924,-0.286840140820,-0.228818506002,0.188178256154,0.167388930917,0.349134057760,0.203077763319,0.114405140281,0.144920304418,0.453512907028,0.318668276072,0.001757482882,-0.033071134239,-0.180399239063,-0.020032012835,0.177592217922,-0.069867148995,-0.165693178773,0.063248805702,-0.118553943932,-0.472943991423,-0.234601318836,-0.193072050810,-0.398150116205,-0.163894549012,-0.137824520469,-0.339099526405,-0.205242708325,-0.344203233719,-0.471495181322,-0.111503444612,0.036985341460,0.084499113262,0.288675814867,0.527524709702,0.638867676258,0.347269564867,0.331345200539,0.347220152617,0.363572597504,0.256678938866,0.420795738697,0.208333745599,-0.148023679852,-0.026551572606,0.246726706624,-0.013211990707,0.126826867461,0.279283374548,-0.046686481684,-0.218392968178,-0.401965558529,-0.429422616959,-0.639439761639,-0.456961989403,-0.280859738588,-0.155975580215,-0.119270108640,0.048859670758,-0.030688038096,-0.075761094689,0.012018383481,0.061968762428,-0.055774353445,0.120130337775,-0.112281344831,-0.256316751242,0.048588022590,0.008824457414,0.108540005982,-0.038088396192,-0.045089520514,0.188618659973,0.199410498142,0.253262728453,0.248002648354,0.335362285376,0.152497649193,0.012820981443,-0.238198608160,-0.194430276752,-0.184556275606,-0.144438743591,-0.035573594272,-0.325303077698,-0.269903272390,-0.463423937559,-0.384736448526,-0.073238059878,-0.228505700827,-0.013817026280,0.139458522201,0.004996684380,0.040928360075,0.236585184932,0.070171721280,0.021534310654,0.264470279217,0.263593614101,0.357933819294,0.104403540492,-0.167179003358,0.009462418966,0.110655568540,-0.147365137935,0.139051064849,0.093706354499,-0.091907709837,0.172435000539,0.041739188135,0.049061350524,0.007622618694,-0.013537145220,0.118829704821,0.045822147280,0.099423319101,-0.018019344658,-0.029362723231,-0.050938189030,0.087129168212,0.032700706273,-0.096875585616,-0.075098432600,-0.089384667575,0.000041158848,-0.048250518739,-0.625844955444,-0.492881357670,-0.465432494879,-0.340313702822,-0.249245643616,-0.212165638804,0.168207988143,0.346248835325,0.478208184242,0.633883297443,0.616382539272,0.405134797096,0.568132042885,0.462971210480,0.216223880649,0.176929533482,0.445034176111,0.070254035294,-0.151974931359,-0.306950330734,-0.337905913591,-0.155292332172,-0.232378751040,0.000856104016,-0.301682025194,-0.464724540710,-0.373981654644,-0.436678916216,-0.305349260569,-0.402410060167,-0.065516658127,-0.021674251184,-0.194372668862,-0.017484279349,0.220524996519,0.430891990662,0.448438018560,0.251476466656,0.233527079225,0.099678501487,0.109408460557,0.146455541253,-0.020793450996,-0.186865299940,-0.342787355185,-0.288531750441,-0.461707621813,-0.291602224112,-0.550170302391,-0.085239976645,0.178744658828,0.440589010715,0.662492811680,0.737068533897,0.701585471630,0.768085837364,0.637344777584,0.417251944542,0.643926084042,0.550001621246,0.438543438911,0.224011152983,0.189590007067,-0.126546993852,0.095928929746,-0.108231306076,-0.360930174589,-0.747757494450,-0.612262547016,-0.671634256840,-0.888146281242,-0.706532776356,-0.389362692833,-0.314165502787,-0.095965974033,-0.051213953644,-0.122949719429,0.222056090832,0.328579306602,0.559492826462,0.677614629269,0.582731127739,0.598787188530,0.323121666908,0.012178903446,-0.094583041966,-0.290445655584,-0.186655372381,-0.336741119623,-0.665802001953,-0.717707455158,-0.799732923508,-0.332448244095,-0.347380697727,-0.374393224716,-0.046176113188,0.196455299854,0.118669189513,0.297232747078,0.518572688103,0.204201385379,0.266240119934,0.359366118908,0.273311227560,0.208276122808,0.121694363654,-0.072538360953,-0.247747465968,-0.283913731575,-0.190318524837,-0.314634710550,-0.321438252926,-0.418548434973,-0.150554955006,-0.214548736811,-0.458229690790,-0.393375724554,-0.238095700741,-0.489201754332,-0.269322931767,-0.145200178027,-0.665748536587,-0.218668743968,-0.034663982689,0.241989329457,0.462823033333,0.530574619770,0.347425937653,0.768303990364,0.692304193974,0.247702181339,0.485703259706,0.321467071772,0.125983119011,-0.086129009724,-0.561048626900,-0.592852056026,-0.365852802992,-0.508974432945,-0.237680003047,-0.361131846905,-0.288807541132,-0.387535244226,-0.337630152702,0.059445727617,-0.125550955534,-0.083725333214,0.392400234938,0.110091693699,0.335740953684,0.448507994413,0.433666110039,0.544194042683,0.400096952915,0.378640830517,0.314017325640,-0.047929480672,-0.138672396541,-0.141269519925,-0.456813842058,-0.484468460083,-0.431213021278,-0.618028938770,-0.830425024033,-0.699959754944,-0.712550163269,-0.498318403959,-0.396174520254,-0.365865141153,-0.072414882481,-0.073345065117,-0.064532957971,0.199641004205,0.094447210431,0.120105639100,0.425076276064,0.602293908596,0.256654232740,-0.043616034091,0.058704867959,0.185424745083,0.000967232918,0.083540111780,0.247414067388,0.395075589418,0.227970629930,0.028909977525,0.130284219980,0.180358082056,0.389276266098,0.478290498257,0.254143536091,0.399380773306,0.455887764692,0.416531682014,0.330357372761,0.170031324029,0.111112430692,0.229761049151,0.000621498621,-0.002778222319,0.129703879356,-0.270808756351,-0.583599567413,-0.258288234472,-0.222056090832,-0.510649621487,-0.515959084034,-0.449849754572,-0.606455087662,-0.417424827814,-0.387662827969,-0.522305786610,-0.237684115767,-0.077119335532,-0.406233727932,-0.290774911642,-0.335868567228,-0.414626032114,-0.145710557699,-0.322825312614,-0.398434102535,-0.216643720865,-0.160013258457,-0.111746273935,0.426315128803,0.193541243672,0.125571534038,0.464016616344,0.305505663157,0.188421100378,-0.039710059762,-0.380258381367,-0.182864651084,-0.106741353869,0.018134590238,0.061548944563,-0.077851966023,0.012615187094,0.037882603705,0.034211233258,0.104131892323,0.104238897562,0.088310427964,0.129045337439,0.044155213982,0.317264735699,0.469667762518,0.471993207932,0.634941101074,0.519700467587,0.435086071491,0.563518166542,0.624499082565,0.706269383430,0.445593923330,0.175196751952,0.050357852131,0.172727227211,-0.379661560059,-0.386872589588,-0.452249318361,-0.476364284754,-0.283263415098,-0.007791369688,-0.159272402525,-0.341392070055,-0.302752137184,-0.049431774765,-0.187034040689,-0.022052912042,0.178024366498,0.074728004634,-0.055502709001,0.021155647933,0.188964396715,0.121883697808,0.139437943697,0.114726178348,-0.340585350990,-0.427735090256,-0.427558094263,-0.250620335340,-0.318993419409,-0.596663415432,-0.214655742049,-0.222163125873,-0.640826821327,-0.016278324649,0.280151814222,0.054276172072,0.369338899851,0.711772322655,0.521774828434,0.483176052570,0.698074638844,0.649091482162,0.437222212553,0.243100628257,0.100007764995,0.118134133518,-0.386164665222,-0.513374328613,-0.582973897457,-0.792036175728,-0.512472927570,-0.635628461838,-0.449652194977,-0.322545439005,-0.604697585106,-0.068920493126,0.150855407119,0.068776436150,0.337354391813,0.329838782549,0.146188005805,0.421133220196,0.121282778680,-0.098011568189,0.116578325629,0.002572427969,-0.043949421495,-0.086639374495,-0.188573390245,0.076431982219,0.293948262930,0.127995789051,0.064668782055,0.078119494021,0.028403721750,0.267590135336,0.072468385100,0.061495434493,-0.344343185425,-0.462670743465,-0.177205309272,-0.314803451300,-0.470071107149,-0.323475629091,-0.528030991554,-0.241771191359,0.087145633996,-0.154403313994,0.086375959218,0.128271549940,0.173179969192,0.469585418701,0.348920047283,0.422001689672,0.441387504339,0.346014201641,0.199764460325,0.157942965627,0.219697698951,0.061627145857,-0.010734228417,0.144648656249,0.379904389381,0.492350369692,0.601655960083,0.513012170792,0.437222212553,0.164190873504,0.139693140984,-0.055008802563,0.047587860376,-0.036528479308,-0.408069401979,-0.322491914034,-0.623918771744,-0.642744839191,-0.231255114079,-0.780849218369,-0.941051840782,-0.675873577595,-1.015611052513,-0.994455397129,-0.982465863228,-1.120393276215,-0.589188933372,-0.228036478162,-0.179493740201,-0.310753434896,-0.247010707855,0.065487846732,0.173587441444,-0.090635895729,0.232872635126,0.289540141821,0.072435453534,0.142022728920,0.080407924950,0.006988772191,-0.115063674748,-0.329369574785,-0.281213730574,-0.376932740211,-0.171196117997,0.021279124543,0.081778518856,-0.094060324132,0.207444712520,0.515596866608,0.385082185268,0.675671875477,0.770711839199,0.328192442656,0.286045759916,0.250237584114,0.271236807108,0.225908577442,0.040891315788,0.108350671828,0.021987058222,-0.059400450438,-0.111338801682,-0.024152012542,0.127966970205,-0.245055675507,-0.066656760871,0.146657213569,0.177435785532,0.140623331070,0.271751284599,0.038886882365,0.138417199254,0.285728842020,0.472528249025,0.366704761982,0.411971271038,0.379587471485,0.347162544727,0.104675188661,0.043653078377,-0.084437377751,-0.540078163147,-0.665040552616,-0.544572710991,-0.314474165440,-0.547182202339,-0.451866537333,-0.348450809717,-0.338663250208,-0.215215504169,-0.144183561206,-0.154185160995,-0.216285645962,0.098773010075,0.089681014419,0.083939358592,0.287436932325,0.365083128214,0.115236543119,-0.086198978126,0.079016759992,-0.175674200058,0.047349140048,0.046291355044,-0.294985473156,-0.198603793979,0.074357576668,-0.219829410315,-0.046143189073,0.156844034791,0.126390591264,0.151287585497,0.349175214767,0.439234912395,0.535756528378,0.445598036051,0.311296731234,0.525927782059,0.584550321102,0.214606359601,-0.059071179479,-0.030148856342,-0.341268599033,-0.248286649585,-0.462250888348,-0.567432343960,-0.622539937496,-0.643477439880,-0.650918960571,-0.422557324171,-0.435843408108,0.025506138802,0.155510485172,0.134955748916,0.262511134148,0.103926099837,0.071739874780,0.283185243607,0.134535938501,0.272751450539,0.204036757350,-0.089755102992,0.085886172950,-0.000386893196,-0.083383716643,0.394861519337,0.180971339345,0.110569134355,0.450479477644,0.229567587376,0.399388998747,0.273710459471,0.067002490163,0.000325154891,-0.198871314526,0.064232498407,0.038808677346,-0.370931774378,-0.134926930070,-0.151649773121,-0.213351011276,-0.077786110342,0.025506138802,0.137285336852,0.099316306412,-0.170537576079,-0.011787894182,0.166421696544,0.282353818417,0.278637200594,0.259876966476,0.102609016001,0.049472939223,-0.018212791532,0.128930091858,0.113981202245,0.307946383953,0.105127938092,0.229415312409,0.261301070452,0.415556192398,-0.024604760110,-0.059445727617,-0.115450575948,-0.289556622505,-0.356287479401,-0.372265338898,-0.444206863642,-0.181238889694,0.085919097066,-0.328081279993,-0.218549370766,-0.025720166042,-0.156436547637,-0.085235856473,-0.384547114372,-0.651215314865,-0.293536663055,-0.037269338965,-0.184412211180,-0.106584951282,-0.308958917856,-0.189709380269,-0.259066134691,-0.010586055927,0.155140042305,0.159556388855,0.182675316930,0.123344846070,0.032289117575,0.183218613267,0.116471312940,-0.028173230588,-0.105942875147,-0.121706716716,-0.136849045753,-0.193129658699,-0.085713304579,-0.079737037420,0.002020899439,0.134733498096,0.209609672427,0.223286747932,0.276739746332,0.305361628532,0.052374638617,0.055646762252,-0.194187447429,-0.162960231304,-0.042574711144,-0.118640385568,-0.458233803511,-0.343902766705,-0.384814679623,-0.453430593014,-0.161532014608,-0.387370616198,-0.373915791512,0.092846132815,-0.159231230617,0.275735467672,0.055033497512,0.160894051194,0.530364692211,0.622511148453,0.473660171032,0.544218778610,0.450524777174,0.388947010040,0.505459487438,0.459736108780,0.199282929301,0.290227502584,-0.171759992838,-0.307637691498,-0.461633533239,-0.482953816652,-0.589686989784,-0.743439972401,-0.539349675179,-0.603606879711,-0.237474218011,0.190186813474,0.084083415568,-0.042920447886,0.347796380520,0.240882158279,0.432233750820,0.564477145672,0.155815050006,0.419153481722,0.465798825026,0.448199272156,0.421417236328,0.118117667735,0.103144071996,0.270216077566,0.137351199985,0.020558845252,-0.175188511610,-0.205419704318,-0.357830911875,-0.421174377203,-0.438843905926,-0.379743903875,-0.452187567949,-0.574754536152,-0.394873887300,-0.312169283628,-0.264857202768,0.304143309593,-0.037606839091,-0.054765962064,0.619868695736,0.445573359728,0.292310148478,0.382312208414,0.041426382959,0.245257347822,0.072229668498,-0.091907709837,-0.060334756970,-0.052547499537,0.084046371281,0.077950745821,0.228769108653,0.483056724072,0.588579773903,0.214046597481,0.216668412089,0.268026441336,0.505558252335,0.231584385037,0.145796984434,0.098464310169,0.154448583722,-0.026057668030,0.008108293638,-0.142257332802,-0.367091655731,-0.015722678974,-0.129938483238,-0.080160975456,-0.127777636051,-0.084112219512,-0.078601054847,-0.144117712975,-0.398265391588,-0.626347124577,-0.206572145224,-0.262951552868,-0.556537628174,-0.110363341868,-0.015261700377,-0.162244066596,0.149789407849,-0.199542224407,-0.328003108501,-0.201460212469,-0.375796735287,-0.595494449139,-0.463889032602,-0.394046574831,-0.144200026989,-0.153419613838,-0.007412708364,0.351488322020,0.469671875238,0.842669785023,0.837105154991,0.905214846134,1.026584029198,0.963343441486,0.915492177010,0.411061644554,0.110770806670,-0.273163050413,-0.342762678862,-0.286683738232,-0.411983609200,-0.414481937885,-0.071883931756,-0.192285910249,0.199245870113,0.159486427903,0.221973791718,0.658084750175,0.476076185703,0.303958088160,0.608916342258,0.620469629765,0.308851897717,0.467650979757,0.328702807426,0.224682033062,0.163515865803,0.481360971928,0.397421598434,0.248899906874,0.609673678875,0.535118520260,0.288893967867,0.047419112176,-0.067447006702,-0.332579970360,-0.754993200302,-0.846806228161,-0.820435822010,-1.374207496643,-1.151715159416,-0.945608079433,-1.018977880478,-0.458237916231,-0.403932929039,-0.591370344162,-0.005823977292,0.257510334253,0.059783227742,0.296294331551,0.420404732227,0.195479825139,0.301270425320,0.063458710909,-0.026139985770,-0.156831681728,0.129053577781,0.247693955898,0.058988861740,-0.049238331616,-0.138919338584,-0.022431572899,-0.070686206222,-0.202863723040,0.189182534814,0.169072315097,-0.170825690031,0.341420888901,0.320911437273,0.380394190550,0.629252910614,0.419536262751,0.197294950485,0.537958502769,0.027872772887,-0.027732834220,0.245973512530,0.257135778666,0.045974433422,-0.014829534106,-0.025271534920,-0.004523357376,-0.238182142377,-0.461390703917,-0.203139498830,-0.048913177103,0.065339677036,0.503516793251,0.322965264320,0.207144245505,0.240351200104,0.534772813320,0.547659635544,0.432521879673,0.586126685143,0.408900797367,0.270747005939,0.059984903783,0.335806816816,0.022851392627,-0.280888557434,-0.406896382570,-0.335712134838,-0.732763290405,-0.676297485828,-0.489432215691,-0.655133605003,-0.693337261677,-0.353447496891,-0.069550223649,-0.567280054092,-0.123048499227,0.123735845089,0.075361855328,0.195451036096,0.998266696930,0.672617912292,0.592889130116,0.765916764736,0.814196109772,0.546445488930,0.167677029967,-0.184111759067,-0.350829809904,-0.311045676470,-0.626585841179,-0.553240776062,-0.363288581371,-0.051876615733,0.023526398465,0.266627043486,0.358826965094,0.318417191505,0.360094666481,0.377471923828,0.614320516586,0.359909445047,0.279950141907,0.380476504564,-0.237177878618,-0.367511481047,-0.191359847784,-0.337292641401,-0.838809132576,-0.418071001768,-0.309650391340,-0.526656270027,-0.605726540089,-0.468124270439,-0.386872589588,-0.729273080826,-0.651252329350,0.132037580013,0.020460063592,-0.442605793476,-0.196088999510,-0.069825984538,-0.314153134823,0.275961846113,0.632282257080,0.043986465782,0.093233026564,0.327463924885,-0.034524042159,-0.330324441195,-0.047522004694,0.088870190084,-0.329530090094,-0.086203090847,0.016706377268,0.025185100734,0.309893220663,0.363720744848,0.594206213951,0.457097828388,0.654055237770,0.680668592453,0.433620810509,0.270870506763,0.163301855326,0.311173230410,0.321170747280,0.288721084595,0.247928544879,0.056091278791,-0.134671747684,0.144405826926,0.298232913017,0.180172860622,0.134169623256,0.353480398655,0.407859504223,0.424211919308,-0.041940867901,-0.486497610807,-0.182769984007,-0.053411837667,-0.235103458166,-0.387666940689,-0.064302474260,-0.122904442251,-0.036619029939,0.055988386273,-0.062137514353,0.000069970039,0.180893152952,0.175402566791,0.544070601463,0.543975949287,0.187202781439,0.071896277368,-0.346018314362,-0.370944142342,-0.208362564445,-0.350200086832,-0.520470082760,-0.096924975514,-0.079946950078,-0.040479727089,-0.124505519867,0.093113668263,0.145027324557,0.127575963736,0.355023890734,0.507052361965,0.239458084106,0.138948157430,0.084145151079,-0.067414075136,-0.027136029676,0.308806627989,0.492976009846,0.005655225832,-0.378344506025,-0.442947417498,-0.557336091995,-0.611101865768,-0.708014547825,-0.926349878311,-0.506360888481,-0.455064564943,-0.529553830624,-0.079823471606,0.209412112832,0.125773206353,0.101094365120,0.452323406935,0.461522400379,0.494453579187,0.497441709042,0.274566560984,0.102345593274,-0.082494676113,0.039619509131,-0.113606654108,-0.247854471207,-0.333765327930,-0.364996671677,-0.406394243240,0.059289321303,0.283551543951,0.224468022585,0.288873374462,0.701243877411,0.564695298672,0.804462075233,0.830544412136,0.552582204342,0.296701788902,0.705746710300,0.501504123211,0.369367748499,0.108807526529,0.071188345551,-0.139269202948,-0.112170204520,-0.398722231388,-0.578108966351,-0.556084871292,-0.527829289436,-0.404435098171,-0.267133295536,-0.138112634420,0.183498501778,0.242516174912,0.204180821776,0.356262743473,0.011104657315,0.117133960128,0.162124708295,0.037343423814,0.047974757850,0.077366292477,0.063343472779,-0.084383875132,-0.298335820436,-0.726894080639,-0.790274560452,-0.831828594208,-0.764908432961,-0.618753314018,-0.728198826313,-1.016623497009,-0.234370842576,0.220763728023,0.031733471900,0.245055675507,0.499170422554,0.866620182991,0.916813373566,0.600100159645,0.602285683155,0.725630521774,0.315778940916,0.262507021427,-0.100514031947,-0.242882475257,0.200081408024,-0.207144245505,-0.427319407463,-0.149818211794,-0.160688266158,-0.003477922641,0.374043405056,-0.083857037127,-0.064722284675,0.032556649297,0.214845076203,0.366548389196,0.207029014826,0.166508123279,0.151069447398,0.400051683187,0.507373392582,0.421400785446,0.581846177578,0.597572982311,0.334905445576,0.537028312683,0.321454703808,0.002872887533,0.242112815380,0.284543484449,0.096097677946,0.179431989789,-0.041208241135,0.272014737129,0.440317362547,0.310111343861,0.409966826439,0.398335337639,0.278250277042,0.212412580848,-0.190343201160,-0.274838209152,-0.309382826090,-0.479735195637,-0.491963475943,-0.351990461349,-0.348109185696,-0.276023596525,-0.148138925433,-0.492440938950,-0.400417983532,-0.214170068502,-0.125810265541,-0.275060474873,-0.394733935595,-0.413181334734,-0.720551550388,-0.835672795773,-0.598927080631,-0.599737942219,-0.503644406796,-0.581183493137,-0.687467992306,-0.467025339603,-0.437819004059,-0.365107804537,0.045414675027,0.188120648265,0.103835545480,0.028123840690,-0.069171562791,-0.086334802210,-0.202534466982,-0.212165638804,-0.329604178667,-0.457599967718,0.029601443559,0.089207686484,0.058906547725,0.518070518970,0.450224310160,0.506299138069,0.538662314415,0.910120904446,0.792509496212,0.696494162083,0.595296919346,0.779153406620,0.752190351486,0.626268923283,0.594905912876,0.665118753910,0.561760663986,0.658932566643,0.405780971050,0.346355825663,-0.037545099854,-0.052708018571,-0.399952888489,-0.448182821274,-0.443412482738,-0.241404891014,-0.307695329189,-0.252764731646,-0.129605099559,-0.065113298595,-0.055181670934,0.192150101066,0.210227042437,0.156852260232,0.078782156110,-0.134445384145,-0.259967535734,-0.594807088375,-0.695465207100,-0.628689050674,-0.948024153709,-0.720934271812,-0.340976357460,-0.855828344822,-0.864356398582,-0.474248737097,-0.283823192120,-0.254308164120,-0.286370933056,0.096389904618,-0.084848962724,-0.084725491703,-0.047583743930,-0.020513569936,0.169187560678,0.692119002342,0.474475085735,0.214034259319,0.182428374887,0.006058582570,-0.263684183359,-0.025102782995,-0.075863987207,-0.400961279869,-0.400965392590,-0.442930966616,-0.301233381033,-0.259012639523,0.125736176968,0.059729721397,0.164162069559,0.408320456743,0.517160952091,0.538209557533,0.505006730556,0.720016419888,0.678968727589,0.313441097736,0.410761207342,0.406431317329,0.400245100260,-0.065347909927,0.218829259276,0.148653417826,-0.094797059894,-0.042784623802,0.073147505522,-0.014422060922,0.320656239986,0.061577752233,-0.255176633596,0.161223322153,0.405789196491,-0.027000205591,-0.003498502309,-0.237811729312,-0.374125719070,-0.064409479499,-0.136318102479,-0.289482533932,-0.360794365406,-0.501104891300,-0.168096855283,-0.008915007114,0.200171932578,0.253044605255,0.234523132443,-0.123283095658,0.044677931815,-0.139861881733,-0.067693963647,0.023600483313,-0.198048159480,-0.071636974812,-0.133790954947,-0.193549498916,-0.165158107877,-0.024168476462,0.173772662878,-0.130572333932,0.090640023351,0.186301410198,-0.273200094700,-0.114133484662,-0.300406098366,-0.590678870678,-0.494465976954,-0.345783710480,-0.172793090343,-0.324381113052,-0.106115743518,0.040183383971,0.119615845382,0.081226989627,0.116212002933,0.190697178245,0.399446606636,0.268392741680,0.121591471136,0.246339842677,-0.072608321905,0.083338439465,-0.137869790196,-0.175711244345,-0.342211127281,-0.293207406998,-0.126151874661,-0.070105865598,-0.224398031831,-0.127164378762,-0.125546842813,0.069846570492,0.088882535696,-0.113219760358,0.119652897120,0.059363406152,0.004737383686,-0.065294399858,0.155950874090,0.294956654310,0.239840835333,0.316281080246,0.841023504734,0.703906834126,0.484505534172,0.737764120102,1.133983969688,0.447030395269,0.556899845600,0.480122089386,0.185758113861,0.295421749353,0.325146675110,0.005906294566,-0.018241602927,-0.219742983580,-0.123583555222,0.312461525202,-0.049460589886,-0.032420825213,0.299595266581,0.065467268229,-0.282699555159,-0.144422277808,-0.154041111469,-0.154720231891,-0.207029014826,-0.250011205673,-0.530150651932,-0.131366699934,-0.397483348846,-0.736685812473,-0.402599394321,-0.543547868729,-0.825057923794,-0.932379662991,-1.151525855064,-1.545593023300,-1.290214657784,-0.731195211411,-1.060721158981,-0.820666313171,-0.711817622185,-0.448421567678,-0.406118452549,-0.178386554122,0.308102816343,0.774626016617,0.855766594410,0.597490668297,0.901448726654,0.854865193367,0.462168604136,0.727918982506,0.586093783379,0.075682893395,0.249377354980,0.148554638028,-0.149118512869,-0.023477008566,0.268849611282,0.627396702766,0.858985185623,1.031218528748,0.968159019947,0.831668019295,0.765488743782,0.717143595219,0.848049342632,0.752564847469,0.726247906685,0.731824934483,0.509814083576,0.135564908385,0.172611981630,0.186852931976,0.032392013818,-0.077016435564,-0.429163336754,-0.718258976936,-0.461308389902,-0.941874980927,-0.867142856121,-0.577919661999,-0.611451745033,-0.535785317421,-0.176629081368,-0.350665152073,0.004918482620,0.130078434944,-0.040697868913,-0.010503738187,0.138067349792,0.032033931464,0.038594651967,-0.704425513744,-0.982404112816,-0.967870891094,-0.801045894623,-0.707586526871,-0.708479642868,-0.833693087101,-0.673688054085,-0.409851580858,-0.325916349888,-0.359613090754,0.134251937270,0.516358315945,0.373627692461,0.409970939159,0.576442062855,0.387485891581,0.436407268047,0.401850312948,-0.057317811996,0.232860296965,0.200727596879,0.005572908092,-0.027712251991,0.201106250286,-0.220644354820,-0.152386531234,-0.088051132858,-0.004967872985,0.017920562997,-0.201723650098,-0.263046205044,-0.494577080011,-0.412699759007,-0.338156968355,-0.287222921848,-0.444610208273,-0.124526098371,-0.019352890551,0.062215715647,0.130004346371,0.292219609022,0.093212448061,0.192207708955,-0.130280107260,-0.042558249086,0.022234009579,-0.178378328681,-0.482546359301,-0.400047570467,-0.338449209929,-0.127259045839,0.515691578388,0.509900510311,0.357921481133,0.705602645874,0.450244873762,0.413638204336,0.848637878895,0.643736779690,0.554599046707,0.465593010187,0.283181130886,0.225542247295,-0.039685361087,0.114886693656,-0.059746183455,-0.135844781995,-0.228641524911,-0.236103609204,-0.250801444054,-0.513888776302,-0.748485982418,-0.497618705034,-0.566802620888,-0.487337231636,-0.054428458214,-0.059544507414,-0.186145007610,0.433353304863,0.146846547723,0.166030675173,0.411255121231,0.360263377428,-0.200863406062,-0.157202109694,0.129864394665,-0.052053596824,-0.289795339108,-0.721642255783,-0.747658789158,-0.396631360054,-0.879338204861,-0.858120858669,-0.703433513641,-0.658352255821,-0.408266961575,-0.099184587598,-0.299270093441,-0.284350007772,0.160869359970,0.261037647724,0.590806484222,0.490885138512,0.996270537376,1.190457940102,0.879313528538,0.787990272045,0.721411705017,0.605496048927,0.737615942955,0.551388621330,0.375306963921,0.038475293666,-0.212503135204,-0.085882052779,-0.459410965443,-0.551545023918,0.028292592615,0.209868967533,-0.001156563638,0.129168808460,0.054695993662,0.468293040991,0.555191755295,0.518914341927,0.687340438366,0.579718291759,0.580562055111,0.526907384396,0.114911384881,-0.009087873623,-0.375249356031,-0.640773296356,-0.719748914242,-0.794736266136,-0.990450680256,-0.616580128670,-0.442712783813,-0.576129257679,0.223583102226,0.463732630014,0.167615294456,0.541843891144,0.256209731102,0.326801270247,0.384098500013,0.173929065466,-0.006898222957,0.146751880646,-0.522639155388,-0.318968743086,-0.507871389389,-0.896563172340,-0.461724072695,-0.669185280800,-0.642131567001,-0.215046763420,-0.381460219622,-0.453187763691,0.074806205928,-0.254900872707,-0.217005908489,0.080564334989,-0.019126517698,-0.031420662999,0.106568492949,0.033688515425,0.395310163498,0.092064119875,0.295792192221,0.698124110699,0.115767501295,0.162314042449,0.000959001190,-0.217820867896,-0.299154847860,-0.183243319392,-0.529549717903,-0.269689232111,-0.597173750401,-0.568436622620,-0.224669694901,-0.235934868455,-0.093117780983,0.224990725517,0.002881119493,0.040710218251,0.115812763572,0.216367945075,0.329941689968,0.245528995991,0.464242994785,0.530669271946,0.244191348553,0.422310382128,0.438963234425,0.409975051880,0.361456990242,0.294310480356,0.153123259544,-0.112413048744,-0.346820920706,-0.096937321126,-0.379558682442,-0.396470874548,-0.368034183979,-0.552783906460,-0.507772624493,-0.353352814913,-0.186046227813,0.255584090948,0.445647448301,0.573293387890,0.639522075653,0.406488895416,0.240519970655,0.022291632369,-0.080395579338,0.007009351626,-0.115220084786,-0.495128601789,-0.318301945925,-0.460583984852,-0.586715281010,-0.470655560493,-0.281160205603,-0.118809133768,0.047435570508,0.137281224132,0.370886504650,0.459526211023,0.418103963137,0.135877698660,0.184877321124,0.044752016664,-0.026008276269,0.332933932543,0.337403774261,0.096052408218,0.200320109725,-0.007741979789,0.057363089174,-0.153691262007,-0.493029505014,-0.490926295519,-0.625421047211,-0.679178595543,-0.372870355844,-0.315091580153,-0.379739791155,-0.086594097316,-0.118031226099,-0.343293637037,-0.038137789816,-0.081700317562,0.373796433210,0.507859051228,0.313675701618,0.337654829025,0.345104604959,-0.203118935227,-0.054580751806,-0.311391383410,-0.457937479019,-0.225723356009,-0.201633095741,-0.190392598510,-0.034342940897,0.197163239121,0.391786992550,0.488189250231,0.436530739069,0.704203248024,0.844620764256,0.515720367432,0.650256276131,0.822740674019,0.687398076057,0.509073197842,0.464407652617,0.273603469133,0.202094063163,0.193833470345,0.019105937332,-0.296030908823,-0.145801112056,-0.062709622085,-0.351846426725,-0.471495181322,-0.032132714987,-0.176843121648,-0.025193331763,0.159469962120,-0.255773425102,-0.352867156267,-0.047159809619,-0.235803157091,-0.179423764348,-0.385691374540,-0.335428148508,0.016031371430,-0.116821162403,-0.086668185890,0.116331368685,0.031198408455,0.308370321989,-0.090537115932,-0.238091588020,-0.449310600758,-0.427442878485,-0.756281495094,-0.602750778198,-0.615077853203,-0.648025512695,-0.550055086613,-0.406727641821,-0.456591576338,-0.475006043911,-0.344100326300,-0.279579699039,0.038697548211,0.259313106537,0.080992385745,0.268549144268,0.022057028487,-0.158387482166,0.019883839414,0.244907498360,0.131222650409,-0.145228996873,0.126859813929,0.139219805598,0.214824482799,0.444606095552,0.576532602310,0.488053381443,0.417877554893,0.428805232048,0.680252850056,0.997999250889,0.754787385464,0.705573797226,0.995533823967,1.047039985657,0.774663031101,0.862948775291,0.700955808163,0.615300118923,0.417572975159,0.504372894764,0.005778701976,0.290865480900,0.090878739953,0.058754254133,-0.036791894585,-0.008215306327,-0.029584981501,0.083659477532,-0.150307998061,-0.019846796989,-0.311259686947,-0.313062429428,0.033054672182,-0.072682410479,-0.249373227358,-0.205855995417,-0.214610472322,-0.293297976255,-0.159338250756,-0.180518597364,-0.189692899585,-0.505846381187,-0.692164242268,-0.669304609299,-0.587003409863,-0.716324508190,-0.749906003475,-0.926259338856,-0.861244857311,-0.427821546793,-0.424849867821,-0.777552425861,-0.347561776638,-0.189713492990,-0.259280174971,-0.203674569726,-0.337889462709,-0.183782503009,-0.240515857935,-0.139170423150,0.091430261731,-0.195463374257,-0.638472557068,-0.156243115664,-0.250525683165,-0.444783091545,-0.361646324396,-0.010083917528,0.238939464092,0.521252095699,0.671988189220,0.754408717155,0.717727959156,0.834540963173,0.902588903904,0.948122859001,0.783158242702,0.965969383717,0.868748068810,0.312531471252,0.427858561277,0.573503255844,0.536106348038,0.536456227303,0.258761584759,0.427895635366,0.168343812227,-0.159325897694,-0.036775432527,-0.130601152778,-0.450977504253,-0.114121146500,0.236383497715,-0.008812109940,-0.208868816495,-0.160630643368,0.159791007638,-0.041438728571,-0.101752899587,-0.239359289408,-0.214803919196,-0.199620410800,-0.176172226667,-0.169792592525,-0.207098975778,-0.339548140764,0.012611071579,0.235700264573,-0.249229192734,-0.342194646597,-0.110408619046,-0.065376713872,0.039598930627,0.164697140455,-0.078020714223,-0.004128232598,0.017653031275,0.080584906042,0.202303975821,0.146118029952,-0.070414558053,0.149246111512,0.092669151723,-0.010516086593,0.506348550320,0.411320984364,0.422256857157,0.471556931734,0.219961106777,0.135774806142,-0.091063961387,-0.221438720822,-0.489115297794,-0.499244481325,-0.278608351946,-0.327159345150,-0.181564033031,-0.343478828669,-0.575894594193,-0.204761162400,-0.286128103733,-0.414239138365,0.157757744193,0.181716307998,0.058206845075,0.200534150004,0.330019891262,0.177995562553,0.149229630828,0.196414142847,0.114162296057,-0.178127259016,-0.199118271470,0.012660462409,-0.215083807707,-0.047674294561,-0.136293411255,-0.141541168094,0.007071090396,-0.165026411414,-0.539641916752,0.032350856811,-0.001086593606,-0.130691692233,0.047452040017,0.229917436838,0.305666208267,0.489456892014,0.556866884232,0.599449872971,0.759121477604,0.245203852654,0.312498569489,0.052230577916,-0.079156704247,-0.017834128812,-0.009454187937,-0.353756189346,-0.151443988085,-0.230551302433,-0.177308216691,-0.226974591613,-0.255662322044,-0.207205995917,-0.268866062164,0.185058414936,0.218022555113,0.267285555601,0.206996083260,0.037503942847,-0.164083868265,-0.224896058440,-0.175089731812,-0.127744719386,-0.355735927820,-0.316186398268,-0.299521178007,-0.451310902834,-0.220512658358,-0.238260358572,-0.263556569815,-0.024382501841,0.186939373612,0.020155487582,0.255501776934,0.200167819858,-0.018801363185,-0.064981587231,-0.145323663950,-0.026547456160,-0.014689593576,-0.087828874588,0.082223035395,0.045385863632,-0.019365239888,0.339535802603,0.534604072571,0.067780390382,0.022522121668,0.120410211384,0.280748635530,-0.140191167593,0.193438351154,0.279888421297,-0.045904461294,0.053551778197,0.068019114435,-0.138129100204,0.043208558112,0.042875174433,0.166545167565,-0.003918322735,0.299648761749,0.282172709703,0.156568259001,-0.253460288048,-0.197615981102,-0.081383392215,-0.083968169987,0.001679281006,-0.228345185518,-0.425701856613,-0.524997591972,-0.246253401041,0.010133308358,0.224048182368,0.092833787203,0.428171396255,0.399623602629,0.149130851030,0.134721145034,0.365589380264,-0.031202523038,-0.166343495250,-0.334222197533,-0.185264199972,-0.340017378330,-0.609941244125,-0.400031059980,-0.401541590691,-0.076999977231,-0.138524219394,-0.030157089233,-0.233638212085,-0.115866281092,0.106206290424,0.218364149332,-0.018138704821,0.167742893100,0.245524883270,-0.252760589123,-0.164092093706,0.204995751381,0.103880822659,-0.030692154542,-0.018048156053,-0.144101247191,0.024044999853,0.155782133341,0.313651025295,0.539222061634,0.517650723457,0.087693043053,0.383798062801,0.518412172794,-0.127695322037,0.106967739761,0.387720465660,0.367597907782,0.058033980429,0.375994294882,0.070184074342,-0.063508100808,0.011191091500,0.022139344364,-0.187713176012,-0.051769599319,0.177686855197,-0.030399926007,-0.112334847450,0.211218982935,-0.133083015680,-0.490741074085,-0.293392628431,-0.531978130341,-0.353994935751,-0.274253755808,-0.560925126076,-0.617032885551,-0.284691631794,-0.174871608615,-0.030004801229,-0.050143826753,0.015813229606,0.265684485435,0.335913807154,0.176131054759,0.187318041921,0.387230694294,0.627092123032,0.422186911106,0.629121243954,0.705750763416,0.356851339340,0.143389195204,-0.070533923805,-0.311189711094,-0.078135959804,-0.300747722387,-0.386905550957,-0.337860643864,-0.206444546580,-0.069060429931,-0.006610110868,0.039306700230,0.143771976233,0.024180825800,0.069188028574,0.298537492752,0.137878030539,0.345462679863,0.367898374796,0.071381792426,0.175694763660,0.341046333313,0.162359312177,0.293256789446,0.311395525932,0.036664303392,-0.185321837664,-0.252974629402,-0.459044635296,-0.486419409513,-0.585105955601,-0.564892888069,-0.707100808620,-0.661821961403,-0.584393918514,-0.287815600634,-0.016467656940,0.238219186664,0.230563640594,0.625869691372,0.748683571815,0.504772126675,0.369277209044,0.167648226023,-0.171652987599,-0.264680206776,-0.162610381842,-0.693003892899,-0.662834465504,-0.631566107273,-0.374985933304,-0.411440342665,-0.327221065760,-0.355480760336,-0.094990506768,-0.207551732659,0.184897899628,0.138762935996,-0.135939449072,-0.033774949610,0.267022162676,0.234749495983,0.319627285004,0.685027301311,0.717826783657,0.695123553276,0.693794131279,0.419754385948,0.358016133308,0.606932520866,0.641880452633,0.481356859207,0.279258668423,-0.005968032870,-0.005807513837,0.018780782819,-0.215046763420,-0.425232648849,-0.602318584919,-0.281744658947,-0.346203535795,-0.416906237602,-0.261902004480,-0.466564387083,-0.267511934042,-0.178649991751,-0.075485326350,-0.100707463920,0.089919738472,0.314120203257,0.392820060253,0.237523600459,0.287461638451,0.199859142303,0.181564033031,0.227822452784,0.174698725343,0.243508100510,0.028477806598,-0.288128405809,-0.275414437056,-0.395845204592,-0.373664736748,-0.321537047625,-0.735356330872,-0.782915353775,-0.853046000004,-0.994772315025,-0.550742447376,-0.412823259830,-0.482311755419,-0.598774850368,-0.159564629197,-0.249854788184,-0.051534995437,0.173431038857,0.155481666327,-0.007643198129,0.258288234472,0.358057290316,0.409851580858,0.216404989362,-0.010948253796,0.358612924814,0.371989548206,0.093665197492,0.036437928677,-0.114203460515,-0.403397887945,-0.241236120462,-0.050184983760,-0.278633058071,-0.314976304770,0.190590158105,0.031214870512,-0.113944150507,0.426660835743,0.537044823170,0.769575834274,0.902259588242,1.135580897331,0.984108030796,0.737879335880,0.928366601467,0.599293410778,0.334111064672,0.396487325430,0.222002595663,-0.093780443072,-0.290873706341,-0.492000550032,-0.626347124577,-0.885499715805,-0.517605483532,-0.315367341042,-0.721370577812,-0.951872467995,-0.457949817181,-0.545066654682,-0.501425921917,-0.201851218939,-0.157675430179,-0.092409856617,0.163647592068,0.018134590238,-0.219858214259,-0.076925888658,-0.033116411418,0.498824656010,0.383402943611,0.223142698407,0.433151632547,0.327595621347,0.109322018921,0.076143868268,-0.156765818596,-0.236605748534,-0.262753993273,-0.177160039544,-0.740303635597,-0.846184790134,-0.657434403896,-0.527360081673,-0.469075053930,-0.533822000027,-0.261165231466,-0.023629294708,-0.045315891504,0.241890549660,0.693608939648,0.540148139000,0.288803398609,0.532126307487,0.408666223288,-0.020365398377,0.435691118240,0.248393654823,0.009375985712,0.014084558934,-0.153329059482,-0.091566093266,-0.368441641331,-0.563979148865,-0.305336922407,-0.461884617805,-0.492445051670,-0.373397171497,-0.310704052448,-0.274862915277,-0.248451277614,0.280250608921,0.422326833010,0.487876385450,0.449545174837,0.326537847519,0.486740440130,0.409155994654,-0.055585023016,0.136503323913,0.000757322821,-0.260469645262,0.012594607659,-0.131761819124,-0.106856599450,0.248315453529,0.538514137268,0.285448968410,0.381328523159,0.354805767536,0.344606578350,0.291223555803,0.323520898819,0.558830142021,0.353731513023,0.400508522987,0.373969316483,0.360843747854,0.385337382555,0.276217043400,0.233918070793,0.227307975292,0.161145120859,0.127777636051,-0.086013764143,0.058601967990,-0.194796606898,-0.481422722340,-0.677680432796,-0.376368850470,-0.254406958818,-0.216520234942,-0.586768746376,-0.468667596579,-0.401430457830,-0.723712444305,-0.432616531849,-0.211198404431,-0.411135762930,-0.113528452814,-0.136145234108,-0.517708361149,-0.383505821228,-0.285856425762,-0.242240399122,-0.166882663965,-0.310745209455,0.070994898677,0.295800417662,0.161132782698,0.320610970259,0.796880602837,0.557546019554,0.530315279961,0.715624749660,0.531978130341,0.397339284420,0.250982552767,-0.043171517551,-0.011186975986,-0.056354697794,-0.305341035128,-0.189771115780,-0.294853776693,-0.267269104719,-0.069480255246,-0.117878943682,-0.618946790695,-0.248982235789,-0.347253084183,-0.212906494737,0.056144785136,0.059367526323,0.087063312531,0.197788849473,0.274266123772,0.483896374702,0.277768731117,0.540263414383,0.404352784157,0.105638302863,0.169146403670,-0.233049631119,-0.080671340227,-0.343314200640,-0.733314871788,-0.809084236622,-0.544687986374,-0.637888073921,-0.735656797886,-0.560418903828,-0.419392228127,-0.306707531214,0.134494766593,0.382398605347,0.375442802906,0.708528995514,0.665933728218,0.696848094463,0.643176972866,0.246800810099,0.276377558708,0.462053328753,0.029259826988,-0.150435596704,-0.243322879076,-0.385925948620,-0.315276801586,-0.532686054707,-0.498408973217,-0.535349071026,-0.348100960255,-0.241034448147,-0.163618773222,-0.296290218830,-0.051263343543,-0.111684538424,-0.227332666516,0.026082362980,-0.100118905306,0.002605355112,0.088116973639,0.083000935614,0.451553732157,0.280633389950,0.052691560239,0.284773975611,-0.172887742519,-0.460444033146,-0.287918508053,-0.642382621765,-0.794555127621,-0.820415258408,-0.884219706059,-0.528825342655,-0.341577291489,-0.173710912466,0.406879901886,0.363597273827,0.174106046557,0.495017468929,0.297319173813,0.327566802502,0.627195000648,0.592901468277,0.598643064499,0.477998286486,0.376624077559,0.367762565613,0.195422217250,0.472343087196,0.503710210323,0.314256042242,0.393388062716,0.308588474989,0.174834549427,0.255003750324,-0.142866477370,-0.114306353033,0.272648543119,0.025604920462,0.188663944602,0.141343608499,-0.094916418195,0.287836164236,0.557179689407,0.158218726516,0.293470829725,0.145368933678,-0.192335292697,-0.178246632218,-0.357155889273,-0.576598405838,-0.343804001808,-0.423775643110,-0.662875652313,-0.522145271301,-0.232407554984,-0.426245152950,-0.344334930182,-0.304023951292,-0.453866839409,-0.310955107212,-0.072810001671,-0.070027664304,-0.061964645982,-0.283222258091,-0.384456574917,-0.217833206058,-0.403541952372,-0.241223782301,0.020525917411,0.166454613209,0.422038704157,0.405377626419,0.235502704978,0.245792418718,0.090199619532,0.062479130924,0.100974999368,-0.031383622438,-0.464160710573,-0.344660073519,-0.339124232531,-0.527100801468,-0.088577963412,-0.102604903281,-0.182234928012,0.083503067493,0.254534542561,0.440329730511,0.629318773746,0.356036394835,0.659965693951,0.564909338951,0.457130759954,0.604742884636,0.408550977707,-0.069167442620,0.021748336032,-0.024645918980,-0.117640227079,0.274632424116,0.162281110883,0.061104428023,0.251439422369,0.027020784095,-0.180753201246,-0.400969505310,-0.659673452377,-0.418009281158,-0.288708746433,-0.483587652445,-0.358053177595,-0.077913701534,-0.065932355821,-0.064487688243,-0.048476893455,0.215952247381,0.139499694109,0.027238925919,-0.282818913460,-0.138824686408,-0.273130118847,-0.533974349499,-0.368824422359,-0.405188292265,-0.372586369514,-0.025806596503,0.040064025670,0.015418105759,0.085379913449,0.326212704182,0.196833968163,0.090537115932,0.206658586860,0.066508583724,0.005836324301,0.290750205517,-0.026193492115,-0.045007199049,-0.049962725490,-0.293487280607,-0.008297624066,0.344120889902,0.111021876335,0.393025845289,0.651091873646,0.577392756939,0.581278204918,0.634558320045,0.833553135395,0.459468603134,0.046628862619,0.048563327640,-0.144212380052,-0.360514461994,-0.388547748327,-0.422166287899,-0.632784366608,-0.649647176266,-0.548511624336,-0.414090931416,-0.165709644556,-0.178505927324,-0.289865314960,-0.079062029719,0.039948780090,0.068887569010,0.339568734169,0.585114181042,0.517391383648,0.301509141922,0.323335677385,0.517416119576,0.277875721455,0.008779183030,0.149027958512,-0.231580272317,-0.569473862648,-0.459748446941,-0.958095669746,-0.743863940239,-0.746728539467,-0.799934566021,-0.277534097433,-0.475944489241,-0.525726079941,0.091775998473,0.085585705936,0.253559082747,0.838488042355,1.037474632263,0.735525131226,0.709348022938,0.688999116421,0.613303899765,0.160387799144,0.285288453102,0.277295410633,0.074760936201,0.261012971401,0.003514965763,-0.062207486480,-0.105428390205,-0.441445142031,-0.294594466686,-0.361103057861,-0.733788192272,-0.513629496098,-0.500890851021,-0.560324192047,-0.233333632350,-0.323998332024,-0.260021030903,-0.093500554562,-0.017282601446,0.003943017684,-0.014397365041,0.223352596164,0.285955220461,0.258452892303,0.109038025141,0.374808937311,0.282386749983,-0.047303866595,-0.297310948372,-0.427446991205,-0.548038303852,-0.560344815254,-0.742011725903,-0.617987751961,-0.486069530249,-0.015389293432,-0.020464180037,0.273208320141,0.763842403889,0.640374064445,0.663357198238,0.906914710999,0.869764626026,0.712566733360,1.029419898987,0.921200931072,0.540386855602,0.352323859930,0.575536549091,0.464452892542,-0.170381173491,0.106659039855,0.294405132532,-0.082840412855,-0.247619867325,-0.214170068502,-0.379381686449,-0.211667612195,-0.366379618645,-0.304452002048,-0.305275171995,-0.320845574141,-0.415778458118,-0.455537915230,-0.658002436161,-0.119817525148,0.024271372706,-0.291589856148,-0.075971007347,-0.271121561527,-0.087392583489,0.194837749004,0.066117569804,0.125863760710,0.432200849056,0.386691510677,0.148896262050,-0.075481213629,-0.123143166304,-0.141664639115,-0.331312268972,-0.299829870462,-0.650593817234,-0.647971987724,-0.856844902039,-0.514032900333,-0.629985570908,-0.537238240242,-0.182148486376,0.120982319117,0.102897122502,0.220014631748,0.448820799589,0.609974145889,0.423730343580,0.090491853654,0.224636763334,-0.031330116093,-0.416041880846,-0.261848479509,-0.579940557480,-0.908499240875,-0.376302987337,-0.393869638443,-0.348471373320,-0.122402302921,0.181160673499,0.411991834641,0.535007417202,0.455048114061,0.668304443359,0.644243001938,0.426496237516,0.282485544682,0.237544178963,0.390729188919,0.296817034483,0.004992568400,0.132017016411,0.108181916177,0.208560124040,0.245438456535,0.290132850409,0.609809517860,0.478471606970,0.519334137440,0.669621527195,0.382332801819,0.155905604362,0.307312548161,-0.131860598922,-0.389366805553,-0.209613785148,-0.168026879430,-0.566860258579,-0.410073846579,-0.457846909761,-0.573285162449,0.108243659139,-0.074324652553,-0.681845724583,-0.502533078194,-0.277628779411,-0.438802719116,-0.464909762144,-0.069583147764,0.409789830446,0.374306797981,0.519004881382,0.507628560066,0.336658805609,0.115862153471,0.204040870070,0.119792826474,0.062721967697,0.190598383546,0.124760702252,-0.209552049637,-0.471515774727,-0.315618395805,-0.360135793686,-0.378414481878,-0.632578611374,-0.633323550224,-0.409049004316,-0.352299183607,-0.204629451036,0.198027566075,0.485793799162,0.525758981705,0.715974688530,0.606512665749,0.626194834709,0.515197634697,0.584628522396,0.430040001869,0.459493279457,0.630421876907,0.391074925661,-0.328966200352,-0.011117004789,0.115273587406,-0.154732584953,0.068990461528,0.144772127271,0.061236139387,0.044612079859,-0.330093979836,-0.215569466352,0.139935970306,0.051308620721,0.275373280048,0.206901401281,-0.222521200776,0.004856743850,0.567609310150,0.382106423378,0.301686137915,0.469844728708,0.145200178027,-0.181720420718,-0.095122210681,-0.318499505520,-0.439881086349,-0.705042839050,-0.626565277576,-0.594259679317,-0.685632348061,-0.648144841194,-0.051259230822,0.061371963471,0.267960578203,0.705779612064,0.545972108841,0.171797037125,0.535884082317,0.367095768452,0.248504787683,0.259527117014,0.380204856396,0.446520030499,0.106580838561,-0.354604065418,-0.120574854314,-0.056564606726,-0.148879781365,-0.084741957486,-0.459460318089,-0.429932981730,-0.494815796614,-0.590950489044,-0.599832594395,-0.863734960556,-0.922056972980,-0.389428555965,-0.464979767799,-0.450174897909,-0.058737792075,-0.000090549467,-0.194331496954,0.506974101067,0.588472723961,0.484410852194,0.593140184879,0.554401457310,0.440444976091,0.492543816566,0.473956495523,0.465531259775,0.167726427317,-0.114100560546,0.234407871962,0.048439849168,-0.210165321827,0.059235814959,0.095978327096,-0.080029271543,0.033466260880,0.142697721720,0.080597259104,0.217557445168,0.153596594930,0.026263462380,0.295746922493,0.628141641617,0.336465358734,0.328418791294,0.455216884613,0.437078177929,-0.032313812524,-0.172060444951,-0.370112717152,-0.488905400038,-0.447059184313,-0.498186707497,-0.443223208189,-0.404406249523,-0.082494676113,0.091335594654,-0.192528739572,-0.179905325174,0.064689368010,0.057445403188,0.074011839926,0.147274598479,0.042842246592,-0.113618999720,-0.272368699312,-0.295796304941,-0.365774571896,-0.301097571850,-0.519400000572,-0.691946089268,-0.479833990335,-0.621206402779,-0.491090923548,-0.036791894585,0.032301466912,-0.113618999720,0.037874370813,0.011861979961,0.178098455071,0.252447783947,0.483665853739,0.232428148389,0.109540164471,0.032103903592,0.104189507663,0.136318102479,0.044122282416,0.048188783228,0.342215240002,-0.024378385395,0.228320479393,0.105123817921,0.061232019216,0.427002489567,0.357942044735,0.142541334033,0.437316864729,0.243289947510,0.543444991112,0.378101646900,-0.004622138571,-0.024473050609,0.268195182085,0.233913958073,0.135593712330,-0.105000346899,-0.080782473087,-0.180950760841,-0.021307935938,0.002671209397,-0.178703501821,-0.291729807854,-0.225546360016,-0.159490540624,-0.194430276752,-0.021707177162,0.147912546992,0.029930714518,0.101176679134,0.222126081586,0.065590739250,0.385061591864,0.452644437551,0.242421507835,0.182033255696,0.158420413733,0.152188956738,0.036680769175,-0.078638099134,-0.374607264996,-0.559546291828,-0.258469343185,-0.396557301283,-0.534723401070,-0.185482352972,-0.329027950764,-0.446318358183,0.020690552890,0.091648407280,-0.018723160028,0.123591795564,-0.242861911654,-0.225348830223,0.148052498698,-0.090812876821,-0.286696076393,-0.326080977917,-0.243401095271,-0.259889304638,-0.048324607313,0.025193331763,-0.255328923464,-0.132498562336,-0.010746574961,-0.584809660912,-0.292874008417,-0.175665974617,-0.412259370089,-0.305176407099,-0.098744198680,0.138664156199,0.369264870882,0.316622674465,0.557076811790,0.495494931936,0.615896880627,0.708858251572,0.838883221149,0.552899181843,0.524215579033,0.063174717128,-0.083680056036,-0.285354286432,-0.044159326702,-0.154670834541,0.090969294310,0.015772070736,-0.336942791939,-0.189577654004,-0.134754061699,-0.376035481691,-0.377352565527,-0.185663446784,-0.117784284055,-0.059083528817,0.017949374393,0.203666344285,0.229514092207,0.137026041746,0.261045902967,0.380863398314,0.239116460085,0.530722796917,0.412391066551,0.231716081500,-0.165228083730,-0.204394847155,-0.238676056266,-0.295145988464,-0.381628960371,-0.252176165581,-0.241602450609,-0.461551189423,-0.294647961855,0.133720979095,-0.191837280989,-0.011499782093,0.265190571547,-0.265038311481,-0.384571820498,-0.136865526438,-0.116664759815,0.159642830491,0.160054415464,0.243384614587,0.524462521076,0.660500764847,0.809417605400,0.920435369015,0.890080690384,0.744518280029,0.387605249882,0.529339849949,0.428150802851,0.001885075239,-0.108869269490,-0.213651478291,-0.242330953479,-0.146990597248,-0.109190315008,-0.247023060918,-0.496807873249,-0.169265761971,0.282497882843,0.561715364456,0.536542654037,0.385415583849,0.740365386009,0.739142954350,0.264824271202,0.541057765484,0.433015793562,-0.185716971755,-0.394408792257,-0.322812974453,-0.749766051769,-0.755157828331,-0.599865555763,-0.545906245708,-0.399368435144,-0.053090799600,-0.003066334408,-0.097258359194,0.042171359062,0.122295290232,0.135540202260,0.296607136726,0.281855791807,-0.019501062110,-0.075699351728,-0.511353433132,-0.601055026054,-0.414407879114,-0.462061613798,-0.444276839495,-0.396816581488,-0.730215609074,-0.396330893040,-0.183708399534,-0.204197272658,0.095430910587,0.472141414881,0.456287026405,0.520083189011,0.486444085836,0.472483009100,0.376702249050,0.328068941832,0.164581894875,-0.100180633366,-0.016031371430,-0.239857316017,-0.698893725872,-0.871468663216,-0.786047637463,-0.785092711449,-0.697881221771,-0.444511443377,-0.353756189346,-0.236029535532,0.343849271536,0.417844623327,0.551977217197,0.772559821606,0.875382840633,0.688962101936,0.559155285358,0.354451775551,-0.124377928674,0.094521291554,-0.011125236750,-0.245302632451,-0.479105442762,-0.367334485054,-0.196644634008,-0.209741368890,-0.035721767694,0.135881826282,-0.027308898047,0.105531290174,0.331448107958,0.328566968441,0.281596511602,0.571963965893,0.336806982756,0.108432985842,0.293112754822,-0.104465276003,-0.330736041069,-0.393120527267,-0.462131559849,-0.473680734634,-0.203493461013,-0.068875223398,-0.127666518092,-0.065800651908,-0.257757306099,-0.207053720951,-0.378188073635,-0.249895960093,-0.073703147471,-0.088680855930,-0.058264464140,0.165610849857,0.061516016722,0.126575812697,0.322734773159,0.402776390314,0.317684590816,0.475166559219,0.536217451096,0.143072277308,0.142985850573,0.052876774222,0.147245794535,-0.008939702064,-0.313243538141,0.062487363815,-0.306394696236,-0.726305484772,-0.244705826044,-0.532587289810,-0.868106007576,-0.560982763767,-0.816747963428,-0.952349901199,-0.663283109665,-0.760076344013,-0.501788079739,0.141664639115,0.015204078518,0.250348687172,0.638760626316,0.551117002964,0.557430744171,0.979580640793,0.928642392159,0.550857663155,0.892566680908,0.405920892954,0.307386636734,0.397030591965,0.096048288047,-0.595881342888,-0.556060135365,-0.519177734852,-0.685183703899,-0.382069349289,-0.481044054031,-0.457706987858,-0.063734479249,0.360448598862,0.398693412542,0.259321331978,0.246471524239,0.541012465954,0.230329021811,0.556858658791,0.672169268131,0.497696936131,0.286971837282,0.420412957668,0.219265550375,-0.016080761328,0.021316168830,-0.219294339418,-0.471466392279,-0.304591953754,-0.068776436150,-0.481994807720,-0.427973836660,-0.202727913857,-0.297508507967,-0.239116460085,-0.128958910704,-0.084639057517,-0.121727295220,0.001312967273,0.267894715071,0.217952564359,0.114269316196,-0.239429250360,0.293935924768,-0.020015548915,-0.223183855414,0.279369801283,0.255073726177,0.135696604848,0.198307454586,0.201596036553,0.146500810981,0.207024902105,0.255744606256,0.026514530182,0.004687992856,-0.067232981324,-0.143290415406,-0.002325474983,-0.236655145884,-0.132815495133,-0.140503957868,0.004811469465,0.269347608089,-0.091813050210,-0.206530988216,0.015455148183,0.261218756437,0.217833206058,-0.109647169709,-0.041031256318,-0.050501905382,-0.106140434742,-0.270504176617,-0.171047940850,-0.181444674730,-0.243907347322,-0.020546497777,-0.205329149961,-0.052082408220,-0.233210146427,-0.426973700523,-0.329130858183,-0.247693955898,-0.106552027166,-0.255662322044,0.005334186833,-0.203258857131,-0.316219300032,-0.065648369491,-0.300274401903,-0.268487393856,-0.097723461688,0.080370888114,0.085840895772,0.246138155460,0.623046159744,0.690921247005,0.927675187588,0.767715454102,0.569189846516,0.651939690113,0.406941682100,0.479179531336,0.070274621248,-0.216310322285,-0.082770444453,-0.007186335046,-0.385123372078,-0.202579736710,-0.259584724903,-0.226159647107,-0.260778337717,-0.191829040647,-0.173044160008,-0.169413939118,-0.203028380871,-0.194191575050,-0.256209731102,-0.171101450920,-0.026666820049,0.072052679956,0.111676298082,0.148315906525,0.058449681848,0.139989480376,0.265178233385,0.034906819463,0.017640681937,0.004251709208,-0.149377807975,-0.281991630793,-0.337691903114,-0.480080932379,-0.409563481808,-0.375969618559,-0.287972003222,0.039364323020,-0.125818490982,0.346915572882,0.623704731464,0.249031618237,0.559155285358,0.722490131855,0.481632620096,0.503599107265,0.447100341320,0.165746688843,0.172591403127,0.125522136688,0.017912330106,-0.085412845016,-0.238918885589,-0.191553294659,0.102345593274,0.082770444453,0.157514914870,0.143961310387,-0.171591237187,-0.467832028866,-0.348327338696,-0.342256426811,-0.301130503416,-0.308222144842,-0.337103307247,-0.115372374654,-0.327447474003,-0.114022366703,-0.162219375372,0.106654927135,0.414918243885,0.291556954384,0.542905807495,0.423199415207,-0.126382365823,0.087281458080,-0.005247753114,-0.533332228661,-0.595568537712,-0.579335510731,-0.472203105688,-0.571251928806,-0.636496901512,-0.503171026707,-0.010326755233,-0.024682961404,-0.009149611928,0.161811903119,0.335860311985,0.466049909592,0.592251121998,0.342396348715,0.063936151564,0.037261106074,0.086067266762,-0.268919587135,-0.337547838688,-0.075357735157,0.089010126889,-0.179855942726,-0.312568515539,-0.344474852085,-0.008058902808,-0.034449957311,-0.342976689339,-0.111425228417,0.181041315198,0.266627043486,0.604368329048,0.638892352581,0.512061357498,0.845806121826,0.742970764637,0.566942572594,0.283473342657,0.115215972066,-0.097369484603,-0.210943222046,-0.283942550421,-0.452751457691,-0.698539733887,-0.648873388767,-0.863771915436,-0.702120542526,-0.931692302227,-0.891019105911,-0.455122202635,-0.319944202900,0.050929959863,0.164273202419,-0.013170830905,0.198019325733,0.657438516617,0.334094613791,0.507155239582,0.694156289101,0.840723037720,0.494424790144,0.601639449596,0.466798961163,0.465675354004,0.326813608408,-0.079127885401,-0.217915520072,-0.397590368986,-0.700297296047,-0.638163864613,-0.431287109852,-0.690344989300,-0.371791988611,-0.105959340930,-0.324743300676,-0.384987503290,0.041730955243,0.181012496352,0.153510153294,0.555940806866,0.623445451260,0.559513390064,0.613781332970,0.165750801563,0.023139502853,0.263671815395,-0.092722654343,-0.168051570654,-0.130909830332,-0.608105540276,-0.576186835766,-0.197397843003,-0.211548253894,0.139779567719,0.321660518646,0.522585690022,0.640184760094,0.182839959860,0.274891704321,0.248126119375,-0.017492510378,-0.102695442736,0.059486884624,-0.305209338665,-0.312354505062,-0.216656059027,-0.248434826732,-0.335366427898,-0.082004889846,0.192561686039,0.075081974268,-0.205337375402,0.157366752625,-0.035236090422,-0.245821222663,0.047168042511,-0.046155534685,-0.233201920986,-0.340531855822,-0.327747911215,-0.437851965427,-0.374837756157,-0.102086298168,0.178649991751,0.315494924784,0.212688356638,0.071908622980,0.162194669247,0.568790614605,0.322812974453,0.432241976261,0.586324274540,0.631496131420,0.454920530319,0.610155224800,0.221689790487,0.275315672159,0.581253468990,0.570432841778,0.483579427004,0.340461879969,0.149023845792,-0.034083642066,-0.076897077262,0.083770602942,0.146830081940,-0.138009741902,-0.089586347342,0.085552781820,-0.098246179521,0.028889395297,-0.105872914195,-0.301282793283,-0.453755736351,-0.711936950684,-0.636496901512,-0.622453510761,-0.791299462318,-0.542271971703,-0.558928906918,-0.656874656677,-0.623651206493,-0.181317076087,-0.037726201117,-0.107128255069,0.080029271543,0.334185153246,0.427496403456,0.282818913460,-0.008297624066,-0.147072926164,-0.492317467928,-0.611764550209,-0.608751714230,-0.657417953014,-0.794402778149,-0.726947605610,-0.720975399017,-0.876424193382,-0.529051721096,-0.079123772681,0.068537719548,0.146842420101,0.453282386065,0.711974024773,0.672226905823,0.612361371517,0.808787822723,0.460481107235,0.555792629719,0.729573547840,0.365548193455,0.214244157076,0.152184844017,0.115709871054,0.147690296173,0.109087415040,-0.014804838225,-0.072904668748,0.209494411945,-0.002481878735,0.072982870042,0.133132413030,0.188556909561,0.324817419052,0.390963762999,0.021591931581,0.104720458388,0.073295675218,0.020966317505,0.026724440977,-0.252274930477,-0.191565632820,-0.116557739675,-0.077349826694,-0.391482412815,-0.731931924820,-0.919052422047,-0.588085889816,-0.378352731466,-0.371968984604,-0.483604133129,-0.364469856024,0.026868496090,0.246969550848,0.464687526226,0.527977526188,0.315820068121,0.249718964100,0.265836775303,0.254658013582,0.176678478718,0.152715787292,0.277892202139,0.349854320288,0.210815623403,0.435966879129,0.453912138939,0.624396204948,0.580413877964,0.317878037691,0.083474263549,-0.171920523047,-0.280316442251,-0.813171327114,-0.801548004150,-0.639579713345,-0.495836526155,-0.569786667824,-0.914265692234,-0.842468202114,-0.359958827496,-0.077555619180,0.043731275946,0.569967746735,0.552063643932,0.590436041355,0.619329571724,0.481957763433,0.517975866795,0.518976032734,0.350792735815,0.157955318689,0.123748198152,0.143895447254,0.017002720386,-0.087647765875,-0.133523419499,0.111157707870,-0.180123463273,0.046316049993,0.350541681051,-0.097385950387,-0.089277662337,0.056276496500,0.118940845132,0.039648320526,0.052601009607,-0.029733153060,-0.175443693995,-0.558072865009,-0.226077318192,-0.248558282852,-0.456990838051,-0.403266191483,-0.431492924690,-0.209761962295,-0.067364685237,-0.425092726946,-0.182008549571,0.145912230015,0.141767546535,0.270915776491,0.148846864700,-0.068854637444,0.264651387930,0.180576205254,-0.198348611593,0.012800401077,0.059898473322,0.011668533087,-0.092866711318,-0.423335224390,-0.429472029209,-0.460040688515,-0.588431596756,-0.491057991982,-0.612192571163,-0.504899680614,-0.061174400151,0.124863602221,0.269524604082,0.668222129345,0.648029625416,0.562534451485,0.550791800022,0.509130835533,0.323677301407,0.337469637394,-0.037261106074,-0.047332677990,0.100283533335,0.074501633644,-0.271191537380,-0.134725257754,-0.313194155693,-0.243034765124,-0.121031716466,0.088964849710,0.187684357166,0.315330296755,0.189347162843,-0.073098115623,0.264005213976,0.373574167490,0.462823033333,0.572354972363,0.218405306339,0.218211859465,0.433505564928,0.428636461496,0.103633865714,0.257271617651,0.217376351357,-0.016994489357,0.003798961639,-0.322849988937,-0.776223003864,-0.438399344683,-0.487538903952,-0.993842184544,-0.744440078735,-0.756083905697,-0.717732131481,-0.352192163467,-0.320133537054,-0.324265867472,0.138627126813,0.014265657403,-0.008968513459,0.127703562379,0.030181784183,-0.069751903415,0.162791475654,0.142969384789,0.071912735701,0.268479168415,0.446445912123,0.119455330074,-0.038561724126,0.013825257309,-0.061141468585,-0.213597968221,-0.034417029470,