0.164211452007,-0.549116671085,-0.389070481062,0.202518016100,0.271384984255,0.391054332256,0.035734113306,-0.265190571547,0.143265724182,0.000209910126,0.390716850758,0.343293637037,-0.432637095451,-0.460155904293,0.097744040191,0.120010972023,-0.167376577854,-0.195981964469,0.745658457279,-0.028230855241,0.480640709400,-0.031428899616,0.021242082119,-0.121146954596,0.697379052639,0.220763728023,0.101312510669,-0.486423522234,0.059507463127,0.318985193968,0.283588588238,0.324043601751,0.081152901053,0.469906449318,0.782297968864,-0.514144003391,-0.018982460722,-0.296228468418,-0.667802333832,-0.092282250524,-0.371503889561,-0.770859956741,0.235453307629,-0.082585230470,-0.194187447429,0.388197928667,0.817846894264,0.773996233940,0.823736727238,-0.453541696072,0.021406717598,0.062421511859,-0.174542322755,-0.199464008212,-0.052810922265,-0.148188322783,-0.275439113379,0.257008194923,-0.058149222285,-0.226534187794,-0.088236339390,0.513094425201,-0.830972433090,0.405422866344,-0.310304790735,-0.182296663523,-0.119352422655,0.151765018702,0.058758374304,0.508324146271,0.869081437588,-0.116067960858,0.790385723114,0.532867193222,-0.015545697883,0.751173675060,-0.470091670752,0.026806758717,-0.335103005171,-0.837088644505,-0.233547657728,-0.937829077244,-0.545317709446,-0.343186587095,-0.757940173149,0.274056196213,-0.870674252510,0.061404887587,0.202509760857,0.776235282421,0.254205286503,0.255044907331,0.089936196804,0.837269783020,0.208893492818,0.667329013348,0.339334130287,-0.371244609356,0.395857572556,-0.288186013699,-0.265721529722,0.263202607632,-0.180181086063,-0.107050053775,-0.051320970058,-0.123834624887,-0.054263826460,0.318499505520,0.151262894273,-0.213960155845,0.054197974503,-0.740719377995,0.111663959920,0.364128202200,-0.149476587772,0.234753608704,0.116701796651,0.322314947844,0.352081000805,0.226764678955,0.673939108849,0.056560486555,-0.043278530240,-0.393902540207,-0.303443610668,-0.331896722317,-0.325393617153,-0.841278612614,-0.434682726860,-0.533900260925,-0.398606985807,0.746242821217,0.350640475750,-0.164680674672,0.450837582350,0.374932438135,0.162919074297,0.447087973356,-0.198027566075,-0.210013031960,-0.417795270681,-0.356184571981,-0.183403834701,-0.264918923378,-0.112964577973,-0.571070790291,-0.317141294479,-0.127250805497,-0.608488321304,0.297632008791,-0.455595552921,-0.448368042707,0.075999811292,-0.442404121161,0.437926024199,0.153234392405,0.131358459592,0.063014194369,0.410740613937,1.104884624481,0.364947259426,0.325759947300,0.780388295650,0.028823543340,-0.252707093954,-0.077996015549,0.248224899173,0.059169963002,0.239754423499,-0.278715372086,-0.444112181664,-0.182366624475,0.079391300678,0.050086203963,0.094467788935,-0.084906592965,0.358279556036,0.946842849255,0.221245273948,0.407019853592,0.234794765711,-0.194183319807,0.409460574389,0.013384857215,-0.050222028047,-0.086832828820,-0.649935245514,-0.640707433224,0.594864726067,-0.873152077198,-0.119121938944,0.237572997808,-0.631158649921,0.007614387199,-0.462333232164,-0.418050438166,-0.039849996567,-0.256131529808,-0.438975602388,0.088475063443,-0.753556847572,-0.312255740166,0.186124444008,0.419746160507,-0.297557890415,0.065006285906,-0.192207708955,-0.363959491253,0.269018352032,-0.199241757393,-0.427788615227,0.089359976351,-0.687957823277,-0.336782276630,-0.100011892617,0.136873751879,0.177682742476,0.234045684338,0.431945651770,0.037717968225,0.483575314283,0.568556010723,0.699461698532,0.487847596407,-0.116240821779,0.396907120943,0.238610208035,0.219936430454,0.449174731970,-0.232670962811,-0.266112536192,0.626437664032,-0.334213972092,0.428727030754,0.279509752989,-0.330682545900,0.386078208685,0.210264101624,-0.335127711296,0.495865374804,-0.146751880646,0.285148501396,0.243569836020,-0.208374902606,0.467675656080,0.120994664729,0.173999041319,0.243787974119,-0.354690521955,-0.146336168051,-0.148727506399,0.129736810923,0.159206539392,-0.788266003132,-0.663340687752,-0.392190337181,-0.593037247658,-0.331242293119,-0.688003122807,-0.817110180855,0.047497309744,0.013668853790,0.011154048145,-0.074180595577,0.702606260777,0.475557565689,0.333864122629,0.605314970016,0.617448568344,-0.059795577079,0.626310110092,-0.238342657685,-0.444248050451,-0.009692909196,-0.366387844086,-0.391186058521,-0.096962012351,-0.262572884560,-0.458608359098,-0.249373227358,-0.177382290363,-0.065911784768,-0.190120965242,-0.279452115297,0.197233214974,-0.169693812728,0.193430125713,0.279793739319,0.694296300411,-0.336152553558,0.827585101128,0.170447021723,0.513040959835,0.146677792072,0.252200841904,-0.492128133774,-0.232288196683,-0.459262758493,0.289840608835,0.309909671545,-0.698037624359,-0.399759441614,-0.599194645882,0.547433257103,0.716106355190,0.402517080307,0.435588210821,0.629516363144,0.555508673191,1.087560892105,0.549026131630,0.231432095170,-0.022419225425,0.238276809454,-0.267495483160,-0.619432449341,-0.270100831985,-0.383604615927,-0.902687668800,-0.120085060596,-0.431632846594,-0.307777643204,0.167179003358,-0.193903461099,-0.477380901575,0.299488246441,0.064965128899,-0.108655244112,-0.058231543750,-0.171862885356,-0.008124756627,0.222644671798,-0.188495174050,0.673313498497,0.231551453471,-0.325500637293,0.061277296394,-0.232670962811,-0.538090229034,0.559974372387,-0.544420480728,-0.476965218782,-0.418717205524,-0.735854327679,-0.272916108370,-0.157247379422,-0.098912939429,0.055346302688,-0.342536270618,0.910001575947,0.148497015238,0.234037443995,1.067487597466,0.558414459229,0.535756528378,0.487250804901,0.263338446617,0.315346747637,-0.498334854841,0.415959566832,-0.006140900310,0.251361191273,0.000028811195,0.156304851174,0.278015673161,-0.011314568110,0.171797037125,0.461209595203,-0.387127786875,0.522536277771,-0.262000769377,-0.494861066341,-0.012837444432,0.496692657471,-0.078395254910,0.037750896066,0.092998415232,-0.079144351184,0.252130895853,0.198529720306,-0.421232014894,-0.768925547600,-0.327035844326,0.002576543950,-0.724424600601,-1.002197384834,-0.574470520020,-0.726832330227,-0.304937690496,-0.130527064204,-0.075193107128,-0.571013152599,0.061125006527,0.430916666985,-0.170578733087,0.597737610340,0.410691231489,0.103691488504,0.722082614899,-0.416898012161,0.190001592040,0.304126858711,-0.522795617580,0.348516672850,-0.137215375900,-0.255452394485,-0.630413651466,0.076456680894,-0.019233530387,0.023744540289,-0.087878264487,-0.039882924408,0.598219156265,0.077267505229,0.198933079839,0.486707508564,-0.361296504736,0.222253665328,1.011956214905,-0.157354399562,0.366149127483,0.024283720180,-0.568724751472,0.262416481972,0.062215715647,-0.157650738955,0.354258328676,-0.556665182114,-0.391704648733,-0.334181040525,-0.345096379519,-0.488543182611,-0.265511602163,-0.247409954667,0.148682221770,-0.283860236406,0.240190684795,0.214347064495,-0.254818558693,0.795892775059,0.691501617432,0.301146954298,0.245265573263,-0.062594376504,0.052325244993,-0.018924837932,-0.296944648027,-0.064961016178,-0.493852674961,-0.517436683178,0.106387391686,-0.172089263797,0.614670336246,-0.137314155698,-0.354768693447,0.457776963711,-0.019468136132,-0.341511428356,0.371948421001,-0.400249242783,-0.124670155346,0.461061418056,-0.254114747047,0.237507134676,0.574865639210,-0.046954017133,0.767818331718,0.367980688810,-0.820015966892,0.253731966019,-0.538580000401,-0.784018456936,0.313601613045,-0.857026040554,-1.046739459038,-0.078708067536,-0.726803481579,0.192306503654,0.833902955055,-0.511341094971,1.168401002884,0.408402770758,0.145714670420,1.004424095154,0.161984771490,-0.200221329927,0.405826240778,-0.403776556253,-0.425417870283,0.183263882995,-0.450672924519,-0.331472784281,-0.089314699173,-0.208835884929,0.424487680197,-0.165277481079,-0.486283540726,0.431813955307,0.351159065962,0.463057637215,0.456472188234,-0.242989495397,0.462851822376,0.493008941412,0.212079197168,0.636538088322,0.699474036694,0.416218876839,0.429793059826,0.122225321829,-0.572033941746,-0.340712964535,-0.531290769577,-0.126608744264,-0.130889251828,-1.022324085236,-0.199657455087,-0.894398212433,-0.313992619514,0.259782314301,-0.869715273380,-0.405678093433,-0.094093240798,-0.224188134074,0.639855504036,-0.146093338728,0.066306911409,0.326126247644,0.319137483835,-0.277015507221,0.122315861285,-0.286029309034,-0.963154137135,-0.296833515167,-0.370001584291,-0.807738244534,-0.486514061689,-0.206559807062,-0.312527358532,0.392215013504,0.249253869057,-0.016414148733,0.648733437061,-0.473211497068,0.350447028875,0.260399699211,0.061149705201,0.310506463051,-0.331592142582,0.244051396847,-0.043093316257,0.311605423689,1.298203587532,-0.435090184212,0.225373506546,0.691571593285,0.245808884501,-0.144706279039,0.065105065703,-0.275459706783,0.025938307866,-0.101633548737,-0.182601228356,-0.138845264912,0.480072706938,-0.179201513529,1.281451940536,0.481723189354,0.492000550032,0.460666328669,0.266491204500,0.105099126697,0.268141657114,-0.661064624786,-0.296413689852,-0.426862508059,-0.003724875860,-0.598033964634,-0.527495920658,0.052148260176,-0.217759117484,-0.150102198124,0.044957809150,-0.628676712513,-0.010935906321,-0.101633548737,-0.458653628826,0.413152515888,-1.177361249924,0.346438169479,0.125736176968,-0.083239652216,0.371845513582,0.023427616805,0.114532731473,0.701412677765,0.108033746481,0.474314570427,-0.560789346695,-0.011322799139,-0.103987835348,-0.352657228708,-0.613468527794,0.205189213157,-0.840443074703,-0.272261679173,0.364494532347,-0.199599832296,-0.136552721262,-0.044459786266,-0.049843363464,0.725206553936,0.347393035889,0.201023936272,0.881383836269,-0.329542458057,0.663089632988,0.626359462738,-0.237428933382,0.999427378178,-0.089413478971,-0.708286166191,0.262630492449,-0.408011764288,0.504138290882,0.409938037395,-0.670444726944,-0.276690363884,0.064166650176,-0.218569964170,0.301706701517,-0.253723740578,-1.463900923729,0.615193068981,0.223220899701,0.026605080813,0.277278929949,-0.366000950336,0.446256577969,1.244129180908,-0.214770987630,0.254238218069,-0.046180229634,-0.407563149929,0.320075899363,-0.521955907345,-0.542749404907,-0.191121116281,-0.821077883244,-0.291890323162,0.481747865677,-0.076810643077,0.139660209417,0.447870016098,-0.015706216916,0.745839476585,0.574268817902,0.139796033502,0.661694347858,0.062911301851,0.031301304698,-0.136573284864,-0.047423224896,-0.239770874381,-0.203777462244,-0.017751812935,-0.895764708519,-0.245858266950,-0.082926847041,-0.687719106674,-0.455690205097,0.189219579101,0.078234739602,-0.379171788692,0.275175720453,-0.277315974236,0.174283027649,0.601561307907,0.167425960302,0.561435520649,0.348722487688,0.341095715761,0.639896631241,-0.345557361841,0.101386599243,-0.030733311549,-0.126921534538,0.440321475267,-0.378352731466,-0.812492191792,0.035828776658,-0.286037534475,0.086124889553,0.430064707994,-0.353562742472,-0.063236452639,-0.044488601387,0.461423605680,1.469337940216,0.574709236622,0.326434940100,0.778680205345,0.183103367686,0.058338552713,0.426319241524,-0.495235621929,-0.093344151974,-0.186243787408,-0.417326033115,-0.436777710915,0.064705826342,-0.159898012877,-0.792451918125,0.072723567486,0.190042749047,-0.365828067064,0.388671219349,-0.200406551361,-0.538032591343,-0.728972613811,-0.986384153366,0.155987918377,0.091121576726,-0.553372502327,0.114388667047,-0.252390176058,-0.391873419285,0.531233131886,-0.232580438256,-0.234757721424,-0.036018107086,-0.399162650108,-0.540839612484,-0.878008782864,-0.641390681267,0.090619444847,-0.259695887566,0.208436638117,0.132601469755,-0.206609204412,0.848613142967,0.876794636250,0.939541280270,0.598071038723,0.455340355635,0.456920862198,0.556249499321,0.478228807449,0.150447934866,0.165281593800,0.154325112700,0.404949575663,0.043212674558,0.039693593979,0.012388813309,-0.137540519238,0.020093750209,-0.185111910105,0.361461102962,0.255843400955,-0.378953635693,0.322705954313,-0.010528433137,0.008330550976,0.803466022015,-0.064590580761,0.154012292624,0.344738304615,-0.329180240631,-0.133865043521,0.742892563343,-0.629125356674,-0.030301146209,-0.373833507299,-1.676132321358,-0.028840005398,-0.899790048599,-0.836796462536,-0.342989027500,-0.920962214470,-0.196389451623,0.333308458328,-0.605240881443,0.321228355169,0.211663499475,-0.260144501925,0.675955891609,0.154362142086,0.684977889061,0.740517616272,-0.041405800730,0.717933773994,-0.258568137884,-0.349998414516,0.336395382881,-0.436226159334,-0.320067673922,0.483484745026,-0.371162265539,-0.466988295317,0.219409584999,-0.648293018341,-0.053736992180,0.306160092354,-0.022966638207,-0.708705961704,0.180255174637,0.293602526188,0.213021740317,0.192870363593,0.185926869512,0.343956261873,-0.038532916456,0.245327308774,0.444778978825,-0.446305960417,0.184074729681,-0.303595900536,-0.309107065201,0.047966524959,-0.674161374569,-0.231724306941,-0.212503135204,-0.490625828505,-0.559760332108,-0.238482609391,0.410773545504,0.635904192924,0.052119448781,-0.034388218075,0.714431166649,0.345026403666,0.898534715176,-0.098493129015,0.272241085768,0.289770662785,-0.171965777874,-0.055107582361,-0.195496305823,-0.524865865707,0.018398005515,-0.550750672817,-0.294931948185,0.098147392273,0.225962087512,-0.140919670463,0.245343789458,-0.241433694959,0.305579751730,0.261679708958,-0.172632560134,0.733829319477,0.390473991632,0.072875857353,0.394240021706,0.458344936371,0.145130217075,0.110281027853,0.000699700438,-0.034021906555,0.135869473219,-0.258337616920,-0.964397132397,-0.377187907696,-0.017187936231,-0.797292172909,0.083671823144,-0.702330529690,-0.649280846119,0.697646617889,0.220607310534,0.153790041804,0.647239387035,0.638653635979,1.106761455536,0.303562998772,0.093821592629,0.304867714643,0.053494155407,-0.136869639158,0.089462868869,-0.108107827604,-0.309913784266,-0.090018525720,-0.603508055210,-0.103337526321,0.413210183382,0.110174007714,-0.011355726980,0.228777334094,-0.475244790316,0.442260056734,-0.201805949211,-0.254139423370,0.830758392811,-0.900897264481,0.032795369625,0.843093752861,-0.560620546341,0.756898880005,0.178197249770,-0.374129831791,0.609451413155,-0.236379384995,-0.702392280102,-0.411053419113,-0.634101450443,-0.209988325834,-0.602298021317,-0.848106920719,-0.157514914870,0.013590651564,-0.310362428427,0.113964736462,0.050345506519,0.584443330765,0.079082615674,0.304641336203,-0.280085980892,-0.208218500018,0.015129992738,-0.290416836739,-0.217203468084,-0.160334303975,-0.553360164165,-0.172097504139,0.193323105574,-0.252612411976,-0.034976787865,-0.599161744118,0.185358867049,0.227991223335,-0.564538896084,0.790348708630,-0.192643985152,0.073094002903,0.789665400982,0.467383444309,0.411444455385,1.282810211182,0.552207708359,0.599766731262,0.321409463882,0.032527837902,0.833972930908,0.497655779123,-0.729194879532,0.317487031221,-0.230341389775,-0.429583162069,0.575137317181,-0.219063848257,-0.004120000638,-0.681117236614,0.114454530180,0.576853632927,-0.424084335566,0.290153443813,-0.106844261289,-0.291651606560,0.683216333389,0.337156832218,0.159856855869,0.661710798740,-0.149777054787,-0.011532709934,-0.141178965569,-0.714192450047,0.127843499184,-0.506344377995,-0.904864907265,0.037771478295,-0.609253883362,-0.288231313229,-0.034515809268,-0.685973942280,0.195829674602,-0.401990234852,-0.538962781429,-0.305472761393,-0.451706022024,-0.086771085858,-0.167940452695,-0.650750219822,0.611542284489,-0.341914802790,0.066051721573,0.852646708488,-0.011536825448,0.325764060020,0.152151912451,-1.107103109360,0.000403356738,-0.127440139651,-0.357061237097,-0.287461638451,-1.066557526588,-0.465251415968,0.134832277894,0.220240995288,0.601293742657,0.298874974251,0.145253702998,0.645309031010,1.074591636658,0.667682945728,0.219450742006,-0.365190118551,-0.309572160244,0.198982462287,0.334049344063,0.353772640228,-0.306114822626,-1.048307657242,0.145196065307,-0.029852513224,0.168035119772,-0.429467916489,-0.643600881100,-0.519165337086,-0.352743685246,-0.009470650926,0.165676712990,-0.020040243864,-0.082033701241,0.327447474003,0.838241159916,0.897312283516,0.416873276234,0.220483839512,0.174505293369,-0.536254525185,0.049621108919,-0.021921202540,-0.730141520500,-0.010503738187,-0.191787883639,-1.261448740959,0.205641955137,0.091529048979,-0.559118270874,0.156448900700,0.134708806872,-0.165874272585,1.101587772369,0.373100847006,0.022583859041,1.226937055588,0.541345894337,0.366807669401,0.750737428665,0.064635857940,0.295532882214,0.849016547203,-0.847896993160,-0.299303025007,-0.634126126766,-0.246508583426,0.755215466022,-0.455554366112,-0.349109381437,-0.368046551943,-0.180074080825,0.836821138859,-0.064537070692,-0.217273458838,-0.282510221004,-0.863726735115,0.397294014692,-0.250953733921,-0.157757744193,-0.206716209650,-0.274056196213,0.596408188343,0.356620848179,-0.201349094510,0.551162242889,0.058062788099,-0.291544586420,-0.125085860491,-0.630961060524,-0.402393609285,-0.225776866078,-0.364906132221,0.035495389253,-0.327731430531,0.239762648940,0.728005349636,-0.427525192499,0.561604261398,0.776272356510,-0.386950790882,0.957593500614,0.106333881617,-0.770777642727,0.545251846313,-0.197196170688,-0.473277360201,-0.003807193600,-0.234177395701,0.012627534568,0.188931465149,-0.220685511827,-0.355410784483,-0.285601258278,-0.376093089581,0.204061463475,-0.605162680149,-0.304081588984,-0.006717124023,-0.337646603584,0.517045676708,0.527117252350,-0.369026124477,0.667839348316,-0.133758023381,0.239112347364,0.979000270367,-0.484093934298,-0.287169426680,-0.010265016928,-0.079588867724,0.315194457769,-0.513473093510,-0.456640958786,-0.132938966155,-0.506957650185,0.274471908808,-0.289964109659,-0.641847550869,0.464448779821,0.041677448899,-0.056412320584,0.566749155521,0.550524294376,0.735216438770,0.517996490002,0.375973731279,0.976699471474,0.659340083599,0.239490985870,0.348162710667,0.114763215184,0.124196827412,0.342877894640,-0.178032591939,-0.182930514216,0.514444470406,0.166964992881,0.244368314743,-0.069377355278,-0.415502727032,0.247261777520,-0.112915188074,-0.398183047771,0.018196327612,-0.400759607553,-0.167454779148,0.286914229393,-0.036849517375,-0.029325678945,0.116335481405,-0.364243447781,-0.362016767263,-0.221875011921,-0.731116950512,-0.837166905403,-0.630104959011,-0.921209156513,-0.822864174843,-0.925999999046,-0.211046129465,0.067344106734,-0.448722004890,0.508476436138,0.018801363185,-0.092331640422,0.678133189678,0.633891522884,0.489119410515,-0.004272288643,-0.707471251488,0.281403064728,-0.200793445110,0.047295633703,0.171414256096,-0.712994754314,-0.124184474349,-0.254583954811,0.126295924187,-0.123641185462,-0.049748700112,-0.157712474465,-0.107790917158,0.026082362980,0.233333632350,0.181119516492,0.650005280972,0.286975950003,0.291927367449,0.491313189268,1.196269631386,0.623799383640,0.315964132547,0.659397721291,0.299187809229,0.248303100467,0.210795059800,-0.731010019779,-0.374817162752,-1.034255981445,-0.397162318230,-0.272693842649,-0.306732207537,-0.302110046148,-0.652170181274,-0.295302391052,0.256308495998,-0.543918311596,1.115330696106,0.309728562832,0.161968305707,0.891430675983,-0.181790411472,0.437209874392,0.351714730263,-0.254065364599,0.422977119684,-0.676223456860,-0.450450658798,-0.413230746984,-0.079350143671,-0.100909158587,-0.422520279884,-0.182152599096,0.563386440277,-0.025633731857,0.538522362709,0.233090803027,-0.111643373966,0.773844003677,0.286938905716,-0.477619647980,0.190804198384,-0.102884776890,0.291787415743,0.505801081657,-0.162857338786,0.034133035690,0.222286596894,-0.268059343100,-0.143446817994,-0.531595349312,-0.016541741788,-0.018258064985,-0.729721724987,-0.517556071281,-0.521280944347,-0.214725703001,0.445853233337,0.243508100510,-0.281715840101,0.462567865849,0.495033919811,0.476434260607,0.658718585968,0.260535508394,-0.141092538834,-0.039249077439,0.359292060137,-0.371005862951,-0.569395601749,-0.298368722200,0.011030570604,-0.550359666348,-0.148501127958,0.102757185698,0.010693068616,0.697465479374,-0.513773560524,-0.240268900990,0.507142901421,-0.369754642248,0.193792328238,0.663040220737,-0.638398408890,0.649005115032,0.021859465167,0.447618961334,0.718514144421,0.409090131521,0.512962758541,0.302735686302,0.116677105427,-0.272640317678,-0.405254155397,0.269718050957,-0.826510846615,-0.166857972741,-0.439020842314,-0.002062058309,-0.193150252104,-0.013800561428,-0.394495218992,0.263568907976,-0.127501875162,0.071459993720,0.517741262913,-0.083622433245,0.021040404215,0.583294928074,-0.259761720896,0.347709953785,-0.162684470415,-0.452409863472,-0.119558230042,-0.242302149534,-0.200879886746,0.107399903238,-0.077444486320,-0.420820415020,-0.355810016394,-0.102374404669,-0.547721385956,1.021196365356,-0.244557648897,-0.474582105875,0.366461932659,0.021361442283,-0.041603364050,0.844633042812,-0.148920953274,0.037014152855,0.464848011732,0.678174376488,0.086688764393,0.678750574589,-0.450652360916,0.127061486244,0.151818528771,-0.245866492391,-0.414165019989,-0.396989464760,-0.303188443184,0.364239335060,-1.043232679367,-0.116121463478,-0.152226001024,0.296784132719,0.195850268006,0.670695781708,0.659163057804,0.324179440737,0.121924862266,-0.043233253062,0.461538851261,-0.282341480255,-0.093739278615,0.131379052997,-1.073505163193,-0.595906078815,0.091109223664,-0.937092304230,-0.558056354523,0.564032614231,-0.194343864918,0.159243583679,0.099793747067,-0.088639691472,0.101592384279,-0.061824709177,0.210498705506,0.501207768917,0.497433483601,0.067479938269,0.777338385582,-0.189450055361,0.277896314859,0.943257927895,0.064812839031,-0.436209708452,0.406916946173,-0.539415538311,-0.198607906699,-0.106041654944,-0.518440961838,-0.271076291800,-0.447944104671,-0.066430382431,-0.145117864013,-0.042599406093,0.595626175404,0.591901302338,0.625952005386,0.700494825840,0.033507417887,1.005963444710,0.664172112942,0.903136312962,0.046838767827,-0.354443550110,0.285646528006,-0.130313023925,0.137347072363,-0.102419681847,-0.273887425661,-0.666719853878,-0.251513481140,-0.222842231393,-0.145912230015,-0.375689744949,-0.148957982659,0.175250276923,-0.153868243098,-0.189450055361,0.319944202900,-0.501537024975,0.127769410610,0.139973014593,-0.519568741322,0.191256940365,0.255201309919,0.426175206900,-0.266989231110,-0.558871328831,-0.594984114170,-0.367663770914,-0.226892262697,-0.781968772411,-0.326167404652,-0.093290649354,-0.764328062534,0.098295569420,0.378780752420,0.221488118172,0.289523690939,0.431920945644,0.322203814983,0.087063312531,0.317301809788,-0.125777319074,0.178843438625,0.212758317590,-0.597852885723,-0.051143985242,0.021155647933,-0.480755925179,0.369326561689,-0.627734184265,-0.209683746099,-0.048332836479,-0.722201943398,-0.004087073728,-0.003741339315,-0.123353071511,0.329130858183,-0.029807239771,-0.422302156687,0.450463026762,-0.144500479102,0.076596617699,0.463172882795,-0.081560373306,0.441770285368,-0.241417229176,-0.000279880158,0.430105865002,-0.132856652141,0.197360798717,0.219096779823,-0.512267172337,0.038471177220,0.029259826988,-0.404295146465,-0.005354766268,-0.196200117469,-0.030613951385,0.091043375432,0.007918962277,0.497063100338,0.207119569182,0.286988317966,1.177739858627,0.947896540165,0.820040702820,0.750280499458,-0.061203207821,0.012150092982,0.124312065542,-0.217063531280,-1.012161970139,-0.237684115767,0.086976878345,-0.054020989686,-0.159235358238,-0.332913339138,0.458221465349,0.115722224116,0.095039896667,-0.493367016315,-0.186770632863,-0.400825440884,-0.136573284864,-0.688324153423,-0.560908675194,-0.102728366852,0.162742093205,0.067006610334,-0.165903091431,0.681870400906,0.762578845024,-1.154732108116,0.143405660987,-0.521429121494,-0.803177833557,-0.098501361907,-0.712035715580,-0.847180843353,-0.264523804188,0.298232913017,0.119364775717,0.060462351888,0.441655039787,0.424697607756,0.812018811703,0.949205338955,0.147348687053,0.079304866493,-0.231201604009,0.514448583126,0.140384599566,-0.222669377923,-0.004807353485,0.194269761443,0.302542239428,0.389222770929,-0.294927835464,-0.304114520550,-0.361131846905,-0.337193876505,-0.146529614925,-0.032070975751,-0.164676561952,-0.260230928659,-0.220496177673,0.004815584980,-0.007923078723,0.968825757504,0.100304111838,0.408188760281,0.208416059613,-0.241034448147,0.304855346680,-0.330229789019,-0.687081098557,0.183012813330,-0.790797293186,-0.531640589237,-0.601602435112,-0.783775627613,0.555187642574,-0.528845906258,-0.088804334402,-0.408283442259,-0.525256872177,0.679721951485,0.650960087776,-0.095809571445,0.898180782795,0.251324176788,0.272722661495,0.655055403709,0.403348505497,0.609953582287,0.765097677708,-0.552355885506,0.233440652490,0.193092614412,-0.430435121059,-0.258971482515,-0.025971233845,-0.309020638466,0.055490363389,0.058992981911,-0.083000935614,-0.048386346549,0.188030093908,-0.098246179521,0.411736667156,0.064516499639,-0.201521962881,0.009413028136,-0.019760362804,0.126394703984,-0.044393934309,0.079905793071,0.161601990461,0.126053094864,0.437432110310,-0.186128556728,-0.486209481955,-0.369948089123,-1.318997025490,-0.794036507607,-0.255851626396,-1.050546765327,0.521355032921,-0.886705636978,-0.028230855241,0.473763048649,0.135836556554,0.981683850288,0.397388696671,0.433629035950,0.566321074963,-0.413494139910,-0.436143875122,-0.046838767827,-0.018225139007,-0.126094251871,-0.262560516596,0.024633571506,0.234724804759,-0.320199370384,-0.160169661045,0.647119998932,0.183963581920,0.012788053602,0.197294950485,-0.448265135288,0.263951689005,0.321084290743,-0.052749183029,-0.128016367555,0.398199528456,0.374327391386,0.459838986397,-0.082251846790,0.414416104555,-0.123756423593,0.402179569006,-0.563658118248,-0.149587720633,-0.715093851089,-0.700107932091,0.002938741818,-0.216265052557,-0.644292354584,-0.361942678690,-0.494737595320,0.118558071554,-0.021279124543,0.056362930685,-0.314535945654,0.565246820450,0.391383618116,0.548231780529,0.282189190388,-0.320540994406,0.341264486313,0.778869509697,0.648815751076,-0.277167797089,-0.134980440140,0.168570175767,-0.249850675464,0.842352867126,-0.223089188337,0.092236988246,0.128234505653,-0.097690522671,-0.105086773634,0.276142954826,0.182765856385,-0.060351222754,0.187429174781,0.415593236685,0.189898684621,-0.128181010485,0.023744540289,-0.237556517124,0.127489537001,0.125567421317,0.322681248188,-0.627380251884,-0.093891568482,0.145405977964,-0.741056799889,-0.076209723949,-0.322372585535,-0.821612894535,-0.829075038433,-0.651001274586,0.083593621850,-0.277521759272,0.021320283413,-0.414646595716,0.110713191330,0.854935169220,0.421618908644,0.177954405546,0.177048906684,-0.496495097876,0.255542933941,0.099336877465,-0.174641102552,-0.436049222946,-0.775659024715,-0.178666442633,-0.066644407809,-0.251562863588,-0.104629911482,0.031494751573,-0.157329693437,0.803474247456,-0.422269195318,0.159181848168,-0.089944437146,-0.021773030981,0.695259392262,0.302587509155,0.197208508849,0.399010330439,0.554936528206,0.680565655231,-0.030469896272,0.145846381783,0.205139815807,0.576758980751,0.236469939351,-0.268302172422,-0.611859202385,-0.958038091660,-0.178510040045,-0.642325043678,-0.040298629552,-0.881976485252,-0.373977541924,0.437654405832,-0.061964645982,0.134474188089,0.117162786424,0.178942218423,0.314033806324,-0.073715500534,-0.311053901911,0.694193363190,-0.227065145969,-0.148398235440,-0.368676275015,-0.571819901466,-0.174303606153,-0.104432351887,-0.700881659985,-0.539242684841,0.106535561383,-0.195665046573,0.239556863904,-0.355221450329,-0.160099685192,0.529302775860,-0.106848374009,0.036018107086,0.548754453659,0.265803843737,0.399405479431,0.261091172695,0.299591153860,0.724687993526,0.547717273235,0.228299915791,0.427060097456,-0.301196336746,0.139614924788,0.015372830443,-0.619288384914,-0.024543022737,-0.274406045675,-0.816270530224,-0.256448417902,-0.143166944385,0.083527766168,0.761471629143,-0.128209814429,0.152880430222,0.693534851074,0.331707388163,0.761134147644,-0.130835741758,-0.088331006467,0.150480866432,0.087931767106,0.240557014942,-0.259737014771,-0.578532934189,-0.063549265265,-0.566316962242,-0.391507089138,-0.168121546507,-0.261296957731,-0.752947688103,-0.356019943953,0.023382341489,-0.155563980341,-0.574696898460,0.380019664764,0.556051909924,0.298418104649,-0.118274070323,0.065821230412,0.385485529900,0.391589432955,0.409695178270,0.197006836534,-0.827181756496,-0.451068043709,-0.073118694127,0.284374713898,0.157329693437,-0.640106499195,-0.288087248802,-0.048081766814,-0.608315408230,0.450607091188,-0.292404830456,-0.186252012849,0.331695050001,0.343087822199,0.950123190880,0.545350611210,0.580389142036,0.348627805710,-0.241030335426,0.546210885048,-0.038096632808,-0.237618267536,0.162877917290,-1.109514951706,-0.749029338360,0.322549551725,-0.598379731178,-0.500697374344,0.573960185051,-0.036495551467,0.142035067081,0.463308691978,-0.380184262991,0.059161730111,-0.520819962025,-0.958754241467,-0.129465162754,-0.389000535011,-0.281806409359,-0.043928839266,0.430603891611,0.089220039546,0.400508522987,0.031675849110,0.596786856651,0.138223767281,0.109844736755,-0.091442614794,-0.419169932604,-0.374422043562,-0.402105480433,-0.216236248612,-0.170430570841,0.130420044065,-0.024349575862,0.193557724357,1.144672870636,0.778935372829,0.607603371143,0.389144569635,-0.125946074724,-0.167891070247,0.386576235294,-0.169117599726,0.031194292009,-0.873872339725,-0.412971436977,0.139088094234,-0.125271067023,-0.899250864983,-0.405682206154,0.125501558185,-0.171484231949,-0.915813148022,-1.048554658890,-0.495536059141,0.002498342190,1.030806899071,0.226550653577,-0.924514174461,0.384888738394,1.152266740799,-0.172554358840,1.029831409454,0.063849717379,0.150814265013,0.019122401252,-0.007902499288,0.071361213923,0.366667747498,-0.275562614202,0.027584660798,-0.354336529970,-0.112536527216,0.030354650691,-0.161857172847,0.204769402742,-0.097126655281,-0.436522513628,0.721131861210,0.515119493008,0.390445172787,0.673214673996,0.559459865093,0.569012820721,0.959132909775,0.400208055973,0.236556366086,-0.141034901142,-0.631323218346,0.074065349996,-0.028572471812,-0.334246903658,-0.428768217564,-0.557389616966,-0.147196397185,-0.031301304698,-0.426664948463,0.408155858517,-0.270862281322,-0.219907611609,0.111491091549,-1.117219924927,-0.071682251990,0.020081402734,-0.534855127335,0.003218621947,-0.391803443432,0.017393730581,0.375241130590,-0.136178165674,-0.055375114083,-0.402183681726,-0.204016193748,-0.454517185688,-1.101966500282,-0.292968690395,-0.627808272839,-0.836244881153,-0.396532565355,-0.734393239021,0.086989223957,1.000604510307,0.317198902369,0.616868257523,0.913179039955,-0.145562380552,0.730310261250,0.386004149914,0.332596421242,0.479171305895,-0.122752152383,-0.021382022649,0.225299432874,0.074872061610,-0.021546658128,-0.277422994375,0.296849966049,0.411127537489,-0.757100582123,0.837673127651,-0.276780903339,-0.591213941574,0.380855172873,-0.059272859246,0.713426887989,0.271932393312,0.164717718959,0.637727558613,0.436477243900,1.202398180962,0.120916463435,-0.456892043352,0.103037066758,-0.708228588104,-0.098468437791,-0.128045171499,-1.083617806435,-0.511526286602,-0.467124104500,-0.706993818283,0.191038787365,-1.057284355164,-0.212511375546,-0.183140411973,-0.570366978645,0.375039458275,0.132996588945,0.243339344859,0.322973489761,0.388416051865,0.115627557039,0.127213776112,0.043838292360,0.685183703899,-0.418305635452,0.079152584076,-0.508015453815,-0.876016676426,-0.289643049240,0.167821094394,0.442173629999,0.053728759289,-0.699959754944,0.253604352474,0.463432163000,-0.013314887881,0.252982854843,0.135153308511,-0.068792901933,0.396018087864,-0.369017869234,-0.473738372326,0.222961604595,-0.066088765860,0.629993796349,0.260305017233,-0.245504304767,-0.161326214671,-0.177427560091,0.064672894776,-0.081198178232,-0.161873638630,-0.680211722851,-0.172998875380,-0.745353817940,-0.334024637938,-0.166788011789,0.109379634261,0.471067160368,0.526417553425,-0.153152078390,0.830013453960,0.121303364635,0.684339940548,0.184379309416,-0.514806687832,-0.646938920021,0.174073114991,0.454138517380,-1.020303130150,-0.143549710512,-0.207728713751,-0.447997599840,0.882396340370,0.604286015034,-0.409028440714,-0.044887840748,0.209873080254,-0.316581517458,0.530706286430,-0.295574039221,-0.016245396808,0.923546969891,-0.363160997629,0.097377724946,0.950514256954,-0.000312807271,0.972822368145,0.502384901047,-0.133502840996,0.203468784690,-0.322269678116,-0.452636212111,-0.354772806168,-0.531393647194,-0.860289931297,-0.038512337953,-0.176999524236,-0.758631706238,-0.061458390206,-0.534620523453,0.497112452984,0.205551400781,0.038388859481,0.123884014785,-0.022921361029,0.335325270891,0.662529885769,0.066475659609,0.647897899151,-0.116368412971,-0.022196967155,0.265738010406,-0.665275156498,-0.061392538249,-0.001773946453,-0.459917217493,0.058717217296,-0.039862345904,-0.015932591632,0.028202043846,0.063611000776,0.145986318588,0.219586580992,0.609879493713,-0.308753103018,0.383394658566,0.520836412907,0.273969769478,0.259164929390,-0.052193537354,0.361897408962,0.308049291372,0.110054641962,-0.362325459719,-0.396203309298,0.040541466326,-0.461946338415,-0.474549204111,-0.418918877840,-0.731232285500,-0.128218039870,-0.693028569221,-0.267211467028,-0.631430268288,0.346051245928,0.569486200809,0.204551234841,0.515601038933,0.532986521721,0.007281000260,0.751951634884,-0.128432080150,-0.045324124396,-0.002119680867,-0.898160159588,-0.388963460922,-0.203341171145,-0.906252026558,-0.450635880232,-0.399335473776,-0.193919911981,0.090063787997,0.198990687728,0.296528905630,0.209469735622,0.064425945282,0.500981390476,0.049156010151,0.121467992663,0.854717016220,-0.223587214947,0.846509933472,0.153427839279,0.589740455151,0.820600390434,-0.719637751579,0.681364178658,-0.153069764376,-0.098357297480,-0.485065251589,-0.475368231535,-0.043657191098,-0.917220830917,-0.213108167052,-0.256806522608,-0.082350626588,0.467535704374,0.405270606279,0.597305476665,0.654652059078,0.739949643612,0.816546320915,0.363621950150,0.363543748856,0.528249144554,0.300521343946,0.041504584253,-0.001889191219,-0.101135529578,0.264848977327,-0.457920998335,-0.359946459532,-0.014014587738,-0.398504078388,0.283736765385,-0.081527449191,-0.870451986790,0.050082091242,-0.135840669274,-0.398606985807,0.445770919323,-0.195994332433,-0.053201928735,-0.087664231658,-0.137738093734,0.035273134708,-0.108210727572,0.364292860031,-0.172035753727,0.486505836248,-0.525577962399,-0.265536308289,-0.360938400030,-1.135045766830,-0.025176865980,0.041269976646,-0.478706210852,-0.217388689518,-0.313568681479,0.163688734174,0.252390176058,0.620362639427,0.025045158342,0.520614147186,0.586863458157,0.142808869481,0.365416496992,-0.239326357841,0.332847505808,-0.159630477428,0.354044288397,-0.272866696119,-0.317227721214,0.114232271910,-0.416264116764,-0.200682327151,0.409707516432,0.172681957483,-0.104716338217,-0.458328485489,-0.130452975631,0.086244247854,-0.202303975821,0.299002587795,0.338313400745,-0.438349992037,0.314391881227,0.120797105134,0.244800493121,0.445100009441,0.301159292459,0.055733196437,0.182774096727,-0.101674705744,0.679993569851,-0.026740903035,-0.393227517605,-0.309074133635,-0.277785181999,-0.465881139040,0.433221578598,-0.787121772766,-0.817455947399,0.147447466850,-0.275896012783,0.638501346111,0.496960192919,-0.633224785328,0.786323308945,0.397540956736,0.394787460566,0.531652987003,0.321565866470,-0.270026743412,0.346697449684,-0.202398642898,-0.543082773685,-0.005663457792,-0.473215609789,-0.146422609687,0.378579080105,-0.382999569178,-0.224188134074,0.074946150184,0.012351769954,0.182226672769,-0.540975451469,0.167718201876,-0.078354097903,-0.318742364645,0.256452560425,-0.323533236980,0.691575706005,0.458945840597,0.087083891034,0.477763682604,0.005037843250,0.171677678823,0.616740643978,-0.617814898491,-0.254851460457,-0.246488004923,-0.325517117977,-0.144253522158,-0.703577578068,0.105918176472,-0.260687798262,0.218648150563,0.579730629921,0.564658284187,0.440304994583,0.449195325375,0.599013507366,0.409151881933,0.418671905994,0.151518076658,0.088075824082,0.180535063148,-0.184202313423,-0.404274553061,-0.409625232220,-0.076872378588,-0.457184284925,-0.373911678791,-0.304962396622,0.263819992542,-0.194850116968,-0.243610993028,0.197969943285,-0.181934460998,0.497532278299,0.340420722961,-0.207819268107,0.705376267433,-0.108540005982,0.570004761219,-0.537756860256,0.186634808779,0.036532595754,-0.093043692410,0.117463245988,-0.440848320723,-0.654771447182,0.323446810246,-0.645601212978,-0.824872732162,-0.171545967460,0.021941781044,-0.359123289585,-0.070011205971,0.087742432952,-0.029626138508,-0.092438660562,0.790414512157,0.242236286402,0.708055675030,0.427644550800,0.114318706095,0.577606797218,0.211128428578,0.783573985100,0.081091165543,-0.532961845398,-0.039035052061,-0.036553174257,0.228373989463,-0.435637593269,-0.382287502289,-0.005733427592,0.382229894400,-0.461263120174,0.076337315142,0.299158960581,-0.268614977598,0.162149399519,-0.072645366192,0.280769199133,0.347430080175,0.437074065208,-0.266293644905,0.226966351271,0.756038725376,0.516992151737,-0.377508938313,0.081025309861,-0.526849746704,0.243606880307,-0.470811933279,-0.587242126465,-0.750531613827,-0.196097224951,-0.553314864635,0.171982243657,-0.356522083282,0.018574988469,0.514979481697,0.505233108997,0.795542955399,0.620473742485,0.295026630163,0.078823313117,-0.048678569496,0.395417183638,-0.460954397917,0.060108382255,-0.285037368536,0.198389768600,-0.577051162720,-0.298525124788,0.142417848110,0.110235750675,-0.167697608471,0.278032124043,-0.382834911346,-0.114833191037,0.086853399873,-0.091080412269,-0.285811156034,0.015697984025,0.032346740365,0.810771703720,0.360559731722,-0.181263566017,0.417239606380,0.440473765135,0.034137148410,0.464996218681,-0.016253629699,-0.364782661200,-0.166973218322,-0.542103171349,-0.075452402234,-0.052172955126,-0.307917594910,-0.413790464401,-0.265408724546,-0.138092055917,-0.017998764291,-0.028037406504,0.140059441328,0.530479967594,0.691983163357,0.442214757204,0.472478896379,0.177439898252,0.270133763552,0.936709582806,-0.141849860549,0.099279262125,0.145644694567,-0.767332613468,-0.244800493121,-0.016142500564,-0.097599983215,0.355797678232,-0.169360429049,-0.262712806463,0.275747835636,-0.423582196236,0.129905566573,0.222879290581,-0.459522098303,0.003490270348,0.010816545226,-0.761348128319,-0.219384893775,0.167545333505,-0.260679572821,0.319771349430,0.158498615026,-0.044393934309,0.123999267817,-0.306283563375,0.115063674748,-0.888376712799,-0.353784978390,-0.331699162722,-1.112136721611,-0.376414120197,-0.294293999672,-0.518041729927,0.796514332294,-0.241227895021,0.375706195831,0.835730433464,0.589094281197,1.000419378281,-0.067195937037,0.050613034517,0.233580589294,0.409472912550,-0.048773236573,0.069410286844,0.461135506630,-0.554936528206,-0.376582890749,0.582862794399,-0.588542699814,0.224760249257,0.340918749571,-0.894772827625,0.240223631263,-0.387773960829,-0.524162054062,0.446655839682,0.318326652050,0.723733067513,0.009310130961,-0.323780208826,0.707705855370,-0.138116747141,0.303814053535,0.432809978724,-0.854951620102,0.118990235031,0.058564923704,-0.655693411827,-0.061923488975,-0.855754196644,-0.440235078335,-0.007239841390,-0.423985540867,-0.186848819256,-0.186284959316,-0.960561096668,0.205823063850,0.048789698631,-0.117372691631,0.646724879742,0.297467350960,-0.031589418650,0.353657394648,0.166047140956,0.227205082774,0.595276355743,0.473816543818,-0.109762422740,-1.106860280037,-0.466696083546,-0.306880384684,-0.092249326408,-0.327764391899,-0.012479362078,-0.093945071101,0.327517420053,0.181053668261,-0.049954492599,0.159531697631,0.148282989860,0.486258864403,-0.091393224895,-0.158148765564,0.053066104650,0.517346143723,0.220372721553,0.099662035704,0.248747617006,0.272422194481,0.338613867760,0.059112336487,-0.327426880598,-0.544572710991,-0.430472195148,-0.919929087162,-0.256678938866,0.177464604378,-0.567420005798,0.168364390731,0.490679353476,-0.151481017470,0.820077717304,0.988997757435,0.535731792450,0.633121848106,0.379859119654,-0.068401895463,-0.446960389614,-0.138721793890,-0.479525297880,-0.210930868983,-0.096031829715,-0.210362881422,-0.151876151562,0.383633404970,-0.246154621243,0.013442480937,0.036454390734,-0.475895076990,0.531891703606,-0.143438592553,-0.300731241703,0.002831728896,-0.367560893297,0.877230882645,-0.114783793688,-0.334156334400,0.692950367928,-0.135243862867,0.169582694769,0.351381301880,-0.256296157837,-0.033923123032,-0.770049154758,-0.584439218044,-0.351233154535,-0.123353071511,-0.410851746798,-0.147048220038,-0.698869049549,-0.267939984798,-0.254851460457,-0.345890730619,0.384719997644,-0.036684881896,-0.390943199396,0.505171358585,-0.207218348980,0.656722366810,0.882429242134,-0.382616788149,0.132070511580,0.666942059994,0.127703562379,0.101868152618,-0.344380199909,-0.908062994480,-0.221055939794,0.619448900223,-0.792612433434,0.273076623678,-0.036923605949,-0.514477372169,0.572931170464,0.044805523008,-0.451985895634,0.038730479777,-0.499470889568,0.440292656422,-0.004687992856,-0.336790502071,0.488242715597,0.130983918905,0.434044778347,0.498631209135,0.182403668761,-0.133819773793,0.503475606441,-0.375035345554,-0.375628024340,-0.930572748184,-0.446326583624,-0.117397382855,-1.061906576157,0.190828889608,-0.557784736156,0.364864975214,0.935569405556,-0.381851226091,0.856980741024,0.767242133617,0.005930989981,0.225093618035,-0.247200056911,0.058832459152,0.320586264133,-0.413543552160,-0.296594798565,0.025761323050,-0.279143422842,0.127226114273,-0.494568854570,-0.010553129017,0.098842978477,0.033663820475,-0.390840321779,-0.230431944132,-0.116763539612,0.154366254807,0.223525479436,-0.072600089014,0.528146207333,0.715929389000,0.507986605167,0.168780103326,0.252838820219,0.504175305367,-0.192310616374,0.105267867446,-0.037779707462,-0.136363387108,-0.254859715700,-0.996941447258,-0.356390386820,-0.167203709483,-0.559620380402,-0.650112271309,-0.028877047822,-0.263083249331,-0.042780507356,-0.071283012629,-0.236243560910,0.609813630581,0.733047306538,0.499540805817,0.299759894609,0.795649945736,0.327109962702,0.106700204313,0.306979149580,-0.334288060665,-0.277134865522,-0.025078088045,-0.622169494629,0.007392129395,-0.949151933193,-0.447462528944,-0.167932212353,-0.364869087934,0.247998535633,0.126876264811,-0.401677459478,-0.161643147469,-0.304995298386,-0.251241832972,0.095496758819,-0.157136246562,-0.308374434710,0.242495596409,-0.485168159008,0.307547152042,0.424944519997,-0.352138638496,-0.088359817863,-0.288848668337,-0.055469781160,0.208000376821,-0.191861972213,-0.706586301327,-0.590506017208,-0.063870303333,-0.102102749050,0.151192918420,0.811508417130,-0.018789015710,0.641826987267,0.934034228325,0.028309056535,0.384682923555,0.303986907005,0.154185160995,0.487263143063,-0.616621315479,-0.115121304989,-0.062919534743,-0.998554825783,0.171196117997,-0.282041013241,-0.452430427074,0.173418700695,0.023958565667,-0.644646346569,0.451364398003,-0.059141151607,0.305324584246,-0.119768135250,-0.749803125858,0.468062549829,0.715505421162,0.388424307108,-0.029926599935,0.155033037066,0.782405018806,0.202801987529,0.401092976332,-0.452685594559,-0.250764399767,0.531056165695,-0.121875472367,-0.691052973270,-0.054420232773,0.135984718800,-0.406221359968,-0.315412610769,-0.051530878991,0.166117116809,-0.035923443735,0.083091482520,0.263651251793,-0.171430721879,0.898843407631,0.647988438606,0.028844121844,0.085095919669,-0.232658624649,0.475022524595,0.832874000072,-0.314889907837,0.024715887383,-0.452306956053,-0.009359521791,0.203756868839,-0.055741429329,-0.460909128189,-0.174953922629,-0.038339469582,0.607467591763,0.065014518797,-1.069372773170,0.164684787393,-0.065314978361,-0.757092356682,0.335386991501,-0.694407403469,-0.230382546782,0.254048883915,0.192499950528,0.036149814725,-0.329007387161,0.155255302787,-0.206901401281,0.048394571990,-0.638628900051,-0.474940210581,-0.554302692413,-0.251822203398,-0.675881803036,-0.533608019352,-0.495038032532,0.231839567423,-0.237737625837,0.770662367344,-0.153831198812,0.418581366539,0.651322305202,0.499878346920,0.462831258774,-0.094595380127,-0.477883040905,0.256864160299,0.017319643870,0.268417418003,-0.806964457035,-0.189079642296,-0.023723959923,0.081206411123,0.142183244228,0.353081166744,-0.289980560541,-0.182148486376,0.242582023144,0.476495981216,-0.151987284422,0.216158047318,-0.396223872900,0.895114421844,0.679676651955,0.182271957397,0.298673301935,0.832466483116,0.269327044487,0.006918802392,0.381830662489,-0.683327436447,-0.190314412117,0.324920296669,-0.896954238415,-0.820275247097,-0.981494545937,-0.272525101900,0.344853550196,-0.373804658651,-0.078564010561,-0.354513525963,-0.125188753009,0.171229049563,0.388518959284,0.259234875441,0.636007130146,0.001469370909,0.944328010082,0.456501036882,0.082391783595,0.387918055058,-0.081642694771,-0.717555165291,-0.114779680967,-0.354394167662,0.088211648166,-0.676626801491,-0.292762905359,-0.724580943584,0.282962977886,0.305884331465,-0.254974961281,0.226739972830,0.505043804646,-0.530381143093,0.637274801731,0.701371431351,-0.596618115902,0.092586837709,-0.367935389280,0.516461253166,0.600935637951,-0.759985804558,0.080053962767,-0.055263984948,-0.630664706230,-0.526520431042,-0.638723552227,-0.703647553921,-0.178695261478,-0.490518808365,-0.544177591801,-0.262408256531,-0.397326946259,0.363868921995,0.559385836124,-0.198904246092,0.197253778577,0.394758611917,0.735006511211,0.367902487516,-0.281711727381,0.224249869585,0.040537349880,-0.465148478746,-0.378521502018,0.221220582724,-0.392132699490,-0.282987684011,0.168541371822,0.005976264831,-0.073328606784,0.258596926928,0.052362289280,0.314107865095,0.263531863689,0.466963618994,0.108873389661,-0.168245032430,0.685661137104,0.643987834454,0.846876263618,0.032062742859,0.308069884777,0.598095715046,-0.131605416536,-0.080988273025,0.569490313530,-0.847382485867,-0.206621542573,0.030111812055,-0.401809126139,-0.450232535601,-0.496931344271,-0.241022109985,-0.357633352280,-0.191656187177,0.192516401410,0.142454892397,0.563028335571,0.753956019878,0.422046959400,0.250867277384,0.208292573690,0.203756868839,0.537308156490,0.003844236257,-0.126575812697,-0.666036605835,0.185893937945,-0.379394024611,-0.169463336468,-0.013619462959,-0.480422556400,0.243771508336,0.290367454290,-0.260453194380,0.175789430737,0.237939298153,-0.427928537130,-0.270742893219,-0.241474851966,-0.436073899269,0.123991034925,0.452500402927,-0.285148501396,0.499557316303,0.022802000865,0.558566749096,0.054008644074,0.051395054907,-0.009787574410,-0.301291018724,0.130938649178,0.001852148212,-0.985684514046,-0.534929215908,-0.394470542669,-0.682170867920,0.790826141834,0.328554630280,-0.980177402496,0.604290127754,-0.095924817026,0.729203104973,0.118393428624,-0.318730026484,1.012717604637,0.017817666754,-0.310679346323,0.275974184275,-0.510032236576,-0.172550246119,0.223031565547,-0.430673867464,-0.275768399239,-0.226785257459,-0.658010661602,0.252546578646,-0.085170008242,-0.002296663821,-0.840694189072,-0.152143687010,0.185239523649,0.497034251690,-0.133264124393,0.475516408682,-0.066607370973,0.553384840488,1.142977118492,-0.086964532733,0.298051804304,0.807952284813,-0.253810137510,0.200027897954,-0.306230068207,-0.634825825691,-0.273039579391,-0.320162355900,-0.349463313818,-1.063622951508,-0.285527169704,-0.449215918779,-0.155576333404,-0.139289766550,-0.006585415453,0.440626084805,0.402443021536,0.242170438170,1.057506680489,0.079041451216,0.633940935135,0.440831869841,0.222821667790,-0.243100628257,-0.425109177828,0.156271919608,-0.819834947586,-0.160449534655,-0.375360488892,-0.223072737455,-0.069611966610,-0.065952941775,0.319437950850,-0.000683236925,-0.543720781803,0.651157677174,0.285370767117,-0.108585268259,-0.079029105604,0.062211599201,0.306896835566,0.376706361771,0.406118452549,0.103930212557,-0.069887727499,0.357094198465,-0.355032116175,-0.091273866594,-0.130127817392,-1.109901905060,-0.203740417957,-0.236741587520,-0.760175168514,0.144706279039,-0.091442614794,0.267540752888,0.527763485909,0.380208998919,0.277089595795,1.002711892128,0.536633193493,0.365507036448,0.528829455376,-0.225970312953,-0.068187862635,0.337667196989,-0.114672675729,-0.209963634610,-0.652203142643,-0.504936754704,-0.335263520479,-0.441346347332,-0.262844532728,-0.521490871906,-0.598276793957,0.230440169573,-0.183321505785,-0.413033187389,0.229271247983,0.159511119127,-0.538263082504,0.247862696648,0.156823441386,-0.162705048919,0.241466626525,0.097246021032,-0.164725944400,-0.179481387138,-0.065796539187,0.575227856636,-0.056227106601,-0.613472640514,-0.199118271470,-0.775251626968,-0.041381105781,-0.175229683518,-0.369120776653,-0.075501792133,-0.020044358447,0.324245274067,0.096505157650,0.563464641571,0.200089633465,0.376047819853,1.035075068474,0.504023015499,0.455451458693,0.321051359177,0.558904230595,0.782787799835,-0.072176158428,-0.330291539431,-0.036754850298,-0.411292135715,-0.010861819610,0.356406837702,-0.318380177021,-0.276743888855,0.459489166737,-0.099699079990,0.084536157548,0.506710708141,0.067562252283,0.101464793086,0.025193331763,0.132165178657,0.060454118997,-0.701404452324,0.081638582051,0.059083528817,-0.013314887881,0.260416150093,0.424483567476,-0.183626100421,0.240211278200,0.149892300367,-0.263725310564,-0.346738606691,-0.177415221930,-0.508583426476,-0.331966698170,-0.641563534737,-0.857421159744,0.453191876411,0.284152448177,0.462065726519,0.466712534428,0.510764837265,0.446581721306,0.641151964664,0.180794358253,0.393449783325,0.020604120567,-0.327867269516,-0.092870824039,0.017369033769,-0.030062422156,-0.322487801313,-0.028963482007,0.247582837939,0.348903596401,0.002539501060,-0.040545582771,-0.574396431446,0.420676350594,-0.104333564639,-0.299265980721,-0.297475576401,0.266581743956,-0.118537485600,0.705824911594,0.280843287706,0.452895522118,0.867529809475,-0.092459231615,0.016442960128,0.276678025723,-0.013734707609,-0.146270319819,-0.532085120678,-1.210806965828,-0.148414686322,-0.816665709019,-0.275883644819,-0.255110800266,-0.331464558840,-0.651894450188,-0.239725604653,0.409958600998,0.119772247970,0.165318638086,0.413769900799,0.727902412415,0.658714473248,0.483579427004,0.668082237244,-0.206539213657,-0.016846317798,0.124958261847,-0.056383505464,-0.034137148410,-0.681071937084,-0.732532858849,-0.181596964598,0.547301530838,-0.107350513339,0.096040055156,-0.008556924760,-0.081548027694,0.390334069729,-0.006725355983,0.395231962204,-0.515823304653,-0.196418255568,0.068455398083,0.645798802376,0.606039345264,0.388971686363,-0.422553211451,0.041216470301,0.526462793350,0.098501361907,-0.394824475050,-0.172150999308,-0.893710851669,-0.029844280332,-0.167343646288,-1.023480653763,-0.073147505522,-0.097472392023,0.474149942398,0.715163826942,0.390445172787,0.170788645744,1.411946058273,0.824860334396,0.039150297642,0.464843899012,-0.218623459339,-0.303357183933,0.062569685280,-0.447376102209,-0.265141189098,0.195138230920,-0.478533357382,-0.017484279349,0.133498728275,-0.136297523975,0.114199347794,0.150386214256,-0.655154228210,-0.062166325748,0.069043971598,0.576018095016,0.354208946228,-0.100863881409,-0.239219352603,0.532443225384,-0.226933419704,0.826938867569,-0.107589237392,-0.269722163677,0.250221103430,-0.785911738873,-0.163166016340,-0.938253045082,-0.320063561201,-0.535764753819,-0.943064510822,-0.397487461567,-0.282296210527,-0.422709614038,-0.378142803907,-0.242326840758,0.155794486403,-0.321545273066,-0.078856237233,0.452039420605,0.097896322608,0.727318048477,0.674737632275,-0.176180452108,0.450166672468,0.457538217306,-0.360782027245,-0.258457005024,0.005408272613,-0.113800108433,0.274336069822,-0.067307069898,-0.757063508034,0.542909920216,0.422359734774,0.236107736826,0.374187439680,0.120093286037,-0.021073330194,0.246537402272,0.410950541496,-0.246286332607,0.220697864890,-0.274714738131,0.682841777802,0.410958766937,0.383464634418,0.077152267098,0.319051057100,-0.171739414334,0.456044167280,-0.324142396450,-0.394812136889,-0.507538020611,0.434456348419,-0.661299228668,-1.212379217148,0.284489959478,-0.401434570551,1.051777362823,0.207148358226,-0.142957031727,1.117318749428,0.740386009216,0.560373604298,0.030601603910,-0.504525125027,-0.256695389748,-0.032795369625,-0.053539428860,-0.802618145943,-0.040393292904,-0.368713319302,-0.276336401701,0.133811533451,-0.543202102184,0.002934626071,0.360432147980,-0.057585347444,0.062532640994,0.020842840895,-0.353978425264,-0.117253325880,0.444955974817,0.166718035936,0.247237101197,0.708681285381,0.590827047825,0.549742281437,0.344812363386,0.370779484510,0.433427363634,-0.031375389546,0.392914712429,0.085799738765,-1.052505850792,-0.075143709779,0.108116067946,-0.507546246052,-0.094887614250,-0.290268659592,-0.939981698990,0.369042605162,0.047332677990,-0.017834128812,0.387024879456,0.014175107703,0.475874483585,0.635949492455,0.395038515329,0.272080570459,-0.177419334650,0.252451926470,-0.442008972168,-0.597741723061,0.097488850355,-0.246858432889,-0.262963891029,-0.552104830742,-0.884392559528,0.003836004762,-0.066187545657,-0.247125953436,0.025201562792,-1.019846320152,-0.209037557244,0.098336718976,-0.091368533671,0.175929382443,-0.253624945879,-0.034758646041,0.515625715256,0.256267338991,0.813319385052,0.179403200746,0.288951575756,0.222377151251,0.223570749164,0.175830602646,-0.298792660236,-0.346841514111,-0.352455556393,-0.069599613547,-0.072542473674,-0.003128072480,-0.003988292534,0.475446462631,0.656100869179,0.738928914070,0.657965362072,0.695271730423,0.609484374523,0.508258283138,0.353118240833,0.162116467953,0.444540262222,0.286700189114,0.007149291690,-0.427167147398,-0.067051880062,-0.579520702362,-0.822934210300,0.257189303637,-0.156284257770,0.005980380811,-0.606619656086,-0.107770331204,0.197426646948,-0.559665679932,-0.240499377251,0.198295101523,0.226332500577,0.221875011921,0.384802341461,0.146710723639,-0.069657236338,0.375640362501,-0.264429122210,0.014216266572,-0.060651682317,-0.803079128265,-0.595338046551,0.265791505575,-0.924794018269,-0.311148554087,-0.298879116774,-0.922785460949,0.134852856398,0.474499791861,-0.488547295332,0.097147233784,0.333691269159,0.523487091064,0.738838374615,0.444301515818,0.079222552478,0.551392793655,0.373553603888,0.265762686729,-0.034540504217,-0.077868424356,-0.093364737928,-0.187783136964,-0.317046612501,-0.183815419674,-0.355077385902,-0.309115320444,-0.138952270150,-0.167586490512,-0.093097202480,-0.345783710480,0.168253257871,-0.349467426538,0.041179429740,-0.162705048919,-0.577331066132,0.291540473700,0.038685202599,0.112705275416,-0.129996106029,0.278316140175,-0.021167995408,-0.477487921715,0.066278092563,-0.551853716373,-0.293960630894,-0.134395986795,-0.685360670090,-0.366737663746,-0.284522891045,-0.004111769143,0.223208561540,-0.423203527927,0.065310865641,0.058676052839,0.481455624104,0.586600065231,0.440724849701,0.269578129053,0.479204237461,0.090837575495,-0.150756627321,0.057605922222,-0.145714670420,-0.402895748615,-0.091323256493,-0.745905399323,-0.112614728510,-0.132338047028,-0.612637102604,0.600281238556,-0.287618041039,0.086779318750,0.491979956627,-0.040150456131,0.242940098047,-0.220566168427,0.394491106272,0.054531361908,-0.182370737195,0.785566031933,0.372615158558,0.116508349776,0.127020329237,0.087030380964,0.025790134445,0.743843317032,-0.444017559290,0.068924613297,-0.486382335424,-0.552874445915,-0.414477825165,-0.528352022171,-0.400031059980,-0.127938166261,-0.042167238891,-0.767859518528,0.514629662037,0.065125651658,0.380200743675,0.816529810429,0.149349004030,0.370623081923,0.197739467025,0.573309838772,0.464885085821,0.012318843976,0.467239350080,-0.257633805275,-0.319643735886,0.248566508293,-0.676667928696,-0.215124949813,0.178645879030,0.062281571329,-0.102831274271,-0.348743051291,-0.150785446167,-0.808841347694,0.131440773606,0.263770580292,-0.400677293539,-0.009301899932,-0.241939932108,0.007881919853,0.374043405056,0.079893440008,0.404863148928,0.555121719837,0.522009432316,-0.011680881493,-0.113532572985,-0.571486473083,-0.577726185322,-0.344668328762,-0.723905980587,-0.496260493994,-0.566037058830,-0.621877253056,0.291470497847,-0.191800251603,0.833915352821,0.556167185307,0.022999564186,0.680384576321,0.525709629059,0.295220077038,-0.049086045474,0.615810453892,0.234321460128,-0.894501090050,-0.122340559959,0.223319679499,0.011215786450,-0.673815608025,-0.371713787317,-0.347479462624,-0.525598526001,-0.152711674571,-0.202773198485,0.118973769248,-0.848481416702,0.049938030541,-0.112771123648,-0.193640023470,0.268845498562,0.260613709688,-0.530870974064,0.594185590744,0.238223299384,-0.039298471063,0.224928990006,-0.220006391406,-0.692102491856,0.355003327131,-0.335605144501,-0.936450242996,-0.569535553455,-0.717863857746,-0.414695978165,0.036260943860,-0.338831990957,-0.485349267721,0.129897326231,0.118961423635,0.849646270275,0.460094213486,0.316091746092,0.934840917587,0.710969746113,0.786759674549,0.086211323738,0.171056181192,0.565707802773,0.433312118053,0.168598994613,-0.663143157959,-0.223739504814,0.483801722527,0.081189945340,-0.147871404886,-0.033980745822,-0.358242511749,0.540469169617,0.599219322205,0.186980545521,0.278842985630,-0.474615007639,0.443268448114,0.016887474805,-0.272199928761,0.274706512690,-0.178966909647,0.005083118100,0.046048521996,-0.418869465590,-0.568465471268,0.047731917351,-0.686949431896,-0.507435142994,-0.466951280832,-1.315226912498,-0.770197331905,-0.225999131799,-0.490778148174,-0.501804590225,-0.045534037054,-0.593029022217,0.345656126738,0.130823403597,0.099427431822,0.515242934227,0.343042522669,-0.506130397320,0.721399366856,-0.586953997612,-0.348459035158,-0.237601801753,-0.286461472511,-0.431101888418,-0.296619474888,0.423903226852,-0.249928891659,-0.234000399709,0.193298429251,-0.056054238230,-0.141479432583,0.625630974770,0.001728671719,0.055708501488,0.500804424286,0.047888323665,1.122978091240,0.816957890987,0.352212756872,0.605397284031,-0.388444870710,0.001494066208,0.709763765335,0.192598730326,-0.488045156002,-0.367569118738,-0.490086674690,0.167557671666,-0.152365937829,-0.739365160465,-0.293758928776,-0.457394182682,0.289313793182,0.151732102036,-0.199274674058,-0.237079083920,0.783652186394,0.127913475037,0.519651055336,0.345252782106,-0.456747978926,0.871987283230,0.252114415169,0.160692378879,-0.389247447252,-0.861989796162,-0.170722782612,-0.609274446964,-0.592633903027,0.124703079462,-0.548083543777,-0.081930801272,-0.061762969941,-0.343828678131,0.136120542884,0.296985805035,-0.617226362228,0.129432231188,-0.724515080452,-0.413387119770,0.526269435883,0.603405177593,-0.362037330866,0.463045269251,-0.161577299237,0.554063975811,0.646181583405,0.122879743576,0.344746530056,-0.294565647840,-0.597737610340,-0.396149784327,-0.382024109364,-0.264046370983,0.071768686175,-0.533027648926,0.095023430884,0.129983767867,0.555467486382,0.982939124107,0.150624915957,0.499009877443,0.547614395618,0.432954072952,0.057688243687,0.259485960007,0.128098681569,-0.792760610580,-0.431908607483,0.120229117572,-0.309835582972,0.231485605240,-0.101851686835,-1.135613799095,0.236309409142,-0.353184074163,-0.324994385242,-0.130996271968,-0.680450439453,-0.292022019625,0.651075363159,-0.372574031353,0.136042341590,0.701552569866,0.516370654106,0.470836669207,0.936845362186,-0.059626821429,-0.300015062094,0.397252857685,0.286848366261,-0.494889885187,-0.522890269756,-0.523495316505,-0.306888610125,-0.736624062061,-0.073785468936,-0.449960887432,-1.023377776146,-0.019575148821,-0.478747397661,-0.188198834658,-0.113734245300,-0.519852697849,0.925234436989,0.229822769761,0.005128392484,0.950868248940,-0.219384893775,0.927066028118,0.723815381527,-0.784372448921,0.164614811540,-0.356114596128,-0.012952689081,-0.023637525737,-0.576038658619,-0.249220937490,0.086507663131,0.204765275121,0.862500131130,-0.027374750003,0.067936792970,0.484093934298,0.166685104370,0.106070473790,0.469560742378,0.268079936504,0.084375642240,0.221743300557,-0.044686164707,0.335045367479,0.307114988565,0.263239651918,0.470095783472,-0.290828436613,0.102678984404,-0.432797640562,-0.355908811092,-0.603689193726,-0.971945643425,-0.312984257936,-0.047028101981,-0.300587207079,0.025078088045,-0.299298912287,0.196665212512,1.180736303329,0.094187915325,0.364762097597,0.718810439110,-0.055605605245,-0.133486390114,-0.133350551128,-0.450323104858,-0.067973837256,-0.954259693623,-0.321006089449,-0.785146236420,-0.252435445786,0.182720586658,-1.006831884384,-0.123381882906,0.124987080693,-0.027222463861,-0.039668899029,-0.411609053612,-0.486427634954,-0.377344340086,0.169097006321,0.427821546793,-0.252735912800,0.314091414213,0.328534036875,0.678289592266,0.413016706705,-0.117640227079,-0.151937887073,-0.087841212749,0.550450205803,-0.462720125914,0.006750051398,-0.101473025978,-0.078103028238,0.352225095034,-0.228678554296,-0.397598594427,0.550244450569,0.345639675856,0.899567782879,0.635928869247,-0.143496215343,1.314288496971,0.766451895237,-0.088882535696,0.204736456275,0.473429679871,0.421359598637,0.114499807358,-0.346075952053,0.290482699871,-0.534254252911,-0.131523102522,-0.094290807843,-0.438531100750,0.255431830883,-0.210836201906,-0.128444418311,0.040080487728,-0.442581087351,-0.139861881733,-0.609496712685,-0.203666344285,0.009005555883,-0.685517132282,0.125509783626,0.392634838820,-0.435209542513,0.327607989311,-0.021859465167,-0.120307318866,0.556093096733,-0.600215375423,-0.451327353716,-0.227324441075,-0.768802046776,-0.305641502142,-1.056152582169,-0.377920567989,-0.208959370852,-0.061544824392,-0.192792162299,0.335049480200,0.625758528709,0.697597205639,0.469556629658,1.382982611656,0.471330553293,0.921682476997,0.326340287924,-0.303303658962,0.405319988728,0.082371205091,0.327352792025,-0.134758189321,-0.532941222191,-0.440926551819,-0.135342642665,0.647342264652,-0.214458182454,-0.459797859192,0.235807269812,0.116129688919,-0.160486593843,0.587328553200,0.054185625166,0.142574250698,0.081774406135,0.690987110138,0.699009001255,0.434830874205,0.489065885544,0.547696650028,-0.176715523005,-0.076205611229,-0.326142698526,-0.057914614677,-0.071690477431,-1.032095193863,-1.030280113220,-0.374438524246,-0.528829455376,-0.276776790619,-0.159910365939,-0.558574974537,-0.086787551641,0.897954344749,-0.115298286080,0.860372185707,0.366630673409,0.428253680468,1.312847852707,0.125542730093,0.247747465968,-0.014529073611,0.015027095564,-0.032659545541,-0.295516431332,-0.800440788269,-0.112524181604,-0.304937690496,-0.387222468853,-0.121723182499,-0.204526558518,-0.356287479401,0.570317566395,-0.255592346191,-0.141199544072,-0.104251250625,-0.642045140266,0.090409524739,-0.018916606903,-0.478339910507,0.498050868511,-0.300179719925,0.229217737913,0.372528731823,-0.675486683846,0.850070178509,0.530899763107,-1.103003621101,-0.043303225189,-0.593963325024,-1.255217313766,0.252188503742,-0.297788381577,-0.378142803907,0.121188111603,-0.018089314923,0.278764754534,1.510583281517,0.406468331814,1.459110021591,0.536612570286,-0.697350263596,1.065668463707,0.078732766211,0.219985812902,0.624663710594,-0.230366080999,-0.417054384947,0.781993448734,-0.388584822416,-0.188355237246,-0.009787574410,0.174274802208,0.362802922726,-0.289313793182,-0.207992121577,-0.123344846070,-0.548540472984,0.359082162380,-0.391963928938,0.336024969816,0.433085769415,-0.018467975780,0.585780978203,0.298677444458,-0.321977436543,0.422565549612,-0.669189393520,-0.650902509689,-0.105309031904,-0.368017733097,-1.246816754341,-0.290021717548,-1.258687019348,-0.428895801306,-0.181308850646,0.007692588959,-0.040529116988,-0.261453360319,-0.292882233858,-0.124221526086,0.138499528170,0.264741957188,-0.344878226519,0.622568726540,0.135247975588,0.435011982918,0.501932144165,0.048353414983,0.380735814571,-0.558044016361,-0.148336485028,0.846007764339,0.068628266454,0.037174671888,-0.108799301088,-0.684430480003,0.431599915028,0.426957190037,0.546774744987,0.331620961428,-0.702844977379,0.590790033340,0.367536157370,-0.142874717712,0.142541334033,0.265437543392,-0.133696287870,-0.016866896302,0.284214198589,0.311737120152,0.025835409760,0.565386772156,-0.636558651924,-0.525203406811,0.322504281998,-0.504986166954,-0.142656564713,-1.001448273659,-0.549655854702,0.540917813778,-0.332909226418,-0.281654119492,0.193290174007,0.141903355718,0.817114233971,-0.008713328280,0.196265965700,0.529463350773,-0.296891123056,0.475380599499,-0.050575993955,-0.295940369368,0.206222295761,-0.305592089891,-0.638665974140,-0.156926348805,-0.260724842548,0.229946255684,-0.267565429211,0.118167057633,-0.236399963498,-0.345141649246,0.422968894243,0.776799201965,-0.213474482298,0.887718141079,-0.379142969847,0.317585796118,1.039396762848,0.879255890846,0.314297199249,0.638954102993,0.052279971540,0.210449323058,0.973764836788,-0.756026327610,0.186536014080,-0.577709674835,-0.607323527336,0.291676312685,-0.616633653641,-0.806252419949,-0.394429355860,-0.689361333847,-0.082404129207,0.072316102684,0.473623096943,0.105432510376,0.754812121391,0.786916017532,0.599577426910,0.853906154633,0.229612872005,0.508990883827,0.265017718077,-1.114964365959,0.395540654659,-0.846320629120,-0.714645147324,-0.131646588445,-0.467473983765,0.075065508485,0.506714820862,-0.410789996386,0.195648595691,0.004301099572,-0.306312382221,0.251443535089,-0.311251461506,-0.930572748184,0.238597840071,-0.289396107197,0.084976561368,0.586723506451,-0.099904872477,0.239120572805,0.298636257648,0.484563112259,0.312757849693,-0.319915384054,-0.361296504736,-0.198653191328,-0.732672810555,-0.505023181438,-0.702305793762,-0.350661039352,-0.010791850276,-0.204032644629,-0.164371982217,0.690143346786,0.567090749741,0.380204856396,0.702392280102,0.343046665192,-0.098937638104,0.451138019562,-0.356497377157,0.095616117120,0.409724026918,-0.687924861908,-0.309629797935,-0.364510983229,-0.115092493594,0.130522951484,-0.101032622159,-0.448977172375,-0.104494079947,-0.245763599873,0.176378011703,-0.127345472574,0.241861745715,0.872711658478,-0.146278545260,0.365856915712,0.490440607071,0.755380094051,0.778676033020,0.704203248024,0.122319988906,0.082025468349,0.542848169804,-0.292635291815,-0.187593802810,0.086515903473,-0.226538300514,-0.362630039454,-0.938355922699,-0.250760287046,0.515115380287,-0.063890881836,0.372895061970,-0.744057357311,-0.290256321430,0.835635721684,0.216466724873,0.363280355930,0.446585834026,-0.324031263590,0.412740945816,-0.119891613722,0.394561052322,0.134737610817,-1.459846735001,0.022505659610,-0.489436328411,-0.099069349468,-0.161873638630,-0.351751744747,-0.257419794798,0.042595293373,-0.200991004705,-0.085104152560,-0.673066556454,0.055593259633,-0.540176987648,-0.733393073082,0.046579472721,0.222615867853,-0.008042438887,0.216252714396,-0.508414685726,0.578018426895,0.372030705214,-0.220232769847,0.659080803394,-0.088545024395,-0.370462566614,0.042323645204,-0.379200577736,-0.198657304049,-0.028671253473,0.266063153744,-0.401405781507,0.175204992294,0.538859903812,0.095072820783,0.630557715893,0.355838835239,0.479694008827,0.811924159527,0.354134857655,0.179761275649,0.476368397474,-0.053831655532,-0.400442659855,0.064771682024,-0.149550676346,-0.031848717481,0.130321264267,-0.868719220161,-0.434386372566,0.767744243145,0.173019453883,-0.197105616331,-0.176476791501,-0.457892209291,0.137771010399,-0.114656202495,0.184897899628,-0.105918176472,-0.404863148928,0.410094410181,0.277978628874,-0.347915738821,0.387992143631,0.104086615145,-0.381707191467,0.084141038358,-0.228197008371,-0.116837628186,0.177444040775,-0.260626047850,-0.022283401340,-0.194315046072,-0.761311173439,-0.148591682315,-0.177666291595,-0.087503716350,0.192446440458,-0.430924922228,0.057009119540,-0.008943817578,0.495486706495,1.097525358200,0.581669211388,0.325327783823,0.542082607746,0.317396461964,0.074703313410,0.558887779713,-0.516140222549,-0.270454794168,-0.250756174326,-0.382818460464,-0.064022585750,0.296672970057,-0.334473282099,-0.251175999641,-0.155773892999,-0.189643502235,0.234901785851,0.011948414147,-0.105062074959,-0.535402536392,0.339877426624,-0.055585023016,0.041957329959,0.188227653503,0.324669241905,0.405081272125,0.286630213261,0.073962450027,-0.046476569027,-0.237214922905,-0.533105850220,0.165063440800,-0.167339533567,-1.044080615044,-0.170479953289,-0.691629171371,-0.095603778958,0.684414029121,-0.054420232773,0.642567813396,0.765855014324,0.516296565533,0.850983917713,0.734257400036,0.556689918041,0.360057592392,-0.123073190451,0.206852018833,-0.690200984478,0.004115884658,-0.402562379837,-0.346409350634,-0.378138691187,-0.188486948609,-0.613085746765,-0.136309877038,-0.187684357166,-0.531957566738,-0.195430442691,-0.171047940850,0.037545099854,0.066356293857,-0.166075959802,-0.085100032389,0.228892594576,0.255892783403,0.946003198624,-0.166178852320,0.278653651476,-0.276949673891,-0.359967052937,0.538061439991,-0.900403320789,-0.430653244257,-0.226665899158,-0.656244933605,0.234724804759,-0.669119417667,-0.395355433226,0.339922696352,-1.017454981804,0.169595032930,0.430575072765,0.476899325848,0.565753102303,0.582603514194,0.600034236908,0.131132096052,1.015932083130,1.168236374855,0.553985774517,0.050119131804,-0.097015522420,-0.832861602306,0.049201287329,0.650523841381,0.433554977179,-0.189042583108,-0.058906547725,0.499009877443,0.026292271912,0.438564002514,0.274583011866,-0.831713318825,0.667596518993,0.224509179592,-0.584155201912,-0.385320931673,0.193162590265,0.256613075733,-0.279077559710,0.124600186944,0.057153176516,-0.380637049675,0.331291705370,-0.181658700109,-0.785438477993,-0.814196109772,-0.670736968517,-0.259650617838,-0.739023566246,-1.234576106071,-1.124579071999,0.102036908269,0.130452975631,0.722008526325,-0.289326131344,-0.353760302067,0.143821358681,0.111408777535,1.485447525978,0.001288271975,0.075485326350,0.136112317443,0.449289977551,-0.496239870787,0.205810710788,-0.002625934547,0.972015619278,-0.718246579170,0.127057373524,0.313523411751,0.014594927430,0.140635669231,0.513695359230,-0.499149858952,-0.526886761189,0.544169366360,0.054411999881,-0.258773922920,0.535151481628,0.284321218729,0.057593576610,0.593255400658,0.234704211354,0.424030810595,0.368532210588,-0.215515956283,-0.528903543949,0.053251318634,-0.137437626719,-0.288951575756,-0.196891590953,-0.987585961819,-0.800535500050,-0.140932008624,-0.183016926050,-0.351632386446,0.210202366114,-0.474499791861,-0.422191023827,0.535600125790,0.058268584311,0.265882045031,0.487300217152,0.321071952581,0.697045683861,0.276990801096,-0.079839929938,0.036750737578,-0.511843204498,-0.026440443471,-0.282683104277,0.073406808078,-0.635591387749,0.339593440294,0.099892526865,-0.307172596455,0.213174015284,-0.278332591057,-0.010046875104,1.043471574783,-0.833750724792,0.241565406322,0.101901076734,-0.478516906500,0.680005967617,0.626182496548,0.001020739437,0.961898744106,-0.482772707939,0.315955907106,0.466091036797,-0.591707825661,-0.594811201096,-0.367626696825,-1.293742060661,-0.308506160975,-1.106057643890,-1.154625058174,-0.102481424809,-0.303855180740,-0.243759170175,0.080827750266,0.192450553179,0.770538926125,0.274364888668,0.684516966343,0.529603242874,-0.118578642607,-0.452216386795,0.175373733044,-0.543008685112,-0.385345607996,-0.213486850262,-0.943303227425,-0.331427514553,0.259918123484,0.204695299268,-0.265408724546,-0.034890357405,0.153464883566,0.108959823847,0.201320290565,0.653882384300,0.336761683226,0.432966411114,0.322343766689,0.555430412292,0.805655658245,1.031292557716,0.270405411720,0.023798046634,-0.157144486904,0.696243047714,0.323397427797,-0.402245461941,-0.215079694986,-0.969068646431,-0.549775183201,-0.717460513115,-0.671313166618,-0.126616969705,-0.867772579193,0.046517733485,-0.242207482457,0.503195762634,0.438160657883,-0.252291411161,-0.004227013793,0.553261339664,0.256399035454,0.638270854950,-0.267186790705,-0.059346944094,-0.519634604454,-0.304184466600,-0.333765327930,-0.753128707409,-0.452302843332,0.151476904750,-0.358571797609,-0.439786404371,-0.333905279636,-0.013796445914,0.356283366680,-0.336749345064,-0.456435173750,0.351142615080,0.394668102264,0.297915965319,0.623317837715,-0.068850524724,0.083449564874,0.639201045036,0.695370554924,0.421371936798,0.450932234526,-0.718933939934,-0.510538518429,0.616411387920,-0.358843415976,-0.731602668762,-0.040228657424,-0.855869472027,0.666036605835,0.195673272014,-0.332703441381,0.431427031755,-0.400092840195,0.705837190151,0.432130873203,0.513810634613,-0.121089331806,0.355995237827,0.449903279543,-0.300447255373,0.181135982275,-0.696094930172,-0.285012662411,-0.310736954212,-0.554664850235,-0.606212198734,-1.057078599930,-0.665777325630,-0.308378547430,-0.732038974762,-0.279781371355,-0.302554577589,-0.252678304911,-0.163240104914,-0.617954850197,0.117759585381,0.309979647398,-0.048423387110,0.002749411156,-0.097513541579,-0.102415561676,0.870295643806,0.354451775551,-0.739147067070,-0.026358127594,-0.010516086593,-0.221858561039,0.522783279419,-0.434061229229,-1.066792130470,-0.054708342999,-0.448730230331,0.301303356886,0.220603197813,-0.434246450663,0.173159390688,0.259786427021,0.272874951363,0.643551528454,0.498890519142,0.210642769933,0.891233146191,0.194825410843,0.351019144058,0.193487748504,0.115236543119,0.130872800946,0.342067092657,-0.039368439466,-0.818752467632,0.032745979726,-0.023929754272,0.371726125479,0.135778918862,-0.472697019577,-0.400907754898,-0.006638922729,-0.070784986019,-0.354851007462,0.628112852573,-0.654944300652,0.119657009840,0.031000845134,-0.004782658070,0.526849746704,0.194710165262,0.245133861899,-0.053848125041,-0.153324946761,0.519506990910,-0.665443897247,0.374175101519,-0.019838564098,-0.709356248379,-0.026205839589,-0.927358269691,-0.128534972668,0.109322018921,-0.226925194263,0.332267135382,-0.290844887495,0.984968304634,0.293499648571,0.689184367657,0.698403954506,-0.012224178761,0.319561421871,0.106593191624,-0.819727897644,-0.212729498744,-0.073834858835,-0.789204478264,-0.196739301085,-0.214087754488,-1.013334989548,0.502747118473,-0.950608909130,-0.670028984547,0.893496811390,-0.140454575419,-0.371108740568,0.606298625469,-0.400619655848,0.207712247968,0.522882044315,0.377541899681,0.749770224094,0.529825508595,0.313292920589,-0.343672275543,0.363391488791,0.409077793360,0.070723250508,-0.716382086277,-0.464366495609,0.529080569744,-1.062811970711,-0.796213865280,0.000263416645,-0.497429370880,0.083396062255,-0.012656345963,-0.500071823597,0.736410021782,0.704409062862,0.091895364225,0.440416127443,0.650857210159,0.476882874966,0.465247273445,0.174188360572,0.213190495968,-0.401109427214,-0.099246338010,-0.342116475105,0.057276654989,-0.656985819340,-0.695061862469,0.031560607255,-0.416889727116,-0.191569745541,0.470046430826,-1.276949167252,-0.063248805702,0.065294399858,-0.106951266527,0.385452628136,-0.336358338594,-0.997995078564,0.696189582348,-0.099427431822,-0.571885764599,0.324339956045,-0.566218137741,0.622511148453,0.250101745129,-0.832705318928,-0.359654247761,0.022859625518,-0.621445119381,-0.247875049710,0.168310880661,-0.482295244932,-0.105099126697,0.374413788319,-0.044690277427,0.638427257538,0.677470564842,1.301018834114,0.579496026039,1.021151065826,0.276369333267,0.957824051380,0.566045284271,-0.007289232221,0.472701132298,0.010339102708,0.136186406016,0.353192329407,-0.749346256256,-0.360362172127,-0.157305002213,0.367145150900,0.901028931141,-0.272418081760,-0.554100990295,-0.116212002933,-0.147311627865,0.273636370897,0.359551340342,-0.159688100219,-0.481727302074,0.569115757942,-0.337654829025,-0.019661583006,-0.180473312736,-0.385213911533,-0.198192209005,-0.555566251278,-0.824617505074,-0.699148893356,-0.575738251209,-0.653857707977,-0.615633487701,-1.047278642654,-0.696967482567,-0.124995313585,-0.260642528534,-0.731631457806,0.313782721758,-0.435114890337,0.321697562933,0.409752815962,0.419972538948,0.253945976496,0.131700083613,0.596161246300,0.142528980970,0.201159745455,0.725581109524,0.196385338902,-0.200052589178,0.268886655569,-0.372150093317,0.455220997334,-0.180555641651,0.370602488518,0.175085619092,-0.166911482811,0.259206086397,0.318631231785,0.303756415844,-0.130477666855,-0.820765078068,0.593761622906,0.027238925919,-0.050110898912,0.786212205887,0.199035972357,0.721296489239,0.260374993086,-0.201015695930,-0.302665710449,0.531364858150,-0.124509632587,-0.434732109308,-0.485826700926,-0.744966924191,-0.350586950779,-0.355978757143,-0.749589085579,-0.128699600697,0.202271059155,-0.002905814908,0.094731211662,0.607105374336,0.281320720911,0.453640490770,0.596367061138,0.179596647620,0.194080427289,-0.016887474805,-0.291812121868,0.527376592159,-0.604891002178,-0.230645969510,0.031144900247,-0.337547838688,-0.613093972206,0.150871872902,-0.442144840956,-0.006626574788,0.212560757995,-0.348957061768,0.238079249859,0.505471825600,0.728252351284,0.611229479313,0.396227985620,0.334419786930,0.229048997164,0.580039322376,0.623556554317,0.548709213734,-0.069953575730,0.183206260204,-0.088693201542,-0.664291501045,-0.275286853313,-1.064676523209,0.078794501722,-0.846238255501,-1.114013671875,0.273195981979,-0.679339170456,-0.624725461006,0.127592429519,-0.721366465092,0.833400905132,0.591646075249,0.432612419128,0.919443428516,0.017311410978,0.128238633275,0.894830405712,-0.653861820698,-0.143697887659,-0.438543438911,-0.379859119654,-0.499726027250,-0.165487378836,0.145389512181,0.204415425658,-0.980988264084,0.136421009898,0.646893620491,-0.211120203137,0.336078464985,0.123188428581,-0.478356391191,0.404468029737,0.024843482301,-0.007881919853,0.107725054026,-0.011713808402,0.758590459824,0.220743134618,0.916031360626,0.529216349125,-0.121258087456,0.226196691394,0.029198087752,-0.258494019508,-0.409933924675,-1.010635018349,-0.355777084827,-0.165857806802,0.229575827718,0.262358844280,-0.422248631716,0.400323301554,0.364605665207,0.346676856279,0.850518822670,-0.063693322241,0.205057486892,0.599630892277,0.081148780882,0.288091361523,-0.450763463974,0.101884618402,-0.282477319241,0.035882283002,-0.365725189447,-0.024382501841,0.074588067830,-0.731557428837,-0.302459895611,0.059289321303,-0.561328470707,0.172731339931,-0.355777084827,0.535497188568,0.373463064432,0.022867856547,0.733495950699,0.387728720903,0.713743805885,0.691995501518,-0.170311197639,0.001654585707,0.174764588475,-0.046102024615,-0.232864409685,-0.242475003004,-0.258646309376,-0.242997735739,-0.308786034584,-0.056951500475,-0.155839741230,-0.013125557452,-0.484476685524,0.057379551232,-0.064648203552,0.327768504620,0.582978069782,-0.016434729099,0.498001486063,0.486127167940,0.464638113976,0.244002014399,-0.390605717897,-0.277394175529,-0.367186337709,-0.213194608688,-0.895863533020,-0.279019951820,-0.663410663605,-0.630919873714,0.177423447371,0.226303711534,-0.446532368660,-0.096064753830,-0.417227268219,0.201357319951,-0.777535915375,-0.140174686909,-0.381847113371,-0.395709395409,0.275043994188,-0.187017589808,0.348747164011,0.343137204647,0.033359248191,0.509670019150,-0.319067537785,-0.437320977449,0.692448258400,-0.418639004230,-0.491095036268,-0.472812265158,-0.811088621616,-0.206786170602,0.258979707956,-0.377480149269,0.162211135030,0.659858644009,0.280703365803,0.671996414661,0.291223555803,0.762121915817,0.424018472433,0.304600179195,0.502524852753,-0.184622138739,-0.094904080033,0.200139015913,-0.398853957653,0.572581350803,-0.511357545853,-0.309625685215,0.087602496147,-0.274488359690,-0.170195952058,-0.121949560940,-0.598597824574,0.161334455013,-0.452558010817,-0.092306949198,0.111153595150,-0.526635706425,0.381126850843,0.470968365669,0.651610434055,0.798670947552,0.302805632353,-0.020908694714,0.403089195490,0.141166627407,0.326262086630,-0.313708633184,-0.855313777924,-0.413160771132,0.050473097712,-0.314095526934,-0.656306684017,-0.664707183838,-0.403710663319,0.499129235744,-0.218895107508,0.208749458194,0.364210546017,0.730511963367,0.829601883888,1.011145234108,0.231950700283,1.082284212112,0.478162914515,0.082930959761,0.135544314981,-0.635039925575,0.258868575096,-0.370725959539,-0.505171358585,-0.627153813839,-0.368898540735,-0.207634046674,-0.390338182449,-0.482110083103,0.215203151107,-0.286156892776,-0.399565994740,-0.069620192051,-0.403673648834,-0.530743360519,-0.301340401173,0.296528905630,-0.271623700857,-0.252810001373,-0.076835334301,0.172941252589,0.427751541138,-0.227406755090,0.138536572456,-0.235140502453,-0.340079098940,0.441045880318,-0.708743035793,-0.366260260344,0.145443022251,-0.443420767784,0.416066557169,0.232399329543,-0.270672947168,0.680750906467,0.723354399204,0.903309166431,0.878510951996,0.404966026545,0.436357885599,0.643872559071,-0.116281978786,0.131695970893,-0.066533282399,-0.027218347415,0.048423387110,-0.041747421026,-0.281526505947,0.196763992310,-0.018167516217,0.265877932310,-0.686249732971,0.144615724683,-0.311811208725,0.356295704842,-0.304682493210,0.252443671227,0.191351607442,-0.246525034308,-0.322376698256,0.909816384315,0.164832964540,0.004082957748,-0.133955582976,-0.500191152096,0.057836417109,0.165483266115,-0.158552110195,0.172554358840,-0.699947357178,-0.146093338728,-0.375558048487,-0.627376139164,-0.000329270784,-0.513559520245,-0.336918115616,0.399261444807,-0.002667093417,0.234671309590,0.317499369383,0.391198396683,0.479430645704,1.109971880913,0.112557105720,0.860425710678,0.268643796444,0.385024577379,0.401290535927,0.464732795954,-0.461958676577,0.350200086832,0.227674290538,-0.118010655046,0.764863133430,0.145368933678,0.268886655569,-0.058482609689,-0.439634144306,0.259090840816,-0.220446795225,-0.192240625620,-0.169138178229,-0.836351931095,-0.151028275490,0.131741255522,-0.498561263084,-0.243434011936,-0.203065425158,-0.482447564602,0.271911829710,-0.556504666805,-0.470071107149,-1.146813154221,-0.883223652840,-0.687961935997,-1.239276528358,-0.647177636623,-0.389198094606,-0.528911769390,0.046682368964,0.406871676445,-0.159959748387,0.328558743000,0.619885146618,0.606129944324,0.881132721901,-0.064878694713,0.216228023171,0.394153594971,-0.660895884037,0.726758301258,-0.062701389194,-0.248500674963,0.773732900620,-0.492823719978,-0.203847423196,0.983531832695,-0.365293025970,-0.431464105844,0.447730094194,-0.314050257206,0.833495557308,-0.182514801621,-0.035026181489,0.262758105993,0.412061810493,1.058457374573,0.465617716312,0.366330206394,1.035424947739,0.504274129868,0.488395035267,-0.006898222957,-0.397623270750,-0.098007448018,-0.051674932241,-0.554944753647,-0.887726366520,-0.736784577370,-0.586073160172,0.071933321655,-0.722963452339,-1.040487408638,-0.340659439564,-0.085729770362,0.144850328565,0.648227214813,-0.268454462290,0.423598647118,0.152493536472,0.260580778122,0.179469048977,0.005293027963,0.439671188593,-0.119624078274,-0.453545808792,-0.121344514191,-0.482665687799,-0.744053184986,0.142343759537,-0.237638846040,-0.663752257824,0.369503557682,-0.174344763160,0.117430306971,0.505784630775,0.148213014007,0.072991102934,0.527631759644,-0.302443444729,0.733302533627,0.253736078739,0.086812242866,0.290972471237,0.215240210295,-0.472380101681,0.586476564407,0.266915142536,0.075835175812,-0.301496803761,-0.097134880722,-0.600293576717,-0.610710859299,0.077135793865,-0.623766481876,-0.727923035622,-0.155992031097,0.026345780119,0.227945938706,0.122291170061,0.700618267059,0.330978870392,0.513110935688,0.611180067062,0.483015567064,-0.604775786400,0.012137744576,-0.426488012075,-0.346158266068,-0.233387142420,-0.701968312263,-0.017257904634,0.044352777302,-0.095039896667,-0.122805655003,0.358382463455,-0.154666721821,-0.063195295632,0.249529644847,-0.285473674536,-0.116635940969,0.070484533906,0.272854357958,0.467148840427,0.140553355217,0.366120308638,0.253196895123,0.675247967243,0.228592142463,0.346067726612,0.208362564445,0.300385504961,-0.795123159885,-0.150929495692,-0.280287653208,-0.690982997417,-0.467362850904,0.360333383083,-0.636336386204,0.289293199778,0.072011522949,-0.252995222807,0.527294278145,-0.010697185062,0.089582234621,0.695946753025,-0.046369560063,0.644786298275,0.063981428742,-0.373409539461,0.151242300868,-0.294911384583,0.162338733673,-0.019929114729,-0.314951628447,0.555175244808,-0.501446485519,0.566765606403,-0.254546910524,-0.392042130232,0.612694740295,0.162890255451,0.153608947992,0.366297304630,-0.232374623418,-0.339951515198,0.160832315683,0.398467063904,0.248471841216,0.240256562829,-0.441889613867,0.740015566349,0.162396356463,-0.207012549043,0.063742712140,-0.873563647270,0.451323240995,-0.378957748413,-0.455303311348,-0.347430080175,-0.876131951809,0.260852456093,-0.264149278402,-0.435452401638,-0.012870372273,0.351323723793,0.387358278036,0.278711259365,0.461761146784,-0.120978206396,-0.143948957324,0.014566116035,-0.086495317519,-0.545120179653,-0.602491438389,-0.318306058645,-0.349265754223,0.054090958089,-0.911919593811,-0.515424072742,-0.084548503160,0.166252940893,0.439592957497,-0.154502093792,-0.828198313713,-0.124361455441,0.300241470337,-0.000292227836,0.165125191212,0.421787679195,0.498520076275,0.840809464455,0.989199399948,0.386041194201,0.458143264055,-0.073439732194,0.156983956695,-0.248002648354,0.092800855637,-0.648626446724,-0.512382388115,-0.598392069340,0.078481689095,-0.454377204180,0.386440426111,0.151892617345,0.339531689882,0.089141830802,0.589423537254,0.303916960955,0.571330070496,0.736574590206,0.307230234146,0.807664215565,0.053432416171,-0.053983949125,0.644082486629,0.590497791767,-0.314445376396,0.004576864187,-0.740916907787,-0.865253686905,0.019855029881,-0.711027383804,-0.524116814137,-0.341976523399,-0.277550578117,0.022464498878,0.085211165249,-0.073703147471,0.081445127726,0.287255823612,-0.107667438686,0.026605080813,-0.141561746597,0.343207180500,-0.075168408453,-0.426780223846,0.091693684459,0.173632711172,-0.070706792176,0.064216040075,-0.509455978870,-0.669847965240,-0.215594172478,-0.173612132668,-0.400257468224,-0.629927933216,-0.243108868599,-0.430307537317,0.344042718410,0.441445142031,-0.272558033466,0.695691585541,0.799539446831,0.811985909939,0.885582029819,-0.018928954378,0.174332424998,0.364379286766,-0.514094591141,-0.187313929200,-0.417832285166,-0.629203557968,0.416683942080,-0.904383420944,-0.447956442833,0.461382478476,-0.129070028663,0.237194329500,-0.037701506168,-0.463399261236,-0.071562886238,0.527129590511,0.210276439786,0.107926733792,-0.293948262930,0.214054822922,0.612093806267,0.713167667389,0.591518521309,0.059770882130,-0.389679640532,0.551631450653,-0.244491800666,-0.257629692554,0.107329927385,-1.053897023201,0.274636536837,-0.433011651039,-0.598853051662,0.195368707180,-0.502104997635,0.236725121737,0.959248185158,-0.574540495872,0.746926128864,1.182872414589,-0.196150735021,1.270088076591,0.094673581421,-0.090611204505,0.957881689072,-0.679680764675,0.084400333464,0.216997683048,-1.362526655197,-0.075205452740,-0.183947131038,-0.749720752239,0.159173622727,-0.804104030132,-0.109153263271,0.277859270573,0.265754461288,-0.367511481047,-0.338428646326,-0.109173849225,-0.477331519127,-0.074390500784,-0.294063508511,-0.259720563889,0.405542284250,-0.416313529015,-0.266441822052,-0.410876423120,-0.399891138077,0.756507873535,-0.358374238014,-0.326266199350,-0.292952239513,-1.109943032265,-0.271166861057,0.085128851235,-0.210737407207,-0.102518461645,-0.645407795906,0.646156907082,0.859627246857,-0.011800241657,0.934947967529,0.541395246983,0.644164800644,0.855684220791,0.508155405521,-0.029498547316,0.079893440008,0.013043238781,0.577080011368,-0.728149473667,-0.754202961922,0.223529592156,-0.502714157104,0.050983466208,-0.019056547433,-0.107556305826,-0.358382463455,0.464666962624,-0.179189175367,-0.536962449551,0.428755819798,0.375022977591,-0.562978982925,0.606278061867,0.271504342556,-0.178555324674,0.133626312017,0.252311974764,-0.225225329399,0.076822988689,-0.380768746138,-0.271636068821,-0.339601665735,-0.770571887493,-0.781470775604,-0.174015507102,-0.461440086365,-0.394503444433,-0.587015748024,-0.559892058372,0.021925320849,0.503162801266,0.245755374432,0.989792108536,0.354262441397,0.829741835594,0.928625941277,0.195047676563,0.699437022209,0.238676056266,-0.395709395409,0.799115538597,-0.085890285671,-0.299134284258,-0.198389768600,0.206658586860,0.309218198061,0.234798878431,0.117730766535,0.085947908461,0.196833968163,0.123295448720,0.189001426101,-0.251509368420,0.146706596017,-0.077148146927,0.176526188850,0.213898420334,0.117631986737,0.205975353718,0.023073650897,0.384477138519,-0.380159586668,-0.472746431828,0.086639374495,-0.877856492996,-0.032807718962,-1.440283894539,-0.940821349621,-0.252859383821,-1.126937508583,-0.180316910148,-0.051604967564,-0.560299515724,0.371475070715,0.115685172379,-0.147447466850,0.081572718918,0.477590799332,0.255139589310,-0.237610027194,-0.096603937447,-0.178345412016,-0.648173689842,-0.090779952705,0.388164967299,-0.547322154045,-0.060771040618,-0.037668578327,-0.786043465137,0.662052392960,-0.206358134747,-0.614197015762,0.341667830944,-0.256226181984,0.781499505043,0.522733867168,-0.023279445246,0.536834836006,0.566160559654,0.153757110238,0.568523049355,-0.221088871360,0.243174716830,0.172323867679,0.052572194487,0.183856576681,-0.021307935938,0.021254429594,-0.103600941598,0.201587811112,-0.128913626075,-0.554092764854,-0.047563161701,-0.445260554552,-0.443046212196,-0.708813011646,-0.061162050813,-0.241655960679,0.584171652794,0.713393986225,0.052181188017,0.589793980122,0.699737489223,0.506628394127,1.057177305222,-0.032001007348,-0.018192211166,-0.300813555717,-0.183510839939,0.424545288086,-1.110329985619,-0.092459231615,0.365601718426,-0.001827452797,0.571737587452,-0.421952277422,0.509027957916,0.102436147630,-0.251962125301,0.477570235729,-0.399677127600,-0.218039005995,0.103057645261,-0.058972399682,-0.224719092250,0.279600292444,-0.012154208496,0.764114022255,0.054905906320,-0.247475802898,-0.199319943786,-0.597396016121,-0.239869654179,-0.080601379275,-1.263638377190,-1.119096755981,-0.605195581913,-0.555055856705,0.092586837709,-0.042636450380,-0.634414255619,0.625388145447,0.641575932503,0.386798530817,-0.049563486129,-0.200752288103,0.648597598076,-0.093084856868,0.235613822937,0.066652640700,-0.460987359285,0.250282853842,0.140392839909,-0.325414210558,0.629643917084,-0.390815615654,-0.514987707138,0.208255559206,-0.301644980907,0.248690009117,0.010351450182,0.559472262859,0.179991766810,0.550359666348,0.314852833748,0.512995660305,0.838854372501,1.047949552536,-0.097262471914,0.351286649704,0.373043239117,0.062697276473,-0.075625270605,0.552211821079,-0.634776473045,0.385967105627,-0.262136608362,-1.279739737511,-0.604623496532,-0.122114188969,-0.748502433300,-0.172620221972,-0.678754687309,-0.460032463074,-0.094858802855,-0.547984778881,0.318594187498,0.922221660614,-0.140907317400,0.148134812713,0.126584038138,0.066566206515,0.476578295231,-0.213289275765,-0.758454680443,-0.814533650875,-0.424977481365,-0.306110709906,-0.443589478731,-0.629397034645,0.025810714811,0.167882829905,-0.340671807528,0.283107012510,-0.279789626598,0.175620689988,0.033264581114,-0.362428367138,0.053037293255,0.456640958786,0.315424948931,0.602907180786,-0.185651093721,0.121249854565,1.387612938881,1.034037828445,0.114145837724,0.043006882071,-0.704404890537,-0.545922756195,0.457464128733,-0.967562198639,-1.083350300789,0.008618663065,-0.286193937063,0.175196751952,0.824469387531,-0.678746461868,0.922098100185,0.795913398266,1.451166391373,0.560842812061,-0.220973640680,0.135412618518,0.127300202847,0.176612630486,0.502817094326,-0.973233938217,-0.411724328995,0.671449005604,-0.365782827139,-0.329064995050,-0.781524181366,-0.794571578503,0.410720050335,-0.817003130913,-0.516654670238,-0.356139272451,-0.170434683561,0.388049751520,-0.012779822573,-0.129559829831,0.961977005005,-0.161482632160,0.812590897083,0.288589388132,-0.063524566591,0.494474202394,-0.705512046814,-0.358814626932,0.246969550848,-1.134662985802,0.194331496954,-0.231164559722,-0.164281427860,0.246273964643,-0.138314306736,-0.414901763201,0.429064542055,0.129716232419,0.073855437338,0.415156960487,-0.173237591982,0.996064722538,0.539551377296,0.343124866486,1.046200394630,0.228221699595,0.637505292892,1.175348520279,-0.610636830330,-0.504940867424,-0.851621806622,-0.964639961720,0.140890866518,-0.185490578413,-0.684574544430,-0.002169071464,-0.260465532541,0.863957166672,0.037586260587,-0.460518121719,0.570379316807,-0.849666833878,0.044677931815,0.108568817377,-1.437209367752,-0.127131462097,-0.033787298948,0.005659341812,0.600721597672,-0.162223488092,0.292293667793,0.661323904991,0.223043918610,0.067887403071,-0.563777446747,-0.285551846027,-0.210498705506,-0.468251883984,-0.290672034025,0.056111857295,-0.227361485362,0.616329073906,0.356600284576,0.397281676531,1.023077249527,0.911030530930,0.153082117438,0.397808492184,0.204205498099,0.222834005952,0.031618226320,-0.678767025471,-0.214207112789,-1.035799503326,0.288519412279,0.484818339348,-0.626639366150,-0.297442674637,-0.516181349754,-0.010372029617,0.202139347792,-0.837594926357,-0.683660805225,-0.407299727201,-0.708351969719,0.693312585354,0.319413244724,-0.338963717222,0.752461969852,0.826407968998,0.562040507793,0.432344883680,-0.165314510465,-0.117907747626,-0.294166415930,0.038631696254,-0.095381520689,-0.828836321831,-0.726375460625,-0.063763283193,-0.370660156012,-0.000094665353,0.406192570925,0.112594142556,-0.087553106248,-0.063553377986,0.409822791815,0.614987254143,0.285815298557,0.852938950062,0.868529915810,1.083428502083,0.487596541643,0.469490766525,0.918632566929,-0.129090607166,-0.044821988791,-0.163038432598,-0.999608516693,-0.421046793461,0.190816551447,-0.619807004929,-0.470857232809,-0.076147988439,-0.214458182454,0.365601718426,-0.089693367481,-0.216919466853,-0.401381105185,-0.319713711739,-0.397084116936,0.092076458037,-0.322244971991,-0.032301466912,-0.219994053245,-0.438745111227,-0.010429652408,-0.156835794449,-0.130000233650,0.049542903900,-0.440782457590,-0.355456054211,-1.139680385590,0.232819139957,-0.322014480829,-0.512263059616,-0.530372917652,-0.724103510380,0.642806529999,0.658994317055,0.287630379200,1.409171938896,0.452249318361,0.987985253334,0.841463804245,0.623149096966,0.312301009893,0.205592557788,-0.343273043633,-0.128164544702,-0.486942112446,0.133819773793,0.338906079531,-0.070426903665,0.049662265927,-0.095891885459,0.111651606858,-0.105852328241,0.372965037823,-0.365939199924,-0.099192827940,-0.200711116195,-0.401282310486,0.852712512016,0.386037081480,0.625836730003,0.235967800021,0.599058806896,0.908149421215,-0.018628494814,-0.407855391502,-0.325706452131,-0.136956065893,-0.780820369720,-0.666279435158,-0.607887387276,-1.415592789650,-0.353834390640,-0.354427069426,-0.685480058193,-0.263317853212,-0.079885207117,-0.039989937097,0.726379632950,0.073254518211,0.508208870888,0.034034252167,0.219438403845,1.458788990974,0.093932732940,-0.172986522317,0.503335654736,-0.519712805748,0.473907083273,-0.297977715731,0.160585373640,0.050905264914,-0.648490548134,0.193187281489,0.033145219088,-0.334835469723,0.588481009007,0.094410173595,0.004140580073,0.196056067944,0.178584128618,0.717415213585,-0.519379377365,0.132881343365,-0.168002188206,-0.072830580175,0.343281269073,-0.486876249313,-0.098591908813,-0.160095572472,-0.233197808266,0.090442456305,-0.298821479082,-0.538283646107,-0.324339956045,-0.244113132358,-0.693156182766,-0.193644165993,-0.756528496742,-0.782462656498,0.387580513954,0.026580385864,-0.025131592527,0.192034840584,-0.238890066743,0.651680409908,0.773341834545,0.167067885399,-0.088524453342,-0.276040047407,-0.407962411642,0.125649735332,0.027819264680,-0.164133250713,-0.543539643288,-0.439695864916,0.407863616943,0.101143755019,0.226884037256,0.383859753609,-0.354427069426,-0.029321564361,-0.060910984874,0.273891568184,0.156963378191,-0.090590633452,0.097093723714,0.243602767587,0.476989895105,1.038902878761,0.554306805134,0.010812429711,0.660179734230,-0.160227283835,-0.120620116591,-0.040150456131,-0.259420096874,-0.482163548470,-0.808055162430,-0.681001961231,-0.354781031609,-0.789118051529,0.170372933149,-0.223920598626,-0.099217526615,0.283090561628,0.015302860178,0.275484412909,0.780890345573,0.164804145694,0.519185960293,0.471124738455,-0.493683934212,0.055132277310,0.572075068951,-0.200332477689,-0.086614683270,0.164050936699,-0.958853065968,0.212955892086,0.331641554832,-0.421141445637,0.134540051222,0.069484367967,-0.554475545883,0.582541763783,0.152472957969,0.011203438975,0.015858504921,0.061631258577,0.413457095623,0.033058784902,0.277497082949,0.360032916069,-0.253443837166,0.035166122019,0.227114528418,-0.772633910179,0.436876505613,-0.395108491182,-0.502961158752,-0.248191982508,-0.760907709599,-0.356184571981,-0.405678093433,-0.810985743999,0.424833416939,0.259605318308,-0.329830557108,0.351640641689,0.122715108097,0.520799398422,0.586937546730,0.144932657480,-0.075209565461,-0.121130496264,0.013232570142,-0.433719605207,-0.657681405544,-0.091175079346,0.024131434038,-0.452339857817,-0.198912486434,-0.685611784458,-0.212354972959,0.119517065585,-0.304312080145,-0.254653900862,0.119821637869,0.089541070163,0.352640777826,0.104773968458,-0.516411840916,0.551475048065,0.853877365589,0.310173094273,0.595169305801,-0.077144026756,0.477640211582,0.486740440130,0.301620274782,0.595782577991,-0.816677987576,-0.840665340424,-0.245808884501,-0.405780971050,-0.214272961020,-0.212527826428,-0.480887621641,0.267215579748,0.533159375191,0.339272409678,0.137635186315,0.556595265865,0.161317989230,1.331608176231,0.576330900192,0.579055607319,0.462794214487,-0.240437641740,0.100419364870,-0.112017922103,-0.516753435135,-0.025106897578,-0.463061779737,-0.435518234968,-0.108173690736,-0.412773847580,0.137964457273,-0.173159390688,-0.217454537749,-0.205534949899,0.012269453146,-0.000720279873,-0.228999614716,0.015294628218,0.530117750168,-0.314548283815,0.185404151678,-0.639917194843,0.195409864187,0.650997161865,0.029111653566,0.183494389057,-0.101217843592,-1.014614939690,0.261255800724,0.042286600918,-0.692530572414,-0.375932604074,-0.472170203924,-0.401726812124,0.401899695396,-0.102139800787,0.211926907301,0.297636121511,-0.183263882995,0.452047646046,0.551977217197,0.091236814857,0.510777175426,-0.201233848929,-0.616131484509,0.480224996805,-0.494914591312,-0.315787166357,0.467173516750,-0.846942067146,-0.029144581407,0.119554109871,0.042615871876,-0.026172911748,-0.469560742378,-0.052337594330,0.380875736475,0.024806438014,-0.103913746774,-0.203036606312,0.146661326289,-0.290816098452,0.098316140473,0.692151904106,-0.149192601442,0.818114459515,0.234654828906,0.030436970294,0.015381062403,-0.000847872288,0.408826738596,0.207164838910,-0.720938444138,0.026284040883,-0.521548449993,-1.022719144821,-0.013442480937,-0.165289819241,-0.393968403339,0.380003184080,-0.041130039841,0.296565979719,0.586114346981,0.332518219948,0.337300866842,0.622083067894,0.322500139475,1.329414367676,-0.219598919153,-0.223941177130,0.351821720600,-0.655244767666,-0.036767199636,-0.296417802572,-0.500549256802,0.269038945436,-0.084634937346,-0.116343721747,0.038467060775,-0.647465705872,0.116755306721,-0.451417922974,0.047694873065,-0.169475674629,-0.038080167025,-0.200373634696,0.313416391611,-0.233621731400,0.511723875999,0.094838224351,-0.123241946101,0.412493973970,-0.735232889652,0.187696695328,-0.065537236631,-1.163791060448,-0.269812703133,-0.932560741901,-0.964137792587,0.832960426807,-0.812273979187,-0.391210734844,0.950032651424,0.538263082504,0.617436230183,0.651626884937,0.248949304223,0.965763568878,0.614596247673,0.440309107304,-0.013240802102,0.038734592497,-0.077139914036,-0.185070767999,-0.000444515579,-0.530784547329,-0.224776700139,0.039915852249,-0.630323052406,-0.375208169222,-0.219718292356,-0.084939517081,0.131132096052,-0.115096606314,0.437975436449,-0.008873847313,-0.251678138971,0.468943357468,0.597330152988,0.287745624781,0.044529758394,0.372215926647,-0.495293259621,-0.046032059938,0.155955001712,-0.405546396971,-0.750889658928,0.124785393476,-0.543058097363,-1.075991034508,0.003082797863,-0.342178195715,0.057585347444,-0.195825561881,-0.519959747791,0.166586324573,-0.034738067538,0.199328199029,0.379003018141,0.593107223511,0.787208259106,0.607438743114,-0.023234171793,0.957251906395,0.276850879192,0.154954835773,0.016986256465,-0.205234482884,-1.058848500252,-0.109391987324,-0.392136812210,-0.157963544130,0.094459563494,-0.239635050297,-0.133881494403,0.091529048979,0.248883455992,0.165853694081,0.052749183029,0.485744386911,-0.423429876566,0.319376200438,0.080980032682,0.256263226271,0.352611988783,0.000053506501,0.223648950458,0.985309898853,-0.102514348924,0.034713372588,-0.461279571056,-0.614843249321,-0.405702769756,-0.344199120998,-0.370725959539,-0.730022192001,-0.803190231323,-0.004251709208,0.143475621939,0.110157549381,0.598013401031,0.229357689619,0.677449941635,1.181143641472,0.122126542032,0.437967211008,0.216289758682,0.547470331192,-0.140635669231,-0.327488601208,-0.194615498185,-0.393186390400,0.095706671476,-0.050209682435,-0.553911685944,0.461073786020,0.489670932293,0.030988497660,0.213717326522,-0.686348497868,0.122340559959,0.326208591461,-0.065421991050,0.151645660400,0.316083490849,-0.073756657541,0.710043609142,0.271245032549,0.133766263723,0.662653326988,0.266470611095,-0.447429627180,0.168545484543,-1.147796750069,-0.014747215435,-0.007503258530,-0.752630650997,-0.563188910484,-0.565806567669,-0.270232528448,0.928737044334,-1.019957423210,-0.038487639278,-0.154296293855,-0.379978477955,0.834549188614,0.826189756393,-0.048550978303,0.798070073128,0.044854912907,0.413238972425,0.327607989311,-0.446462392807,0.663484752178,-0.065430223942,-0.363720744848,-0.440045744181,-0.892916560173,0.360016465187,-0.139158070087,0.025386778638,0.189318358898,0.086248368025,0.168306767941,0.475195378065,-0.128773689270,0.280810356140,-0.236770406365,-0.515568077564,-0.023674570024,0.474771440029,-0.225863307714,-0.160811737180,-0.260210365057,0.388020932674,0.172970071435,0.137886255980,0.010968834162,-0.555146455765,-0.056869179010,-0.441445142031,-0.568374872208,-0.243154138327,-1.151501178741,-0.004733267706,0.399055629969,0.195549815893,0.761875033379,0.229127183557,0.783672690392,0.865648806095,0.190334975719,0.828540027142,-0.073620833457,0.134062603116,-0.190433755517,-0.696094930172,0.225904464722,-0.282925933599,0.099530324340,-0.049357689917,-0.259123772383,-0.071636974812,0.324241161346,0.435193091631,-0.376381218433,0.013018542901,-0.822378456593,-0.006515445653,0.631216228008,-0.369079649448,0.016121922061,0.247191816568,0.794118881226,0.694246888161,0.326011002064,0.054786544293,0.428665310144,-0.254884392023,-0.549725830555,-0.382135212421,-0.697160959244,-0.494173735380,-0.120142675936,-0.661138713360,-0.773996233940,-0.210823848844,0.060166005045,0.191182851791,-0.160033836961,-0.303871661425,0.009795806371,0.274476021528,0.089956782758,0.653384387493,0.226558893919,-0.081704430282,0.744662404060,-0.427220612764,-0.275821924210,0.517399668694,-0.398911565542,0.019068894908,-0.670568227768,-0.687677919865,-0.025325039402,-0.475368231535,0.073711387813,0.141067847610,0.117059879005,-0.140969067812,-0.093883335590,0.231567904353,-0.003280360019,0.323401540518,-0.116286091506,0.004259940702,0.105510711670,-0.290688484907,0.247278243303,0.409909188747,0.289902329445,-0.298780322075,-0.320022404194,0.234004512429,-0.317598134279,-0.425961136818,-0.350426435471,-0.795139610767,-0.175575420260,-0.331024140120,-0.498816430569,0.282617241144,0.629619240761,0.035507738590,0.958601951599,0.955840229988,0.608348369598,0.836290180683,0.067064225674,-0.303949862719,-0.285560101271,0.057964008301,-0.061701230705,-0.723798930645,-0.196813389659,-0.283316940069,0.073818393052,0.461036711931,0.055206365883,0.153213813901,0.500973165035,-0.337309092283,0.272607415915,-0.124958261847,-0.666555225849,1.002510190010,-0.127547159791,-0.267446070910,0.795798122883,-0.048913177103,0.149637103081,0.847205519676,-0.333827078342,-0.311568379402,0.033532112837,-0.306402921677,0.308604955673,-1.074661612511,-0.341671943665,-0.117294490337,-0.527779936790,-0.149838790298,-0.225307658315,0.108770489693,0.032783024013,-0.898629426956,0.246327474713,-0.070809684694,-0.093467630446,0.571461796761,0.128473222256,0.026736788452,0.474211663008,0.223118007183,0.517996490002,0.590468943119,0.045188300312,-0.442539960146,-0.290787249804,-0.073476776481,-0.085927329957,-0.200073152781,-0.476294308901,-0.012590492144,0.228604480624,-0.491498410702,0.201287358999,-0.024213751778,-0.112561218441,0.391017287970,-0.121583238244,-0.601001501083,-0.027736946940,-0.582373023033,0.669638037682,-0.029292752966,0.127176716924,0.512629389763,0.373689413071,0.907309830189,0.054016873240,-0.454529523849,-0.501907467842,-0.661558508873,-0.111515782773,-0.398512333632,-0.948707342148,-0.518124043941,-0.324982047081,0.280164152384,0.932223200798,0.214972659945,0.995175659657,0.429443180561,0.138071477413,0.441963732243,-0.282695442438,-0.281588286161,0.037108816206,0.141718149185,-0.721963226795,-0.459978967905,-0.111696884036,-0.013602999970,0.356871902943,-0.130024924874,-0.072707109153,-0.264017552137,-0.621864914894,0.457665801048,0.362716466188,-0.633788645267,0.123970456421,-0.028922321275,0.071966253221,1.088437557220,0.494066715240,0.135050415993,0.833137392998,0.434386372566,0.471877962351,0.208868816495,-0.663641154766,-0.203793928027,-0.382332801819,-0.643535077572,-0.167207822204,-0.692682862282,-0.694633781910,0.069554336369,0.054547823966,0.091401457787,0.828708708286,-0.103012368083,0.052053596824,0.774123847485,0.138631239533,0.095488525927,0.875197708607,0.453953295946,0.191433921456,0.052086520940,-1.003049373627,0.499680787325,-0.238815993071,-0.477681368589,-0.049818668514,-0.725774526596,-0.835236549377,-0.723901808262,-0.186573073268,-0.489942580462,0.473479062319,-0.597330152988,0.315470218658,0.517021000385,-0.451759517193,0.025567876175,0.085853241384,-0.396137446165,0.143804892898,-0.036590218544,-0.128181010485,0.323599100113,-0.383966773748,-0.341478496790,0.139627277851,-0.706026554108,0.456492811441,-0.528319120407,-1.031543731689,0.161346808076,0.176238074899,-0.277328312397,-0.038635808975,0.332859843969,0.527862250805,1.115301966667,0.614999592304,0.633570492268,0.790212810040,0.283008247614,0.373232573271,0.525668442249,-0.777280807495,-0.192816868424,-0.748531281948,-0.301204562187,-0.281641781330,-0.601672410965,-0.000296343700,-0.373467177153,-0.154185160995,0.995599627495,-0.686846494675,0.096114143729,0.361280053854,-0.567708134651,0.504249393940,-0.143459171057,-0.232683330774,0.463296353817,0.168804794550,0.293355584145,0.284741044044,-0.238437324762,0.369487106800,-0.159288868308,0.256386697292,0.081634461880,-1.088021874428,-0.563155949116,-0.199085354805,-0.970760285854,0.309703886509,-0.218088388443,-0.523404717445,0.717954397202,0.282320886850,0.272035300732,0.460970908403,-0.046711176634,1.089256525040,0.015558045357,-0.130173102021,0.975477099419,0.069155097008,0.109906472266,0.186964079738,-0.801597416401,0.161029890180,0.159486427903,0.302299380302,-0.157436713576,-0.200398325920,-0.179555475712,0.349866658449,0.013269612566,-0.251472353935,0.173941418529,-0.633298873901,0.176357448101,-0.016060182825,-0.446454167366,0.180160507560,-0.553261339664,0.101584158838,0.271360307932,-0.457509428263,-0.250809669495,-0.000728511601,0.173859089613,0.346516340971,-0.089895047247,-0.690089881420,-0.315992951393,-0.399487793446,-0.970900237560,0.043517250568,-0.156247228384,-0.544379293919,0.184424579144,-0.298607438803,0.050703585148,0.880721151829,0.342453986406,0.580545544624,0.516391277313,0.086964532733,0.466420292854,-0.089265309274,-0.319380313158,-0.060211278498,-0.255559414625,-0.359493732452,0.162165865302,-0.340968132019,-0.095817796886,0.115187153220,-0.418741911650,-0.051238648593,0.114598587155,-0.171377211809,0.404690265656,-0.276159405708,-0.236922696233,0.590501904488,-0.310979783535,0.023209474981,0.697045683861,0.139594361186,0.404118150473,0.082346513867,-0.168302640319,0.312831938267,0.103831432760,-0.042183704674,-0.761615693569,-0.658541560173,-0.275533795357,-0.197867050767,-0.000740859308,-0.896044611931,-0.730746507645,0.314881682396,-0.062302149832,0.767480850220,0.675848901272,-0.232403442264,1.019801020622,0.453249484301,0.679878294468,0.996513366699,-0.112046733499,0.787051916122,0.527187228203,-0.531056165695,0.112902842462,-0.425677180290,0.108881615102,0.307757079601,-0.269438177347,-0.659418284893,0.093677535653,0.323261618614,0.034701026976,0.007194566540,-0.006087393966,0.206168800592,0.084865435958,-0.211507096887,0.188491061330,-0.528957068920,0.642275631428,-0.074810326099,-0.511464536190,-0.116434261203,0.419816166162,-0.365470021963,-0.124698966742,-1.269878029823,-0.780688703060,-0.851127982140,-0.227764844894,-0.510229825974,-0.980654895306,-0.874345660210,0.075440049171,-0.012392929755,0.111676298082,-0.064286001027,0.362621814013,0.089425832033,0.753672003746,0.097632907331,-0.134885787964,0.142496049404,-0.117434434593,0.023781580850,-0.005630530417,-0.137449979782,-0.206749126315,0.416708678007,-0.558122217655,-0.101102590561,-0.203876242042,0.554500281811,-0.121529735625,-0.706071853638,0.738266229630,0.013648275286,0.293614894152,0.368421077728,0.265170007944,0.444507330656,0.481805503368,0.243413433433,0.724292874336,0.157609581947,0.429455518723,0.187577337027,-0.603038907051,-0.121920734644,0.259185492992,-0.615489423275,-0.489773809910,-0.735512733459,0.031243681908,-0.691925525665,-0.413860470057,-0.284662812948,-0.240980938077,0.712056338787,-0.033519767225,-0.055124044418,0.461929857731,0.000144055972,0.782553255558,1.451586127281,-0.134856969118,0.436971157789,0.149554789066,-0.756689012051,0.123620606959,-0.058861270547,-0.529903709888,0.011812589131,-0.082437060773,-0.230613023043,-0.018756087869,-0.193796455860,-0.054374955595,0.905342400074,0.115541122854,-0.046542428434,0.066101111472,-0.151950240135,0.239137023687,0.522548615932,-0.696366608143,0.587838888168,0.303735852242,0.434913188219,0.543243288994,0.038261264563,0.517988204956,0.486407071352,-0.155539289117,0.054807126522,-0.852638483047,-0.007420940790,-0.532994747162,-0.347397148609,-0.344882339239,0.144249409437,-0.148673996329,-0.044496830553,0.039866462350,0.362695902586,0.544967830181,0.238708987832,0.112104363739,-0.051172796637,-0.084128692746,-0.485830813646,-0.230526596308,-0.706401109695,-0.529381036758,-0.489098846912,-0.309185266495,-0.144142404199,-0.334720224142,-0.053008478135,-0.170512884855,-0.526870310307,-0.406497120857,-0.459365665913,-0.010170351714,-0.024999884889,-0.382254570723,0.047773074359,0.450220197439,0.655277669430,0.331810295582,0.447816520929,1.068068027496,0.433032244444,0.268067568541,0.419227570295,-0.562941908836,-0.149036183953,-0.185255974531,-0.259498327971,-0.107943199575,-0.642333269119,-0.121307477355,-0.551100552082,0.318310171366,0.475220054388,-0.269549310207,0.409242451191,-0.024563601241,0.048036489636,1.451581954956,0.241343140602,0.372977375984,0.794781446457,0.120974093676,-0.112116701901,-0.259115546942,-0.070723250508,-0.062306262553,0.129502207041,-0.576853632927,-0.410164386034,0.312992483377,-0.459431529045,-0.284720450640,0.281370103359,0.045459948480,-0.341474384069,-0.069834224880,0.068504787982,0.180790245533,0.495507270098,-0.252694755793,-0.114244624972,0.204028531909,-0.334814876318,0.356480926275,0.585464060307,-0.485341042280,-0.259872853756,-0.558632612228,-0.617637932301,-0.159548163414,-0.503422081470,-0.447137385607,-0.124303840101,-0.635163366795,0.337058037519,-0.124637223780,-0.141154274344,0.716768980026,0.280522257090,0.078498154879,0.315178006887,0.232354044914,0.738056361675,-0.223401993513,0.036405000836,-0.701178014278,-0.326159179211,0.176238074899,-0.644592821598,-0.680302262306,-0.124674268067,-1.240313649178,-0.059746183455,-0.359864145517,0.193944618106,-0.663966357708,-0.214412897825,-0.299953341484,0.390091240406,-0.174147203565,-0.224295139313,0.143323346972,0.360193431377,0.119780488312,0.184095293283,-0.146002784371,-0.270833462477,0.454513072968,0.497705161572,-0.110725529492,-0.067204169929,-0.220607310534,-0.462901234627,-0.323813140392,0.028453111649,-0.215071439743,0.137631073594,0.197262018919,-0.469659537077,0.007054626942,0.476125597954,0.494799345732,0.985935568810,0.669074118137,0.092315182090,0.967730998993,0.428241342306,-0.079024992883,0.690324425697,-0.536962449551,-0.236980304122,0.102506116033,-0.433345049620,-0.583089172840,0.022649714723,-0.411814898252,-0.097101956606,0.656557738781,-0.036421466619,0.004642718472,0.236721009016,-0.042512975633,0.130646422505,0.710446953773,-0.919266402721,0.467856764793,-0.189878121018,-0.398820996284,0.478031247854,-0.290145188570,0.369388312101,0.638649523258,-0.171615928411,0.592740893364,-0.125830829144,-0.714390039444,-0.446194827557,-0.616514325142,-0.266355365515,0.091315023601,-0.311819434166,-0.043932955712,-0.165512070060,0.240038409829,0.434596300125,1.301665067673,0.383736312389,0.226517722011,0.658339917660,1.118532896042,-0.119508840144,0.048279330134,-0.856334567070,-0.483616501093,0.150200992823,0.559040069580,0.041101228446,-0.404743790627,-0.735673248768,0.472573548555,0.262795150280,0.007490910590,-0.068204328418,-0.811137974262,-0.343021959066,0.065043330193,0.052926164120,-0.296763539314,0.159325897694,0.101254880428,0.361897408962,-0.129057690501,0.666143596172,0.215614736080,0.315054535866,-0.061618912965,-0.196039602160,-0.700025558472,-0.141162499785,-0.372158318758,-0.191689103842,-0.384205520153,-0.886812686920,-0.030152972788,0.018155168742,-0.544947266579,0.195615664124,-0.186774745584,0.431739836931,0.820341169834,0.284292399883,0.541255354881,1.019731044769,0.488740742207,0.842583358288,0.689583599567,-0.152345359325,0.020007317886,-0.010569592938,-0.169068202376,-0.659599363804,-0.114573888481,-0.526664495468,0.250093519688,0.078736878932,-0.208687707782,0.412152379751,-0.028840005398,0.703705251217,0.290429174900,-0.074596300721,0.510764837265,-0.361284166574,-0.194541424513,0.684698045254,-0.264993011951,0.742143452168,0.375047683716,-0.462115079165,0.213231638074,-0.154329225421,-0.817604064941,0.194031044841,-0.946776986122,-1.417041540146,-0.098855324090,-0.964104890823,-0.381558984518,-0.006350810640,-0.156716436148,0.548351109028,0.378533840179,0.944719076157,0.947715461254,0.312622040510,0.550351440907,0.348957061768,-0.188758611679,0.343491166830,0.141796350479,0.076345548034,-0.177798002958,-0.936359643936,0.162997275591,-0.198179870844,0.289095640182,0.522705018520,-0.321026682854,-0.094426624477,0.072147347033,-0.084824271500,0.389366805553,-0.110429190099,0.152839273214,-0.215960472822,0.589530527592,0.165503844619,0.384221971035,-0.045949738473,-0.210795059800,0.258280009031,-0.443877607584,-0.034684561193,-0.425854146481,-0.543226838112,-1.239309430122,-0.860750854015,-0.207251265645,-0.907869577408,-0.351138502359,-0.198776647449,-0.528232634068,-0.434168249369,0.491107404232,-0.378846645355,-0.497840970755,0.700782895088,0.703470587730,1.009914755821,-0.014158643782,0.073435619473,0.362547695637,0.098069190979,0.117245100439,-0.953823387623,-0.231320962310,-0.256522536278,-0.285424292088,0.091512590647,-0.388811200857,-0.085799738765,0.194714277983,0.374113351107,0.246463298798,0.364708572626,0.257432132959,-0.156378924847,-0.044558566064,0.130720511079,-0.036804240197,0.085371680558,0.405167728662,0.278571307659,0.660982310772,0.438107132912,0.182387217879,0.738068699837,0.056593418121,-0.531303107738,-0.244154304266,-0.271516710520,0.106235101819,-0.403410226107,-0.449166506529,-0.451438486576,0.419120579958,0.531327784061,0.353064715862,1.059696316719,0.206461027265,0.413094878197,0.649881720543,0.210272327065,0.122920908034,0.096599824727,-0.100514031947,-0.560081422329,0.134276628494,-0.810211896896,-0.105807051063,-0.377043873072,0.019464019686,-0.180851981044,-0.487436026335,0.066323369741,-0.029432691634,-0.838986098766,0.250097632408,-0.039170876145,0.231090486050,0.457394182682,-0.090096727014,0.139326825738,0.685006737709,0.611929178238,0.813599348068,0.003284476232,0.221994370222,0.587242126465,-0.407950043678,0.098118588328,0.191717922688,-0.681656420231,-0.385526716709,0.132181644440,-0.674577057362,-0.053514733911,-0.428768217564,-0.369668215513,-0.003593167523,0.038619350642,-0.269841521978,0.398146003485,-0.182757630944,0.527179002762,0.524598360062,0.140228196979,0.503850162029,0.340922862291,-0.164433717728,-0.237708806992,-0.119694046676,-0.892270326614,-0.537797987461,-0.219405472279,-0.621939003468,0.282567828894,0.009157843888,-0.610402166843,0.138351351023,-0.050304342061,-0.056185942143,0.186186164618,0.068895794451,-0.009289552458,-0.339786887169,0.323825478554,0.045089520514,0.774811208248,0.316676199436,-0.065928243101,0.747349977493,0.097620561719,0.306522309780,0.203316494823,-0.260626047850,0.153580129147,-0.005791049916,-0.668255090714,-0.404262214899,-0.272413969040,0.008215306327,0.487654149532,0.174525871873,0.758997976780,0.854885756969,0.310337722301,1.264807343483,0.643522739410,0.394915044308,1.058362722397,-0.266005516052,-0.482365250587,0.291392296553,-0.414078593254,-0.050629504025,-0.127621248364,-0.915595054626,0.417832285166,0.100691013038,-0.398985654116,0.462267398834,-0.646119832993,0.377467811108,-0.198044031858,-0.141483545303,0.306501716375,-0.547869563103,0.135992959142,0.875522851944,-0.415395677090,0.293837130070,-0.299138396978,-0.062158096582,0.829099714756,-0.431200683117,-0.406184345484,-0.052601009607,-1.035079240799,-0.259008526802,-0.402438849211,-1.055358171463,-0.049477051944,-0.322030961514,-0.443210810423,0.337346166372,-0.195891439915,-0.010886515491,0.345405071974,0.234733030200,0.934840917587,0.611595809460,0.329867601395,0.071451760828,0.738352656364,-0.081737361848,0.101843453944,0.236120089889,-0.879416406155,0.085762694478,-0.183387368917,-0.393013507128,-0.198472082615,-0.185321837664,-0.108453564346,0.067751578987,0.168459057808,-0.383020132780,0.025045158342,-0.272064119577,0.058198612183,0.050053276122,0.005140740424,-0.017801202834,0.572770655155,-0.224826097488,-0.157893583179,0.856305718422,-0.275756061077,-0.075230143964,0.241055041552,-0.817369520664,0.247171223164,0.135601937771,-0.758195340633,0.452039420605,-0.250332236290,-0.306752800941,0.033565044403,-0.028889395297,0.202822580934,0.619749367237,0.700070858002,0.361300617456,0.528417885303,0.265931457281,0.341836571693,0.414634257555,-0.007910730317,0.212688356638,-0.831676244736,-0.873201429844,-0.173254057765,-0.178859889507,-0.170475840569,-0.707129597664,-0.429871261120,0.691415131092,-0.125332802534,-0.085676260293,-0.017990533262,-0.800572574139,0.750712752342,0.182732954621,-0.418853014708,0.178719952703,-0.065578393638,0.277373582125,0.804223358631,0.397660344839,-0.024230213836,0.244602933526,0.073410928249,-0.169611498713,-0.067689843476,-0.559645116329,-0.221574544907,-0.415498554707,-0.479191899300,-0.348882973194,-0.992208123207,-0.019447555766,0.444408535957,-0.135519623756,0.394400566816,0.047740150243,0.199167668819,0.723346173763,0.811590790749,0.610451579094,0.084285087883,0.438103020191,0.473495513201,-0.134206652641,0.024612991139,0.275459706783,-0.587810099125,0.153954684734,-0.208029165864,-0.312679648399,0.193088501692,-0.026057668030,-0.187334507704,-0.078531078994,-0.218537032604,-0.061293758452,-0.102180965245,-0.627400815487,0.220512658358,-0.183436766267,-0.503739058971,0.227258592844,0.360436260700,-0.095463834703,0.276365220547,-0.255258947611,0.537172377110,0.135737776756,-0.463568001986,-0.442021369934,-0.525775492191,-0.870221555233,-0.158724978566,-0.508764564991,-0.624569058418,-0.383826851845,0.587505519390,0.425434321165,0.233485922217,0.494782894850,0.534978628159,0.729746401310,0.932968199253,0.144903853536,0.326731294394,-0.056803327054,-0.526112973690,0.394083648920,-0.245002165437,-0.660344302654,0.155642181635,-0.466980069876,-0.669279932976,0.279439777136,-0.236120089889,-0.636233448982,0.197665363550,-0.143730819225,-0.231279820204,-0.410049170256,0.218615218997,0.472219586372,0.197805315256,0.526372313499,-0.094994619489,-0.231925994158,0.743254661560,-0.033252231777,-0.233304813504,-0.012442320585,-0.800296783447,-0.072777077556,-0.589773356915,-0.371475070715,-0.095636703074,-0.368351131678,-0.980123877525,0.098645418882,-0.103037066758,0.520642995834,0.484443783760,0.106091044843,-0.066006444395,0.951802492142,0.544140577316,0.985548675060,0.562431573868,0.279567360878,0.536135137081,0.323397427797,0.241981104016,0.037421625108,-0.175435468554,0.204851701856,-0.585661590099,-0.353768527508,-0.151378124952,-0.087244406343,0.366346657276,-0.047258589417,0.652478873730,0.299068421125,-0.517074465752,0.527977526188,0.379307597876,0.185478240252,-0.058828338981,-0.137832760811,-0.215939909220,0.107424594462,-0.158498615026,-0.094410173595,-0.778519630432,-0.181074231863,-0.993035495281,-1.060350775719,-0.255452394485,-0.870517909527,-0.909499466419,-0.987055063248,-0.992973685265,0.274644762278,0.008293508552,-0.327447474003,0.477747231722,0.024250794202,0.490564078093,0.346923828125,0.304958283901,0.531965792179,-0.133062452078,-0.136091738939,-0.573132872581,-0.124789521098,0.211770504713,-0.046966366470,-0.156494185328,-0.315445542336,0.125365734100,0.102139800787,0.105498366058,0.281724095345,0.027317129076,-0.298475742340,0.093113668263,0.797407448292,0.220125764608,0.421516001225,0.330200970173,0.088133446872,0.844242095947,0.535431325436,-0.260296791792,0.464913904667,-0.020093750209,-0.136165827513,0.041401684284,-0.714986860752,-0.203678682446,0.012775707059,-0.182321339846,-0.331497490406,-0.777107894421,0.368659824133,-0.187626734376,-0.231477349997,0.356867790222,0.181477591395,-0.462514340878,0.344478994608,0.357814460993,0.439901649952,1.070302963257,-0.359757125378,0.245417863131,0.466679602861,-0.325587064028,0.267026275396,-0.747345924377,-0.678474783897,0.028543662280,-0.639995396137,-0.313120067120,-0.070612125099,0.123826399446,-0.418453782797,-0.129354029894,-0.366614222527,0.653162121773,0.626894533634,-0.742538571358,0.046320170164,-0.053564127535,-0.078555777669,0.783656239510,-0.243693321943,0.046188458800,1.204921126366,0.095192186534,0.732355892658,0.220837801695,-0.362959325314,0.447874128819,-0.397808492184,-0.045830376446,-0.276834398508,-0.682207942009,-0.688348829746,-0.044241648167,0.452269881964,0.266462385654,0.043776553124,0.767818331718,0.328826278448,0.304283261299,0.930807352066,-0.262663424015,-0.216705456376,0.540337502956,-0.500384569168,-0.291404664516,-0.437654405832,-0.469457834959,-0.250863164663,-0.407275050879,-0.392062723637,-0.969665408134,-0.299850434065,-0.442004859447,-0.235445082188,-0.498861730099,-0.146138608456,-0.595568537712,-0.115792192519,0.123069077730,0.176081672311,0.396425575018,-0.009256625548,-0.392330259085,0.331913173199,0.604092538357,-0.196414142847,-0.396013975143,-0.254505723715,-0.599137008190,0.454620063305,0.048793815076,-0.839652836323,-0.425314962864,-0.672325670719,-0.570959687233,-0.275159269571,-0.503718435764,-0.396083950996,0.502553701401,0.031186060980,0.233004361391,1.128900766373,0.232876777649,0.735450983047,0.361868619919,0.707998096943,0.067372918129,0.226027935743,-0.194175094366,-0.605199694633,0.038569957018,-0.284926265478,-0.036742504686,0.194574341178,0.131362572312,0.533056497574,0.467527478933,0.353805601597,0.063022427261,0.302126526833,-0.182448953390,-0.166907355189,0.639209270477,-0.293812453747,0.108906313777,0.323393315077,0.250509202480,0.364790886641,0.366634786129,-0.203423500061,-0.047777194530,-0.351084977388,-0.711216688156,-0.324862688780,-0.686834156513,-0.859870135784,-0.497063100338,-0.557640671730,-0.910977065563,0.338416308165,0.683792531490,-0.348092734814,0.078502275050,0.264943629503,0.541448771954,0.581500411034,0.067743353546,-0.134951636195,-0.473306179047,-0.026407517493,-0.315881818533,0.145130217075,-0.532653152943,-0.693543076515,-0.847357809544,-0.159630477428,0.065858274698,-0.955803155899,0.104815125465,-0.372746884823,-0.671576619148,0.198241606355,-0.643687367439,0.151682704687,0.309345811605,0.133720979095,0.353673845530,-0.004729151726,0.340782910585,0.116755306721,0.593436479568,-0.146295011044,-0.073308028281,-0.112260758877,0.301698476076,0.120270267129,-0.025325039402,-0.139417365193,-0.137091889977,0.072670064867,0.169158756733,-0.425784200430,0.230464860797,0.519869148731,-0.293602526188,0.422767221928,0.593605279922,0.605792403221,1.190474510193,0.807425498962,0.291478723288,0.267347306013,-0.051893077791,0.738789021969,0.006573067978,-0.542457163334,0.162668004632,-0.400487959385,0.327216953039,-0.146043941379,-0.244549423456,-0.478204071522,-0.280197113752,0.287663310766,-0.046184346080,-0.324088901281,-0.121007017791,-0.716246306896,-0.261626213789,-0.090837575495,-0.011672648601,0.388885289431,0.093549944460,-0.146451413631,0.190129190683,-0.212992936373,0.022378064692,0.162791475654,0.013018542901,-0.287922620773,-0.386860251427,-0.438494026661,-0.884005665779,-0.524762988091,-0.407756596804,-0.450804650784,0.235103458166,-0.151065319777,0.644238889217,0.173418700695,0.716312110424,0.835001885891,0.369030237198,0.881548464298,0.538065552711,0.188939690590,0.634941101074,-0.425874739885,-0.069163329899,-0.107124134898,-0.129267588258,-0.116356067359,-0.764612078667,-0.870303869247,0.064211919904,0.080766007304,-0.419709146023,-0.235029384494,-0.293038636446,-0.258103042841,0.647276401520,0.036544941366,0.018274528906,0.230184987187,0.280814468861,0.482850909233,0.396865993738,0.127724140882,-0.011573868804,0.287902027369,0.185885712504,-0.095821909606,-0.198060497642,-0.635653138161,-1.182296156883,0.098172090948,-0.776078939438,-0.762879252434,-0.147710874677,-0.766929268837,-0.100863881409,0.275653153658,-0.094578921795,0.923061251640,0.583093285561,0.477673143148,1.032873034477,0.742073476315,0.556315362453,0.317721635103,-0.120348468423,-0.177135333419,-0.345022290945,-0.207485869527,-0.210803285241,-0.028646558523,-0.459933668375,0.416078895330,-0.056556373835,0.272319287062,0.134725257754,0.651556909084,0.473178595304,-0.666131258011,-0.069965928793,0.463942527771,-0.035515971482,-0.191549181938,0.122278824449,-0.438247084618,0.513666570187,0.533352851868,-0.212540194392,-0.036335032433,0.265873819590,-0.863422095776,-0.202522128820,-0.598947644234,-0.995076954365,-0.267845332623,-0.930963814259,-0.632117569447,0.281386584044,-0.508896231651,0.680615067482,0.466280370951,0.239565089345,0.970155179501,0.400463253260,0.676458060741,-0.001683396869,0.177760958672,0.127440139651,-0.268804311752,-0.046369560063,-0.543399691582,0.283485680819,0.109700679779,-0.489605098963,0.015751492232,-0.167751118541,-0.252694755793,0.480352580547,-0.115841582417,-0.056799214333,-0.189408913255,-0.513485431671,0.370907068253,0.713830232620,-0.143965423107,0.261165231466,0.393260449171,0.370660156012,0.420425295830,0.208457231522,-0.375673264265,-0.081572718918,-0.664554893970,-0.704376041889,-0.422705501318,-0.456887930632,-0.211437121034,-0.827869117260,-0.770538926125,-0.261774390936,0.138400748372,0.226040273905,-0.293211519718,-0.083182036877,0.132029354572,-0.404743790627,0.208535417914,0.128563776612,0.349166959524,0.349734991789,-0.444046378136,0.162087664008,0.355019778013,0.158309280872,-0.298208206892,-0.158790841699,-0.153872355819,0.246582657099,-0.313062429428,-0.242137506604,0.274891704321,0.397392809391,-0.693728268147,0.358497709036,0.096912622452,0.145566493273,0.330410897732,-0.160198464990,-0.130053728819,0.368470489979,-0.074625112116,0.104539357126,0.149879947305,0.407703071833,0.200678214431,0.501923918724,-0.539736568928,-0.246455073357,-0.185194239020,-0.027378866449,-0.359851807356,-0.389815449715,-0.644090712070,-0.330863624811,-0.651877939701,0.024082044140,0.058951817453,0.450886934996,0.096764452755,0.270434230566,0.518580913544,1.096747517586,-0.030173551291,-0.265528082848,0.052852079272,-0.348759502172,0.011759082787,0.214902698994,-0.475092470646,-0.532327950001,-0.347034960985,-0.538773477077,0.281345427036,0.153740644455,-0.215227857232,-0.082124255598,0.136865526438,0.123435385525,0.483916938305,-0.212737753987,-0.156745254993,0.823683202267,0.321944504976,0.278180301189,0.738212823868,0.495297372341,0.030383462086,0.305287539959,0.105341956019,-0.181280046701,-0.068727046251,-0.095122210681,-0.867538034916,-0.545556426048,-0.900621473789,-0.718279540539,-0.400463253260,0.134992793202,-0.762673497200,-0.262449413538,0.111075378954,0.396647810936,0.817661702633,0.169381022453,0.572000980377,0.437983661890,0.016998603940,0.754795670509,0.290243953466,-0.463613271713,-0.239478647709,-0.469309657812,-0.509974598885,0.163709327579,-0.481961876154,-0.374792456627,0.128720179200,-0.170204192400,0.262585222721,0.288663476706,0.001979740569,0.063693322241,-0.115487612784,0.276731520891,0.332876324654,0.103642098606,0.112997502089,0.349767893553,0.209696114063,0.312852531672,0.879799246788,-0.102423794568,0.557743549347,0.029757849872,-0.574478745461,-0.047102190554,-0.897003591061,-0.406497120857,-0.099555023015,-0.664764821529,-0.091813050210,-0.186054453254,0.257744938135,0.219397246838,0.354394167662,0.869167864323,0.267614841461,0.734533131123,0.203184768558,-0.526631593704,0.418737769127,-0.510213315487,-0.828400015831,-0.267565429211,-0.297175109386,-0.249488487840,-0.096015363932,0.070484533906,-0.538555324078,-0.319787800312,-0.122962057590,0.085845008492,-0.741250276566,0.281744658947,0.361415863037,-0.591888964176,-0.015183499083,0.858380138874,0.508657515049,0.294384539127,0.787883281708,0.507620275021,0.429105699062,0.378961861134,-0.181860372424,-0.251134842634,-0.110079340637,-0.212322041392,0.024473050609,-0.192829206586,-0.447606623173,-0.087269105017,-0.471738040447,0.446569383144,-0.255892783403,0.113614886999,0.708068013191,-0.136610344052,0.553216099739,0.240342974663,0.209889546037,0.412917941809,0.408876121044,0.683463275433,0.061269059777,-0.264881908894,0.208926424384,-0.235198125243,-0.828120172024,-0.096101798117,-0.483209013939,0.057708825916,-0.116627715528,-0.433065205812,-0.026934349909,-0.351788789034,0.151534542441,0.296932309866,-0.245957046747,-0.630195498466,0.056222986430,-0.281415402889,0.033960167319,-0.019719203934,-0.385625481606,-0.020266616717,0.851572453976,-0.305151700974,0.713686168194,0.022592093796,-0.502282023430,-0.093883335590,0.324854463339,-0.274381339550,-0.050399009138,-0.614345192909,-0.513403117657,0.334082275629,0.502878844738,0.186256125569,0.536966562271,0.140899091959,0.545576989651,0.913784086704,0.199451670051,-0.021480804309,0.407637268305,-0.682808876038,0.044595610350,0.305744379759,-0.773535311222,0.140018299222,-0.066199891269,-0.540547430515,0.770650088787,0.027666978538,0.055646762252,-0.463345736265,0.135264441371,-0.178966909647,0.030008917674,-0.680261135101,-0.067953258753,0.255983352661,0.001337662572,0.765887916088,0.339202404022,-0.493622183800,0.338259905577,0.237354844809,0.103230513632,0.164236158133,-0.618004262447,-0.492667287588,-0.344915270805,-0.262428820133,0.352735459805,-0.440012782812,-0.729194879532,-0.175451949239,-0.138734132051,-0.516881048679,0.264746069908,-0.090364247561,0.548067092896,-0.157589003444,0.664036273956,1.064038515091,0.515321135521,0.774572491646,0.514148116112,-0.077963091433,0.370116829872,0.226847007871,-0.540856122971,-0.134070828557,0.057260192931,-0.561719477177,-0.640937983990,0.293701320887,-0.278028011322,-0.143463283777,0.079321332276,-0.389486193657,0.484978824854,0.474594444036,-0.065664827824,0.176295712590,-0.567259490490,0.533179998398,0.205115124583,0.031441245228,0.671127915382,-0.037466902286,0.268009960651,0.540559768677,-0.593522965908,-0.114796146750,0.497375905514,-0.570881485939,-0.646622002125,-0.386037081480,-0.588061153889,-0.351422488689,-0.030194133520,0.433962464333,0.269668668509,0.970830261707,1.057325601578,0.408266961575,0.829494833946,0.315511375666,0.738348603249,0.345553249121,-0.664188563824,-0.398602873087,-0.326270312071,-0.806499421597,-0.353155255318,-0.042488280684,-0.994109630585,-0.430385738611,-0.767135083675,0.439288377762,-0.170903891325,-0.681672871113,-0.151518076658,-0.201596036553,0.164874121547,0.086878098547,-0.303805798292,-0.013158483431,0.498643547297,0.268709659576,-0.090088486671,-0.004869091790,0.184527471662,-0.308732509613,-0.236564606428,-0.071328282356,-0.792534232140,-0.412777960300,-0.215170219541,-0.336066126823,0.100411131978,-0.547005236149,-0.419351041317,0.651351153851,-0.363687843084,0.113075710833,0.430398076773,0.483250170946,0.452175229788,0.812710285187,0.415066421032,0.661834299564,0.791110098362,0.590061485767,0.591954767704,-0.286144554615,0.195611551404,-0.032894153148,0.006301419809,-0.072937600315,-0.021275008097,0.432336658239,0.627520143986,0.187844872475,0.172196283937,0.130559980869,-0.164647743106,0.642152130604,0.029350373894,-0.602849543095,-0.266482979059,-0.105778247118,-0.184683874249,0.609467864037,-0.651128888130,-0.141648173332,0.854708790779,-0.084042258561,-0.081712663174,-0.416548132896,-1.130567789078,-0.459769070148,0.054523129016,-1.095027089119,-0.327562689781,-0.856906652451,-0.491815328598,0.486357659101,-0.122974410653,-0.456760317087,0.425430208445,-0.251159518957,0.576215624809,0.853889703751,-0.218327119946,0.299080789089,0.566987872124,0.059684447944,0.752861261368,-0.185214817524,0.118385203183,0.411530882120,0.187688469887,0.367873698473,-0.356291592121,-0.144088894129,-0.033976629376,-0.423578083515,-0.148282989860,0.390350520611,-0.027082521468,-0.029774310067,0.285193771124,0.566201686859,0.278892368078,0.274455457926,0.348747164011,-0.013347814791,-0.173657417297,-0.002922278363,0.194459095597,-0.092891409993,-0.485616803169,-0.192541092634,-0.109420798719,0.067656919360,0.169253423810,-0.248661175370,-0.614435791969,-0.359530776739,0.065323211253,-0.151814416051,-0.321269512177,-0.627676606178,0.034602243453,0.947826564312,0.161659613252,0.727260351181,0.617028772831,0.242458552122,0.398084282875,0.354772806168,-0.067883290350,-0.042689956725,-0.395836979151,-0.479422390461,-0.160663574934,-0.248220786452,-0.217709720135,0.061050921679,0.426796704531,0.755816400051,-0.051827225834,0.510077476501,-0.136507436633,0.354044288397,0.032737750560,0.330892443657,-0.036359727383,-0.437493860722,0.701667845249,0.172237426043,0.000391009060,0.423833250999,-0.011936065741,0.123336605728,0.090109065175,-0.354608178139,-0.366939365864,-0.384271353483,-1.158922076225,-0.874329209328,-0.787747502327,-0.375677376986,0.273661077023,-0.629310548306,0.304349094629,1.046385526657,-0.082457639277,1.078275442123,0.454175531864,-0.150690779090,0.009729951620,-0.468223065138,-0.226884037256,-0.623523652554,-0.352151006460,-0.575433671474,-0.506772458553,0.084322132170,-0.562118768692,-0.210350543261,0.249620184302,-0.169084668159,0.173776775599,0.235206350684,-0.276307582855,0.713480412960,0.375109374523,0.074814438820,0.323273956776,0.672831952572,0.390852659941,0.246574431658,0.569095194340,0.131095051765,0.334493845701,-0.112252533436,-0.292297810316,-0.238503172994,-0.360098779202,-0.042245443910,0.242248654366,-0.468902170658,-0.578137755394,-0.205432042480,0.413975685835,-0.016233049333,-0.106531448662,-0.086721695960,-0.364148795605,0.374129831791,0.781454324722,0.502915859222,0.707759320736,-0.097254246473,0.432221412659,0.233148410916,-0.330567300320,-0.188993200660,-0.277221322060,-0.747029006481,-0.058042205870,-0.599363386631,-0.591744899750,-0.174258336425,0.274533629417,0.195204079151,0.235667347908,-0.032828297466,0.520128488541,0.182016775012,-0.719761312008,-0.034602243453,-0.051246881485,-0.027136029676,0.006857064553,-0.554191589355,0.354344755411,0.663332462311,-0.268042892218,-0.357744485140,-0.015471611172,-0.066681452096,0.148344725370,-0.404525607824,-0.536126911640,-0.409370034933,-0.645424246788,0.396186858416,-0.488419711590,0.146097451448,0.058243889362,-0.004021219444,0.491350203753,0.563003659248,0.046632975340,0.402566492558,-0.066241048276,-0.375080585480,0.226818189025,-0.251661658287,-0.483365386724,-0.226299598813,-0.781269013882,0.269458740950,-0.175147354603,-0.621976017952,-0.020921044052,-0.284045457840,-0.285675346851,-0.225929155946,-0.056564606726,0.003514965763,-0.255012005568,0.195640370250,-0.161552608013,-0.040837809443,0.591164529324,0.211601763964,0.478360503912,0.644654572010,-0.308069884777,0.457336544991,0.358493596315,-0.141405344009,-0.271903574467,-0.156119629741,-0.210309371352,0.421762943268,-0.263338446617,-0.581591010094,-0.486061304808,-0.134581193328,0.057943426073,0.368495166302,-0.052271734923,-0.328995049000,0.366581290960,0.737615942955,0.097966291010,0.494087308645,-0.028642443940,0.512814581394,1.173850417137,0.128580242395,-0.401903808117,-0.245006278157,-0.201834768057,0.269397020340,-0.601347267628,-0.304954141378,0.239178195596,-0.131424322724,-0.413572341204,-0.222076684237,-0.152180731297,-0.059869661927,0.122328214347,0.081856720150,-0.710381150246,-0.258115381002,0.109667755663,-0.096743874252,0.142100930214,0.309333443642,-0.554117500782,-0.127732381225,0.761426329613,0.298364609480,-0.316338688135,-0.471141248941,-0.680923759937,-0.277727574110,-0.230921715498,-0.447602450848,-0.006968193222,-0.889393329620,0.530607521534,0.321882784367,-0.246422141790,1.325010418892,0.480603635311,0.364840269089,0.789360880852,-0.313358783722,0.112005576491,0.360629707575,-0.603236436844,0.140018299222,-0.500701487064,-0.279032289982,-0.082852765918,-0.228497475386,-0.400380939245,0.005803397391,-0.915648579597,0.028848238289,0.146327942610,-0.032696589828,-0.284432351589,-0.121978364885,-0.078522853553,0.299755781889,0.873777687550,0.118187636137,0.289387851954,0.489547461271,0.513703584671,0.271146267653,0.279748469591,0.059593897313,0.032729513943,-0.405715107918,-0.225813910365,-0.324294686317,0.003206274239,-0.155349969864,-0.579129695892,0.252723574638,-0.506192088127,-0.267927646637,0.717748582363,0.089364089072,0.238494947553,0.696082592010,0.595547974110,0.143360391259,0.840723037720,0.619259595871,0.100390553474,0.853811502457,-0.643230497837,-0.083198495209,-0.140149995685,-0.691089987755,0.100682772696,-0.270170807838,-1.385859608650,0.338794946671,-0.229534685612,0.111651606858,1.010877847672,-0.670457065105,-0.683278024197,-0.022855509073,-0.091627828777,0.236980304122,-0.289647161961,-0.750338137150,-0.556414127350,0.414646595716,-0.051851920784,-0.117389157414,-0.226237833500,-0.217273458838,-0.333674788475,0.127152025700,-0.523536443710,-0.713562786579,-0.482377588749,-0.940434455872,-0.017031531781,-0.361230641603,-0.348660707474,-0.053033173084,0.221426382661,0.834796130657,0.690180420876,-0.039648320526,0.128279790282,1.263416171074,-0.043854754418,-0.082198336720,-0.067829787731,-0.357493430376,0.164454296231,0.481295108795,-0.347940444946,-0.152419447899,0.027790455148,0.193039104342,-0.147871404886,0.031025540084,-0.017480162904,0.200554713607,-0.038635808975,0.020608235151,0.057535957545,-0.076119177043,0.012158323079,0.467539817095,0.544478058815,-0.039035052061,-0.022126996890,-0.331361651421,0.172492608428,-0.247504621744,-0.683734893799,-0.235371008515,-0.484349101782,-0.326500803232,-0.184144690633,-0.634941101074,-1.190029978752,0.031186060980,-0.273755759001,-0.586460053921,-0.110198698938,0.353554517031,-0.581241130829,0.137412935495,0.366926997900,0.191508010030,0.655100703239,0.380678176880,0.283917844296,0.730730056763,0.163338884711,0.153036832809,-0.184659168124,-0.074732124805,-0.356024056673,-0.099118746817,-0.223294988275,0.108778722584,-0.347191363573,-0.215911090374,0.220990091562,-0.224854916334,-0.154732584953,0.248529493809,-0.749235093594,-0.024650035426,0.576388537884,0.148159503937,0.499837160110,-0.556735157967,-0.024966958910,0.820830881596,0.236251786351,0.652367770672,-0.068492442369,-0.718538820744,-0.329986959696,-0.546721220016,-0.993364691734,-0.291919142008,-0.592259347439,-0.507439255714,-0.229086041451,-0.286482065916,0.026823222637,0.374031066895,0.666374146938,0.802823960781,0.314634710550,0.746456921101,0.126098364592,0.298191756010,0.669004142284,-0.330307990313,-0.306769251823,-0.322014480829,0.125851407647,-0.534287154675,-0.219228506088,-0.404859036207,-0.596288859844,0.196821615100,0.027827497572,-0.298665076494,-0.080115705729,0.069225072861,0.399549543858,0.382159918547,0.410238504410,0.317594021559,0.765624523163,0.440774232149,0.335584551096,0.467515110970,-0.089380554855,-0.086322456598,0.164281427860,-0.035458348691,0.103584475815,-0.451948851347,-0.185140728951,-0.580162763596,-0.446310102940,-0.571951627731,-0.007906614803,-0.351570636034,-0.437320977449,0.250064700842,0.054457273334,0.247755691409,0.513958752155,0.903078615665,0.219376668334,0.323376834393,0.786417961121,0.363951206207,0.530088961124,-0.643609106541,-0.586287260056,-0.003144535935,-0.049983307719,-0.231065779924,-0.416926801205,-0.079592987895,0.264593780041,0.522684454918,-0.072871737182,0.499051064253,0.133943244815,0.238494947553,-0.238420873880,-0.072443693876,-0.014627855271,-0.290597915649,0.474565654993,-0.141244828701,-0.277620553970,0.439395397902,0.291812121868,0.067076571286,0.051584385335,-0.032671894878,0.354427069426,-0.495079219341,-1.087560892105,-0.455677837133,-0.463621497154,-0.345804303885,-0.479146629572,-0.479854553938,-0.389342129230,0.504619836807,0.035157889128,0.012076006271,0.187239840627,0.049995657057,0.005181899294,0.054671298712,0.080605491996,-0.204135537148,-0.214832738042,-0.215030297637,-0.056869179010,-0.145228996873,-0.201945886016,0.339959740639,0.004012987949,-0.641608834267,0.142240867019,0.153744757175,0.252513647079,0.837265610695,0.374319136143,-0.228682667017,0.844221472740,0.722699940205,0.858050882816,0.872830986977,0.253814280033,0.196418255568,0.899559557438,-0.478916168213,0.294569760561,0.204547122121,-0.564279615879,0.493757992983,-0.155773892999,-0.021801842377,0.243833243847,-0.546782970428,-0.010635446757,-0.619057893753,0.336518883705,-0.216265052557,-0.244096681476,0.242104589939,0.186457812786,0.480175584555,1.033823847771,0.229744583368,0.141244828701,0.196912169456,0.532521426678,-0.488674879074,-0.248159050941,-0.055613834411,-0.903971791267,-0.325261920691,-0.520507156849,-0.613567292690,0.153419613838,-0.698617935181,-0.304760694504,-0.086005531251,-0.463485687971,0.364144682884,-0.131259679794,-0.629347622395,-0.108181916177,-0.281674683094,0.096052408218,0.493408173323,-0.579615414143,0.289713025093,0.031564723700,0.285617738962,0.171825855970,-0.006021539215,-0.422549068928,-0.166783884168,-0.017566597089,-0.656002104282,-0.769188940525,-0.149694740772,-0.452887266874,-0.591320931911,-0.329715311527,0.141520589590,0.589900970459,0.927094817162,0.517630159855,-0.249307379127,0.951893031597,0.262910366058,0.742373943329,0.452533304691,-0.107058279216,0.320203483105,0.398701667786,-0.301126390696,0.093714587390,-0.952646315098,0.184235244989,-0.234160915017,-0.323376834393,-0.019180024043,-0.246595025063,-0.568601250648,0.206131741405,-0.493453413248,-0.339222997427,1.088865637779,0.250122308731,0.246796697378,1.021303296089,-0.252810001373,1.069483876228,1.127987027168,-0.580969512463,0.064133718610,-0.042117848992,-0.555739104748,0.223257958889,0.024868177250,-1.096492290497,-0.749012887478,-0.104617558420,-0.503574430943,-0.426117569208,-0.081671498716,-0.499590218067,0.752939462662,0.649322032928,-0.077139914036,0.674461841583,0.701626718044,0.775440931320,1.151604056358,0.021505497396,0.106873072684,-0.261893779039,-0.396820694208,-0.326187998056,-0.006375506055,-0.837315082550,-0.321829259396,-0.342318147421,-0.653269112110,-0.284646362066,0.396911233664,0.073217473924,0.303324252367,-0.149287253618,0.387547612190,0.007503258530,-0.251698702574,-0.447993487120,-0.118665076792,-0.368989080191,-0.186643034220,-0.216248586774,-0.218146011233,0.205551400781,0.251719295979,-0.159646943212,-0.620436728001,-0.302496969700,0.091129809618,-0.499359756708,0.258185327053,0.009676445276,-0.332242459059,0.087260879576,0.077720254660,-0.208165004849,0.628907203674,0.522231698036,0.355381995440,0.864866793156,0.453809261322,-0.311667144299,0.050831180066,0.124242104590,0.234127998352,-0.323047578335,-0.057181987911,0.498948127031,-0.553866386414,-0.169397473335,0.627738296986,-0.512950420380,0.535978794098,0.049900989980,-0.739933192730,0.093195982277,0.617736697197,-0.006062698551,0.569062232971,-0.708339691162,-0.373784095049,1.210658788681,-0.073410928249,-0.023065419868,0.392548382282,0.325463593006,-0.060598172247,0.236206516623,-0.525553226471,-0.195887327194,0.888907670975,-0.192014262080,-0.332139581442,-0.815821886063,-0.554961204529,-0.104238897562,-0.274632424116,0.003584935796,0.137853339314,-0.211099624634,-0.411522656679,0.642876505852,0.492531478405,0.797506213188,0.830420970917,0.491872966290,0.484377890825,0.966788411140,0.426273971796,0.236733347178,-0.227110415697,-0.146126270294,-0.077510342002,0.185700491071,-0.502837657928,0.219755321741,0.003210390452,0.105527177453,0.562513887882,-0.400084584951,-0.032832413912,0.008198842406,-0.476644188166,0.112170204520,0.220450907946,-0.474973112345,-0.195290520787,0.099604412913,-0.173077076674,-0.144274115562,0.011956646107,-0.402381271124,-0.290667921305,-0.259329557419,-0.363766044378,-1.481220483780,-0.557286739349,-0.659138381481,-1.110309362411,-0.449479311705,-0.645498335361,-0.332221865654,0.411905407906,0.652092039585,0.389473825693,0.834450364113,0.002185534919,1.024106264114,0.402801066637,-0.255398869514,0.467626243830,-0.399142026901,0.318371951580,0.221722722054,0.574639260769,-0.407826602459,0.160474240780,0.334860146046,-0.043969996274,-0.070439256728,-0.374096900225,-0.220245108008,-0.066800810397,-0.081132322550,0.190775379539,0.305275171995,0.117858372629,0.351488322020,0.996097683907,0.996583282948,1.217486977577,0.669638037682,-0.023913292214,0.047192737460,0.543724894524,-0.086112543941,-0.193273723125,-0.335354059935,-0.828013122082,0.387790471315,-0.707533001900,-0.487534791231,-0.161367386580,-0.599840819836,-0.184399873018,-0.228341072798,-0.474491566420,0.099756702781,0.012763359584,0.472400695086,0.227921232581,0.933453917503,0.260148614645,0.484196841717,0.483595907688,-0.250797331333,0.459789633751,-0.339679867029,-0.405990868807,-0.523882210255,-0.499071627855,-0.605150341988,-0.134116113186,0.020151372999,0.447433739901,0.404315710068,0.151155874133,0.051024623215,0.242935985327,0.501096665859,0.425915896893,0.233432412148,0.102592550218,-0.163960382342,0.062228061259,0.290149301291,0.083383716643,0.194454982877,0.413683474064,-0.729746401310,0.010425535962,-0.089380554855,-0.562513887882,-0.363329738379,-0.409374147654,-1.326804876328,-0.339074820280,-0.689575314522,0.224546208978,0.087676584721,0.058021631092,0.156885176897,0.119953356683,1.291227221489,-0.001333546708,0.322479575872,0.254106491804,-1.205773234367,0.208679482341,-0.359020411968,-0.547071039677,-0.205390885472,-0.172797203064,-0.168133899570,0.447182655334,-0.302492856979,-0.144422277808,0.232584550977,0.131733015180,0.220265701413,-0.054449040443,-0.416033655405,-0.200616449118,0.300731241703,0.641090214252,0.359098613262,0.351290762424,0.563933849335,0.226995185018,0.766624748707,0.591131627560,-0.161433234811,0.121023483574,-0.220586732030,0.047781307250,-0.122599869967,-0.507924914360,-0.031037887558,-0.144459336996,-0.116821162403,0.415519177914,-0.122336447239,0.169418051839,-0.067430540919,0.149575367570,0.241581857204,0.451409697533,0.312840193510,0.574495196342,-0.169710278511,0.381435513496,0.813097178936,0.142788276076,0.045040126890,-0.018727276474,-0.247484058142,-0.163861602545,-0.402150779963,-0.697947025299,-0.071101911366,0.291651606560,-0.389391541481,-0.107675664127,-0.205987691879,-0.186910554767,0.627009809017,-0.217178791761,-0.525549113750,0.041883245111,-0.106547914445,0.186708882451,0.025596689433,0.267326742411,0.279571473598,-0.323154598475,-0.086100198328,0.669917881489,-0.091990031302,0.139816612005,-0.532299160957,-0.707977473736,-0.065726563334,-0.794386327267,-0.411975383759,-0.459793746471,-0.677404642105,0.132136359811,0.332361817360,-0.148505240679,0.778042197227,-0.103131733835,0.314507126808,0.883458256721,0.066681452096,0.251254200935,-0.311226755381,-0.656504213810,-0.292100250721,-0.560192525387,0.018793130293,-0.665851414204,-0.207185417414,-0.494198411703,0.023629294708,-0.020871652290,0.302883863449,-0.258168876171,0.190754815936,0.037244644016,-0.028432533145,0.534958064556,0.075168408453,0.777729332447,0.494062572718,-0.220068141818,-0.031161366031,0.518815517426,0.140524536371,0.512658178806,-0.005243637133,-0.242853686213,-0.032050393522,-0.637143135071,-0.087754786015,-0.063080057502,-0.358057290316,-0.643814980984,-0.230003878474,0.178328946233,0.912421703339,0.975481152534,0.101505950093,0.235251635313,0.745608985424,1.051530361176,0.585682153702,0.372656345367,0.436045110226,0.207506462932,-0.252130895853,0.265408724546,-0.899238586426,0.078979715705,0.523861587048,-0.745567858219,-0.185803383589,0.146776571870,-0.413798689842,0.093410015106,0.055012915283,-0.253785461187,-0.120463721454,0.764830231667,-0.357230007648,0.285025030375,0.123534165323,-0.535538315773,0.356028169394,0.155889138579,0.064532957971,0.407912999392,-0.605858266354,-0.087244406343,0.360189318657,-0.562439799309,-0.841443300247,-0.175838828087,-0.659233033657,-0.375043570995,-0.257510334253,-0.857277095318,0.484628975391,0.702305793762,0.001786294160,-0.085853241384,0.766278982162,0.180629715323,0.875140011311,0.012080121785,0.017150891945,0.069821871817,0.167179003358,-0.210679799318,-0.007305695675,-0.484908878803,-0.351850539446,-0.014537305571,-0.158017054200,0.019715089351,-0.301056385040,-0.154670834541,0.007816065103,-0.080761894584,-0.115133643150,-0.462040990591,-0.265507489443,0.147319868207,-0.229584053159,0.222257792950,-0.006964076776,0.756750762463,0.511567473412,0.093846291304,0.224365115166,-0.131835907698,-0.077596776187,0.306995630264,-0.077086403966,-0.644123673439,-0.432126730680,-0.416955590248,-0.117467358708,0.070599772036,-0.498026192188,-0.259321331978,0.029407996684,0.191709697247,0.511028289795,0.501537024975,0.392474353313,0.507682025433,0.592806816101,1.040853738785,0.205637842417,1.045866966248,0.522441625595,0.183412060142,0.228213474154,-0.039290238172,-0.693123221397,-0.072649478912,0.288873374462,-0.091891251504,0.213062897325,-0.539357900620,-0.270520657301,0.466708421707,0.041652753949,-0.076946467161,0.095332130790,-0.436308473349,-0.515148282051,-0.178221926093,-0.156683504581,-0.104000188410,-0.128411486745,0.406299561262,-0.020620582625,0.028807077557,0.068809360266,-0.297059863806,-1.144903302193,-0.318845242262,-0.037450436503,-0.045266501606,-0.590925812721,-1.056592941284,-0.633710443974,-0.078037180007,-0.190273240209,0.816941380501,0.302381724119,-0.115285933018,0.408983141184,0.545696377754,0.044216953218,0.576693058014,0.165133416653,-0.065179154277,0.128613173962,-0.181263566017,-0.176563233137,-0.152411222458,-0.126950353384,-0.173908486962,0.301286906004,-0.505978107452,0.080457314849,-0.170986205339,0.443177908659,0.089141830802,-0.116574205458,0.484764784575,-0.148464083672,-0.043776553124,0.115718111396,-0.087227955461,0.621692061424,-0.211284831166,0.206745013595,0.165359795094,0.043039809912,-0.083490721881,-0.267256736755,-0.671584844589,0.374343872070,-0.530578732491,-0.480167359114,-0.467185854912,-0.773699939251,0.047345023602,-0.009857544675,-0.214561074972,-0.359551340342,0.151703283191,0.752569019794,0.261498630047,0.699095368385,0.173093542457,0.210906177759,0.526203572750,0.168800666928,-0.080584906042,-0.193759396672,-0.280719816685,-0.217886716127,0.173834398389,-0.049892753363,-0.893500983715,0.435402989388,0.145327791572,0.262556403875,0.086367726326,-0.997962176800,0.405620425940,-0.057021468878,0.428327798843,-0.008647474460,-0.096538081765,0.050349619240,-0.199735671282,0.568465471268,-0.143306881189,-0.055041730404,0.336658805609,-0.379850894213,-0.443630665541,-0.465502470732,-0.943792998791,-0.509390115738,-0.567181289196,-0.699453473091,-0.387786358595,-0.542341947556,-0.178617060184,0.270240783691,0.467959672213,0.441939026117,-0.018348613754,0.558303356171,0.019266458228,0.133004814386,0.124810092151,-0.195809110999,-0.308551430702,0.005630530417,-0.513971149921,0.357213526964,-0.192598730326,-0.633578777313,0.164396673441,-0.508785128593,-0.033132873476,0.352731347084,-0.637122511864,0.706256985664,0.118286415935,0.150011658669,0.239585652947,0.257950752974,0.178275436163,0.472997486591,0.410291969776,0.323199838400,-0.079090841115,0.035318408161,0.120653055608,-0.286514997482,-0.116286091506,-0.146916508675,0.136836707592,-0.021982941777,-0.535287320614,0.235930755734,-0.525203406811,-0.381431400776,-0.335691571236,-0.383674561977,-0.345647901297,0.320022404194,-0.042759928852,0.316820234060,0.255699336529,0.286844253540,0.905766308308,0.304258555174,0.715859413147,0.474363982677,0.360251039267,-0.034824501723,-0.404505044222,-0.445211172104,-0.173513352871,-0.346923828125,0.103107035160,-0.127897009254,-0.406781136990,0.511184692383,0.353179961443,-0.040315091610,0.164277315140,0.309934347868,-0.461082011461,-0.072501316667,-0.573091685772,-0.077975437045,0.434637427330,-0.080856561661,0.162478670478,-0.033919006586,0.094336085021,0.259383052588,0.348673075438,-0.107099443674,-0.947307944298,-0.995377361774,-0.679260969162,-0.368947952986,-0.588913142681,-1.099669694901,-0.772819101810,-0.395211398602,0.372504025698,0.372965037823,0.145443022251,0.447026282549,0.548984944820,0.591283917427,0.072624787688,-0.133029520512,-0.186009183526,-0.168314993382,0.239190533757,-0.016591131687,-0.014401480556,-0.130185440183,-0.389161020517,0.391902208328,0.023855667561,-0.561056852341,0.760825455189,-0.087516061962,-0.668629586697,0.919468164444,-0.238466143608,0.145813450217,1.100649356842,0.293454378843,0.820596337318,0.656648278236,0.436806499958,0.577335178852,0.596770405769,-0.294627398252,0.250904351473,-0.019645119086,-0.269285887480,-0.160527735949,-0.210506930947,-0.644662797451,-0.415889561176,-0.564082026482,-0.339865088463,0.046196691692,-0.008972628973,-0.764945447445,-1.123117923737,0.333967000246,0.074711546302,-0.021571353078,0.540629744530,-0.075872220099,0.373635917902,0.299084901810,-0.187918961048,0.098892368376,-0.317194789648,0.305904924870,-0.671226739883,-0.407427340746,-0.675828337669,-0.878675580025,0.112211368978,0.435913354158,-0.354184210300,-0.177818581462,0.337980002165,0.701914787292,0.468255996704,-0.466317415237,0.303274869919,0.471684515476,-0.532916545868,0.464160710573,0.177114754915,-0.197706535459,0.502347886562,0.499676674604,-0.210255876184,-0.423713892698,0.163758710027,-0.117401495576,-0.153514280915,-0.648688137531,-0.944867253304,-0.768534481525,-0.264968305826,-0.531171441078,-0.291738033295,0.245775938034,0.033787298948,0.605808854103,0.655240654945,0.219961106777,0.753149330616,0.072266705334,0.565432012081,-0.076098598540,-0.716505587101,-0.713891983032,-0.002802917734,-0.700288951397,-0.187503248453,-0.809779822826,-0.322006255388,0.118866756558,-0.129963174462,-0.031470056623,0.133572816849,-0.171105563641,0.232580438256,0.257551521063,0.040302745998,0.136639147997,-0.046525962651,0.013812908903,0.536748468876,0.543197989464,0.313148885965,0.204353675246,0.229756921530,0.145397752523,-0.752239704132,-0.104127779603,-0.056992657483,0.055906064808,-0.176509723067,-0.448429793119,0.126118943095,0.019142979756,-0.277715206146,0.832602381706,0.314667612314,-0.092389270663,0.645000278950,0.480471938848,-0.042418308556,0.281164318323,0.587917149067,-0.003259780817,-0.030881484970,0.223920598626,-0.455739587545,-0.244450643659,-0.415457427502,-0.210111811757,-0.629578113556,-0.687081098557,-0.224583253264,-0.283691495657,0.068599447608,-0.112820513546,-0.240779265761,0.424726396799,-0.125999584794,0.148151278496,-0.334543228149,-0.283629745245,-0.430706769228,0.406316012144,-0.424594700336,0.079280175269,0.311564266682,-0.083692409098,0.257831364870,0.298060029745,0.181975603104,-0.061264947057,0.114590346813,-0.556549966335,-0.209716677666,0.091813050210,-0.860627472401,-0.157173305750,-0.015730911866,0.320981413126,0.238116294146,0.169286355376,0.631294429302,1.094347953796,0.327221065760,0.642765402794,0.252538353205,-0.216293871403,0.042019069195,-0.351747632027,-0.541222393513,0.037866141647,-0.223397880793,0.068224906921,-0.502401351929,-0.095064595342,-0.180658534169,-0.446610569954,-0.422306269407,-0.301916599274,0.150900691748,0.175402566791,-0.503265738487,0.202118769288,0.126172453165,0.111182399094,0.230127349496,0.953267753124,0.201316148043,0.578862190247,0.035548899323,-0.358999848366,0.365622282028,-0.671169102192,-0.125135242939,0.616530776024,-0.654866099358,-0.487868160009,0.271269738674,-0.031021423638,0.260778337717,0.401253521442,-0.725943326950,0.311325520277,-0.241433694959,-0.013747055084,0.709632039070,0.327575057745,1.138585448265,0.445034176111,1.177291274071,0.216688990593,0.609303236008,0.688143014908,-0.208597153425,-0.384752929211,-0.046933434904,-0.384032636881,-0.679178595543,-0.013944618404,-0.699078917503,-0.118232913315,0.321709930897,0.346800357103,0.061511900276,-0.062787823379,-0.112092010677,-0.161206871271,-0.115067802370,-0.398528784513,-0.474326938391,-0.019167676568,-0.013495987281,-0.420227736235,0.767484903336,-0.441572725773,-0.113051012158,0.002708252287,-0.046431299299,-0.096587471664,-0.838364541531,-1.063840985298,-0.639234006405,-0.500433981419,-0.742925465107,-0.592074155807,-0.002461299300,0.682166755199,0.761521041393,0.462452590466,0.297998309135,0.587118625641,1.003016471863,0.658323466778,-0.158963710070,-0.052769757807,-0.037215828896,-0.242689028382,0.158280462027,0.046739988029,-0.330958306789,0.249303266406,0.350208312273,-0.211651161313,-0.164240270853,-0.242149859667,0.166693344712,-0.019566915929,0.278530150652,0.099102273583,-0.034095991403,0.335703909397,0.136025875807,1.196998119354,0.607936799526,-0.257230460644,0.267289698124,0.028325520456,-0.189491227269,0.243849724531,-0.541703939438,-0.578438222408,-0.420939773321,-0.417054384947,-0.493506938219,-0.284975647926,-0.658459246159,0.121031716466,-0.522132933140,-0.308547317982,0.569943070412,-0.348862409592,-0.116730608046,0.618777990341,0.016068413854,0.262437075377,0.877202093601,0.352303296328,0.148188322783,0.323615580797,-0.046628862619,0.650420963764,-0.369157850742,-0.490119576454,0.054654836655,0.027654631063,-0.217796161771,0.409917473793,-0.174130737782,0.181284159422,0.333691269159,0.911199331284,0.404196351767,-0.273307114840,-0.165298059583,0.155806824565,0.105239056051,-0.058379709721,-0.346611022949,-0.293898880482,0.328554630280,0.615258932114,-0.218845710158,-0.052407562733,-0.278665989637,-0.134424805641,-0.341898351908,-0.122558705509,-0.425397306681,-0.641740560532,-0.179814770818,-0.527273654938,0.316371589899,0.130555868149,-0.269141823053,0.232070043683,0.106560260057,0.550388455391,0.557702422142,0.308567881584,-0.092451006174,-0.178983360529,-0.490193665028,-0.059515699744,-0.208272010088,-0.258551657200,-0.010923558846,-0.088647931814,-0.182930514216,0.144549876451,-0.075966887176,0.022048793733,0.028416069224,0.253398567438,0.659796953201,-0.609953582287,0.131967619061,0.344018012285,-0.291458159685,0.620580732822,0.092426307499,-0.551413357258,0.897946119308,-0.011491550133,0.823275804520,0.232765629888,-0.699729263783,0.184803232551,0.323607355356,-0.596976161003,-0.301714926958,-0.943846464157,-0.375212281942,-0.354180097580,-0.164668321609,-0.435246616602,-0.499429702759,0.234588980675,0.226809963584,-0.382937818766,0.938804566860,-0.076765373349,-0.009433608502,0.762994468212,0.278735935688,0.008816225454,0.281650006771,0.218277737498,-0.241359606385,0.226892262697,-0.005885715131,-0.341778963804,-0.092599175870,-0.106082819402,-0.387004315853,0.024855829775,0.039520725608,-0.405023634434,-0.082074865699,0.469186186790,-0.057795260102,0.211782842875,0.145706444979,0.463473349810,0.560402452946,0.142594829202,0.391202509403,0.101843453944,0.403344392776,0.192178890109,-0.210033595562,-0.189598232508,-0.204884633422,-0.682269632816,-0.149287253618,-0.820522189140,-0.965874731541,0.233119592071,-0.854996860027,-0.014631970786,0.562559187412,-0.338634431362,0.635031640530,0.446659952402,0.224813759327,0.453060150146,0.376093089581,0.080766007304,0.210399925709,-0.543214440346,0.119570568204,-0.371890783310,-0.292396575212,-0.041302904487,-0.593432366848,-0.378126353025,-0.567753434181,-0.467399895191,0.094171442091,-0.361769825220,-0.069562569261,0.323664963245,-0.274480134249,-0.110532090068,0.708644211292,0.066747307777,0.749457359314,0.492683798075,0.136211097240,0.221018910408,0.101394824684,0.207284197211,0.195623889565,0.130843982100,0.250311642885,-0.748807072639,0.199533984065,-0.403546065092,-0.090076141059,0.158782601357,-0.401718586683,-0.070789106190,-0.086343035102,-0.139536723495,0.539720058441,0.628742575645,-0.122945599258,0.475730448961,0.692629337311,0.379229426384,0.881466150284,0.416758030653,-0.321578204632,0.310782223940,0.342700928450,-0.398705780506,0.077555619180,-1.195298194885,-0.097180157900,0.121286898851,-0.726317882538,-0.212272644043,-0.177085936069,-0.267281442881,0.341182172298,-0.482188254595,0.167006134987,0.027971554548,-0.427385270596,0.516930460930,-0.792686462402,0.209000527859,0.573165774345,-0.630602955818,0.075444169343,0.315005123615,-0.334341555834,0.174805760384,0.312733143568,-0.159552276134,0.102176837623,-0.467222899199,-0.245450794697,-0.008491070941,-0.451294451952,0.102423794568,-0.380805820227,0.160651221871,0.360506236553,0.208078563213,0.514530897141,0.324570447206,0.549289524555,0.232131794095,0.022888435051,-0.134511232376,-0.230390787125,-0.439037352800,0.086766965687,-0.101156100631,-0.005268332548,-0.058795418590,-0.299064308405,0.379369348288,0.242791920900,0.464201837778,-0.051860149950,-0.030095351860,-0.055976036936,-0.151563346386,-0.277517646551,-0.273805141449,-0.446511805058,0.396981239319,0.334831357002,-0.310535281897,0.674144923687,-0.033067021519,0.426072299480,0.011524477974,-0.181934460998,0.217322841287,-0.171035602689,-0.574384093285,-0.780310034752,-0.740241885185,0.091277979314,-0.330822467804,0.055708501488,-0.170698091388,-0.519066572189,0.369750529528,0.579010367393,0.715003311634,0.208868816495,0.563542842865,0.733948707581,0.013553609140,0.405250042677,0.770073831081,-0.210231170058,-0.068508900702,0.372672796249,0.116072073579,-0.320722103119,-0.202637359500,-0.894608139992,0.410506010056,0.231510296464,-0.438312917948,-0.260535508394,-0.178950443864,-0.156193718314,0.649120330811,-0.720452725887,0.197134435177,0.181852146983,-0.409267127514,0.173710912466,0.157132133842,-0.491815328598,0.123048499227,0.096175886691,0.020530033857,-0.000115244780,-0.558183968067,-0.526598691940,-0.985886096954,-0.419766753912,0.411078125238,-0.580504417419,-0.384839355946,-0.524223804474,0.121443293989,0.364951372147,0.348434358835,0.489605098963,0.362477779388,1.031679511070,0.553430140018,0.457336544991,0.034363523126,0.163404747844,0.136676192284,0.155617490411,-0.164409026504,-0.188742130995,-0.100230023265,-0.426171094179,-0.138194948435,-0.278065055609,-0.119928658009,-0.081354580820,0.348146229982,-0.227522000670,0.214766874909,0.132033467293,0.185708716512,0.556405901909,0.053201928735,0.182103216648,0.272105246782,0.075279533863,-0.021826539189,0.015138224699,0.001350010280,-0.044653236866,0.359020411968,-0.780943870544,-0.645354270935,0.276278764009,-0.237280771136,-0.450430095196,-0.090034976602,-0.825440764427,-0.336699962616,-0.340350747108,-0.053127843887,0.166125342250,-0.362868785858,0.812500417233,0.236325889826,0.443939357996,0.318985193968,0.272290468216,0.256629526615,0.362835824490,0.043294992298,-0.347899287939,-0.385386735201,-0.621869027615,-0.054107423872,0.148418813944,-0.267684817314,0.188363477588,0.238511428237,0.212745979428,-0.030770355836,0.135787159204,0.081087045372,-0.246171072125,0.094171442091,0.247558131814,-0.043908260763,-0.051790181547,0.074324652553,0.418552577496,0.337593108416,0.526018321514,0.121155187488,-0.426479786634,0.351467758417,-0.221907943487,-0.699025452137,-0.284773975611,-0.542214334011,-0.171517148614,-0.520931065083,-0.772687435150,0.468955695629,0.098274983466,0.309251129627,0.739645123482,0.272076457739,-0.135787159204,0.325117856264,0.278600126505,-0.092014729977,-0.068406008184,0.021443760023,0.211379498243,-0.371421545744,0.157922387123,0.340832322836,-0.514065802097,0.101715862751,0.333818823099,0.307316660881,-0.397351622581,-0.667250812054,-0.095751948655,-0.126551106572,-0.002695904579,0.150357380509,-0.316935479641,0.546680033207,-0.239783227444,-0.098106235266,0.942146599293,0.062791936100,-0.216746613383,0.191767305136,-0.184782654047,-0.237638846040,0.216013982892,-0.279645562172,-0.115257121623,0.230065613985,-0.616831183434,0.672490298748,-0.788718760014,-0.464366495609,0.303299546242,-0.819546759129,-0.235177546740,-0.064973361790,0.091121576726,0.781256735325,-0.064067862928,0.654232263565,0.073131039739,0.991162717342,0.835627496243,0.024946376681,0.618386983871,-0.637250125408,-0.530208289623,0.538077890873,-0.606216311455,-0.371726125479,0.064961016178,-0.412070035934,0.093661077321,0.631524920464,-0.119743436575,0.362395435572,0.127020329237,-0.532188057899,-0.389720797539,-0.325019091368,-0.454809397459,-0.339103639126,-0.201748326421,0.108227193356,-0.187272772193,0.695736825466,0.506949424744,0.648721098900,-0.417729407549,-0.653001606464,-0.180148169398,-0.251805722713,-0.914767742157,-0.127983450890,-0.867056429386,-0.649605989456,0.052963208407,0.631220340729,0.280122995377,0.409678727388,0.121089331806,0.809071838856,-0.024168476462,0.348228573799,0.064187221229,0.012870372273,0.028486037627,-0.106778405607,-0.580035209656,0.286284506321,-0.099620878696,-0.028732992709,0.117245100439,-0.065903551877,0.194463208318,0.046879932284,-0.096488691866,-0.414988189936,0.434057116508,0.022180505097,-0.078280016780,0.391786992550,-0.211000844836,0.754326462746,0.793900668621,0.405163615942,0.387370616198,0.071003131568,-0.013035007752,0.032729513943,-0.090582393110,0.496054649353,-0.673922598362,-0.246755525470,-0.147426888347,-0.118335813284,0.095681980252,-0.457340657711,-0.500359892845,0.058239769191,0.057136714458,0.328348845243,-0.382839024067,-0.310201913118,0.495815962553,0.315865337849,0.159667521715,0.911989569664,-0.010898862965,-0.124373808503,0.298965513706,-0.362510681152,-0.242137506604,0.027695789933,-1.038248419762,0.392774790525,-0.593391239643,-0.374981820583,0.157436713576,-0.334008157253,0.826564371586,-0.082704588771,0.372384697199,-0.063088282943,0.065417870879,0.594346106052,-0.158189922571,-0.360423922539,0.163943916559,-0.327542126179,0.160424843431,0.147682070732,-0.418696641922,0.122077152133,-0.714435279369,0.135593712330,-0.144471675158,-0.542148470879,-0.707166612148,-0.491955250502,0.068307228386,-0.104173041880,-0.513995826244,-0.116598904133,0.635064601898,0.121743753552,1.000789761543,0.341083377600,0.276319921017,0.499038666487,0.108828112483,0.198644950986,-0.122377604246,-0.399582475424,0.020600004122,-0.278703033924,-0.721041321754,0.326241493225,0.055082887411,-0.314247816801,-0.083284929395,0.068982228637,0.642287969589,-0.378130465746,-0.007709052879,0.071394138038,-0.276817947626,0.897439897060,-0.216404989362,-0.278674215078,0.648544073105,-0.298376947641,0.243635684252,0.618086516857,-0.388379007578,0.223517253995,-0.156687617302,-0.011339262128,0.393305748701,-0.288560569286,-0.117154546082,-0.258963257074,-0.762562334538,-0.160988718271,-0.426632046700,0.098472550511,-0.196870997548,-0.055049959570,0.113890647888,-0.156078472733,0.538110792637,0.311165004969,0.255752861500,1.020949363708,-0.103765569627,0.245240896940,0.446808129549,-0.074003607035,-0.123118467629,0.282950609922,-0.610361039639,-0.376858651638,-0.225546360016,0.062100470066,-0.291989088058,-0.329443663359,-0.180226355791,-0.157391443849,-0.035540666431,-0.271372646093,-0.288667589426,0.075238376856,-0.557546019554,-0.082955658436,0.348384976387,-0.297405600548,0.088540911674,0.461551189423,-0.089997939765,0.078531078994,0.503961324692,-0.144047737122,-0.241816475987,-0.080021031201,-0.631347894669,-0.655195355415,-0.406003236771,-0.381011605263,-0.342651546001,0.077613241971,-0.361992090940,0.301426827908,0.229913324118,0.752914667130,0.009458303452,0.305513918400,0.524182677269,-0.054551936686,0.663752257824,-0.258856236935,-0.165038749576,-0.008091829717,0.152905121446,-0.347446531057,-0.311292618513,-0.041344065219,0.254316419363,0.263643026352,-0.571227192879,0.023653989658,-0.054782427847,-0.262087225914,0.330077499151,0.353653281927,-0.137668117881,0.141969218850,0.631804823875,0.485876083374,0.256897062063,0.017961721867,0.959137022495,-0.198328018188,0.491840004921,0.289770662785,-0.668460905552,-0.373631805182,-0.019274689257,-0.392301470041,-0.357320547104,-0.305345147848,-0.357690989971,-0.299191921949,-0.561633050442,0.354583501816,-0.143837824464,0.006099741906,0.572844743729,0.324780344963,-0.003626094433,0.296076178551,0.367466211319,0.150369733572,0.624898374081,-0.037997849286,-0.020978664979,-0.271965324879,-0.238857164979,-0.435254842043,-0.277752280235,-0.466025173664,-0.368614524603,0.033128757030,-0.367602020502,0.204699411988,0.286342114210,-0.422285705805,-0.178839325905,0.392750084400,0.106807209551,0.228686779737,-0.235547974706,-0.570432841778,-0.145130217075,0.557743549347,0.019957926124,-0.336539447308,-0.327171683311,0.215532436967,-0.144698053598,-0.051226302981,0.010816545226,-0.469836473465,-0.189528271556,-0.012685156427,-0.550561308861,-0.331678599119,-0.002086753724,0.309633910656,0.023822741583,0.736056029797,0.579594790936,0.656973421574,0.185955673456,0.008783298545,0.442799240351,0.394906818867,-0.558212757111,0.208251431584,-0.325475931168,-0.522927284241,0.284930378199,-0.320771485567,-0.308950662613,0.336704075336,-0.073308028281,-0.038368277252,0.285708248615,-0.665690898895,0.354863345623,0.238877728581,-0.035120844841,0.777914643288,-0.294252842665,0.270043194294,0.151402816176,-0.501244843006,0.528339684010,0.070521570742,0.265186458826,-0.098744198680,-0.999958336353,0.051489721984,-0.364934921265,-0.320265233517,0.312770217657,-1.152184367180,-0.356336861849,-0.501368284225,-0.167479470372,0.339350581169,-0.152135461569,-0.103605061769,0.012668693438,0.098394349217,0.224928990006,0.825004398823,0.329999297857,0.653088033199,0.334979534149,0.089108906686,0.203234165907,0.536925375462,-0.133605733514,0.531434834003,0.188149437308,-0.790229380131,-0.199447557330,0.685410082340,-0.786043465137,-0.176480904222,0.149488940835,0.026082362980,0.358670532703,-0.599375724792,-0.338634431362,0.034310016781,-0.307250827551,-0.165116965771,-0.434127062559,-0.695127665997,-0.230794131756,0.859594345093,0.147315755486,-0.138594195247,-0.051856033504,0.355204999447,0.065277934074,-0.042290717363,-0.627709507942,-1.054028749466,-0.670177221298,-0.536419153214,-0.030881484970,0.199027746916,-0.922711431980,0.215639442205,0.090265467763,0.545395910740,1.175233364105,0.241939932108,0.301719069481,0.148381769657,0.373722344637,0.115742802620,0.291194736958,0.418729543686,-0.264062821865,-0.048666223884,-0.295528769493,0.023608716205,0.589263021946,0.279184579849,-0.058219194412,0.000292227836,-0.280225902796,0.277171909809,-0.137470558286,0.598922967911,0.367848992348,0.096204698086,0.274459570646,-0.103889048100,0.659875154495,0.585546374321,0.330126881599,0.195278152823,0.546606004238,-0.202176392078,-0.114372216165,-0.030733311549,-0.483793437481,-0.722597062588,-0.664908826351,-0.492757827044,-0.411926001310,-0.345540881157,-0.700663566589,-0.357098311186,-0.144961461425,-0.217409268022,-0.165458574891,0.508888006210,0.087092123926,0.620206236839,0.070533923805,0.057836417109,0.317985028028,0.196080744267,-0.262630492449,-0.316021740437,-0.221619829535,-0.253937751055,-0.087499603629,-0.261321634054,-0.210000693798,0.216849505901,0.407299727201,0.099711425602,0.149867609143,0.025971233845,0.011310451664,0.101740561426,0.092718541622,0.489094734192,0.035149656236,-0.417972207069,0.176801964641,0.445532202721,-0.173863202333,0.316906660795,-0.059408683330,-0.508163630962,-0.126312389970,-0.267104476690,-0.251628756523,-0.941064119339,-0.528298556805,-0.005079002120,-0.063808560371,-0.656590640545,0.160132616758,0.188824459910,0.303278982639,0.820048928261,0.037495709956,0.216919466853,0.789093375206,-0.302319973707,-0.059882011265,-0.000041158848,0.040018748492,0.036512013525,0.026897309348,0.139857769012,-0.591358006001,-0.079304866493,0.573346912861,-0.122818000615,0.435740530491,0.304937690496,-0.498927563429,0.299764007330,0.046089679003,-0.063343472779,1.265445232391,-0.225797459483,0.723235070705,0.639616727829,-0.714262425900,0.635702550411,0.155358195305,-0.068368963897,0.430916666985,-0.207317128778,-0.542786419392,0.359921783209,-0.489020645618,-0.654405117035,-0.004749731161,-0.297883063555,-0.052214115858,-0.059244047850,-0.561978816986,-0.108239546418,-0.386407524347,0.190845340490,0.342989027500,0.148233592510,0.203925639391,0.183272108436,0.363268017769,0.054000411183,0.489868491888,0.321071952581,0.706244707108,0.085079461336,-0.765278816223,-0.505504727364,-0.406871676445,0.230238497257,0.062610842288,-0.561139166355,-0.386061757803,0.010499622673,0.474219888449,-0.005255985074,0.073460318148,0.096620395780,-0.468453586102,0.088561497629,0.580726683140,-0.848572015762,0.526096522808,0.047307979316,-0.006593647879,0.538102567196,0.253838956356,0.441506832838,0.454949319363,-0.556821584702,0.074172362685,-0.202036440372,-0.440770119429,-0.247533440590,-0.306604623795,-0.778951823711,-0.563312351704,-0.228995501995,0.145764067769,0.371479183435,0.062170442194,0.277089595795,0.295524656773,0.450442433357,0.775478005409,0.165380373597,-0.149838790298,-0.032581344247,-0.126493498683,0.169113487005,0.121463879943,-0.831952035427,-0.359843581915,0.065113298595,-0.203057169914,0.003214506200,0.201596036553,-0.348866522312,-0.388568341732,0.402459472418,-0.097912780941,0.043578989804,0.485110551119,0.129399314523,0.479945123196,0.456859081984,0.255024343729,0.563917398453,0.948571503162,-0.047452040017,0.061339031905,0.056593418121,-0.044632654637,0.545502901077,0.113870076835,-1.420354843140,-0.275295078754,0.130374774337,-1.115441799164,-0.175785318017,-0.220792531967,-0.598243832588,-0.178971022367,0.883141279221,-0.308271557093,0.361893296242,0.432073265314,0.414877086878,0.464485853910,0.081091165543,-0.055161088705,0.210692152381,-0.651355266571,-0.303764671087,-0.048579789698,-0.731697261333,0.125102326274,-0.743583977222,-0.142306715250,0.280246496201,0.085635095835,0.057737633586,0.224307507277,0.122282937169,-0.154510319233,-0.372882694006,0.080202132463,0.001399400877,0.340103805065,-0.190660148859,-0.108667597175,0.422717839479,-0.047727804631,0.736628115177,0.297821313143,-0.560386002064,-0.064150176942,-0.086643494666,-0.477315068245,0.114668555558,-0.091504350305,-0.896538496017,0.283572137356,-0.242051079869,0.166960880160,0.814624130726,0.240775153041,0.933597922325,0.687122285366,0.322944670916,0.996398091316,0.356324493885,0.483785212040,-0.497120678425,-0.286613762379,0.340749979019,0.005206594244,-0.143574416637,0.088108748198,-1.048867464066,-0.187371551991,-0.185490578413,-0.298879116774,0.428570657969,-0.316968411207,-0.388975799084,0.373010277748,-0.159317672253,-0.080984152853,0.071999169886,-0.515691578388,0.190474927425,0.138273164630,-0.330258607864,0.341692537069,0.161005184054,-0.529817283154,-0.712550163269,0.092101156712,-0.134642943740,-0.623400151730,-0.209062263370,-0.093755744398,-0.519778609276,-0.275830149651,-0.649429023266,-0.014841881581,0.065611325204,-0.521626651287,0.625231742859,-0.125851407647,0.181889191270,0.810401260853,0.185852780938,0.404175788164,0.197015061975,0.037878490984,0.415296882391,-0.229221850634,-0.154456809163,-0.236140668392,-0.409024327993,-0.023213589564,-0.011244597845,0.050094436854,-0.006252028979,0.245146229863,0.344548970461,-0.179831236601,0.089738637209,-0.104457043111,0.400936573744,0.113227993250,-0.484575450420,-0.138581842184,0.036145702004,0.351010918617,0.195339903235,-0.050312574953,-0.115117192268,-0.001601079246,0.774370849133,0.060643449426,-0.449808627367,-0.421190857887,-0.172690182924,-0.467013001442,-0.076185025275,-1.391712307930,0.029654949903,0.547791361809,-0.532118082047,0.865278363228,0.064071983099,-0.176472678781,1.053234457970,0.395919322968,0.736175417900,0.187984809279,0.169171094894,-0.333752989769,0.182025000453,0.250953733921,0.737113833427,-0.155946761370,-0.288223087788,0.406361311674,0.039858229458,0.022192852572,0.066068179905,-0.517177402973,0.036915369332,-0.117920100689,0.127304315567,-0.065611325204,0.066648527980,0.007161639631,0.381176203489,0.639349222183,0.778737783432,0.051563806832,0.189886346459,-0.377019196749,0.383921533823,0.034820385277,-0.524462521076,-0.035087920725,-0.113713666797,-0.601948201656,-0.663575351238,-0.351109683514,0.112437739968,-0.638748288155,-0.585369348526,-0.565460860729,-0.578775703907,0.060466464609,0.213408634067,0.184436917305,0.199690386653,0.320005923510,0.797765493393,1.180530428886,0.197904095054,0.539316713810,0.105531290174,-0.415794909000,-0.023131273687,-1.081934452057,0.180436283350,-0.352854818106,-0.791357040405,-0.232234701514,-0.204794079065,0.930601596832,0.187375664711,0.186931148171,0.457451790571,-1.004255294800,-0.042669378221,0.489432215691,-0.233061984181,-0.430612117052,-0.486365884542,-0.547733724117,0.431624621153,0.536843121052,0.416453450918,-0.017554249614,-0.360679119825,0.405937403440,-0.185671687126,-0.086639374495,-0.727980673313,-0.742349267006,-0.237433061004,-0.669279932976,-0.482575148344,0.471639275551,0.527286052704,0.820830881596,0.182893469930,0.412621587515,1.206431746483,0.541823327541,0.335366427898,0.061820592731,-0.362440705299,0.441827923059,-0.404809623957,-0.351146727800,0.468354791403,-0.198463857174,-0.020768756047,0.261210530996,0.112783476710,0.217524528503,0.796761274338,-0.656430125237,0.091903589666,0.148410573602,-0.211301311851,0.804556727409,-0.592609226704,-0.135342642665,0.780289471149,0.556311249733,0.070332244039,0.205213919282,-0.614349305630,-0.151612743735,-0.147179931402,-0.109338484704,-0.743242383003,-0.635196268559,-0.400376826525,-0.964458882809,-0.532895982265,0.016249513254,-0.661307454109,-0.080226823688,-0.286099284887,0.006696545053,0.118076503277,-0.506817698479,0.295215964317,0.302698642015,0.090759374201,0.460007756948,0.219985812902,-0.098628953099,0.562723755836,-0.032433174551,-0.163561150432,0.465477794409,-0.513423740864,-0.384386599064,-0.074892640114,0.496536225080,0.092627987266,-0.024575948715,-0.126546993852,-0.253213375807,0.685414195061,0.537320554256,-0.194841891527,0.064759328961,-0.613415062428,0.196895703673,0.405089497566,0.041619826108,-0.424812823534,0.157395556569,0.642633676529,0.118249371648,0.174682274461,-0.546606004238,-0.404595583677,0.509966373444,-1.096533536911,-0.212478429079,0.010721880011,-0.953708171844,0.111869752407,0.009565316141,-0.337658941746,0.491070330143,-0.079325452447,0.420610517263,0.611044287682,0.167281910777,0.437596768141,-0.295672804117,0.217767342925,0.342910826206,-0.618391156197,-0.529883146286,-0.298393428326,-0.562555015087,0.467523366213,-0.408304005861,-0.480681836605,-0.107189983130,0.247829794884,-0.198266282678,0.102407336235,0.365910381079,-0.157749518752,-0.301455646753,1.061297297478,0.081675618887,0.173040032387,0.595017015934,0.140549242496,0.995850741863,0.341610223055,0.095628470182,0.285453081131,-0.210486352444,0.549104332924,0.511406898499,-0.700416624546,-0.029313331470,-0.767966449261,-0.342128813267,0.236889749765,-0.633274197578,-0.643987834454,0.359152108431,0.074069462717,0.357793897390,-0.406995147467,0.568218469620,0.402504712343,-0.097715221345,1.261864423752,-0.275159269571,0.270784080029,0.481270402670,-0.704289674759,-0.100719816983,-0.492300987244,-0.312988370657,0.487670600414,-0.566045284271,-0.022077606991,0.044710859656,-0.994620025158,0.198986575007,0.180312797427,-0.016064299271,0.078761577606,0.133041873574,-0.525421500206,0.075279533863,0.029342144728,0.263618320227,0.287749737501,-0.133194148540,0.490778148174,-0.041907940060,0.077193424106,0.095126323402,-0.088108748198,-0.271689563990,0.150056928396,-0.424701720476,-0.271479666233,-0.359394967556,-0.915891408920,-0.143064051867,-0.001131868339,-0.085845008492,0.718868136406,0.193220213056,-0.123044386506,0.916978001595,0.765320003033,0.635171592236,0.698070585728,-0.340498924255,0.194483786821,-0.409135431051,-0.213416859508,0.307320773602,-0.769909203053,-0.553290188313,0.062919534743,0.204563602805,0.148497015238,-0.179958835244,-0.153390794992,0.016512930393,0.271018683910,-0.180485680699,0.485114663839,-0.009001440369,-0.145245462656,0.647996664047,-0.093517020345,0.379229426384,0.397647976875,-0.232119441032,0.696876943111,0.221582785249,-0.187206894159,-0.398224204779,-0.450409531593,-0.374763667583,-0.446783423424,-0.586641192436,-0.750272274017,-0.221488118172,-0.227888301015,0.377352565527,0.002218461828,0.105535402894,0.551767289639,0.270096719265,-0.267586022615,0.654425680637,0.994270205498,-0.088693201542,0.119875140488,-0.005437084008,-0.181613415480,0.352945357561,0.194434389472,-0.282938271761,-0.582224845886,0.049761049449,-0.336103141308,0.345273345709,-0.535209059715,-0.360386908054,0.101053200662,-0.152975097299,0.054379068315,0.316828489304,-0.313955575228,0.155588671565,0.448359817266,-0.328743964434,0.104856282473,0.289997011423,-0.276735633612,0.169652670622,-0.089783914387,0.006453707814,0.010713648051,-0.749877154827,-0.569325625896,0.156741127372,-0.344647735357,-0.492724925280,-0.467687994242,0.545865118504,-0.412633925676,-0.104506433010,0.311889410019,0.002053826582,0.732302367687,0.445544540882,0.629038929939,0.167063772678,0.199834451079,0.617831349373,0.468383580446,-0.522161722183,0.249118044972,-0.455599665642,0.048941988498,-0.369021981955,-0.264198660851,-0.356789618731,-0.017142660916,0.086450047791,0.179345577955,-0.056790981442,0.028148535639,0.026823222637,0.504389345646,0.190590158105,0.041146501899,0.017830014229,0.072875857353,-0.463185220957,0.765731573105,0.200851067901,-0.192026615143,0.438864469528,-0.105424277484,0.076930008829,-0.080169208348,-0.425117403269,0.089351750910,-0.356995403767,-0.334135770798,-0.361222416162,-0.504689812660,-0.320890843868,0.163824573159,-0.237638846040,0.461156070232,0.315861225128,0.056786864996,0.754886209965,0.097048453987,0.853251814842,1.187967896461,-0.620910048485,0.412181168795,0.639526188374,-0.780968546867,0.077946625650,-0.046093795449,0.140816777945,-0.108828112483,-0.385983556509,-0.480113863945,-0.248862862587,0.319339156151,0.124052770436,-0.169553875923,-0.016554089263,-0.155107125640,-0.053041409701,-0.224612072110,-0.404072880745,0.421017974615,-0.022752610967,0.027901584283,0.409238338470,-0.260617822409,0.502335488796,0.416655153036,-0.468070775270,0.211515322328,-0.715908765793,-0.280962646008,0.063442252576,-0.763476014137,-0.430583298206,-0.514115214348,-0.453817486763,0.202234014869,0.034396450967,0.319190979004,0.511880278587,0.241808250546,0.504117667675,1.135465621948,0.102600775659,0.400957167149,0.039413712919,0.058408524841,0.530982077122,-0.330719590187,0.165845468640,-0.689657688141,-0.130662873387,0.067023068666,-0.541831552982,0.499944180250,-0.045496992767,-0.271191537380,0.752589523792,-0.124209173024,-0.052386984229,0.395972847939,0.217660337687,0.210539847612,0.162556871772,0.251789271832,0.100230023265,0.498120844364,0.007363318466,-0.531298995018,0.231551453471,-0.219096779823,0.145430684090,-0.572354972363,-0.299323618412,-0.848823010921,-0.654960751534,-0.590436041355,-0.540535092354,-0.648128390312,-0.421450138092,-0.387350052595,0.009363638237,0.756795942783,0.457863360643,0.629775702953,-0.349278092384,1.329443216324,0.607409954071,-0.593868732452,0.329921096563,-0.393947780132,-0.238527879119,0.279736131430,-0.779289305210,-0.067237094045,0.340400129557,-0.404249876738,0.807396650314,0.173558637500,-0.338498592377,0.600203037262,-0.098019801080,-0.139376208186,0.084231585264,0.011837285012,-0.170286506414,0.609233319759,-0.021266777068,-0.044546220452,0.640744507313,-0.062627300620,0.278575420380,0.758553504944,-0.911318659782,-0.200007304549,-0.145187839866,-0.951316773891,-0.393338650465,-0.840974092484,-0.933346867561,0.076860032976,-0.113972969353,0.082181870937,-0.082457639277,-0.031634692103,0.303204894066,-0.010096265934,0.676124691963,0.408723860979,-0.744542956352,0.321891009808,-0.039648320526,0.102287970483,0.310164868832,-0.540292203426,0.245105057955,0.014434408396,-0.036450278014,-0.112964577973,-0.247858583927,-0.382110536098,0.229036659002,0.108774602413,-0.047731917351,-0.011005875655,0.166228249669,0.271603107452,0.662612199783,0.191833153367,0.564522445202,-0.085536316037,0.409905076027,0.181461125612,0.257851958275,0.109099760652,-0.179925903678,-0.496783196926,0.060297712684,-0.101403050125,0.199920862913,0.633228898048,-1.019895672798,-0.819855451584,-0.094640657306,-0.467140555382,0.108910433948,-0.014376785606,-0.416350573301,0.293409079313,-0.087586030364,0.796909451485,0.380657613277,0.462880671024,0.199929118156,0.832030236721,0.297240972519,-0.129292294383,-0.212898269296,-0.127892896533,-1.140783309937,0.322500139475,-0.316108196974,-0.582455337048,0.509439527988,0.005893947091,0.132025241852,0.462802439928,-0.890644609928,0.312638521194,-0.122048340738,-0.010026295669,-0.130535289645,-0.170990318060,-0.393062859774,0.158276349306,0.316211074591,0.272323399782,0.321746945381,0.091656640172,0.255584090948,0.600091934204,0.030745660886,-0.199472233653,-0.220874845982,-0.683953046799,-0.046760566533,-0.103436306119,-0.584727287292,-0.022143462673,-0.092010602355,-0.516938686371,0.569646716118,0.405468165874,0.239840835333,0.533710896969,0.580739021301,-0.169483914971,0.764994800091,-0.229143664241,-0.275768399239,0.488073974848,-0.110116384923,-0.188342884183,-0.060421187431,-0.263848811388,0.021307935938,-0.578862190247,-0.076366133988,-0.209967747331,-0.489242881536,0.339564621449,-0.536340951920,-0.051143985242,0.213211074471,0.033807881176,0.383481085300,-0.170619890094,0.663567066193,0.779511570930,-0.110433310270,0.640728056431,0.162898495793,-0.419857293367,0.775539696217,-0.605463147163,0.159869208932,-0.722922205925,-0.107745639980,0.014660782181,-0.640703320503,-0.575631201267,-1.072323799133,-0.213717326522,0.203481122851,-0.038364164531,0.020064938813,-0.141483545303,0.355521917343,0.610998988152,-0.120562501252,0.761269927025,0.075682893395,0.301743745804,0.012302380055,-0.255386531353,-0.049925684929,-0.238013401628,0.103654451668,-0.208942890167,-0.474606782198,-0.334810763597,0.282930046320,-0.270734667778,0.193039104342,-0.060783386230,0.138577729464,-0.143706128001,-0.042159009725,0.125378087163,0.247838020325,0.062409162521,-0.007309811190,0.051674932241,0.191705584526,0.224542096257,-0.090269587934,0.063866190612,-0.335963219404,0.116405457258,-0.140610978007,-0.526997923851,-0.031564723700,-0.902284264565,-0.211733460426,-0.057153176516,-0.865146636963,0.623194396496,0.035655912012,0.138400748372,0.486604630947,0.060240093619,0.792826414108,0.841751992702,0.086194857955,0.650029957294,0.067607529461,-0.967344105244,0.356340974569,-0.527825176716,-0.413827538490,0.089541070163,-0.167380690575,0.281254887581,-0.268047004938,-0.456830292940,-0.168018653989,0.066459193826,-0.189832836390,0.455743700266,-0.561381995678,-0.248718798161,0.179629549384,0.255382418633,0.326830059290,0.392239719629,-0.636760354042,0.463749080896,0.499800145626,0.099056996405,0.169171094894,-0.649198532104,-0.150040477514,-0.123962216079,-0.155531063676,-0.046353094280,-0.463353961706,-0.273459404707,-0.182090863585,-0.208556011319,0.311506628990,-0.762895762920,0.293516099453,0.136832594872,0.096546307206,0.177793890238,0.465683579445,0.053918089718,0.438568115234,0.547297418118,0.237861111760,0.019595727324,0.368108272552,-0.571461796761,0.433974802494,-0.043714813888,-0.530619859695,-0.074217632413,-0.433320343494,0.003185695037,0.509118497372,-0.536221563816,0.364519238472,-0.633665204048,-0.224760249257,0.357485204935,-0.514325082302,-0.250735610723,0.114610925317,-0.291775077581,0.336024969816,0.012499942444,0.336687624454,0.141018450260,-0.312453299761,0.150118678808,0.008663938381,0.057712938637,-0.631450831890,-0.573227524757,-0.634690046310,-0.241927593946,-0.593893408775,-0.494840472937,-0.209836035967,0.018114009872,0.223426699638,1.290943264961,-0.212289124727,0.792472481728,0.896081626415,0.242915406823,0.672552049160,0.244611158967,0.147863164544,-0.070673860610,-0.036499667913,0.073904827237,-0.057515375316,-0.314066708088,0.133445218205,0.125983119011,0.181391164660,-0.027617586777,-0.270150214434,-0.074810326099,-0.121731415391,0.077654398978,-0.133642777801,-0.295590519905,0.116882897913,0.434341073036,0.527203679085,0.188688620925,0.060676377267,0.511608600616,0.209218665957,-0.139190986753,-0.082684010267,-0.502524852753,-0.423475146294,-0.452471554279,-0.363889515400,-1.086391925812,-0.184844389558,0.007165755611,-0.604759335518,-0.179263249040,-0.345520287752,0.525413274765,0.226608276367,-0.435674667358,0.691143512726,0.882696747780,1.035284996033,0.619547665119,0.194393247366,0.444256275892,0.199064761400,0.494651138783,-0.338671475649,-0.561900615692,0.531336009502,-0.217973157763,-0.459106385708,0.145854622126,-0.646844267845,0.489485740662,0.506875336170,-0.132930725813,0.472474783659,0.052987903357,0.109490774572,-0.018562640995,-0.012849791907,-0.654619157314,-0.457106083632,0.309996098280,0.018274528906,0.484859466553,-0.306481122971,-0.459435641766,0.352043986320,-0.000921958243,-0.436226159334,-0.093393541873,-0.828404128551,-0.472869902849,-0.444853067398,-0.786335706711,-0.684562206268,0.515967309475,0.263787060976,-0.427883297205,0.233424186707,0.256790041924,1.397470474243,0.246343955398,-0.000843756425,0.588937878609,-0.569054007530,0.541658699512,-0.159276515245,-0.483739942312,0.157226800919,-0.401483982801,-0.058601967990,-0.142755344510,0.010977065191,0.219940543175,-0.059466306120,-0.217001795769,0.203653976321,0.225797459483,-0.141162499785,-0.278604239225,0.411452680826,0.404249876738,0.294376313686,-0.196940988302,0.400101065636,0.285909950733,0.095039896667,0.480146795511,-0.781511902809,-0.364655077457,-0.213124632835,-0.340819954872,0.070200532675,-0.640061259270,-0.436744809151,-0.292363643646,-0.520441293716,-0.501891016960,-0.764426887035,0.404801398516,0.185939222574,-0.105774126947,0.257271617651,-0.179164469242,0.165400952101,0.888932347298,-0.232926174998,0.811146199703,-0.145912230015,0.268475055695,0.433892458677,-0.670444726944,0.240787491202,-0.317425280809,-0.242890700698,0.819028139114,0.173488661647,-0.022332791239,0.219586580992,-0.358365952969,0.910832941532,0.496132880449,-0.132708474994,-0.131132096052,-0.293837130070,-0.358637630939,0.880725324154,0.075254835188,-0.154827252030,-0.113923579454,-0.008886195719,-0.107955545187,0.765048325062,0.349232852459,-0.336514770985,-0.488473206758,-0.553496003151,-0.300603657961,-0.119237184525,-0.436584264040,-0.082202456892,-0.009581780061,-0.659792840481,0.299496471882,0.419145256281,-0.652174293995,0.575161993504,0.253781348467,0.580549657345,0.219014450908,-0.217903181911,0.017183819786,0.057869337499,0.193039104342,0.330583781004,-0.575310170650,-0.334518522024,0.124752469361,-0.082157179713,-0.025045158342,-0.480842381716,-0.339128345251,-0.103588588536,0.002539501060,-0.419754385948,-0.124493174255,0.279550909996,0.182819366455,0.591246843338,0.252406626940,-0.153003916144,0.306312382221,0.063923805952,0.169405713677,0.387741059065,0.107560418546,0.086042575538,-0.984034001827,-0.611295342445,-0.167590603232,-0.238499060273,-0.220014631748,-1.132028937340,-0.578582286835,-0.543811261654,-0.585311770439,-0.005572908092,-0.062532640994,-0.249196246266,0.957984566689,0.551853716373,0.625128805637,0.468268364668,0.384896993637,0.373915791512,1.021924853325,-0.457122534513,-0.568251430988,-0.710549890995,-0.138746485114,0.306789815426,-0.334547340870,-0.016689913347,0.331003576517,0.147431001067,0.278089761734,0.172649025917,0.019332312047,-0.003412068821,0.535608351231,-0.065615437925,0.253332704306,-0.269615173340,-0.273311227560,0.848189175129,0.686887681484,-0.143323346972,0.309563934803,0.124855369329,0.235021159053,0.320405155420,-0.342104136944,-0.554792463779,-0.118430465460,-0.416239440441,-0.433176308870,-0.336547672749,0.042167238891,-0.155378773808,-0.058355014771,0.232885003090,0.162668004632,0.300496637821,0.500845611095,-0.062935993075,0.605463147163,0.019924998283,-0.389276266098,-0.069188028574,-0.051279813051,0.009697024710,-0.425384938717,-0.664834737778,0.205851852894,-0.059540394694,-0.192886829376,-0.098851211369,0.156387165189,-0.557455420494,-0.328439384699,0.377825915813,-0.241277292371,0.097423002124,0.100596345961,0.074555136263,0.451730728149,0.424800485373,0.254143536091,0.442576974630,0.080000452697,0.074773281813,0.148579329252,-0.036413233727,0.185704603791,-0.544354617596,-0.295392960310,-0.256720095873,-0.550219714642,-0.367960125208,0.112462438643,-0.445499241352,-0.647189974785,0.060960367322,-0.335156500340,-0.002757642651,0.114211685956,0.229427650571,0.305456280708,0.172130420804,-0.158856689930,0.027642283589,0.711455404758,-0.061462510377,0.481616169214,-0.299632310867,-1.161622047424,0.142249092460,-0.108572930098,-0.174966275692,0.170125991106,-0.471038341522,0.054177392274,0.068751744926,0.474063515663,-0.115298286080,-0.073394455016,-0.095640815794,-0.048830855638,-0.257605016232,0.182815253735,-0.050637729466,0.089718066156,0.243541017175,-0.222340092063,0.273331791162,0.182963430882,0.184078842402,0.326097458601,-0.649305582047,-0.340725302696,-0.233494147658,-0.354291260242,0.055391579866,-0.082157179713,-0.140701532364,0.045431137085,0.012989732437,0.802058398724,0.280974984169,0.027559965849,0.686192095280,-0.000810829340,0.839377164841,0.385893046856,-0.335765659809,-0.238371476531,0.063923805952,0.092578597367,0.311782389879,-0.426171094179,-0.168475508690,0.274792939425,-0.809022486210,0.337856531143,0.074802093208,-0.303139030933,0.042607642710,-0.399314910173,-0.135285019875,0.527347743511,-0.609891831875,0.546972274780,0.088907226920,-0.034902703017,0.642827153206,-0.449569880962,0.353097677231,0.732376396656,0.051271576434,-0.406756460667,-0.186857044697,-0.649536013603,-0.043776553124,-0.001280040247,-0.504117667675,-0.629446387291,-0.047349140048,-0.413782238960,-0.313432872295,-0.285564213991,0.158836126328,0.083540111780,0.510896563530,0.404319822788,-0.084914825857,0.445384025574,1.111486434937,0.694320976734,0.214861541986,-0.074806205928,0.216956526041,-0.487238466740,0.026926118881,0.254629224539,-0.703935682774,-0.406921058893,-0.079831704497,-0.259304881096,-0.041944980621,-0.178172543645,0.023386457935,0.228645652533,-0.620305001736,-0.055996611714,-0.052279971540,-0.133177682757,0.439415961504,-0.035968717188,0.095402099192,0.460649818182,0.023262981325,0.348500221968,0.413160771132,-0.683837831020,-0.081799097359,-0.155214130878,-0.151250541210,-0.608315408230,-0.708874762058,-0.157630160451,-0.830190420151,0.045686323196,0.205209806561,0.003021059558,0.357513993979,0.107947312295,0.785685420036,1.096442937851,0.212354972959,0.341515541077,0.023016029969,0.508612215519,-0.032215032727,-0.189359530807,0.082556419075,-0.503171026707,0.339906245470,-0.281979292631,-0.494157224894,-0.219924077392,0.249500826001,0.126040741801,-0.341902464628,-0.227237999439,0.431855112314,-0.621650874615,0.578364133835,0.248401880264,0.253015816212,0.325550049543,0.247080683708,-0.088285729289,0.302653372288,0.001292387838,-0.148999154568,0.071595817804,-0.403648972511,-0.120932929218,0.251962125301,-0.643757343292,-0.231790184975,0.953469455242,-0.665299892426,-0.203085988760,-0.526191174984,-0.714550495148,0.456081211567,-0.259473621845,0.339996784925,0.268079936504,0.193738803267,1.081761598587,0.194409713149,0.660093307495,0.487481266260,0.277513533831,0.206168800592,-0.044875495136,-0.291828572750,0.033025860786,0.123937524855,-0.628236293793,0.592366337776,-0.055914297700,0.017821781337,0.750169396400,-0.337193876505,0.173044160008,-0.029955409467,0.258794486523,-0.188639238477,-0.658385217190,-0.259276062250,-0.896797835827,0.248323678970,0.122912667692,-0.304456114769,0.099596187472,0.119846336544,-0.377533674240,0.472264885902,-0.831470429897,-0.384510099888,-0.819056987762,-0.614085912704,-0.335218250751,-1.083638310432,-0.921694755554,0.149303719401,-0.483624726534,0.597597658634,-0.050958771259,-0.010870052502,0.500508069992,0.625849127769,0.262605816126,0.218734592199,0.691020011902,0.369429469109,0.289470195770,0.243767395616,-0.610044121742,1.203414797783,0.173291102052,-0.439465373755,0.483394205570,-0.210288777947,-0.275599658489,0.511139392853,-0.367515593767,0.146982371807,0.289108008146,0.002395445015,-0.312445074320,0.344985216856,0.182930514216,0.694053411484,0.205831289291,0.012434088625,-0.087841212749,1.065849542618,-0.503545582294,0.229736357927,-0.282909452915,-0.405369400978,0.520009160042,-0.406875789165,-0.738476157188,-0.636311650276,-0.074579834938,-0.505117833614,0.131074473262,-0.476199626923,-0.594037413597,-0.081856720150,0.196908056736,0.495116263628,-0.038294196129,0.651746273041,0.695996165276,0.240207165480,0.793756663799,-0.183947131038,0.333444297314,0.166294097900,-0.386460989714,-0.081041775644,-0.392671912909,-0.308963030577,-0.213672041893,0.040817230940,-0.155263528228,0.598564922810,0.178073763847,0.162902608514,-0.035240206867,-0.314527690411,0.481694340706,0.047867741436,0.125295773149,-0.179732456803,-0.264511466026,0.649696588516,-0.016998603940,0.397615045309,0.498157918453,-0.604281902313,0.062705509365,-0.164972901344,-0.130527064204,-0.460649818182,-0.854037880898,-0.340498924255,-0.363654881716,-0.584369182587,-0.412362277508,-0.455517321825,0.248047918081,0.113697208464,0.630998075008,0.046867582947,0.062314495444,0.479965686798,0.730120956898,0.213676154613,0.097328335047,-0.653602540493,0.056029543281,0.056642808020,-0.503282189369,-0.129987880588,0.098661877215,-0.346228241920,0.356238067150,-0.206230536103,-0.025995928794,0.688188314438,0.219483688474,0.225678086281,0.859376192093,-0.152213662863,0.263844698668,0.540148139000,0.528973519802,0.970723211765,0.431213021278,0.081428669393,0.720687329769,0.243948504329,0.551376283169,0.004766194616,-0.436353772879,0.342248201370,-0.621873140335,-0.356571435928,-0.526273548603,-0.728495121002,-0.227542594075,-0.139100447297,-0.727511465549,0.295870393515,-0.448631465435,0.212190344930,0.361716300249,0.065627783537,0.797267496586,0.335329383612,-0.172315627337,0.352352678776,-0.336107283831,-0.044645000249,0.447898805141,-0.249035745859,-0.505681753159,-0.353875547647,-0.422882497311,0.346409350634,0.154008179903,-0.051868382841,-0.437971323729,0.117068119347,-0.397713840008,0.229674607515,0.720156431198,-0.388625979424,-0.479237169027,0.641876339912,-0.195368707180,0.283201694489,-0.033626779914,-0.146484345198,1.174138426781,0.154094606638,-0.522659718990,-0.091286204755,-0.066858433187,0.015051791444,0.521832466125,-0.906498968601,-0.318466573954,-0.157856523991,-0.614810347557,0.307551264763,-0.271924167871,-0.087240293622,0.320940226316,-0.319269210100,0.121924862266,1.059770345688,0.390482246876,0.364988446236,0.537608623505,-0.741703033447,0.603219985962,-0.222887516022,-0.380530029535,-0.091183312237,-0.594123840332,-0.148484662175,0.184663280845,-0.717024147511,-0.124085694551,-0.036310337484,0.123295448720,0.201464325190,0.065944708884,-0.381962358952,0.336206048727,-0.245660707355,0.267458438873,0.201032176614,-0.293623119593,0.450244873762,-0.166808575392,0.560739934444,0.375842034817,-0.080914184451,-0.085972599685,0.244141951203,0.278978794813,-0.841998934746,-0.238811880350,-0.356847226620,-0.615666389465,0.080551989377,-0.681063711643,-0.430286973715,-0.068278416991,-0.606158733368,0.511172294617,0.595856666565,0.071213036776,0.075810484588,0.258304715157,0.115882739425,0.601610660553,-0.055140513927,-0.078444644809,0.443498939276,-0.301764339209,0.293458491564,-0.173488661647,-0.259667068720,0.487304329872,-0.196566432714,-0.028716526926,-0.264136910439,-0.814340114594,0.428113758564,-0.722387194633,0.095011085272,0.103761456907,-0.552096605301,0.470746129751,0.418544322252,-0.293581962585,0.277525871992,0.075971007347,0.490913957357,0.234366714954,0.049386505038,-0.476911693811,-0.268417418003,-0.210650995374,-0.346240580082,-0.371833175421,-0.777655303478,0.279550909996,-0.511946141720,-0.156119629741,0.283308714628,-0.055996611714,0.224813759327,0.733833491802,0.538954555988,0.049748700112,0.478986084461,0.329604178667,0.350611656904,0.605743050575,-0.767402648926,-0.178958684206,-0.069126285613,-0.225480511785,-0.020748175681,-0.479356527328,-0.644893288612,-0.169253423810,-0.167812868953,0.119496487081,0.412065923214,-0.183395594358,-0.132687896490,-0.041047718376,-0.314581215382,0.863002300262,0.130749315023,0.603075921535,0.312494456768,-0.071752220392,0.621025323868,-0.219368442893,-0.349928438663,0.303266644478,0.244125470519,-0.080337956548,-0.451850086451,-0.831939697266,0.074254676700,-0.309292286634,-0.575157880783,0.064845763147,-0.360131680965,-0.396400868893,0.815801262856,0.342807948589,0.149797633290,0.538123130798,0.101411290467,0.798358201981,0.865426540375,0.017031531781,0.015813229606,-0.116121463478,0.034861546010,0.586727619171,-0.191306337714,-0.483192533255,-0.855297327042,0.410962879658,-0.309815019369,-0.277674049139,0.414383172989,-0.574561059475,0.268528580666,0.319903045893,-0.617605030537,-0.106239214540,-0.550997674465,-0.339832156897,0.240845113993,-0.183980062604,-0.478442817926,0.489654481411,-0.051802530885,-0.593913972378,0.773588836193,-0.669769704342,-0.407538473606,0.692081928253,-0.656545400620,-0.082918614149,-0.094204381108,-1.014693260193,0.373973429203,-0.119978047907,-0.338465690613,0.824913859367,0.296944648027,0.099036417902,0.762504696846,0.604767560959,0.756598412991,0.690686643124,0.280230015516,0.516321301460,0.137458205223,0.146628394723,0.368309944868,-0.130531176925,0.521379709244,0.146879464388,-0.701552569866,0.164223805070,-0.319104552269,0.058379709721,0.242075771093,-0.299023151398,-0.350113660097,-0.027189534158,-0.126946240664,0.010186814703,0.185972154140,-0.384691148996,-0.029893670231,-0.539983510971,0.436810612679,0.021740105003,-0.413053750992,0.085400499403,-0.299146622419,-0.545984447002,0.385012239218,-0.485221683979,-0.705495595932,-0.835038959980,-0.300410211086,-0.515119493008,-0.817851066589,-1.000522255898,0.062112819403,-0.270475387573,-0.305884331465,0.205576106906,-0.035157889128,0.453644603491,0.286580830812,0.454150855541,0.302937358618,0.276682138443,0.531163215637,-0.239807933569,0.318347245455,-0.394417017698,0.177913248539,-0.181609302759,0.231448560953,-0.387004315853,-0.303834617138,0.954095065594,-0.376142501831,-0.052123565227,0.555442750454,-0.882754445076,0.298772066832,-0.387979745865,-0.517115652561,0.598330318928,-0.137104243040,0.870789527893,0.200101971626,-0.452097058296,0.438860356808,0.052493996918,0.406707048416,0.419552713633,-1.351463198662,-0.519148886204,-0.211157247424,-0.580138087273,0.376084864140,-0.681343615055,-0.524577796459,0.183720737696,0.108235418797,0.065319091082,0.409810423851,0.293429672718,0.242236286402,0.226966351271,0.656817018986,0.131815329194,0.287988454103,0.323623806238,0.006194406655,0.064253084362,-0.076456680894,0.127678871155,-0.126020163298,-0.226143166423,-0.552709877491,-0.052399333566,0.040236890316,-0.433015793562,-0.067829787731,0.153147950768,-0.677861571312,0.481682002544,0.372043073177,-0.426467448473,0.450866371393,0.344750642776,-0.333744764328,0.293120980263,0.058239769191,0.023691033944,-0.295932114124,0.080412045121,-0.013664738275,-0.808734297752,-0.604767560959,-0.466037511826,0.297479689121,-0.875049471855,-0.766678214073,-0.635327994823,-0.801692128181,-0.206926107407,0.583225011826,-0.041944980621,-0.185898050666,0.321059614420,0.485151708126,0.870003461838,0.514967143536,-0.051300387830,0.187095776200,0.105642415583,0.270574152470,-0.271862447262,0.063462831080,-0.322203814983,-0.322368472815,0.357686877251,0.003720759880,0.236704528332,0.238667830825,0.397306382656,0.154189273715,0.401130020618,0.042200166732,0.118582762778,-0.217779710889,0.018768435344,0.044768478721,0.119986280799,-0.065142109990,0.217540979385,0.393367499113,0.017496626824,0.256296157837,-0.388350188732,-0.012166555971,-0.350270032883,-0.645576536655,-0.978395283222,-0.170051902533,-0.218034893274,-0.861985623837,-0.477022856474,0.051530878991,0.217433974147,0.008853268810,0.280670404434,0.580985963345,0.054284408689,0.270063787699,0.689583599567,-0.198826044798,-0.179930016398,0.026839684695,-0.090191394091,0.552948534489,-0.044233415276,-0.389218658209,-0.552145957947,-0.133786842227,0.215754687786,0.488032817841,0.055457431823,-0.621371030807,0.311864703894,0.118138246238,0.633200109005,1.055366396904,-0.237819954753,0.167508274317,0.768501579762,0.065858274698,0.595556199551,0.745617210865,-0.207506462932,0.009149611928,0.318437784910,-0.323759615421,0.102135688066,0.102621354163,0.053255435079,-0.091063961387,-0.470136970282,-0.523511767387,-0.567197740078,-0.132070511580,0.254061251879,-0.728161752224,0.264194548130,-0.029679646716,-0.028506619856,1.108329653740,0.247619867325,0.264392107725,0.355279058218,-0.186124444008,0.636945545673,-0.023242402822,-0.127423673868,-0.119615845382,-0.693888843060,-0.380176037550,-0.122826240957,-0.043500788510,-0.016599364579,-0.525475025177,0.162174090743,-0.326245635748,0.244306579232,-0.173933178186,-0.117039307952,-0.482085347176,-0.927168965340,0.084416799247,0.436370253563,-0.107902035117,0.011401000433,-0.471705108881,0.108544118702,0.565090417862,0.409872174263,-0.042405962944,-0.016537625343,-0.558776676655,-0.361160635948,0.053634099662,-0.888051569462,-0.875815033913,-0.328513473272,-0.620374977589,0.101917542517,0.061647724360,-0.352459669113,0.498672395945,0.106358580291,0.366947621107,0.436024487019,0.063944391906,0.199035972357,0.294236361980,-0.109577201307,0.065796539187,-0.488386809826,-0.097217194736,0.138050898910,0.074802093208,0.056375276297,-0.281374245882,-0.460970908403,0.308831304312,-0.311749488115,-0.526586353779,0.333662420511,-0.226032048464,-0.182066157460,0.423067688942,0.115726336837,0.563057184219,0.634595394135,0.718711733818,0.418379694223,-0.014063978568,0.304044544697,-0.144006580114,0.364836126566,-0.096801497042,-0.205325037241,-0.264050483704,-0.259914010763,-0.235000565648,0.238474369049,-0.691180586815,-0.674371302128,0.462423771620,-0.220533236861,0.185165420175,0.717139422894,0.495075106621,0.268454462290,0.280719816685,1.039306282997,0.828544080257,0.354863345623,0.381958246231,-0.107169412076,-0.645724713802,0.036446161568,-0.060429424047,-0.648609995842,-0.063310541213,-1.052094221115,-0.238885954022,0.521927118301,0.110260441899,0.168125659227,0.859944164753,-0.752836525440,-0.008762719110,0.786594986916,-0.976217925549,0.080914184451,-0.166833281517,-0.487180799246,0.121138721704,0.050012119114,-0.126715749502,0.659484148026,-0.314338356256,-0.218467041850,0.070743829012,-0.062709622085,-0.831676244736,-0.526635706425,-0.505294859409,-0.105732969940,0.259448915720,-0.508994996548,0.070101752877,0.499549090862,0.504097104073,1.260629653931,0.223895892501,-0.047139227390,0.567218303680,0.272730886936,-0.220496177673,-0.295372366905,-0.330546706915,-0.003387373406,-0.197887644172,-0.215804070234,0.037112932652,0.178925737739,-0.706108868122,0.434250563383,-0.422219812870,-0.605236768723,0.282539039850,-0.230423688889,-0.369075506926,0.223529592156,-0.568716526031,-0.125625044107,0.402307152748,0.288375377655,0.204510092735,-0.015175268054,0.646103382111,-0.419523924589,-0.262700468302,-0.021497266367,-0.556101322174,0.171636521816,0.113149799407,-1.390033125877,0.162416934967,0.174752250314,-0.238017514348,0.179131537676,-0.533945560455,-0.445454001427,-0.133354663849,0.114117018878,0.476603001356,0.159963876009,0.598803639412,0.857301771641,1.078682899475,0.439535379410,0.713529765606,0.862207949162,-0.240310057998,1.002325057983,0.383378207684,-0.105296686292,0.161709010601,-0.316091746092,0.348668962717,0.541214168072,-0.515605151653,-0.036405000836,0.035248439759,-0.028210274875,0.737566590309,-0.304559022188,-0.862059772015,0.236342340708,0.052987903357,-0.187618508935,0.238433212042,-0.802268266678,-0.305406898260,0.753791391850,-0.448709666729,-0.236939147115,-0.210280552506,-1.237642407417,-0.243787974119,-0.643037080765,-0.712188065052,-0.683426260948,-0.924794018269,-0.665526211262,0.103493921459,-1.062614440918,0.568580687046,0.386514514685,-0.039821188897,0.980457305908,0.670284211636,-0.158580929041,0.763216793537,-0.059935513884,0.319948315620,0.406418919563,-0.520363092422,0.107120022178,0.047620788217,-0.424792259932,0.464913904667,-0.381098002195,0.110737882555,0.478113561869,-0.445737987757,0.067364685237,-0.210132375360,0.077530920506,0.665295779705,-0.376389443874,0.461781710386,0.423302322626,0.453525245190,0.383649855852,0.024954611436,0.757911384106,0.347821086645,0.756701290607,0.026897309348,-1.107621669769,0.049880407751,0.250151127577,-0.958293259144,-0.194533169270,-1.049353122711,-0.941874980927,-0.397145837545,-0.135894164443,-0.680709779263,0.090936355293,0.136458054185,-0.089623399079,0.508785128593,0.217660337687,0.323911905289,0.881684243679,-0.117401495576,0.553582370281,0.349977791309,-0.413156628609,0.104786314070,-0.553022623062,0.004120000638,0.177839145064,-0.428784668446,0.069175675511,0.452998429537,-0.119920417666,0.310605257750,-0.184280514717,0.145566493273,0.879165410995,-0.309493958950,0.184461608529,0.177732139826,-0.046637091786,-0.035478927195,0.211972191930,0.303686439991,0.083223193884,-0.097826354206,0.053276013583,-0.313222944736,-0.433147519827,0.018340384588,-0.371285736561,-0.001963277115,-0.703260660172,-0.747506439686,-0.149007380009,-0.812903761864,0.329316049814,-0.203230053186,-0.234901785851,0.565374433994,0.416268229485,0.376640528440,0.553405404091,-0.182473629713,1.171170949936,0.098299682140,-0.101127289236,0.422046959400,-0.308131605387,-0.145109638572,0.115397065878,-0.726149141788,-0.200809895992,0.468474149704,-0.061717692763,0.427150636911,0.161387965083,-0.164355516434,0.162235841155,0.172784850001,0.141911596060,0.179888874292,0.302879750729,0.183510839939,-0.257967203856,0.762768149376,-0.079325452447,0.608525395393,0.734821319580,0.228336930275,0.225352942944,-0.230654194951,-0.443272560835,0.312342166901,-0.086063154042,-0.625429272652,-0.492515027523,-0.292594134808,-0.430262267590,-0.057712938637,-0.421869963408,-0.268553256989,0.293635457754,0.130699932575,0.128588482738,0.862615406513,-0.305332809687,-0.091302670538,0.449425816536,-0.140149995685,0.181210055947,-0.176406830549,0.403048038483,-0.499890685081,-0.268915444613,-0.170187726617,0.091524936259,0.035227857530,-0.131815329194,0.011219901964,-0.030358767137,-0.005181899294,0.518432736397,-0.659393608570,0.099233984947,0.042311295867,-0.306958585978,0.423829138279,0.297644346952,-0.310481756926,0.545972108841,0.510596096516,0.220928356051,0.292067319155,-0.225920915604,-0.220026984811,0.016496466473,-0.909392416477,-0.574240028858,0.042521208525,-1.053452491760,-0.452516853809,-0.739513397217,0.333592474461,0.458501368761,0.018723160028,0.003552008653,0.101831100881,0.264704912901,0.879881501198,0.334699630737,-0.232148259878,0.483114361763,-0.261272251606,0.320775598288,-0.119624078274,-0.231658458710,-0.185795158148,-0.262490570545,-0.018035808578,-0.279530316591,-0.172529667616,-0.125394552946,-0.081375159323,-0.006972309202,0.156041428447,-0.270660579205,0.143907800317,0.618193566799,0.028765918687,0.772954940796,0.503241062164,0.352521419525,0.045040126890,0.050106786191,0.495050400496,0.267318487167,0.121813729405,0.075925730169,-0.045443482697,-0.275208652020,-0.269483447075,-0.456591576338,-0.664139151573,0.005350650288,0.131683617830,-0.539876520634,-0.132301002741,-0.382526248693,0.490082561970,0.399174988270,0.138520106673,0.682767689228,0.900839567184,0.757569730282,0.501907467842,0.192751020193,0.604784011841,0.183119833469,-0.501524686813,-0.191001757979,-0.753519773483,-0.208757683635,-0.077135793865,-0.589213609695,0.007947773673,-0.241314336658,-0.156913995743,0.361498177052,-0.164503693581,0.183811292052,0.213182255626,-0.725539982319,0.066319249570,0.144747436047,-0.340869367123,0.208811193705,-0.490617603064,0.275295078754,0.178464770317,0.261548042297,-0.012508174405,-0.220739021897,-0.263321965933,-0.585797429085,-0.766925215721,0.027926279232,-0.840303182602,-0.016335947439,-0.247105389833,-0.478179395199,0.466864824295,0.652692914009,0.429698377848,0.590641796589,0.424553513527,-0.215705290437,0.304501384497,0.307119101286,0.258827418089,-0.392527818680,-0.250361055136,-0.212807714939,0.643712043762,-0.131300851703,0.183696061373,-0.537435829639,0.023798046634,0.335312902927,0.595807254314,-0.238684281707,-0.757026493549,-0.240898624063,0.470742017031,-0.032783024013,-0.255403012037,0.113709554076,0.182457178831,0.209901899099,0.629022479057,0.202036440372,0.114997826517,0.342388123274,0.357851475477,-0.386053532362,0.044480368495,-0.070533923805,-0.436012148857,0.085993185639,-0.287519276142,-0.073382109404,-0.552047193050,-0.122451692820,-0.132091104984,0.018961882219,-0.541662812233,-0.116952866316,0.447651863098,0.653277337551,0.305657982826,0.549799919128,0.325389504433,0.659241259098,0.463139921427,0.579718291759,0.175353169441,0.139952436090,-0.527993977070,-0.057383671403,-0.510246276855,-0.234757721424,0.056926805526,-0.291388183832,0.578936278820,-0.630257248878,0.094476014376,0.283823192120,-0.428451240063,0.137552872300,-0.170434683561,-0.214594006538,0.169957235456,-0.208239078522,-0.324726849794,0.017319643870,0.009569432586,0.949250638485,-0.149287253618,-0.101925767958,-0.008552808315,-0.681611120701,0.268520355225,-0.538600564003,-1.176636815071,-0.391893982887,-0.251027822495,-0.149641230702,0.266894549131,-0.297681391239,0.143907800317,0.770238459110,0.818167984486,1.139281034470,0.473495513201,0.162548646331,0.334337443113,0.566786170006,0.124110393226,-0.370763033628,0.087738320231,0.678059101105,-0.135593712330,-0.120097398758,0.054519012570,-0.110762581229,-0.042574711144,0.531122028828,-0.306411176920,-0.646453261375,0.063709780574,0.009981021285,0.132531493902,0.503652632236,-0.298290520906,0.730598330498,0.531117916107,-0.051448561251,0.142660692334,-0.525425612926,0.390025377274,-0.049250680953,-0.387584656477,-0.476722389460,-0.895530164242,-0.662990868092,-0.440654873848,-0.404756128788,-0.403953522444,-0.392869472504,-0.047476734966,-0.192252993584,-0.327887833118,0.016257746145,0.220895424485,0.597692370415,0.583677768707,0.357147663832,0.704688906670,0.629693329334,0.382250458002,0.903156816959,0.183235079050,-0.019233530387,0.065454915166,-0.255505889654,-0.531459510326,0.209988325834,0.090409524739,0.157938852906,-0.207642272115,-0.107313461602,0.437493860722,0.087092123926,0.007828412578,0.030297027901,0.062363889068,-0.313329964876,0.004630370531,0.047773074359,0.092232860625,-0.303171962500,-0.200143143535,0.628602623940,-0.268059343100,0.792604207993,-0.146513149142,-0.346788018942,-0.772304654121,-0.765883862972,-0.284218311310,-0.432044416666,-0.652602374554,-0.442474097013,-0.211140796542,-0.635916531086,0.570017099380,0.235696151853,0.582344233990,0.632409811020,0.188791513443,0.714422941208,-0.209568515420,0.371907234192,0.268722027540,-0.568070352077,0.189404785633,-0.666505813599,0.313502848148,0.019702741876,-0.450039088726,0.615715801716,0.103946670890,-0.125781431794,0.313165336847,-0.139223933220,-0.082634620368,-0.199451670051,0.226888149977,-0.373417764902,-0.384114980698,-0.067784510553,0.386444538832,0.289972335100,0.022225778550,-0.586735844612,0.292787581682,-0.078638099134,-0.109309673309,0.114886693656,-0.710652768612,-0.562143445015,-0.355126798153,-0.682179093361,-0.377735346556,-0.224323958158,-0.600688695908,-0.524577796459,0.126160115004,-0.278904706240,0.232539266348,0.129461050034,-0.069920651615,0.643308699131,0.083552464843,0.221693903208,0.584081113338,0.149147316813,0.035569477826,0.670304775238,-0.266256600618,0.306769251823,0.398191303015,-0.159716919065,0.517082691193,0.498561263084,-0.382723808289,0.656039118767,-0.019846796989,0.736278295517,0.091487891972,-0.190055117011,-0.092199936509,-0.122743926942,0.094117939472,0.139680787921,-0.283646196127,-0.118751510978,-0.123966343701,0.163231879473,0.487061470747,-0.506471991539,0.047233894467,-0.085346989334,-0.612176120281,0.177588075399,-0.791612207890,-1.131333351135,0.006927034352,-0.862788259983,-0.289437264204,-0.716229856014,-0.137828648090,-0.275834262371,-0.097624674439,-0.041685681790,0.488456755877,0.139446184039,0.232926174998,0.093117780983,0.176707297564,-0.020653510466,0.194245085120,-0.319223910570,0.662422835827,-0.318799972534,-0.366317868233,0.015409872867,-0.238704845309,0.092656798661,0.530377030373,0.010223858058,-0.571951627731,0.457402408123,-0.238503172994,0.620169162750,0.052909702063,0.201703056693,0.349772006273,0.186955839396,0.605072140694,0.803774714470,0.358625292778,0.717567503452,0.291647464037,-0.074180595577,0.710957407951,-0.425911784172,-0.293145686388,-0.295899212360,-0.598424971104,0.178242519498,-0.893735647202,-0.769250690937,0.449384659529,-0.611122488976,-0.141401231289,-0.221224695444,-0.785121500492,0.537267029285,0.467124104500,0.042488280684,-0.146669551730,-0.058371480554,0.302254110575,0.331320494413,-0.339404106140,0.060013718903,-0.947740137577,-0.038129556924,0.122793316841,-0.624202787876,-0.040504422039,0.006247913465,-0.208407834172,-0.037022382021,-0.480262041092,0.434567481279,0.134968101978,0.088779635727,-0.218084275723,-0.447223842144,0.208202049136,0.276488661766,0.654936075211,0.430817902088,-0.571420609951,0.116631828249,0.380797535181,0.469095617533,0.624639034271,-0.553607106209,-0.510941863060,-0.287803232670,-0.614481031895,-0.027296550572,-0.655211865902,-0.333543092012,0.116277866066,-0.770053207874,0.102909475565,0.579693555832,0.160070881248,0.989755094051,0.380106061697,0.279913097620,0.269668668509,0.310498237610,-0.007610271219,-0.370808303356,0.224212840199,-0.278423160315,-0.153563663363,-0.123180203140,-0.442120134830,-0.231292158365,0.004482198507,-0.491819441319,0.442103654146,-0.075518257916,-0.038043122739,-0.312440961599,-0.123562976718,0.023427616805,0.518387436867,0.125176399946,0.179641917348,0.181255340576,0.096702717245,0.242713734508,0.621753811836,-0.363877177238,-0.534394145012,0.370886504650,-0.545173645020,0.171583011746,-0.469741851091,-0.918196320534,-0.078148305416,-0.605220258236,-0.341803669930,0.502500176430,-0.506434977055,0.149332538247,0.310695797205,-0.613196849823,0.212408468127,0.226167872548,0.023007795215,0.580936610699,0.256489604712,0.444457948208,-0.017266137525,-0.343606412411,-0.548042416573,-0.261766165495,-0.252147346735,-0.016739305109,-0.469120323658,-0.391025543213,-0.437213987112,0.554467320442,0.380048453808,0.063236452639,-0.457361221313,0.009890471585,-0.259119659662,-0.005494706333,0.086557060480,-0.594823539257,-0.524528384209,-0.263391941786,0.223965883255,0.713756203651,-0.005272448529,0.290655583143,0.683504462242,-0.128432080150,0.177406996489,0.116701796651,-0.467770338058,0.164001554251,-0.555632114410,-0.152386531234,-0.325360715389,-0.345396846533,0.730170309544,0.358584135771,-0.080457314849,0.821625292301,0.103987835348,0.362839937210,1.229892253876,-0.037948459387,-0.115360021591,-0.457352995872,-0.306267112494,0.266487091780,0.013582419604,-0.866653084755,-0.037964921445,-0.410114973783,-0.287860870361,0.173348724842,-0.489551573992,-0.201390251517,-0.412452816963,-0.746131718159,0.166882663965,-0.166676878929,-0.604302465916,0.327772617340,-0.267087996006,0.438280016184,0.329052656889,0.111853294075,1.052081942558,-0.249064534903,0.127555400133,-0.133720979095,-0.359152108431,0.049057230353,-0.378850758076,0.146702483296,-0.866138637066,-0.330838948488,0.110614411533,-0.370688945055,-0.099188707769,-0.084527932107,-0.277571171522,0.298936724663,0.273648709059,-0.137989148498,1.099389910698,0.541366457939,-0.405994981527,1.110815525055,0.359625428915,0.076547227800,0.450096726418,-0.385164499283,0.211083143950,0.060227744281,-0.290276885033,-0.346866190434,-0.218578189611,-0.845699071884,0.086305990815,0.055375114083,-0.135215058923,0.203246504068,-0.432690650225,-0.370870053768,0.035408955067,0.106642581522,-0.050769440830,-0.482859134674,0.231131643057,-0.394182413816,0.066566206515,0.674083173275,-0.701503157616,-0.199986740947,-0.124081581831,-0.168821245432,-0.537234127522,-0.440589010715,-1.277418375015,-0.350677490234,0.105889365077,0.013730592094,-0.123867563903,-0.064240731299,0.341573178768,1.058897852898,1.030247211456,0.282098650932,0.532212734222,0.530792772770,0.309102952480,0.928955256939,0.300821810961,-0.386609196663,0.397796154022,-0.218051344156,-0.276546329260,0.256263226271,-0.616514325142,0.624709010124,-0.008466375060,-0.103831432760,0.394054800272,-0.174270689487,0.005659341812,0.194504380226,0.096348755062,0.406933456659,0.273545831442,0.295504063368,0.344516038895,0.564736425877,-0.101061441004,0.217598602176,0.805165886879,-0.985425174236,-0.016471771523,0.072810001671,-0.956111848354,-0.050077971071,-1.252348542213,-0.536036372185,-0.009841080755,-0.340873479843,-0.174353003502,-0.643913745880,-0.669321060181,0.300780653954,0.630545318127,0.717172324657,0.301682025194,0.428159028292,0.358608812094,1.076752543449,0.199624523520,0.594547808170,-0.343190699816,-0.414095044136,0.011355726980,0.144887387753,-0.961343169212,0.248677656054,-0.803750038147,-0.262161284685,1.013252615929,-0.435719907284,0.154522657394,0.577907264233,-0.080165088177,-0.032153293490,-0.639085769653,-0.232292309403,0.028160883114,0.013919923455,-0.227892443538,-0.250677973032,-0.411810725927,0.308370321989,0.109070949256,0.125435709953,-0.735442757607,-0.569971859455,0.258061885834,-0.747469425201,-0.390609830618,-0.274373114109,-0.892883598804,-0.462576091290,-0.249208599329,-0.113059245050,0.442198306322,0.482933253050,0.157370865345,0.352846592665,0.137474671006,0.201110363007,0.515078306198,0.126896843314,-0.020040243864,-0.346779763699,0.123299568892,-0.157379090786,-0.348615467548,0.413535326719,0.572585463524,0.251953899860,0.403179734945,-0.404089331627,-0.046670019627,0.588518023491,0.357847362757,0.019846796989,0.215610623360,-0.233029067516,0.495548397303,0.750786781311,-0.090858153999,0.510945975780,0.925407350063,-0.005898063071,0.304801851511,0.354546427727,-0.292524158955,0.198435053229,-0.139306247234,0.052292317152,-0.556533515453,-0.828511178493,-0.129444569349,-0.628804326057,-0.471947968006,-0.719580173492,-0.055272217840,0.034330595285,-0.177180603147,0.552228271961,0.049991536885,-0.396697223186,0.521610200405,0.702807903290,-0.166516363621,0.526442229748,0.556056022644,-0.050827059895,0.570486366749,-0.849078297615,0.497400581837,0.223401993513,-0.591016352177,0.355423122644,-0.351846426725,0.037820868194,0.424858093262,-0.409888625145,0.393462121487,-0.481369197369,-0.022122880444,0.205514371395,0.166520476341,0.269495785236,-0.272430419922,0.239635050297,0.478595077991,-0.111655727029,0.626087844372,0.048863787204,-0.503948986530,-0.428772330284,-0.221072420478,0.276208817959,-0.835314750671,-0.635978281498,-0.312165170908,-0.329287260771,-0.120410211384,-0.961623013020,-0.587513744831,0.580767810345,0.647786736488,-0.089141830802,0.281073778868,0.034120686352,0.482118308544,0.377105593681,0.238449662924,-0.148106008768,-0.281357765198,-0.589341223240,0.395515948534,-0.956087172031,-0.138092055917,-0.691872060299,-0.226653560996,-0.442918628454,0.428080856800,-0.279806077480,-0.289536029100,0.254077702761,-0.197578936815,0.133502840996,0.757281661034,-0.046727638692,0.383798062801,0.183860689402,-0.009281320497,0.184712678194,0.815043926239,-0.057029701769,0.228616818786,0.081469826400,-0.107576884329,0.135280907154,0.055589143187,-0.534883916378,-0.745218038559,-0.106432668865,-0.359102725983,-0.283687382936,-0.283852010965,-0.854387700558,0.592247009277,0.713060617447,-0.015854388475,0.427323520184,0.665250480175,0.912178933620,1.289309144020,0.858384251595,0.024279603735,0.607735097408,0.608862876892,-0.342141151428,-0.404706716537,-0.273726940155,0.152641713619,-0.361592859030,0.024106739089,0.521816015244,-0.360164612532,0.230090320110,0.397689163685,-0.109400220215,-0.005288911983,-0.201110363007,-0.084482654929,-0.131650701165,-0.246644407511,-0.122151233256,0.040887203068,-0.082943312824,-0.435625255108,0.404591470957,0.172698423266,-0.533916711807,0.317750424147,-0.406213134527,-0.349788457155,-0.763443112373,-0.304200917482,-0.788196027279,-0.580759584904,-0.065137997270,0.127506002784,0.040891315788,-0.272228747606,0.321969211102,0.486345291138,0.671531319618,0.032852992415,-0.026127638295,0.013977544382,-0.265598058701,0.117278024554,0.033313971013,-0.191454514861,0.333547204733,-0.241775304079,0.466798961163,-0.378533840179,0.005107813049,0.658323466778,0.123624719679,0.312255740166,-0.009853428230,-0.217302262783,0.215869918466,-0.481167525053,-0.135350868106,0.670638203621,-0.077526807785,0.346833288670,0.459131062031,0.012100702152,0.564164340496,0.760278046131,0.039002124220,-0.064858116210,-0.344639509916,0.147249907255,0.018286876380,0.227118641138,-0.175855308771,-1.205579757690,0.031745821238,0.111462280154,-0.062944225967,-0.257930159569,-0.787282347679,-0.255485326052,-0.042418308556,-0.004148812033,0.514415681362,0.113750711083,-0.021880043671,0.918402135372,0.275826036930,0.994126200676,0.142985850573,-0.729030191898,0.493848562241,-0.500112950802,-0.645617723465,0.059824384749,-0.964981555939,0.352838337421,0.301970124245,-0.321108996868,0.058914773166,0.010672489181,0.244837522507,0.084490887821,-0.335831522942,-0.468128383160,0.222673490644,-0.489354014397,0.093364737928,0.313506960869,-0.020855188370,0.092833787203,0.438679248095,0.902136087418,0.413321286440,-0.056889761239,-0.384794086218,-0.271319150925,-0.275463819504,-0.473302066326,-0.111692763865,-0.788648843765,-0.739443361759,-0.459468603134,0.502566039562,1.097628235817,0.465844064951,0.864965558052,0.843793451786,0.071595817804,1.471070647240,0.083276696503,-0.359263241291,0.410670638084,-0.780964493752,0.078872703016,0.464601099491,-0.777675926685,0.277776956558,-0.070319898427,-0.052156493068,0.347734659910,-0.112306036055,-0.341976523399,-0.882099986076,0.294960767031,0.482336431742,-0.043685998768,-0.532303273678,0.122204743326,0.001564036240,0.256769478321,0.645082652569,-0.011820821092,-0.137680470943,0.607772171497,-0.357925593853,-0.602277457714,-0.293063342571,-0.559394061565,-0.547651410103,-0.037483364344,-0.377134442329,-0.321170747280,-0.010425535962,-0.191964879632,0.065265588462,-0.469708889723,-0.273570537567,0.163400635123,0.656244933605,0.090228430927,0.320014178753,0.417498916388,0.435419440269,-0.237782910466,0.817554652691,0.888664782047,-0.708705961704,-0.150744289160,-0.238898307085,-0.530628085136,0.454669445753,-0.548507511616,-0.330661952496,0.132671430707,-0.402591168880,0.875000119209,-0.271734833717,0.054280288517,0.505936920643,-0.357390522957,0.257740825415,-0.036874212325,0.009170192294,0.097447693348,0.505739390850,0.422339171171,-0.548375785351,0.139042824507,0.147500976920,0.132893696427,0.004543936811,-0.127950504422,-0.664126813412,-0.514650225639,-0.401109427214,-0.712138593197,-0.547634959221,-0.054835934192,0.336424201727,0.640188872814,0.199077129364,0.384962826967,0.881433188915,0.497824490070,0.071933321655,0.435938030481,0.284218311310,0.166236475110,-0.200575307012,0.036351494491,-0.063890881836,-0.063578076661,-0.434127062559,0.082293003798,0.022777305916,0.485328704119,-0.370927631855,0.106786631048,0.077283971012,-0.318376064301,0.124324418604,0.175262615085,-0.361798644066,0.549478828907,0.307575970888,-0.085170008242,0.275529682636,-0.361448764801,0.805083572865,0.851831793785,-0.403253823519,-0.309078246355,0.203514054418,-0.295318841934,-0.237490668893,-0.699758052826,-0.481484442949,-0.404245764017,-0.140322864056,-0.107819721103,-0.345429748297,-0.257740825415,0.076345548034,0.289564847946,0.517440795898,-0.183967694640,0.724856734276,0.839628160000,0.314968079329,0.601013839245,0.590633571148,-0.139409139752,0.940714299679,-0.078230619431,-0.715472519398,0.038281846792,-0.063886761665,-0.129514545202,0.664954125881,-0.460793912411,-0.425199717283,0.353286951780,0.667580068111,-0.212387904525,-0.209539696574,0.309419870377,-0.468972176313,-0.327616214752,-0.384374260902,-0.056782748550,0.369186639786,-0.201163873076,-0.330143362284,0.219199672341,-0.384234309196,0.371409207582,-0.006124436390,-0.285617738962,-1.116421341896,-0.581796765327,-0.480747699738,-0.031305421144,-1.024476647377,-0.681718170643,0.050147943199,0.104428231716,0.210058301687,0.656236708164,0.174328297377,0.805346965790,0.655162453651,0.965384900570,0.337646603584,-0.074102394283,0.090788185596,-0.033639125526,0.161597862840,0.680977284908,-0.463201701641,0.020381862298,-0.385617256165,0.408629179001,0.450722336769,0.171504810452,-0.654656171799,-0.066821388900,-0.096661552787,0.141228362918,0.366383731365,-0.078428186476,0.430776745081,0.358316600323,-0.129922032356,0.738196313381,0.286156892776,0.592152357101,0.421911150217,-0.131535440683,-0.350105404854,-0.123015560210,-0.818974673748,-0.223369076848,0.114602699876,-0.926679134369,0.076646007597,-0.610809624195,-1.058638572693,0.433353304863,0.058260351419,-0.185663446784,-0.041541628540,-0.282884776592,0.386353999376,0.238754242659,0.688813924789,0.782911300659,-0.132963672280,0.330954194069,0.130510598421,0.105593025684,0.172319754958,0.217701494694,-0.569827795029,-0.225678086281,-0.387140125036,-0.451615482569,-0.278826504946,-0.058667827398,-0.234798878431,0.305958420038,0.061853516847,-0.077234581113,0.326949447393,-0.350084811449,0.436790049076,-0.205131590366,0.314852833748,0.426553845406,-0.744365990162,0.132115796208,-0.223784774542,-0.031663499773,0.186066821218,-0.684023022652,-0.265396386385,-0.058503184468,-0.852169275284,-0.564699411392,-0.220648467541,-0.681631684303,-0.424026697874,0.552265286446,0.122138880193,0.295919775963,0.047369718552,0.606039345264,0.744246661663,0.892644941807,0.949468851089,0.077502116561,-0.018719043583,0.502701818943,-0.107963778079,-0.052880886942,-0.582319498062,-0.002971668961,0.541074216366,-0.253937751055,0.099427431822,0.161066919565,0.211321875453,-0.219236731529,0.114203460515,0.434534519911,-0.563810348511,0.337041586637,0.053292475641,-0.466728985310,0.411901295185,-0.071698717773,0.284827470779,0.136943712831,0.331176429987,0.206428095698,0.203929752111,-0.467255860567,-0.112923420966,-0.047386180609,-0.895011544228,-0.098752424121,0.270051449537,-0.872398853302,-0.747033059597,-0.185218945146,-0.554862439632,0.107799142599,0.350838035345,-0.522993147373,-0.127645939589,0.879786849022,0.094101473689,0.953362405300,0.378793120384,-0.129794433713,0.374319136143,0.794201135635,-0.027881003916,-0.518198132515,-0.011602679268,0.131996437907,-0.243693321943,0.372532874346,-0.059318136424,0.030618069693,-0.144541651011,-0.024172591045,-0.093492329121,0.360897272825,-0.352694302797,-0.506451427937,-0.437160491943,-0.529858469963,0.684673309326,0.099135197699,-0.346261173487,0.094052083790,-0.148929178715,0.486007809639,0.841237485409,-0.159000754356,0.354307740927,-0.351965785027,-0.656664729118,0.200641155243,-0.831396400928,-1.248878836632,0.095072820783,-0.607405841351,0.199381709099,0.140257000923,-0.139479115605,0.810532987118,-0.095455609262,0.541033089161,0.545387685299,0.511703252792,0.197517201304,0.097101956606,-0.244767561555,-0.099295727909,0.092582710087,-0.434374034405,0.286169260740,-0.332028448582,0.182576552033,-0.085001260042,-0.748506605625,-0.111997343600,0.378723174334,-0.540473282337,0.197628319263,-0.058585505933,-0.852342188358,0.353035926819,0.525277495384,0.199492827058,0.303842842579,-0.110519737005,0.482830345631,0.700441300869,-0.256938219070,-0.055259868503,0.137610495090,-0.278587788343,-0.194068089128,-0.428047895432,-0.525055170059,-0.409584045410,-0.233465328813,-0.572466075420,-0.434748589993,-0.817311823368,0.484604299068,-0.344939976931,-0.001987972530,0.470437437296,0.093636386096,0.734212160110,0.400590837002,0.410613000393,0.462296187878,0.324800938368,0.712307393551,0.427455216646,-0.440424352884,-0.513864099979,-0.078514620662,-0.310255408287,0.064043171704,-0.382592052221,-0.371100515127,0.108420640230,-0.161618456244,0.106963612139,-0.030527517200,0.002979900688,-0.234621912241,-0.384662359953,-0.053066104650,-0.255711704493,-0.043319687247,0.545984447002,-0.112762898207,-0.370795965195,-0.036186859012,-0.171006783843,0.136770859361,-0.430307537317,-0.449532836676,-0.696802854538,-0.766221404076,-0.228682667017,-0.032392013818,-0.812776148319,-0.146319702268,0.256790041924,-0.177625119686,0.542634189129,0.998213231564,-0.025464979932,-0.173126474023,0.158296927810,0.339227110147,0.045011319220,-0.119681701064,-0.229382365942,-0.004457503557,-0.045599889010,0.234634250402,-0.190022170544,-0.184971988201,-0.062664344907,0.079317212105,0.246072292328,-0.636599779129,-0.044381584972,0.604895114899,0.297170996666,0.658735036850,-0.422421514988,-0.185453534126,1.236523032188,0.300027430058,0.273113667965,0.272640317678,-0.610945522785,0.380846947432,0.246479764581,-0.327784955502,-0.169747322798,-0.089454643428,-0.217092350125,0.048892594874,-0.421063244343,-0.703297734261,0.135577246547,-0.174743995070,0.153143838048,-0.379990816116,-0.584134638309,-0.392272651196,0.051938354969,0.517000436783,0.296545386314,0.480406105518,0.043793015182,0.412584513426,0.873769462109,-0.011623259634,0.153724178672,0.049983307719,-0.518358647823,-0.220224544406,0.104564055800,0.021188575774,-0.414716571569,-0.124756582081,0.049184825271,-0.108334206045,0.278513699770,-0.455151021481,0.076921768486,-0.550182640553,-0.482698649168,0.055066425353,-0.669012367725,-0.473886519670,0.228336930275,-0.693271458149,0.430476307869,0.744966924191,0.280686885118,0.126830995083,0.036384422332,-0.138470709324,0.040739029646,-0.208716526628,-0.704157948494,-1.217017769814,-0.604248940945,-0.429945319891,-0.677445828915,-0.087610729039,0.116286091506,0.534373581409,0.421075582504,0.380139023066,1.038334846497,0.615258932114,0.589402973652,0.055778473616,-0.147081151605,-0.057959891856,0.497610479593,-0.259206086397,-0.356711417437,0.589040756226,-0.822868287563,-0.071711063385,0.584299266338,-0.283580362797,0.005136624444,0.201497256756,-0.245528995991,0.284210085869,-0.060812201351,-0.138116747141,0.024929914623,0.195932582021,0.412720382214,0.861512362957,0.360773801804,0.115779839456,0.826280355453,-0.300257921219,-0.054519012570,0.029366839677,-0.949575781822,-0.035705301911,-0.729149580002,-1.051760911942,-0.111108317971,-1.149340271950,-0.242248654366,-0.339111894369,-0.192701622844,0.145718783140,-0.289610147476,0.224961921573,0.571004927158,0.312580883503,0.540444493294,-0.024699425325,0.038392972201,0.158148765564,0.385757178068,0.378439158201,-0.407847166061,-0.035771157593,-0.273397654295,-0.283662676811,-0.230464860797,0.017694188282,0.155683338642,-0.245018631220,-0.253538519144,-0.030264101923,0.419828504324,0.532200396061,-0.074740350246,-0.087503716350,-0.072917014360,-0.099526211619,0.214705139399,0.168899446726,-0.405505210161,0.149686500430,0.246981889009,-0.146504923701,0.172850698233,-0.100703351200,-0.582488238811,-0.368816196918,-0.523059010506,-0.192475244403,-0.827251732349,-1.264012932777,-0.458501368761,0.417132586241,-0.150579646230,0.199204713106,-0.007791369688,-0.089228272438,0.745345592499,0.458793580532,0.348467260599,-0.014133947901,0.548552811146,-0.001852148212,-0.192788034678,-0.312173396349,-0.242335066199,0.271315038204,0.249266222119,-0.415012925863,-0.119961582124,-0.566000044346,-0.080058075488,0.407221525908,-0.141006097198,0.556669294834,0.333275556564,-0.595284581184,0.607163012028,0.528117418289,0.067484050989,0.040417987853,0.451018691063,0.234560161829,0.283242851496,0.050423704088,-0.466539651155,-0.543667256832,-0.355102092028,0.122410528362,-0.237280771136,-0.926699697971,-0.393445670605,-0.474680900574,-0.758162438869,0.357324659824,-0.316939592361,-0.136079385877,0.203929752111,-0.334238678217,0.402817517519,0.479652881622,0.258177101612,0.402163118124,0.359909445047,0.403698325157,0.263659477234,0.271405547857,-0.047526124865,-0.041541628540,-0.233378916979,-0.050720050931,-0.218944489956,-0.390869110823,-0.373635917902,0.520256102085,0.424969226122,-0.026868496090,0.062993623316,-0.091965332627,-0.243512213230,0.081737361848,-0.034227699041,-0.188672170043,-0.290021717548,-0.321384757757,0.199949681759,0.648622334003,-0.189495339990,0.231765478849,0.665460407734,-0.309576272964,0.268203407526,0.291631013155,-0.820522189140,0.120183840394,-0.470449775457,-0.858470737934,-0.499116897583,-0.696024954319,-0.127781763673,0.162593916059,-0.172430887818,0.544646799564,-0.025102782995,0.891591191292,0.678939938545,0.199842676520,0.446721702814,-0.614641547203,0.236725121737,0.166598677635,-0.242223948240,-0.042323645204,-0.414543688297,0.033725559711,-0.220743134618,-0.121134608984,0.337070405483,-0.230567753315,0.138367816806,-0.212626606226,-0.949147760868,-0.149501293898,0.238848909736,0.462399095297,0.430854976177,0.070896118879,0.613616704941,0.645926415920,0.854803442955,0.778108000755,0.513308465481,0.448549151421,0.034009557217,-0.107008889318,0.059264626354,-0.328245937824,0.445919096470,-0.679758965969,-0.449409365654,-0.139577895403,-0.109671868384,-0.156123742461,-0.066249281168,-0.494922816753,-0.295989751816,-0.204119086266,0.381200879812,0.443704724312,0.350121885538,0.087520174682,0.312119901180,0.081268146634,0.988252818584,-0.100160054862,-0.322742998600,-0.038133673370,-0.560521781445,-0.228834956884,-0.229118958116,-0.648696362972,-0.242285668850,-0.504891455173,0.155004233122,-0.006124436390,-0.029827818274,0.191812589765,-0.370902955532,-0.509344875813,-0.304007470608,0.323776096106,0.037331074476,-0.050600688905,-0.215948134661,-0.414955288172,0.451063930988,0.483591765165,-0.065673060715,0.026308735833,-0.162577450275,-0.418416768312,-0.041558090597,-0.178411260247,-1.041030764580,-0.087874144316,-0.613913059235,0.163696974516,0.259094953537,0.277492970228,0.697346150875,0.437065839767,1.121628046036,0.960960328579,0.471742153168,0.677939772606,0.280818581581,0.713982582092,-0.603273510933,-0.476347833872,0.772156417370,-0.411156326532,-0.105123817921,0.167360112071,-0.441539794207,-0.103757344186,0.919855058193,-0.114512145519,-0.533624470234,0.073402695358,0.172278597951,-0.147192269564,-0.518288671970,-0.181625753641,0.268536806107,0.169298693538,-0.057223148644,0.389856606722,0.061491321772,-0.123925179243,-0.184782654047,-0.004646833986,-0.321631699800,-0.419705033302,-0.440704256296,-0.514695525169,-0.643065869808,-0.069286808372,-0.554389119148,0.071550540626,-0.351331949234,0.005103697069,0.479545861483,-0.398080170155,0.271232694387,0.018114009872,0.269092440605,0.411156326532,0.324924409389,0.481118142605,0.313638657331,0.075069628656,0.218594640493,0.244829297066,0.014109253883,0.109124451876,0.325060248375,-0.588382244110,0.103222273290,0.410864084959,-0.125275194645,0.452615648508,-0.317577570677,-0.517033338547,0.620514929295,0.152349472046,-0.188618659973,0.029086958617,-0.513213813305,0.001621658681,0.079535357654,0.117446772754,0.352492630482,-0.325731128454,0.156362459064,0.032252073288,-0.497149497271,0.010413188487,-0.250896126032,-0.419787347317,0.437860190868,-1.235041260719,-0.851918220520,0.019924998283,-0.765616297722,0.094994619489,0.006725355983,-0.619560003281,1.503211736679,0.013952849433,0.089067742229,1.204834699631,0.092080570757,-0.083647131920,0.950119137764,-0.565567851067,-0.240519970655,0.446680516005,-0.206699728966,-0.225982651114,-0.111301757395,-0.366054475307,-0.273163050413,0.340243726969,-0.077588550746,-0.628368079662,0.102798335254,-0.247710421681,0.258922100067,-0.011413348839,-0.444778978825,-0.150690779090,0.698473930359,0.334382712841,0.767900645733,0.440457314253,-0.474071741104,0.326805382967,0.401825606823,-0.681944489479,-0.224570915103,0.344725936651,-0.315330296755,-0.347331315279,-0.328628718853,-0.631845951080,0.051917772740,-0.538958668709,0.028226738796,0.158119946718,0.042628221214,0.550326764584,1.006938815117,0.721782147884,0.518317520618,0.160412505269,0.722029149532,-0.010141540319,1.069697856903,0.359102725983,-0.753025829792,-0.104148343205,-0.161075145006,-0.448096364737,0.290219277143,-0.241388410330,0.090277820826,-0.052045363933,0.161132782698,0.079650603235,0.133605733514,-0.242248654366,0.239025905728,-0.018764318898,-0.472627043724,0.059371639043,-0.074620991945,-0.135787159204,0.177452266216,-0.230308458209,0.155308797956,-0.010627214797,-0.057535957545,-0.060594055802,-0.602339208126,-0.388844102621,-0.244611158967,-0.783425748348,0.191112890840,-0.350307106972,-1.168911337852,0.064191341400,0.281514167786,0.356369763613,0.849683284760,0.300488412380,0.912948548794,1.254077196121,0.577030599117,0.322841763496,-0.578038990498,0.416881501675,0.412000060081,-0.585986733437,0.303513586521,-0.543980062008,-0.264425009489,0.078584589064,-0.026975508779,0.747806847095,-0.243462830782,0.056202411652,0.100369967520,-0.097521781921,0.135688379407,0.094533644617,0.052156493068,-0.270043194294,0.000321039028,0.575898706913,-0.235403910279,0.415860772133,-0.338329851627,0.100205332041,0.445618629456,-0.907433211803,0.261543899775,-0.995068669319,-1.351615428925,-0.760376811028,-0.559546291828,-0.492062240839,-0.522112369537,-0.371997773647,-0.676165819168,0.047834813595,0.362189650536,0.131704196334,0.529278099537,-0.108848690987,0.202176392078,0.748848199844,-0.208790600300,0.416753917933,-0.121533848345,0.194932416081,-0.281341314316,-0.141183078289,0.433250397444,0.175501346588,-0.012248872779,0.009692909196,-0.201209142804,0.313066542149,0.229641690850,0.254629224539,0.165051102638,-0.370219707489,0.116195552051,0.251711040735,-0.185243636370,0.475800395012,0.220767840743,-0.281588286161,0.392120361328,0.022633250803,-0.184869095683,0.334827244282,-0.350517004728,-0.303937524557,-0.200793445110,-0.375549823046,-0.113544911146,-0.285062074661,-0.313329964876,-0.586151421070,0.169800832868,-0.464724540710,0.396656036377,0.532019257545,0.256530761719,0.616283774376,-0.214013665915,-0.176937773824,0.884022116661,-0.033145219088,-0.033906657249,0.377360790968,-0.653442025185,-0.054243247956,0.220524996519,-0.479624092579,-0.198657304049,-0.497746288776,-0.110293366015,0.338873147964,0.291112422943,-0.238844797015,-0.316318094730,0.202188730240,0.279612630606,0.110713191330,-0.015846157447,0.405348807573,0.239725604653,0.019566915929,0.122324101627,0.284913897514,0.405517548323,0.170813336968,-0.201390251517,0.791760385036,-0.163511753082,0.171010896564,-0.151620969176,-0.396697223186,-0.000518601504,-0.628586173058,-0.668563783169,-0.432904660702,-0.984141051769,0.380682289600,-0.440292656422,-0.377233207226,0.525623202324,-0.234218537807,0.523762822151,0.586801707745,0.040829576552,0.213532105088,0.325171381235,0.170438796282,0.636949658394,-0.450660586357,-0.372545212507,-0.397734403610,-0.324064195156,-0.356233954430,-0.174999207258,0.159836277366,-0.007729631849,0.138655930758,-0.021801842377,-0.339309453964,0.395783513784,0.124670155346,-0.593255400658,-0.009091989137,-0.464617550373,0.361349970102,0.498524188995,0.230222016573,0.041274093091,0.574466407299,0.671226739883,0.044369239360,0.076040975749,-0.222171351314,-0.105564214289,-0.211939275265,-0.204452455044,-0.831219434738,-0.407917112112,0.131988197565,-0.083486609161,0.072949945927,0.782544910908,0.052222345024,0.699560463428,0.401998490095,0.846497595310,1.019648790359,-0.065450802445,-0.095579080284,0.125279307365,-0.292808175087,0.252019762993,0.136322215199,-0.454393714666,0.102028667927,0.047484964132,-0.418499082327,-0.318561255932,0.563600480556,-0.777572989464,-0.541321158409,-0.158650904894,0.192643985152,0.312247484922,-0.118459284306,-0.531027317047,0.203929752111,0.643288135529,0.537155926228,-0.054798889905,0.464387059212,-0.626017868519,-0.294763207436,0.428179621696,-0.337967664003,-0.259160816669,-0.676774978638,-0.316647380590,-0.145282506943,-0.162145286798,-0.242767244577,-0.061779431999,-0.270500063896,-0.344096213579,0.210181772709,0.385312706232,0.200126677752,0.383629292250,0.199678048491,0.166306436062,0.505010843277,0.675038039684,0.439658820629,0.358390688896,-0.193520680070,0.301443308592,-0.196866884828,-0.002897582948,-0.119278341532,-0.118249371648,-0.459493279457,-0.029313331470,0.268281608820,0.566753268242,-0.356892496347,-0.568897604942,-0.437444508076,-0.052654515952,0.202587977052,-0.126073673368,-0.551516234875,0.087441973388,-0.373039126396,0.151579812169,-0.017237326130,0.602442085743,0.193500101566,0.007573227864,-0.311486035585,-0.486279428005,-0.704989314079,-0.495285034180,-0.721061885357,-0.525252759457,-0.527109026909,-0.466350346804,-0.361070126295,0.339753955603,0.076748907566,0.368157684803,0.379410535097,0.518860816956,0.094760023057,0.842221140862,-0.008997324854,-0.372792154551,-0.115767501295,-0.137462317944,-0.893657445908,-0.043793015182,0.794863820076,-0.418482571840,-0.456138819456,0.079893440008,-0.265820294619,1.037577509880,-0.149632990360,-0.123587675393,-0.150497332215,-0.543140411377,0.162606269121,0.559579253197,-0.033902544528,0.426253378391,0.493651002645,-0.049040768296,0.703989207745,0.394976794720,0.443935245275,-0.267096221447,-0.308728396893,0.019550453871,0.245825335383,-0.007013467606,-0.523342967033,-0.544412195683,-0.080889485776,0.068105548620,0.200184300542,-0.415193974972,-0.662060678005,0.556348264217,-0.662480473518,-0.015286396258,0.893377482891,-0.785635948181,0.796691238880,0.264075160027,0.013932270929,0.871760904789,-0.181827440858,0.117224514484,0.677820384502,-0.729614675045,0.205432042480,-0.470474451780,-0.452117621899,-0.194907724857,0.025555528700,-0.024366037920,-0.503673195839,0.016228934750,0.176974818110,-0.224500954151,0.065887086093,-0.706001818180,-0.056317653507,-0.049468819052,-0.199282929301,0.068932838738,-0.079757615924,0.170224756002,0.010730111971,0.744226038456,-0.038969200104,0.122603982687,0.349175214767,-0.174871608615,0.329402506351,-0.751474142075,-0.788587093353,-0.059207003564,-0.836557745934,-0.167220175266,-0.186070933938,0.364589214325,0.588851392269,0.648099541664,1.038100242615,0.605154454708,0.881754279137,0.409090131521,0.026168797165,0.230020344257,-0.234597206116,0.069105707109,-0.548248231411,-0.721172988415,0.196768105030,-0.387136012316,-0.068838179111,0.327381581068,-0.465304911137,0.042545903474,-0.182350158691,-0.226797610521,0.138454258442,-0.251748085022,-0.685764014721,0.349253416061,0.419742047787,0.100316464901,0.692728102207,0.163721680641,-0.080321490765,0.581866741180,-0.117718428373,-0.299035519361,-0.594675421715,-0.706421673298,-0.568366646767,-0.607611596584,-0.592823266983,-0.461477160454,-0.472585916519,-0.335987925529,0.140047103167,0.121500924230,0.234078615904,-0.015891432762,0.556467592716,0.491045653820,0.475351780653,0.421832919121,0.470577359200,0.583212673664,0.915175259113,-0.365527600050,0.699334144592,-0.713286995888,0.113409094512,0.337877124548,-0.009590012021,0.174093708396,0.105918176472,0.036092195660,-0.489168792963,0.711175560951,0.139606699347,-0.032173871994,0.609714806080,-0.313589274883,-0.114664435387,0.758829295635,-0.410201430321,0.211498871446,0.002543616807,-0.260284423828,-0.157115682960,0.045023664832,-0.474973112345,-0.211412429810,-0.900551497936,-0.322282016277,-0.392058610916,-0.823362231255,-0.333588361740,-0.777642905712,-0.859997689724,-0.237066745758,-0.099719658494,-0.023147737607,0.868233621120,0.400553822517,-0.031153131276,0.659685790539,0.396359741688,0.642646074295,0.061544824392,0.118870869279,-0.189096093178,-0.337062180042,-0.579467177391,0.045661628246,0.261231094599,-0.117010489106,-0.185708716512,-0.402669370174,0.101374246180,0.396561414003,0.328715145588,-0.364807337523,-0.576524376869,0.143804892898,0.067516975105,0.090141996741,0.679651975632,-0.373648285866,0.523054897785,0.782046914101,-0.300113856792,0.131025075912,-0.267170310020,-0.192442312837,0.137985035777,-0.554380893707,-0.270516544580,-0.550820648670,-0.308193325996,-0.342297583818,-0.590785920620,-0.002753526904,-0.183893620968,-0.155835628510,0.368351131678,-0.152263045311,0.039397250861,0.725103616714,0.359411418438,0.519144773483,0.065183266997,0.060252439231,0.905021309853,0.619588851929,0.114964894950,-0.219244956970,-0.527796387672,0.099131084979,-0.243907347322,-0.505175471306,-0.322574257851,-1.151212930679,0.483814060688,0.319005757570,-0.562575638294,0.426883131266,0.277694642544,-0.177662178874,0.231847792864,-0.354719310999,-0.355698913336,-0.363926529884,-0.272278130054,0.126999735832,-0.249624311924,0.534566998482,0.459439754486,-0.444260388613,0.043578989804,0.062968924642,-0.494704663754,-0.313362896442,-0.113812446594,-0.948188781738,-0.539748907089,-0.376755774021,-0.595391571522,0.250533908606,-0.511295795441,0.218516439199,0.849139928818,0.404212802649,0.945887982845,0.678001463413,0.164334937930,0.465551882982,0.497840970755,0.301439166069,-0.199612185359,0.321709930897,-0.426829606295,-0.090668834746,0.091775998473,-0.193290174007,0.116212002933,-0.232300549746,0.181308850646,0.356913089752,-0.233415946364,0.147645026445,0.004412228707,0.426245152950,-0.235704377294,0.426850169897,0.412094742060,0.502899408340,0.351154953241,1.264601588249,-0.158185794950,0.336794614792,0.086408890784,-0.220726683736,-0.120286740363,-0.457361221313,-1.229390144348,-0.875144183636,-0.907877802849,-0.094187915325,-1.230591893196,-0.942480027676,0.084235697985,-0.516074359417,0.369030237198,0.219829410315,-0.410152047873,0.748078584671,-0.173344612122,0.210152968764,0.681471168995,-0.371207535267,-0.105555981398,-0.171574786305,-0.235021159053,0.008754487149,-0.003461459186,-0.380546480417,-0.331818521023,0.283983707428,-0.127456605434,-0.023304140195,0.538765251637,-0.075139597058,0.039878807962,0.198682010174,0.447108596563,0.607566356659,0.285214364529,0.469889998436,-0.010763038881,0.250990778208,0.518947243690,0.297648459673,0.060293596238,0.600655794144,0.275731354952,-0.384629458189,-0.190223857760,-0.472054958344,-0.244030803442,0.004321679007,-0.815986573696,0.155868560076,-0.330843061209,-0.332872182131,0.557941138744,0.339646935463,0.262268304825,0.533575117588,-0.021172111854,0.408419251442,0.333839416504,0.405982643366,0.281254887581,0.052127685398,-0.112964577973,-0.365144819021,-0.610365152359,0.035478927195,-0.432715326548,-1.286238789558,-0.469433128834,-0.279406845570,-0.369260728359,-0.241915255785,-0.454471886158,0.093829825521,-0.022703219205,-0.494502991438,0.261976063251,-0.883569419384,-0.127324894071,0.862216174603,-0.440700143576,1.047171711922,-0.633393526077,-0.125316351652,0.666164219379,-0.469387859106,0.100464634597,0.409209489822,-0.518416285515,-0.117817208171,-0.452381014824,-0.576388537884,-0.248661175370,0.347281903028,-0.538538873196,-0.326908290386,0.278822392225,0.540279865265,1.376318931580,0.333415478468,-0.091817162931,0.723675489426,0.498087942600,0.785936474800,0.127485424280,-0.253851324320,0.058066900820,-0.021616626531,-0.018484439701,-0.259671181440,-0.341379731894,0.213285163045,0.090018525720,-0.062458556145,-0.281818747520,-0.225752174854,0.580545544624,-0.048151738942,-0.175674200058,-0.385061591864,-0.691155850887,-0.450446546078,0.389387428761,-0.414584845304,0.270895183086,0.455356806517,0.046525962651,0.100616924465,-0.069101594388,0.300895869732,-0.643086433411,-0.004712688271,0.122904442251,-0.835878610611,-0.664065122604,-0.457476496696,-0.393564999104,-0.364963769913,-0.072192624211,-0.050160288811,0.395577698946,0.732368171215,-0.013602999970,0.472491234541,0.352270334959,-0.037038847804,0.359876543283,-0.018550293520,0.482546359301,0.090537115932,-0.571013152599,0.017373150215,-0.118092969060,0.218853935599,-0.129596859217,0.132391557097,-0.345857799053,-0.329262554646,-0.768909096718,0.125756740570,0.309247016907,-0.287679791451,0.003230969654,-0.128197461367,-0.566893160343,0.798242926598,0.503804862499,0.568127930164,0.674387753010,-0.531389534473,0.453636378050,0.709331572056,-0.586398363113,0.337214469910,-0.248113766313,-0.335555732250,-0.266462385654,-0.246693804860,-0.250332236290,0.142142087221,-0.760557889938,-0.135070994496,-0.251760452986,-0.580973625183,0.215092033148,0.571157217026,0.630895197392,0.976835310459,0.251171886921,1.129131317139,0.841677904129,0.359596639872,0.559752106667,-0.446886301041,-0.475771605968,0.326871216297,-0.595391571522,0.102773644030,-0.265285253525,-0.899584233761,0.181683406234,0.221879124641,0.051551461220,0.348706007004,-0.212680116296,-0.536007583141,-0.334452688694,-0.437633842230,-0.350171238184,-0.880531787872,-0.550153851509,-0.291762739420,-0.623614192009,0.545095443726,0.572153270245,0.002856424078,0.432344883680,-0.368013620377,-0.337980002165,0.079160816967,-0.670629918575,-0.426854282618,-1.231415152550,-0.225159496069,-0.080103352666,-0.139948323369,0.602919518948,0.857326447964,0.798572242260,0.981161117554,0.807479023933,1.339152574539,0.458159714937,0.468404173851,0.255143702030,-0.262663424015,0.292557090521,0.272714436054,0.754412889481,0.100851528347,0.262297123671,0.737397849560,0.024761164561,1.066804409027,-0.201818317175,-0.485085815191,-0.121595583856,-0.304349094629,0.071735754609,0.139882460237,-0.557969927788,0.085400499403,0.518362760544,-0.008137104101,1.020653009415,0.595774352551,-0.400031059980,0.276381671429,-0.838665008545,-0.789846539497,0.471384078264,-0.926535129547,-0.619453012943,-0.628071725368,-0.914385020733,-0.523141324520,-0.221101209521,-0.544864952564,0.308201581240,-0.830881953239,-0.693193256855,-0.147752031684,-0.214034259319,-0.161367386580,0.419544488192,0.373829394579,0.491037398577,0.525602638721,0.190433755517,-0.035454232246,0.451426148415,0.021209154278,0.058721330017,-0.190474927425,-0.368762731552,-0.352570801973,0.070048250258,-0.224616184831,-0.206473365426,0.264474421740,-0.128674909472,0.379706829786,0.550116837025,-0.197253778577,0.328439384699,-0.247582837939,-0.690163910389,0.042455352843,-0.080498479307,0.034355290234,0.499433815479,-0.107037700713,0.722420096397,0.209819585085,-0.366507202387,0.389745473862,-0.279974818230,-0.772666871548,0.049868058413,-1.390349984169,-0.999727845192,-0.381641328335,-0.146035715938,-0.189441829920,-0.057441290468,0.905840456486,0.699729263783,1.202863216400,0.485785514116,0.365079015493,0.503068149090,0.058182150126,-0.044089362025,-0.308991819620,-0.088956624269,0.270244896412,-0.142380803823,0.041866783053,0.211256027222,0.161429122090,-0.011985456571,0.305859655142,-0.025061624125,-0.017529552802,-0.450570017099,0.298726826906,-0.058988861740,-0.208436638117,0.286029309034,0.475084245205,0.382641464472,0.883186578751,0.546708881855,0.133782714605,0.584422767162,0.000037042963,-0.988783717155,0.002218461828,-0.191940173507,-0.746168792248,-0.603503942490,-1.137112021446,-0.490498244762,-0.299949228764,0.587633132935,-0.569617867470,-0.464428216219,-0.084684334695,-0.467659205198,1.144874572754,0.579220294952,0.057819955051,0.681508243084,0.145159035921,0.560682296753,1.144722223282,0.464551687241,-0.860425710678,0.090500079095,0.050291996449,0.079852283001,-0.248714685440,-0.681384742260,-0.492296874523,0.055490363389,0.519354701042,0.052699793130,0.036083962768,-0.061783552170,0.048962567002,-0.162923187017,0.055206365883,-0.008392289281,0.222084909678,-0.350636363029,-0.171204358339,0.302439332008,0.073814280331,0.636756241322,0.184733271599,-0.002457183320,-0.339128345251,-0.116467200220,0.248282536864,-0.987281441689,-0.631117463112,-0.726342558861,-1.198121786118,-0.263964056969,-0.682541310787,-0.216018095613,0.347755223513,0.040459148586,0.734969437122,0.958820104599,0.236704528332,0.482496947050,0.485411018133,-0.069348543882,-0.486184775829,-0.534513473511,0.130963340402,0.033408638090,-0.676515698433,-0.204979300499,-0.509221434593,-0.106663152575,0.859466731548,0.018562640995,-0.848584294319,-0.227365598083,-0.295483469963,0.893282830715,0.044871378690,-0.099192827940,0.323726683855,0.366943478584,0.478043586016,0.910948216915,0.615917503834,0.427142411470,0.393877863884,0.217084124684,0.021237967536,-0.076707743108,0.379365235567,-0.651466369629,-0.423726230860,-0.367593795061,-0.374977678061,-0.016451191157,-0.419820278883,0.501067817211,-0.117677263916,-0.248685881495,0.278653651476,-0.431245952845,0.404900163412,1.129752755165,-0.840574800968,0.643851995468,0.215017944574,-0.469984680414,0.608912229538,-0.156864598393,-0.562559187412,0.760327398777,-0.719049274921,-0.195936709642,-0.120476074517,-0.691443979740,0.511633336544,-0.429200351238,-0.081054121256,0.012051311322,0.104909792542,-0.125135242939,0.143788442016,-0.340313702822,0.274661242962,0.018484439701,-0.097447693348,0.143681436777,0.069500833750,0.178254857659,0.024069694802,-0.126670479774,0.204448342323,-0.301838427782,0.259502440691,-0.231390938163,-0.179946497083,-0.488576084375,-0.622083067894,-0.327241659164,-0.101530641317,0.253604352474,-0.082021355629,0.193405434489,0.742876112461,0.238062798977,0.273356497288,0.957819938660,-0.687233448029,0.627507805824,0.544650912285,0.038825143129,0.117446772754,-0.173282861710,-0.447808295488,0.559410512447,-0.018690234050,-0.511349320412,0.360864311457,-0.016488235444,-0.073513820767,-0.115833349526,-0.156201943755,-0.759920001030,0.158198148012,-0.254452228546,-0.391992777586,0.031515330076,-0.639678478241,0.669884979725,0.120690092444,0.225468173623,0.118685662746,0.059799689800,-0.048341069371,0.401636272669,0.092245213687,-0.762051939964,-0.315746009350,-0.421935826540,-0.525326848030,-0.161268606782,-0.714661717415,-0.176061093807,-0.246418029070,-0.283852010965,0.256514310837,0.488382697105,0.514201581478,0.894538164139,0.559875607491,0.202694982290,0.845822572708,0.226941645145,0.615275382996,-0.034931514412,0.269290000200,-0.441725015640,-0.089162409306,0.333621263504,-0.163808107376,-0.391663461924,-0.355863511562,-0.236284717917,-0.230049163103,0.406464219093,-0.093327686191,-0.611044287682,0.103082343936,-0.006457823329,-0.301212787628,0.026996087283,0.097612321377,0.296446621418,0.113083936274,-0.284284174442,0.029292752966,-0.034840963781,1.039865970612,-0.299508810043,-0.702330529690,0.089767441154,-0.426315128803,0.061199095100,0.376895695925,-0.635529637337,-0.513040959835,0.109634831548,-0.058025743812,0.646004557610,0.214964434505,0.475199490786,0.419334590435,0.642098605633,0.768238186836,0.721601009369,0.053490038961,0.142636001110,0.154440343380,0.194385007024,-0.703799903393,-0.112874031067,-0.255398869514,-0.337202101946,-0.540856122971,-0.215952247381,-0.382452130318,-0.582348346710,-0.638583660126,-0.082490563393,-0.025637846440,0.045418787748,-0.194718390703,-0.633731007576,0.355900585651,-0.120908237994,0.222821667790,-0.085577480495,-0.054461389780,0.550083875656,0.290400356054,-0.069467902184,-0.637262463570,-0.475639909506,-0.193368390203,-0.170537576079,-0.692048966885,-0.442992687225,-0.856853127480,-0.368108272552,0.251632869244,-0.066804923117,-0.192779809237,0.301505029202,-0.064907506108,0.623449563980,0.778387963772,0.307691186666,1.121311068535,0.393223404884,-0.098653644323,0.800066292286,0.394091874361,-0.252410739660,1.329751849174,-0.487164348364,-0.270483613014,0.735134065151,-0.222381263971,0.516136109829,0.382089912891,-0.110256329179,0.383542865515,0.250451594591,0.243442237377,0.012952689081,-0.147311627865,-0.414790630341,0.039825301617,-0.288367122412,-0.012705736794,0.307053267956,-0.505714654922,0.097599983215,-0.364395767450,0.153016254306,0.057568881661,-0.325941026211,-0.688908576965,-0.545951545238,-0.916179537773,-0.205255061388,-0.381007492542,-1.174389600754,-0.273973882198,0.708055675030,-0.046077329665,-0.098999381065,0.131169140339,0.073435619473,0.705820739269,0.532360911369,0.293417304754,0.094060324132,-0.374010443687,-0.264066934586,0.966693818569,-0.277480602264,-0.124266803265,-0.056762170047,-0.036330915987,0.550306200981,-0.060618750751,-0.045591656119,0.219611257315,-0.314622342587,0.502409577370,0.235185787082,-0.058058675379,-0.501977443695,0.194347977638,-0.034005440772,0.413745224476,0.157136246562,0.324146509171,0.134000867605,-0.033774949610,0.071583472192,0.271570205688,0.547853112221,-0.561657726765,-0.521960020065,-0.031317766756,-0.353591561317,-0.300488412380,-0.092813208699,-0.243508100510,-0.177946180105,-0.555582761765,-0.174167782068,0.296306669712,0.351504832506,0.470104008913,0.320495724678,0.035301942378,0.870085716248,0.349981904030,0.595424473286,0.005470010918,-0.144899725914,0.246957212687,-0.156856372952,-0.210692152381,-0.261947274208,-0.918167471886,0.079173162580,0.030556330457,-0.053778152913,0.070109985769,-0.509361326694,0.472289562225,-0.096780918539,-0.275360941887,0.538884580135,0.084684334695,-0.606944859028,0.365881592035,-0.238692507148,0.008351130411,0.590431928635,0.104580521584,0.262556403875,-0.343067228794,-0.201040402055,-0.135791271925,-0.770588338375,-0.330406785011,-0.961623013020,-0.577425718307,-0.570626258850,-0.939030885696,0.067072458565,-0.400121629238,0.209482073784,0.675429105759,0.567675173283,0.546708881855,0.495095700026,0.674107849598,0.197093263268,0.014895387925,-0.312449187040,-0.169467449188,-0.075427703559,-0.612126767635,-0.608603537083,0.341190397739,-0.722082614899,-0.277048438787,0.531673550606,-0.603853821754,0.619234859943,0.555722653866,-0.064812839031,0.139190986753,0.454443067312,0.115236543119,0.917829930782,0.954572498798,0.389066338539,0.588542699814,0.080440856516,0.951115131378,0.646774232388,-0.415778458118,0.421108543873,-0.364371061325,-0.633409976959,0.394960284233,-0.810240745544,-0.784026682377,-0.598569035530,-0.182778224349,-0.183584928513,-0.218948617578,-0.013277845457,-0.228715613484,0.021196806803,0.237556517124,0.109820038080,0.185132503510,0.511205255985,0.529228687286,0.344976991415,-0.264206886292,-0.355311989784,0.541679263115,-0.603421628475,-0.285000324249,0.297471463680,-0.983186125755,0.044793173671,-0.063594534993,-0.335518717766,0.074048884213,-0.034165959805,0.053988061845,-0.041088879108,0.618407607079,0.052201770246,-0.689250171185,-0.143788442016,0.116689458489,0.077786110342,0.982860982418,0.158852577209,0.593983948231,0.637529969215,0.030589256436,0.055745545775,0.072390183806,-0.594062089920,-0.023551095277,-0.464321196079,-0.803017377853,-0.706969022751,-0.410201430321,-0.330394446850,-0.058005165309,0.516506552696,0.099773168564,0.335728615522,-0.306283563375,1.003181099892,0.224550336599,0.215573579073,0.731186985970,-0.134527698159,0.068508900702,0.064804606140,-0.150106325746,-0.548297584057,0.125538602471,-0.490992158651,0.033005282283,-0.224735543132,-0.582014977932,0.799741148949,-0.606994211674,-0.133255884051,0.286856591702,-0.107054166496,0.342898488045,-0.418597847223,0.145722895861,0.337827712297,0.256909430027,0.486061304808,0.194936528802,0.524507820606,0.472594141960,-0.655643999577,0.113240338862,0.508501112461,-0.695609271526,0.010561360978,-0.344470739365,-0.594704210758,-0.366363167763,-0.438424050808,-0.086824595928,-0.413444757462,0.054654836655,0.663892269135,-0.034305900335,-0.218598753214,0.366317868233,0.182819366455,1.041294217110,0.153938204050,0.239309906960,0.624075174332,-0.464222431183,0.254448115826,0.474540948868,-0.502059757710,-0.120640702546,-0.341112196445,0.270434230566,-0.214458182454,0.047122765332,0.184716790915,-0.448557376862,-0.009306016378,-0.210058301687,-0.574750423431,0.153324946761,-0.199702739716,-0.042805202305,-0.519214749336,0.464061915874,-0.182580664754,0.475755155087,0.889245212078,-0.339840382338,0.110186360776,0.140565708280,-0.257884889841,-0.501257181168,-0.735232889652,-0.093722812831,-0.288589388132,-0.567177176476,0.076263226569,-0.210795059800,-0.222245424986,0.257382750511,0.316766738892,0.198027566075,0.436061561108,0.933733761311,0.314663499594,0.381233841181,0.679783642292,-0.495005130768,-0.046929322183,0.004247593228,0.302192389965,-0.770415425301,-0.126748681068,-0.446799874306,-0.482805669308,0.173085302114,-0.375907868147,0.168430238962,-0.013125557452,0.165577933192,-0.292906939983,-0.094336085021,0.122949719429,-0.017052110285,0.299352437258,0.153349637985,0.230897024274,0.850251257420,0.715888261795,0.567263603210,0.297278016806,-0.087441973388,0.229172468185,-0.354587614536,0.167594715953,-0.543021082878,-1.331929206848,0.037248760462,-0.278805941343,-0.280118882656,0.169405713677,-0.186404302716,0.666003704071,0.373977541924,0.240219503641,0.213618531823,0.260058075190,0.557336091995,0.843270719051,0.297331541777,-0.185811609030,-0.323525011539,0.090294286609,0.215935796499,-0.408044725657,-0.616699516773,-0.346648067236,-0.693057358265,0.442959755659,-0.153020367026,-0.691061198711,0.239383980632,0.147570937872,-0.742933690548,-0.293458491564,-0.345866024494,-0.370174467564,-0.227843046188,0.014640202746,-0.041208241135,-0.905025482178,0.028239086270,-0.330818355083,0.108564697206,0.314017325640,-0.455270349979,-0.074439890683,-0.948131084442,-0.419902592897,-0.056601651013,-0.027070173994,-0.266688764095,-0.173768550158,0.123081423342,0.139680787921,0.161881878972,-0.111589871347,0.734985888004,0.480101495981,0.554776012897,1.060634732246,0.802465796471,0.511205255985,0.302468150854,0.754840910435,0.376410007477,0.583509027958,0.318067342043,0.389506787062,-0.274163216352,-0.022600324824,-0.065952941775,0.179407313466,-0.060429424047,0.207395315170,0.313671588898,-0.469927012920,-0.293684840202,0.506628394127,-0.102189190686,0.143821358681,0.168891221285,0.292001456022,-0.203497573733,-0.763764202595,0.021554889157,0.270812898874,-0.508377611637,0.247200056911,-0.827379286289,-0.291795641184,-0.147085264325,-0.851815342903,-0.299788713455,-0.931881606579,-0.904469788074,-0.040360368788,-0.752453744411,-0.798214197159,-0.238910660148,0.133025392890,0.153032720089,0.622186005116,0.701062738895,0.266166031361,0.545099556446,0.907787203789,-0.370244443417,0.319841295481,-0.569243371487,-0.254320532084,0.575376033783,-0.133930891752,-0.127045020461,-0.086532361805,-0.080424390733,0.262070745230,0.810294270515,-0.362325459719,-0.229637578130,-0.283218145370,-0.087441973388,0.041628062725,-0.320503950119,-0.681763410568,0.264116317034,0.215548887849,0.350632250309,0.515806853771,0.525067508221,0.221784457564,0.095406211913,0.148892134428,0.036330915987,-0.222875162959,-0.306246519089,-0.465160876513,-0.633228898048,0.216252714396,-0.491679519415,-0.111577525735,-0.224838435650,-0.082078978419,0.338539749384,0.655516386032,0.088857837021,0.376414120197,0.125736176968,1.076950073242,0.148822173476,-0.229896873236,0.367095768452,-0.300249695778,-0.531797051430,0.979304850101,-0.632697939873,-0.270211935043,-0.142874717712,-0.617362141609,0.400216281414,-0.300010949373,-0.600273013115,-0.293709546328,0.012541101314,0.073221594095,-0.156864598393,0.121159307659,0.016051951796,0.226694718003,0.622729241848,0.132008776069,0.398685187101,-0.136976659298,0.476269632578,-0.533344566822,-0.366926997900,0.263560682535,-0.805610358715,0.029041685164,-0.635879516602,-1.114174127579,0.041957329959,-0.681298315525,-0.454508960247,-0.305369853973,-0.255979239941,-0.261897891760,0.326653093100,0.198011100292,0.693061470985,1.217059016228,0.286082804203,0.771053433418,0.389325678349,0.651820361614,0.506080985069,-0.158214613795,-0.217676818371,0.032408479601,-0.610200524330,-0.408336967230,0.298092961311,-0.499750763178,0.195043563843,0.517988204956,0.558097541332,0.833376109600,-0.734611332417,0.309070020914,0.120969966054,-0.138734132051,0.072402536869,-0.155222371221,-0.305711477995,0.071657553315,-0.399887025356,0.204682961106,0.271315038204,-0.255559414625,0.423018306494,-0.530072510242,-0.830268621445,-0.379110068083,-1.020274400711,-0.802432894707,-0.698445081711,-0.226254314184,-0.280275285244,-0.071612283587,-0.021007476375,0.569659054279,-0.286152780056,0.912318766117,0.523762822151,0.359995871782,0.258436411619,-0.515691578388,0.036964762956,0.024991653860,-0.280810356140,0.146080985665,-0.452286332846,-0.095089286566,0.491609543562,-0.009606475942,-0.052761532366,-0.055679693818,-0.222220748663,0.337284415960,0.327097624540,0.642971217632,-0.508875668049,-0.192384690046,0.336625874043,0.264001101255,0.726939380169,0.840093255043,-0.164573654532,0.707467079163,-0.046015590429,0.387440592051,-0.316943705082,-0.320080012083,-0.826893568039,0.277023732662,-0.155119463801,-0.450298398733,-0.097287170589,-0.496532112360,0.030202364549,0.082288891077,-0.660150885582,-0.037936110049,0.313967913389,0.212305575609,0.483645290136,-0.305065274239,0.041043605655,0.592395186424,0.275109857321,0.706174731255,0.293697208166,-0.207745164633,-0.018702581525,-0.471182376146,-0.384773492813,0.305423349142,-0.327920764685,-0.797782003880,-0.268071711063,-0.207444712520,0.386246979237,0.291445791721,0.210650995374,-0.366511315107,-0.090187266469,-0.333547204733,0.195311084390,0.003580819815,-0.084737837315,0.156835794449,0.021616626531,-0.075283654034,0.335732728243,-0.094122052193,0.656796455383,-0.068208441138,0.265021830797,-0.742443919182,-0.779281079769,-0.059824384749,-0.258724510670,-0.713558614254,-0.579619526863,-0.373080283403,-0.418906539679,1.034832239151,0.379439324141,0.357295870781,0.586554765701,0.096929088235,1.076394438744,1.112470269203,-0.263540118933,0.140627443790,-0.104547590017,-0.310189545155,0.615831077099,-0.551273405552,-0.268516212702,0.117245100439,-0.459777295589,0.031342465430,-0.272957265377,-0.571865141392,0.345565587282,-0.655051290989,-0.614254653454,0.913627684116,-0.428883463144,-0.064220152795,0.028807077557,0.303019672632,0.704322576523,0.551199316978,0.036269180477,0.989043056965,-0.197640687227,-0.058445565403,0.084396220744,-0.656393110752,-0.043986465782,-0.055926647037,-0.619613528252,-0.546247899532,-0.486258864403,-0.370651900768,0.155959114432,-0.373804658651,-0.421190857887,0.804873645306,-0.350340008736,0.539353787899,1.155563473701,-0.337247371674,1.380126237869,0.546227335930,0.068463630974,0.878037631512,-0.322450757027,-0.150587886572,-0.087573677301,-0.711422502995,0.040166921914,-0.710512876511,0.196883365512,-0.238429099321,-0.598099827766,0.499791920185,0.147344574332,0.190034523606,0.315305590630,-0.707207858562,-0.263725310564,-0.228987261653,-0.056548140943,-0.068916380405,-0.025777786970,-0.326834172010,0.289433151484,0.086659960449,0.605199694633,-0.350743353367,0.570646882057,0.227563157678,-0.058659590781,-0.230012103915,-0.168265610933,-0.713698565960,-0.213717326522,-0.185799270868,-0.395487159491,0.863068103790,-0.109556622803,-0.041339948773,0.788084924221,0.696560025215,0.621403992176,0.254135310650,0.250990778208,-0.246385112405,0.502689480782,0.038499988616,-0.365782827139,-0.137980923057,-0.351364850998,-0.162120580673,0.433904826641,-0.283333420753,-0.123945757747,-0.427776277065,-0.034610476345,0.236708641052,-0.504216492176,-0.359831243753,0.063746824861,-0.509912848473,-0.052386984229,-0.616316735744,0.080099232495,0.602989494801,0.043632496148,0.628499746323,-0.038928039372,-0.574445843697,0.614950239658,-0.336399495602,0.229793980718,0.108642898500,-0.766077280045,-0.287605673075,0.318149656057,-0.700869381428,-0.193553611636,0.143463283777,-0.462444335222,0.562505662441,0.120356708765,-0.063685089350,0.834656178951,-0.202756717801,1.009235620499,0.612439572811,0.256559580564,0.950831174850,0.891237258911,0.191331028938,0.333440184593,-0.132901921868,0.428689986467,-0.278912931681,0.350451141596,0.511452198029,-0.851436674595,0.051181029528,0.130090773106,-0.533994913101,0.543774247169,-0.688106000423,-0.128991827369,0.022740263492,-0.753721415997,0.259506553411,-0.410658299923,-0.338646769524,-0.045797452331,-0.602252781391,-0.225208878517,-0.136067032814,-0.555072307587,-1.010470271111,-0.444157481194,-1.073924899101,-0.691415131092,0.321298331022,-1.160872936249,-0.735278129578,-0.699585139751,-0.885240435600,0.255353599787,0.161202758551,0.091203890741,0.090277820826,0.593918085098,0.605343759060,0.927061915398,0.434723854065,0.461197257042,-0.065010398626,0.240923330188,0.253126919270,0.027308898047,-0.172780737281,-0.145052015781,0.186820030212,-0.386823207140,-0.251723408699,0.035030297935,0.123731732368,-0.139429718256,0.175250276923,0.255971014500,-0.818867623806,0.056893877685,0.698321640491,0.006667733658,0.269376426935,0.448866039515,0.209062263370,0.970632672310,0.865739345551,0.260103344917,-0.100024238229,-0.143508568406,0.151423409581,-0.098081536591,-1.261506319046,-0.888010382652,-0.810080289841,-0.073913060129,-0.575515925884,-1.123558402061,0.243322879076,-0.661797225475,0.580874800682,0.814644753933,-0.136276945472,0.429492592812,0.490074276924,0.377332001925,0.998917043209,0.110495045781,0.214585781097,0.442301213741,-0.726350784302,0.156629994512,-0.078448764980,-0.376307100058,-0.053720533848,-0.422474980354,-0.579841732979,0.682796537876,-0.136342808604,0.254596292973,0.064532957971,-0.348158597946,0.483719378710,0.577870249748,-0.057408358902,-0.252040326595,-0.253032267094,0.331229954958,0.287996679544,-0.315243870020,0.164865881205,-0.239861428738,0.194063976407,-0.152061372995,0.149892300367,-0.404805511236,-0.842587530613,-0.001407632604,-0.597021460533,-0.596848547459,0.038244802505,-1.161782622337,0.187478557229,0.024748817086,0.241623029113,0.368552803993,0.159453496337,0.865982174873,0.670996248722,0.332123100758,-0.170780420303,-0.197521314025,0.170307084918,-0.288157194853,0.067842133343,-0.238486722112,-0.692658126354,0.680014193058,-0.428031444550,0.447952330112,0.208280235529,-0.397845536470,0.510534405708,0.442301213741,-0.219570115209,0.101415403187,-0.442420601845,-0.325673520565,0.549437701702,1.149064540863,0.233881056309,0.334674954414,0.367017567158,0.144706279039,0.436637789011,0.534739851952,-0.371178746223,0.668773710728,-0.187227487564,-0.964384734631,-0.276155292988,-0.168882995844,-0.307489514351,-0.358761101961,-0.437567949295,0.116693571210,-0.045385863632,-0.464395284653,-0.057470098138,0.644967377186,0.011314568110,0.359831243753,0.332353591919,-0.010153887793,0.024044999853,0.435682892799,-0.210181772709,0.202139347792,-0.496639132500,-0.112211368978,0.027955088764,-0.309374600649,-0.186725363135,0.080317378044,-0.584496855736,0.200451821089,-0.071204811335,-0.316458046436,0.176003471017,-0.277311861515,-0.678738236427,0.627849400043,0.424109011889,-0.350471705198,0.429846525192,-0.288968056440,0.171986371279,0.783993780613,-0.089145958424,0.326529622078,-0.171969905496,-0.347578227520,0.026897309348,-0.885516166687,-0.451022803783,-0.474919587374,-0.253546744585,-0.818398475647,0.070727363229,0.062717854977,-0.120924703777,0.103271663189,0.856318056583,-0.156522989273,0.555516898632,0.745394945145,-0.110927209258,0.080535516143,-0.234280288219,-0.374994158745,-0.243718013167,0.015241121873,0.479681670666,-0.791809797287,-0.288947463036,-0.269895046949,-0.151789724827,-0.415375083685,0.087487250566,0.169595032930,-0.427850335836,0.478714466095,0.192936211824,-0.119056090713,1.032609701157,0.027510574088,0.570935010910,0.262593477964,0.606179296970,0.069550223649,0.249797165394,0.543724894524,-0.442021369934,-0.233559995890,-0.184955522418,-0.459196954966,-0.084441497922,0.156761705875,-0.372899174690,-0.773181319237,0.273064285517,-0.393672049046,-0.308658450842,0.249644890428,0.418696641922,0.088396862149,0.842710971832,0.711138486862,0.215499505401,1.246919751167,-0.257843703032,0.468037843704,0.366881757975,-0.677573442459,0.293450266123,-0.283905506134,-0.766550600529,0.040228657424,-0.518049955368,-0.457073122263,0.190812423825,-0.141841635108,-0.094788827002,-0.715184390545,-0.252558916807,0.510686635971,-0.207205995917,-0.103201694787,-0.098196782172,-0.474149942398,0.376027256250,0.401261746883,-0.096571005881,0.367614358664,0.270508289337,-0.024073809385,-0.431830406189,-0.835681021214,-0.596535742283,-0.498964637518,-0.060412961990,-0.897205352783,-0.890533447266,-0.291441679001,0.250496864319,0.558731377125,0.150978893042,0.202427461743,0.790328085423,0.555813193321,0.669600963593,0.779462218285,-0.409868061543,0.213943704963,0.051053438336,0.294129371643,0.028115609661,-0.374434411526,-0.038318887353,-0.072731800377,0.130234822631,-0.026576269418,-0.519115984440,-0.086038462818,-0.209840148687,-0.133778601885,0.488794267178,0.278221458197,-0.488469094038,0.196360632777,0.279781371355,0.377002686262,0.358695268631,0.222047865391,0.583525478840,0.136803790927,-0.006519561633,-0.082091324031,-0.140841469169,0.273632258177,0.122982643545,0.423899114132,-0.248904019594,0.011228133924,-0.252929359674,-0.352517306805,-0.577326953411,-0.134774655104,-0.384847581387,0.665806114674,-0.256403148174,0.037158209831,0.713871479034,0.523338854313,0.441675603390,0.733388900757,0.592773854733,0.913430094719,-0.273673415184,0.428344249725,0.373816996813,-1.147796750069,0.137915074825,-0.164092093706,-0.819904804230,-0.166396990418,-0.037800285965,-0.506015121937,-0.121348641813,0.415996581316,-0.789920568466,-0.175521910191,-0.154860168695,-0.308555543423,-0.209630250931,-0.434867948294,-0.298191756010,0.267874151468,-0.355176150799,0.016080761328,0.479467660189,-0.295796304941,0.071970365942,0.143718466163,-0.345812529325,-0.512485265732,-0.629191219807,-0.486110717058,-0.542004406452,-0.026337549090,-0.488748967648,-0.732244729996,-0.050242602825,0.298179417849,0.664073348045,0.218495860696,0.293590188026,1.187556266785,0.731857836246,0.854280769825,0.165285706520,0.313803285360,0.350315332413,0.071237735450,0.082622274756,-0.026942582801,0.241050928831,-0.395573586226,-0.035688836128,0.116854086518,0.221525162458,-0.185906276107,-0.527722299099,0.714764595032,-0.096249975264,0.102818921208,-0.303587675095,0.100542835891,0.577158212662,0.419849067926,0.092586837709,-0.307193189859,0.478961408138,0.625441610813,-0.326756000519,-0.343507647514,-0.145644694567,-0.100085966289,-0.042537670583,-0.881091594696,-0.419754385948,-0.021205039695,-0.888327300549,0.056683965027,-0.698226988316,0.033853154629,0.646226882935,-0.589032530785,0.073748424649,0.923337042332,0.558484435081,0.537769198418,0.395166128874,0.643847882748,0.387411803007,0.245286151767,0.635002851486,0.354480564594,-0.560048460960,-0.087001577020,0.107494570315,0.049308303744,0.401072412729,-0.484637230635,-0.235988378525,0.327566802502,-0.104959182441,0.521083414555,-0.141738727689,-0.500396966934,0.225307658315,0.245878845453,-0.014236845076,-0.041117690504,-0.051234535873,-0.449594557285,0.328776866198,0.218499973416,-0.064677014947,0.005605835468,-0.260881245136,-0.627466678619,-0.410366058350,-0.515539288521,-1.144734621048,-0.993731081486,-0.239717379212,-0.321932166815,0.181810975075,-0.396903008223,0.279546797276,0.121159307659,1.035486698151,0.999201059341,0.133716866374,0.421713560820,-0.288227200508,0.249961793423,0.255349487066,-0.570700347424,-0.701021611691,0.068010881543,-0.129498094320,-0.048744425178,0.552586317062,-0.016512930393,-0.477829545736,0.482171803713,0.458719491959,-0.240557014942,0.051967162639,0.039977591485,-0.131383165717,0.182510674000,-0.122542239726,0.133070677519,0.493338197470,0.172850698233,0.333357870579,0.160898163915,0.175579532981,0.293565481901,-0.420334756374,-0.569757819176,-0.303344815969,0.271265625954,-0.844653666019,-0.568288445473,-0.065965287387,-0.390136480331,-0.002737063449,-0.164030358195,-0.147908434272,-0.098785348237,0.169603273273,0.597416579723,0.397989600897,0.159469962120,0.475837469101,0.656989932060,0.624165713787,0.444350928068,0.783438086510,0.100205332041,0.156782284379,0.255493551493,-0.169471561909,0.431332379580,0.091673105955,-0.571696400642,0.229312404990,0.016126036644,0.235054060817,0.657154500484,-0.188017740846,0.033256348222,0.061092078686,-0.362107336521,0.074929684401,0.215306058526,-0.935166060925,0.334259241819,-0.089899159968,-0.335572212934,-0.277196615934,0.060478813946,0.495120376348,-0.008980860934,-0.587159752846,-0.537332892418,-0.703462362289,-0.413601130247,-0.381838887930,-1.023525953293,-1.447733640671,-0.161482632160,-0.381192654371,0.356353312731,0.136684417725,-0.174649327993,0.910083949566,0.691299915314,0.945406436920,0.166631594300,-0.307897001505,0.742855489254,-0.378887772560,0.522639155388,-0.188577502966,-0.997542381287,0.910742461681,-0.331472784281,-0.240692824125,0.584875464439,-0.716480910778,0.823670923710,-0.099818445742,-0.494721144438,0.415671437979,0.057445403188,0.134338364005,0.412518709898,0.104391187429,0.781429529190,1.237074494362,0.610998988152,0.664377927780,0.229098394513,0.235959559679,0.606685519218,-0.251468211412,-0.345759034157,-0.267717719078,-0.675029814243,-0.441774398088,-0.661743700504,-0.717164099216,-0.772959053516,-0.295730441809,0.115882739425,-0.828099608421,-0.069389700890,-0.463568001986,-0.352484375238,0.845921337605,0.044451557100,-0.095554389060,-0.023131273687,-0.627063274384,0.632965505123,-0.412428140640,-0.517807126045,0.236288830638,-0.795563459396,0.186276718974,-0.228769108653,-0.704985260963,-0.186540141702,0.311498403549,0.293816566467,0.295010179281,-0.192129507661,-0.335185319185,-0.246809035540,0.568132042885,0.422643750906,-0.060594055802,0.063792102039,-0.235506817698,0.743180632591,0.665427446365,0.324833869934,0.773300647736,0.084910705686,0.391358911991,0.171138495207,-0.588184654713,-0.573042333126,-0.384810566902,-0.162458091974,-0.320022404194,-0.538612902164,-0.034252393991,0.409308284521,0.265717417002,-0.083581276238,0.843509435654,0.379817992449,0.903144538403,0.716925442219,-0.264441490173,0.278859436512,-0.007359202020,0.064611159265,0.374092757702,-0.546894073486,-0.130045488477,-0.303669989109,-0.144467562437,0.209251597524,-0.910363793373,-0.175052702427,0.484517872334,-0.440959453583,-0.276225268841,-0.188812106848,-0.476738840342,0.722868800163,0.196076631546,0.004210550338,-0.089783914387,0.113236226141,0.579232633114,0.078835658729,-0.026654472575,0.081486292183,-0.853037774563,-0.483011454344,0.363601386547,-0.380468279123,-0.563896834850,0.133494615555,-0.396931827068,-0.516127884388,0.126007810235,-0.456912606955,0.671090900898,0.061022106558,-0.056198291481,0.573688507080,-0.075896918774,0.684623956680,0.539444327354,0.353406339884,0.750877380371,0.354213058949,-0.668316781521,0.226365447044,-0.837681353092,-0.071052521467,-0.108317747712,-0.933725535870,0.255390644073,0.143146365881,-0.397750854492,0.765044271946,-0.392490804195,-0.293359696865,0.362033218145,-0.081877298653,-0.348693639040,0.363008707762,-0.705730199814,-0.375862598419,0.001350010280,-0.288202494383,0.132321581244,1.224730968475,-0.161972418427,0.616267323494,0.303283095360,0.322549551725,-0.058305624872,-0.662863254547,-0.386255204678,-0.657389163971,-0.491185605526,0.311819434166,-0.924180805683,0.187927186489,0.468708723783,-0.435905128717,0.902238965034,0.373137921095,0.608266055584,0.900971353054,-0.264276832342,0.058651357889,-0.046077329665,-0.517642498016,0.100793905556,0.001638122136,-0.861392915249,0.075588226318,-0.216269165277,-0.676330447197,-0.176373898983,-0.535616576672,-0.181946814060,0.128958910704,-0.715044438839,-0.095052249730,-0.263251990080,-0.290651440620,-0.167224287987,-0.206683278084,0.236708641052,0.453401774168,0.235333949327,0.080263867974,0.248628273606,0.365490585566,0.420371770859,0.134293094277,-0.507435142994,-0.163161903620,0.382262796164,-0.166096538305,-0.056449364871,-0.464066028595,-0.564847588539,0.633389413357,-0.079782314599,0.077477417886,0.262836307287,-0.146451413631,0.732940316200,0.281271338463,0.644736945629,0.132041707635,0.317240059376,0.650206923485,0.965055644512,0.228834956884,-0.484954148531,0.198188096285,0.099801979959,-0.603541016579,0.270541220903,-0.550404965878,-0.524137377739,0.044056430459,-0.450343668461,-0.274669468403,-0.146410256624,-0.324623972178,-0.296417802572,-0.092236988246,-0.965339601040,-0.302534013987,-0.001094825333,-0.535628914833,-0.523091971874,-0.056465826929,0.203711599112,-0.518609762192,-0.082379437983,-0.454294919968,0.155790358782,-0.362555921078,-0.317651659250,-0.306629300117,-0.388239085674,-0.543111562729,-0.404640883207,-0.109416685998,-0.181852146983,0.318400740623,0.599947869778,0.029654949903,1.351006269455,0.501401185989,0.675684213638,1.002728343010,0.691131174564,0.237589448690,0.478393405676,-0.310634046793,-0.274422496557,0.472322463989,0.001716324012,0.309884965420,0.268079936504,-0.611665785313,0.071217156947,0.076102711260,0.018377425149,-0.072958171368,-0.292001456022,-0.149805858731,0.426306903362,-0.059696793556,0.518119931221,0.212457865477,-0.399257302284,0.533105850220,-0.035528320819,0.093652844429,0.854914546013,-0.586283087730,-0.504199981689,-0.104494079947,-0.898180782795,-0.735084712505,-1.011079430580,-0.336366593838,-0.724967837334,-0.390795052052,-0.861261308193,-0.206551551819,0.031535908580,0.051720209420,0.302406400442,0.295779824257,0.352644890547,0.862660706043,0.222525313497,0.656495988369,0.068883448839,0.136725574732,-0.019455788657,-0.312325686216,-0.028292592615,-0.149826437235,-0.562485098839,0.292725861073,-0.202139347792,-0.051292158663,0.204407185316,0.420466452837,0.224752023816,0.002609470859,-0.032350856811,0.198200434446,0.114425718784,-0.198027566075,-0.114771455526,-0.356283366680,0.119200140238,0.855334401131,-0.484925329685,0.155370548368,0.081988431513,-0.352764248848,0.662060678005,-0.013738824055,-0.083684176207,-0.521894216537,-0.554109275341,-0.013940501958,-0.405628681183,-1.080127477646,0.013059703633,0.090701758862,0.366861194372,0.245578378439,-0.005391809158,0.530529320240,0.525791943073,0.373203724623,0.788669407368,0.149579480290,-0.617913722992,0.592938482761,-0.332542926073,-0.283061742783,0.353896141052,-0.321516484022,-0.002411908470,0.790607929230,-0.061635378748,-0.038644045591,0.039734754711,0.231234535575,-0.363239169121,-0.136622682214,0.247319400311,-0.216096311808,0.502220273018,0.171039715409,-0.158218726516,-0.092483930290,0.537357568741,0.863496124744,-0.031679965556,0.092870824039,0.014664897695,-0.343898653984,0.257283955812,-0.686006903648,-0.534772813320,-0.901214182377,-0.665958404541,-0.132667317986,0.065714217722,-0.372195363045,-1.227221012115,-0.025370312855,-0.383773326874,0.147575050592,0.209482073784,-0.280464619398,0.225780978799,0.661282777786,-0.049238331616,0.730178534985,0.552034854889,0.229353576899,0.086552940309,0.013870532624,-0.519564628601,-0.052193537354,0.258321166039,-0.488057494164,-0.052996132523,-0.220228657126,0.357546925545,0.030869137496,0.581376969814,0.407081604004,-0.121966011822,0.334460914135,-0.385078072548,0.157123908401,0.294104665518,0.295664578676,-0.124748356640,0.124818325043,-0.455373257399,0.764986574650,0.695177078247,-0.221035361290,0.256366133690,-0.872567594051,-0.824485838413,0.158613860607,-0.500236392021,-0.749687850475,-0.412469297647,-1.135078668594,0.357773274183,0.570675671101,-0.121826082468,0.585147142410,0.335938513279,-0.016994489357,1.391313195229,-0.377241432667,-0.215367794037,0.082342393696,-0.897695064545,0.161606103182,-0.252731800079,-0.555072307587,0.128460884094,-0.258049517870,-0.442280650139,0.350768059492,-0.148052498698,-0.502104997635,0.158605620265,0.099797859788,0.113359704614,-0.179341465235,0.456533938646,0.369367748499,0.358670532703,0.965191423893,0.156761705875,0.246817260981,0.337230920792,0.311053901911,0.373500078917,0.210301145911,-0.781458377838,0.054634258151,-0.485118776560,-0.640308201313,-0.249109819531,-0.526969134808,-0.022242240608,-0.061013877392,-0.198496788740,-0.045509342104,-0.239914938807,0.136783212423,0.014018703252,0.940932452679,0.774897634983,-0.195451036096,0.300718903542,0.672749638557,0.485057026148,0.420198947191,-0.504438757896,-0.175283193588,-0.516444802284,-0.218582302332,-0.623556554317,-0.381505519152,-0.967397630215,0.263573020697,0.009787574410,-0.086186632514,0.178320705891,-0.479372978210,0.337436705828,0.236972078681,0.223027452826,-0.330081611872,0.268709659576,0.287737399340,-0.369491219521,-0.072027988732,0.212079197168,-0.013154367916,-0.015504538082,0.283897280693,-0.202736139297,-0.507784962654,-0.146192118526,-0.034952092916,-0.697848320007,-0.550059199333,-0.223854750395,-0.294051170349,-0.025641962886,0.488267421722,0.474121123552,0.163046658039,0.231131643057,0.540724396706,0.350619912148,0.183000475168,0.386148214340,-0.103201694787,-0.172315627337,-0.195451036096,-0.355912923813,-0.546284914017,0.153160303831,-0.269376426935,-0.604290127754,-0.004358722363,-0.165759027004,0.129201740026,0.219306692481,0.290832549334,-0.311761826277,-0.390605717897,0.650268673897,-0.041179429740,0.239470422268,0.305118799210,-0.399850010872,0.336959242821,0.838986098766,0.089355863631,0.431534051895,0.015965517610,0.154271587729,0.258267670870,-0.062001690269,-0.668465018272,-0.139726057649,-0.592259347439,-0.093628145754,-0.030811514705,-0.915422201157,-0.303641170263,0.769398868084,-0.125707358122,0.264276832342,0.004473967012,-0.227069258690,0.687682092190,0.742740213871,0.372623383999,0.057301349938,0.006898222957,0.247665137053,-0.031655270606,-0.215433657169,-0.477360337973,-0.144944995642,-0.152925699949,-0.237799361348,0.007005236112,0.010672489181,-0.218874529004,0.108980394900,-0.407686620951,-0.224821984768,-0.141977444291,0.356583833694,-0.236050114036,-0.355810016394,-0.015957286581,0.063314653933,0.682430207729,-0.031803444028,-0.034322362393,0.465403676033,0.150925382972,0.478463381529,-0.256744772196,-0.084692567587,-0.383546978235,0.150386214256,0.074098274112,-0.575614690781,-0.280896812677,-0.190265014768,0.217438086867,0.182309001684,0.381003320217,0.553685307503,0.438555777073,0.548046529293,1.008367061615,0.415169298649,0.552685141563,0.384324878454,0.219002112746,-0.621720910072,0.555899679661,-0.183527320623,-0.706829190254,-0.514119327068,-0.341083377600,-0.472120791674,0.139516144991,-0.075859874487,-0.381468445063,-0.132259845734,-0.194492042065,0.280822694302,0.271681338549,-0.021777147427,0.710340023041,0.059383988380,0.068249598145,-0.051255114377,0.433838933706,0.336415976286,-0.139203339815,-0.155168861151,-0.637888073921,-0.076506070793,-0.037203483284,-0.394915044308,-0.376183629036,-0.561036288738,-0.538238406181,0.048773236573,-0.667798221111,-0.069649003446,0.372652232647,0.104786314070,0.453405886889,0.136799663305,0.716489136219,0.577779710293,0.869653522968,0.715612471104,0.376928627491,-0.141853973269,0.414218544960,-0.224739655852,0.329468339682,-0.033754371107,-0.865648806095,0.348467260599,-0.635591387749,0.042331874371,-0.194957122207,-0.142158538103,0.315618395805,-0.024382501841,0.075320698321,0.337313234806,0.142257332802,0.058116294444,0.169434517622,0.032169755548,0.448878407478,0.199040085077,0.591390907764,0.001926234108,0.015940820798,0.324595123529,-0.320010036230,-0.671852350235,-0.219710037112,-0.788603544235,-0.928490161896,-0.095871299505,-0.445630997419,-0.818126738071,-0.201941773295,0.006013307720,-0.143389195204,0.579405426979,0.281044960022,0.408423393965,0.525857806206,0.194076314569,0.793168067932,0.159115999937,-0.431056648493,0.344030350447,-0.112079665065,-0.485509783030,-0.608620047569,-0.376311212778,-0.178744658828,-0.149447783828,-0.014047515579,-0.146953552961,-0.318478941917,0.332164257765,-0.302916795015,0.271994143724,0.723868906498,-0.202410981059,0.162062972784,-0.377031534910,0.591213941574,0.363761931658,-0.090672947466,0.633121848106,0.326307356358,0.589011967182,0.085009485483,0.086277179420,0.033742025495,-0.054128002375,0.266585856676,-0.860610902309,-0.507657349110,-0.352579027414,-0.806972801685,-0.402574717999,-0.115080140531,0.416605770588,0.008725675754,0.230818822980,0.443721234798,0.390585154295,0.686126232147,0.781145513058,0.798761546612,0.285786479712,0.265865564346,-0.163668155670,0.115067802370,0.128942444921,-0.084379754961,-0.446273058653,0.120887652040,0.092261679471,0.014278004877,-0.377039760351,-0.604006111622,0.436518400908,0.579191446304,-0.788661181927,-0.501854002476,-0.036841284484,-0.376986235380,0.101802296937,0.195780292153,-0.425352007151,0.132609695196,0.208753570914,0.100974999368,0.130679354072,-0.061565406621,-0.129321098328,0.033762603998,-0.541987955570,-0.501059591770,-0.392268508673,-0.469943523407,-0.333967000246,-0.396388530731,-0.396726012230,0.000712048146,0.274323731661,0.136602103710,0.305266946554,0.374343872070,0.313548117876,0.861405313015,0.265112370253,0.674149036407,-0.168911799788,0.002267852658,0.261486262083,-0.170418217778,0.559702754021,0.018151052296,-0.071937434375,-0.145179614425,-0.219895258546,0.112215481699,0.296784132719,-0.289338469505,-0.051777832210,-0.045743945986,-0.278554856777,0.721107184887,0.456254065037,0.430673867464,-0.262099564075,0.569276273251,0.604858100414,0.244965121150,0.184334024787,0.275101631880,-0.361148297787,-0.486221849918,-0.065360255539,-0.211609989405,0.010688953102,-0.224599733949,-0.467177629471,-0.275109857321,-0.096208810806,-0.634496569633,-0.297738999128,-0.341676056385,-0.115837462246,0.202184617519,-0.037952575833,0.468132495880,0.536851346493,0.210815623403,1.331521749496,0.109276741743,0.192734539509,-0.026271693408,-0.271014571190,-0.069352664053,0.207592874765,-0.828103661537,-0.015488075092,-0.684146523476,-0.421553045511,0.617382705212,-0.191401004791,0.015413988382,0.568243205547,-0.807688891888,0.191273406148,0.785010337830,-0.507550358772,0.428002655506,-0.448545008898,0.245413750410,0.247961476445,0.065319091082,0.033836688846,-0.150324463844,0.077452719212,0.070072941482,-0.079523012042,-0.711854577065,-0.540547430515,-0.182955190539,-1.027411341667,-0.334440350533,-0.657821297646,-0.057058509439,0.261379271746,0.053185466677,0.830635011196,0.956000685692,0.903889477253,0.713970184326,0.913261413574,0.195899665356,0.040422104299,0.899938225746,-0.045772757381,-0.121476233006,-0.078312940896,-0.384888738394,-0.314334243536,0.071900390089,0.034705143422,-0.165693178773,0.304818332195,-0.521478474140,0.435485333204,-0.222282484174,0.414119780064,-0.098209127784,-0.012969153933,0.438082456589,0.291816234589,0.375418066978,0.441074699163,-0.376093089581,0.684541642666,0.198875427246,-0.310300678015,0.265297591686,-0.371623218060,-0.620589017868,0.056741587818,-0.471812099218,-0.195998445153,-0.198089316487,-0.433974802494,-0.089611046016,0.328196555376,-0.679005742073,-0.256139755249,0.439259588718,-0.758187115192,1.081810951233,0.375891417265,-0.341017544270,1.087165713310,-0.224212840199,0.646922469139,1.292832374573,-0.889364540577,-0.081428669393,0.105963453650,-0.392474353313,0.518037617207,-0.031317766756,-0.830095767975,-0.254369914532,-0.005597603507,-0.263280808926,0.406513601542,-0.230324909091,-0.245821222663,-0.140170574188,-0.215655907989,-0.157107442617,-0.148900374770,-0.508122503757,-0.056391738355,-0.149727657437,0.503977775574,0.973550856113,0.474569767714,0.398183047771,-0.510670185089,0.293347358704,-0.101621195674,-0.528994143009,-0.206810876727,-0.562349200249,-0.701647222042,-0.548421084881,-0.613789558411,-0.065771840513,0.243265256286,0.180514469743,0.617312788963,0.421997576952,0.456097692251,0.663357198238,0.229225978255,0.279950141907,0.233337745070,-0.560986876488,0.395660042763,-0.295504063368,-0.345429748297,0.575902819633,-0.720530927181,0.315363198519,0.046044405550,-0.620481967926,0.386757344007,-0.223397880793,-0.413448870182,0.273467630148,-0.318536579609,0.349319279194,0.142887070775,0.527355968952,0.340729415417,0.698844373226,0.607344090939,0.233078449965,0.101859919727,0.266359478235,-0.262918621302,-0.004329910967,0.108684055507,-0.059774994850,-0.558311581612,-0.237400114536,-0.857688665390,-0.973773121834,-0.383728086948,0.520350754261,0.011594447307,-0.262404143810,0.162408709526,0.407299727201,0.687216937542,0.212815940380,0.183510839939,0.801881372929,0.785150289536,0.137964457273,0.075044929981,-0.699992656708,-0.345046997070,-0.021612511948,-0.131671279669,-0.254723876715,-1.108033180237,0.056461710483,-0.108256004751,-0.312107563019,-0.029519125819,-0.593263626099,-0.161643147469,0.522606253624,-0.341075152159,-0.180094659328,0.034478768706,-0.284296512604,0.344923496246,0.173200547695,-0.558356821537,0.222451224923,0.013401321135,-0.035203162581,-0.134931042790,-0.546400189400,0.069270342588,-0.195953160524,-0.197628319263,-0.260959446430,-0.425841778517,-0.018002880737,-0.303933411837,0.180613264441,0.610171675682,-0.283205807209,0.496120542288,0.970336318016,0.440926551819,0.703911006451,0.293857723475,0.002662977669,0.770617187023,-0.404089331627,-0.110956028104,-0.054646603763,-0.605372607708,-0.278209120035,0.321952730417,-0.243796214461,-0.124130971730,-0.169274002314,-0.273088961840,-0.055885482579,0.287029474974,0.020929275081,0.222208410501,-0.077246926725,-0.145784646273,-0.117117509246,0.321141928434,0.349817305803,0.310498237610,0.525133430958,-0.273862749338,-0.552454650402,0.387053698301,-0.228987261653,0.069340310991,-0.265289366245,-0.665201067924,-0.296623587608,0.057054396719,-0.742439746857,0.181012496352,-0.144858568907,-0.503537356853,-0.198727279902,0.305686771870,-0.232880890369,0.117915987968,0.575532436371,0.449508160353,-0.199974387884,0.805869698524,0.203970909119,0.704046845436,0.281901061535,-0.211667612195,-0.022102301940,-0.403871208429,0.322557806969,-0.202625021338,-0.086408890784,0.050468981266,-0.142401382327,0.478475719690,-0.148015454412,0.124443784356,-0.002753526904,-0.438848018646,0.430484533310,-0.408995479345,-0.498902857304,0.051769599319,-0.049452356994,-0.020406557247,-0.235333949327,0.244084313512,0.682483673096,0.168767750263,0.276044160128,-0.047377951443,-0.018175747246,-0.050152055919,-0.197862938046,-0.716139256954,-0.887557625771,-0.465889364481,-0.374932438135,0.023209474981,-0.231465011835,0.121739640832,0.581562161446,-0.214668080211,0.911293983459,0.297829568386,0.116261392832,0.647354602814,0.021040404215,0.090722337365,-0.056379392743,-0.507035851479,0.289906471968,-0.379122406244,0.163124874234,0.394128888845,-0.467984348536,-0.422466754913,0.178563550115,-0.508130729198,0.152283623815,-0.527438282967,-0.375323444605,-0.165948361158,-0.159548163414,-0.001806873595,0.164112672210,0.397615045309,0.037117052823,0.419709146023,0.298372834921,0.391474187374,0.398162484169,-0.403402000666,-0.312527358532,-0.507941365242,-0.305291652679,-0.687130510807,-0.194648429751,-0.750173568726,-0.410633623600,-0.095056362450,-0.620309114456,-0.383514046669,0.714542269707,0.264235705137,0.091076299548,0.083235539496,1.030889272690,0.765414714813,0.343108415604,0.770407199860,0.314605891705,0.609624326229,0.482040107250,-0.340474218130,0.113310314715,-0.371952533722,-0.357353448868,0.272994279861,-0.279398620129,-0.291873872280,0.262770444155,-0.235679686069,-0.060487046838,0.251031935215,-0.223653078079,0.139462634921,0.167146086693,-0.034351177514,-0.237787023187,0.043278530240,0.383522272110,0.143792554736,0.574795663357,-0.661122262478,-0.177933812141,0.298105299473,-0.625149369240,0.207498207688,-0.808141648769,-1.106901407242,-0.301167517900,-0.808359801769,-0.852774322033,-0.465728819370,-0.349076420069,-0.273574650288,0.082404129207,0.049493514001,0.194994166493,0.731528580189,0.086804009974,0.596083045006,-0.330423235893,-0.072493083775,0.579281985760,-0.383691012859,-0.567510545254,0.356711417437,-0.235082879663,0.030515169725,-0.050016231835,-0.310465306044,-0.202188730240,-0.735446929932,-0.380019664764,-0.186614230275,0.080424390733,0.811619579792,0.104333564639,0.155901491642,0.166820928454,0.109544277191,0.540436267853,0.933338642120,-0.066150501370,0.464218318462,-0.056391738355,-0.095023430884,-0.312021106482,-0.377916455269,-0.085219398141,0.403262078762,-0.782372117043,-0.593996286392,-0.748658895493,-0.536839008331,0.127732381225,-0.317351192236,-0.487044990063,-0.250282853842,0.584900200367,0.411456793547,0.141574099660,0.742670297623,0.445363432169,-0.018332151696,1.096986174583,0.808796048164,-0.444182187319,-0.480653047562,0.111976772547,-0.932531893253,0.411555558443,-0.275764286518,-0.318528324366,0.501553535461,-0.425195604563,0.073493242264,0.196817502379,-0.547495007515,0.430653244257,-0.150168061256,-0.706471025944,0.187766671181,-0.189042583108,-0.447651863098,0.478516906500,-0.183037519455,0.304456114769,0.718094348907,0.449652194977,0.614538669586,0.197653025389,-0.057293117046,-0.009244277142,-0.190404966474,-0.489531010389,0.497297674417,-0.583150923252,-0.987306118011,0.543004572392,-0.474816709757,0.451133906841,0.189964562654,0.028465459123,-0.120908237994,0.417396038771,0.624515593052,0.158021166921,-0.075542956591,-0.021419065073,-0.141569972038,-0.067800968885,-0.196755766869,0.059877894819,-0.561698913574,-0.743016004562,0.066570326686,0.057651199400,-0.787792682648,-0.135305598378,-0.232699781656,-0.507677912712,0.265095919371,-0.226678237319,-0.467082977295,0.054765962064,0.224859029055,0.190318524837,0.190343201160,0.434583932161,0.371248722076,0.291556954384,0.423343449831,0.446972757578,-0.304493159056,-0.120290853083,-0.237276658416,0.316248118877,-0.437543272972,-0.760817229748,-0.648638784885,-1.170689344406,-0.088084056973,0.028642443940,-0.737788856030,0.133334085345,-0.132309228182,0.398664623499,0.685138404369,0.442461758852,0.571190178394,0.128386795521,0.552932083607,0.136964306235,0.090294286609,-0.061071496457,-0.685965716839,0.130819290876,0.169710278511,-0.781874120235,0.056091278791,0.224599733949,0.166985571384,0.382674396038,-0.736434698105,0.167993962765,-0.070970207453,0.601223766804,0.768077611923,-1.068072080612,0.329793512821,0.858495414257,0.359069764614,0.487098544836,0.380101948977,-0.120257928967,0.626096069813,0.289231449366,-0.344005674124,-0.042093154043,-0.106827795506,-1.215260267258,-0.680075883865,-0.141216009855,0.369161963463,-0.324809193611,0.067154780030,0.039726521820,0.163647592068,0.900810837746,0.226587682962,0.218948617578,0.711204290390,0.352871268988,0.683948934078,0.068414241076,-0.168010428548,0.374010443687,-0.693061470985,-0.185589373112,0.328093647957,-1.192170143127,-0.781301975250,-0.149077355862,-0.893731474876,-0.136375725269,-0.023230055347,-0.293112754822,0.086935721338,-0.381472557783,0.226151421666,0.189153715968,-0.214314118028,0.260449081659,0.152452379465,-0.501775741577,-0.131428435445,0.523322403431,-0.808750748634,0.059910818934,0.054358493537,-0.613460302353,-0.068533599377,-0.300224989653,-0.282724231482,-0.562859654427,-0.494449466467,0.397421598434,-0.452693849802,-0.523672223091,-0.498079717159,0.518202245235,0.131535440683,0.595753729343,0.238071024418,0.121171645820,1.065549015999,0.415222823620,0.695370554924,0.181802749634,0.313498735428,0.330567300320,-0.447635412216,0.028037406504,-0.058536116034,-0.645234942436,0.484270900488,0.093825705349,-0.313523411751,0.284037232399,-0.231596723199,0.162931427360,0.525610864162,0.280522257090,-0.035927560180,-0.442099541426,-0.335078299046,0.352418541908,-0.259148478508,0.177880302072,0.588715612888,-0.153259098530,-0.293734222651,0.783845603466,0.102065712214,0.061166167259,-0.039718288928,-0.747205972672,-0.094998732209,-0.420947998762,-0.532011032104,-0.167648226023,-1.006358504295,-0.642152130604,-0.261033535004,-0.014537305571,0.854811668396,0.645255506039,0.049267143011,0.265548676252,0.155728623271,0.757339298725,0.480817675591,0.240557014942,0.294224023819,-0.005367114209,-0.242676690221,0.098386108875,-0.339897990227,0.174176022410,0.202172279358,-0.221101209521,-0.371112853289,0.272298693657,-0.155086547136,-0.012833328918,-0.179868280888,-0.507089376450,0.471190631390,0.225138902664,0.323689639568,0.170669287443,0.215466573834,0.291832685471,0.663027882576,0.714328229427,-0.030309375376,0.311860591173,-0.161420881748,-0.719559550285,-0.039718288928,-0.581302881241,-0.161095738411,-0.434843271971,-0.475154221058,-0.963318765163,-0.800992369652,-0.179419651628,0.151398703456,0.253666102886,0.132428601384,0.266186624765,0.058227423579,0.781581878662,0.295565813780,0.060655795038,0.565094530582,-0.396162182093,0.383526384830,0.257514446974,-0.758788049221,-0.687801420689,-0.249924778938,-1.059494614601,0.418342649937,0.062314495444,-0.149616539478,-0.024337228388,0.496947795153,0.108021400869,-0.072377838194,0.168368503451,-0.148324146867,-0.386234641075,0.582652926445,0.046945784241,-0.020381862298,-0.164944097400,0.127633601427,0.098332606256,0.331155866385,0.692131340504,-0.375718533993,-0.318145543337,-0.419458061457,-0.760203897953,-0.105523064733,-0.563612818718,-0.410316705704,0.014673130587,-0.859186828136,0.478385180235,0.118566296995,0.472845226526,0.187828406692,1.006951212883,0.621889650822,1.091462731361,0.094224952161,0.150410905480,-0.443177908659,0.090541243553,0.156897529960,-0.007408592850,-0.092257559299,-0.731211662292,-0.538781702518,0.389741361141,0.032972354442,-0.130650535226,0.028770035133,-0.411839574575,0.333897054195,0.603047132492,0.309181153774,-0.114874348044,0.269257068634,0.122871518135,0.331863790751,0.520807623863,-0.124674268067,0.410530716181,-0.216289758682,0.048690918833,-0.486925661564,-0.787364661694,-0.548725664616,0.020225459710,-1.015417575836,-0.554965317249,-0.995648980141,-0.712406158447,0.143055811524,-0.515835642815,-0.211918681860,0.084820158780,-0.241363734007,0.919262349606,0.282695442438,-0.000292227836,1.116664290428,0.171780571342,0.255946308374,0.171414256096,-0.218257144094,0.132490336895,0.356225728989,-0.932704806328,0.136421009898,-0.160824090242,-0.553010284901,0.888623654842,-0.276426941156,-0.078107148409,0.586258411407,-0.080712497234,0.499878346920,0.244796380401,0.126530528069,0.262515246868,0.242318615317,0.391268342733,0.172435000539,0.140298172832,0.148101881146,0.352912455797,0.747012555599,0.190693050623,-0.028057988733,-0.219018593431,0.020122561604,-0.057754095644,-0.712945342064,-0.378397971392,-0.060762811452,-0.145764067769,0.278900593519,-0.399035036564,-0.413675248623,0.446338921785,0.548984944820,-0.251040160656,0.814517199993,-0.111952073872,0.120797105134,0.147447466850,-0.409402936697,0.340247839689,-0.304480820894,-0.560036122799,-0.402463585138,0.066784352064,-0.417832285166,-0.415103465319,-0.420178323984,-0.197949364781,-0.234835937619,0.332324773073,-0.355093866587,-0.224031731486,0.660784780979,-0.110577359796,0.096027716994,0.321080178022,0.144768014550,0.495309710503,0.296088546515,0.534307718277,0.143282189965,0.377574801445,0.234132125974,-0.054778311402,0.343404740095,0.304044544697,0.203230053186,0.333189129829,-0.816768586636,-0.478311091661,0.369911044836,-0.696292459965,0.192532852292,-0.019147098064,-0.306283563375,0.040607322007,0.031264260411,0.570008873940,1.162873268127,0.081412203610,0.442725181580,0.349113494158,0.784800469875,-0.204328998923,0.245549589396,-0.170385286212,-0.038656391203,-0.482184141874,-0.099394507706,-0.175764754415,-0.460777431726,0.290141075850,0.045180067420,-0.430834352970,0.002432487905,-0.060573477298,-0.326776564121,-0.447898805141,-0.780556976795,-0.181271791458,-0.183877170086,-0.032013352960,0.097184270620,-0.651116549969,0.163227766752,0.458003342152,0.241594210267,0.437172830105,-0.022423341870,-0.639312148094,0.347668796778,-0.422787845135,-0.514753162861,-0.354262441397,-0.880260169506,-0.207988008857,-0.169759675860,-0.482879728079,0.489526897669,0.552413523197,0.292692899704,1.239642739296,0.550544857979,0.293425559998,0.890080690384,-0.881902456284,0.480875283480,-0.232967317104,-0.254485160112,0.334082275629,-0.729182481766,-0.566810846329,0.609525501728,-0.231209829450,0.457443565130,-0.161766618490,-0.481163412333,0.066977791488,0.261070579290,-0.117166899145,0.459406852722,-0.204670608044,0.176279231906,0.619259595871,0.366301417351,0.621531546116,0.774901807308,0.206444546580,0.622910380363,-0.217075899243,0.301093459129,-0.209494411945,-0.365758121014,-0.583163261414,-0.355460166931,-0.502771794796,-0.060264788568,-0.450631767511,-0.136215209961,0.071431182325,-0.183313280344,0.456455737352,0.068949304521,0.411728441715,-0.195928454399,0.679479062557,0.165569707751,0.268973082304,0.480858832598,0.304320305586,-0.055087003857,-0.010528433137,-0.047081608325,0.043406121433,0.039742983878,0.124291494489,-0.708010375500,0.138083830476,-0.422018140554,-0.077345706522,-0.035544782877,-0.547293305397,-0.426422148943,0.337420254946,0.142533093691,-0.121138721704,-0.006935266312,0.073781348765,0.063664503396,-0.041072413325,-0.480175584555,0.344223797321,-0.481517404318,0.257436245680,-0.065940588713,-0.702643275261,-0.180687353015,-0.109992906451,-0.143183410168,-0.287523388863,-0.353739738464,0.176950126886,-0.641707599163,-0.168619573116,-0.066603250802,0.960758686066,0.321047246456,0.569272160530,0.687908411026,0.684866786003,0.742184579372,0.291178286076,-0.271883010864,0.338387489319,-0.117282137275,0.008910890669,-0.510238051414,-0.628915429115,0.117257438600,-0.018965996802,-0.493585169315,0.252789407969,-0.219821184874,0.088540911674,0.032778907567,0.102098636329,-0.070406325161,-0.173624485731,0.542304873466,0.191931948066,-0.145904004574,0.388086795807,0.216635495424,-0.264252156019,0.849074125290,-0.020612351596,-0.103860244155,-0.517494320869,-0.201723650098,0.087701283395,0.091887138784,-0.814397811890,-0.820349395275,-0.262301236391,-0.178588256240,-0.349648535252,0.084898360074,-0.354418843985,-0.154810771346,0.339790999889,0.524013876915,0.193290174007,0.780396521091,0.588345170021,0.264141023159,0.729260683060,0.171023249626,0.024748817086,-0.000794365769,-0.153884708881,-0.079115539789,-0.479982137680,0.061343148351,0.190845340490,-0.378620266914,-0.054580751806,-0.398973315954,-0.201480805874,0.306604623795,0.017706537619,-0.756248593330,-0.444149255753,-0.109276741743,0.001304735430,0.164042711258,-0.272595047951,-0.047534354031,0.540415644646,0.397738516331,0.613855421543,0.387543499470,-0.387107223272,0.484777152538,0.084647290409,-0.773757576942,-0.371458619833,-0.695374667645,-0.908495187759,0.033709097654,-0.541226565838,0.135478466749,0.719806492329,-0.066245168447,0.567806899548,0.776803314686,0.647227048874,1.300776004791,0.473170369864,0.041043605655,0.554644286633,-0.109935291111,0.387387096882,0.455373257399,-0.264556735754,0.184099420905,0.037944342941,-0.496585637331,0.175801798701,-0.309028863907,-0.438843905926,0.004185854923,-0.007441519760,-0.029025221244,0.103053532541,-0.214100107551,0.231810748577,-0.070089407265,0.705701410770,0.661982476711,-0.466251581907,0.227855399251,-0.081881411374,0.039393134415,-0.047238007188,-0.304402619600,-0.232407554984,-0.774840056896,-0.589365899563,-0.302760362625,-0.754865646362,-0.314309537411,-0.049353573471,-0.479438871145,-0.283074110746,0.115825116634,-0.082120135427,-0.217911407351,0.889763772488,0.392231464386,0.244541198015,0.437613219023,0.309000074863,0.849078297615,0.136585637927,-0.231036975980,0.535126745701,-0.062948346138,-0.559941411018,-0.070472180843,-0.380830496550,-0.065261475742,0.066664986312,0.292919307947,0.166895017028,0.827157080173,0.549577653408,0.002177303191,-0.099575601518,-0.200838729739,0.594448983669,-0.034392334521,-0.528611302376,0.137470558286,-0.039335511625,-0.812780261040,0.835306525230,-0.145121976733,-0.089878581464,0.544955492020,-1.215235590935,-0.616670668125,0.224620297551,-1.254888057709,0.106370933354,-1.203233718872,-0.563188910484,0.489526897669,-0.267528414726,0.268911331892,0.120101526380,-0.356472671032,1.017537355423,0.096727415919,0.114059403539,0.421618908644,-0.130440622568,-0.302978515625,-0.067780390382,-0.009425376542,-0.186498969793,0.215799957514,-0.172986522317,-0.041043605655,0.525886654854,-0.647177636623,-0.222578823566,0.482332319021,-0.064998053014,0.205670773983,0.050135593861,-0.340964019299,0.608912229538,0.723889529705,0.034795690328,0.553430140018,0.409991502762,0.027946857736,0.730339109898,0.031128438190,-0.407188594341,0.355303764343,-0.129399314523,-0.616394877434,0.227118641138,-0.268997758627,-0.921945869923,-0.521342694759,-0.045801565051,-0.373730599880,0.106432668865,-0.453833937645,0.070776753128,0.359152108431,0.363782495260,0.254752695560,0.698761999607,0.079020872712,0.556817471981,0.473293840885,-0.309032976627,0.466095149517,-0.351821720600,-0.421367824078,-0.121406257153,-0.327525645494,-0.801338136196,-0.073604367673,0.130140155554,-0.834310472012,0.461374253035,0.039121486247,0.253238052130,0.027959207073,-0.710381150246,0.097595870495,-0.316371589899,-0.109675981104,-0.039808839560,-0.415041714907,-0.335140049458,0.927477657795,-0.114808492362,0.329867601395,0.498672395945,-0.132445067167,-0.273434698582,0.010310291313,-0.412584513426,-0.270380705595,-0.517823576927,-1.184094786644,-0.027325360104,-0.155518710613,-0.415445089340,0.018060503528,0.014463219792,0.440177440643,0.315396159887,0.801420390606,0.402418285608,0.060762811452,0.587521970272,-0.045031893998,-0.071110144258,0.827058255672,0.154358029366,-0.483826398849,0.280448168516,-0.183070436120,-0.236469939351,-0.148381769657,-1.142437934875,-0.149698853493,0.037755012512,-0.071114256978,0.105510711670,0.058478489518,-0.204641789198,0.215289592743,0.235194012523,0.187614396214,0.841426849365,0.120060361922,0.125341042876,0.656327247620,0.125625044107,0.244932189584,-0.123497128487,-0.456760317087,0.700177848339,0.008968513459,-0.389510899782,-1.049056768417,-0.905288875103,-0.366214960814,-0.965393126011,-0.689151406288,-0.487773507833,-0.648684024811,0.595383346081,-0.182691782713,-0.028144421056,0.665164053440,-0.015368714929,0.444914817810,0.800128042698,-0.070031777024,-0.128625512123,-0.431336492300,-0.528002202511,0.093591108918,0.013586536050,-0.925226211548,0.163808107376,0.687826097012,-0.279851377010,0.248130246997,-0.087569564581,-0.112026162446,0.782808423042,0.406941682100,-0.735558032990,0.122167691588,0.052601009607,-0.037705622613,0.763274431229,-0.446803987026,0.468358904123,0.875987946987,-0.073139272630,0.734734892845,-0.183519065380,0.007560880855,0.869587719440,-0.908190548420,-0.316836714745,-0.318244338036,-0.422001689672,0.327945470810,-0.499882459641,-0.603993773460,0.248204320669,0.113083936274,0.851897597313,0.437263399363,-0.221142381430,0.485036462545,0.816039979458,-0.002465415047,-0.068241372705,-0.567757546902,-0.600787460804,-0.322187364101,0.324282348156,-0.789970040321,-0.732820987701,-0.538962781429,0.002988132415,-0.115158341825,-0.263000935316,-0.888471424580,-0.329102039337,-0.127213776112,0.278661876917,-0.868138909340,-0.346504002810,-0.044052317739,-0.254752695560,0.237737625837,0.468663483858,0.205201551318,0.397524505854,-0.300052136183,0.425154447556,0.060433536768,0.001712208032,0.138219639659,-0.034717489034,-0.153493687510,-0.086478859186,-0.277698755264,-0.172908321023,0.232885003090,-0.049098391086,0.038121327758,0.376949220896,0.620004594326,0.755367815495,0.880552411079,0.638402521610,0.120167374611,0.568267881870,0.102131575346,0.734887123108,0.017467815429,0.362453043461,-0.344232022762,-0.426463276148,-0.056251801550,0.218150123954,-0.425080388784,-0.711591184139,0.442482322454,0.042043764144,-0.229016065598,0.192751020193,-0.576841294765,-0.108951590955,0.077098757029,-0.303966343403,-0.277344793081,-1.008589386940,0.055362764746,-0.554611384869,-0.220648467541,0.039928201586,-0.345248669386,0.014360322617,0.111379966140,-0.393165767193,0.454212605953,-0.916780471802,-0.891245543957,-0.302690416574,-0.953790426254,-0.696304857731,-0.036590218544,-0.671856462955,0.058746024966,0.091220356524,0.160474240780,0.969043970108,0.926670908928,0.371664404869,0.705462694168,-0.082955658436,0.535900533199,0.226723521948,-0.704907059669,0.379295229912,-0.717839121819,-0.480241447687,0.084149263799,-0.565333247185,0.174682274461,-0.433151632547,0.140825003386,-0.253517925739,-0.227130994201,0.322631865740,-0.490835726261,0.027362402529,0.340515404940,0.017529552802,0.243792101741,0.090203732252,0.285745292902,0.340996950865,0.725453555584,0.549968659878,-0.056959729642,-0.178748771548,-0.217882603407,-0.299179553986,-0.132622048259,-0.527878701687,-0.590189099312,-0.859367907047,-0.716674327850,-0.256279677153,0.039524842054,-0.536637306213,0.221471652389,0.394676327705,0.001786294160,1.032741308212,1.162268280983,0.414337903261,0.637003123760,0.370055109262,0.593650519848,0.143236920238,-0.116574205458,-0.010199163109,-0.379081219435,-0.130782246590,-0.373434245586,-0.015578623861,0.159202426672,-0.685434758663,0.534525871277,0.072336673737,0.040286280215,-0.142738893628,-0.232868522406,0.419215232134,-0.333061516285,-0.040792535990,0.012602839619,-0.362062066793,0.540415644646,-0.007281000260,0.122616320848,-0.152752831578,-0.017294948921,0.327990770340,0.071986824274,-0.445935547352,-0.438494026661,-0.718254864216,-0.322240859270,-0.643448650837,-0.540954887867,-0.248142585158,-0.004729151726,0.438699811697,-0.054387301207,-0.401936709881,1.348470926285,1.011149406433,0.603915572166,0.343585819006,0.059289321303,0.261177599430,0.316857278347,-0.235885486007,-0.258103042841,-0.216112762690,0.128057524562,0.077271617949,-0.108799301088,-0.576754868031,-0.550882339478,0.395478934050,0.001263576676,-0.245882958174,0.339091300964,-0.598071038723,-0.015586856753,0.296668857336,-0.041726838797,0.053856350482,0.388321399689,-0.013187295757,0.190112724900,0.366918772459,-0.217664450407,-0.712492585182,0.158601507545,-0.503566205502,-0.621609747410,0.021707177162,-0.821349501610,-0.458192676306,-0.049641687423,-0.398709893227,-0.854202508926,-0.455072790384,0.234938830137,-0.206345766783,0.418569028378,0.247237101197,0.291104197502,0.203567564487,0.942364752293,0.195105299354,0.506208539009,0.583286702633,-0.079370722175,-0.116763539612,0.459917217493,-0.323685526848,0.389885455370,-0.491173267365,0.083889961243,0.240906864405,0.368882060051,0.515012443066,0.759952902794,-0.031865183264,0.147640898824,0.094377234578,0.181588739157,0.327731430531,0.414580732584,-0.066681452096,0.021591931581,0.276793271303,0.004017103463,0.490724623203,0.531702339649,-0.150225684047,0.452582687140,-0.363893628120,-0.428673535585,-0.483377754688,-0.599079430103,-0.687426865101,-0.021888276562,-0.447125047445,-1.010774970055,0.206234648824,-0.222344219685,0.364918470383,0.878008782864,-0.014529073611,0.744460701942,-0.075987465680,0.442334175110,0.398845702410,-0.529121696949,-0.191438034177,-0.519120097160,0.244306579232,-0.111536368728,-0.558863043785,-0.140643909574,-0.102127447724,-0.263638913631,-0.634163200855,-0.312856644392,0.338247537613,-0.337506681681,-0.498178482056,-0.081667385995,0.287498682737,0.106412082911,0.536666154861,0.092199936509,0.267832994461,0.828218936920,0.322343766689,0.353319913149,0.106918349862,-0.674066722393,0.586180210114,-0.664184451103,-0.758549332619,0.548355221748,-1.167133212090,-0.786924242973,-0.172455579042,-0.794460475445,-0.182263731956,-0.388967573643,-0.193335458636,0.472857564688,0.086157813668,0.094895839691,0.972176134586,0.836845815182,0.526973247528,1.088746309280,-0.084342718124,0.923843264580,0.444717258215,-0.508385837078,0.178135484457,-0.719176828861,-0.346750944853,-0.170998558402,-0.783693313599,0.755446016788,0.134540051222,-0.556681692600,0.689608275890,0.016307136044,0.286177486181,0.429702490568,-0.263112068176,0.178567662835,-0.080811284482,0.600655794144,0.124126859009,-0.409357696772,0.410357832909,0.770567715168,0.660529553890,0.362391322851,0.054453156888,-0.233189582825,0.559830307961,-0.730297863483,-0.403529584408,-0.308218032122,-0.484962373972,-0.793480873108,0.388539522886,-0.180666759610,0.089549310505,0.273512899876,0.162560984492,0.279192835093,0.929313302040,0.243701547384,0.404801398516,-0.432254374027,0.036717809737,0.023452313617,-0.577635645866,-0.794266998768,-0.537703335285,0.008828572929,-0.560373604298,-0.218339458108,0.001041318872,-0.464477628469,-0.065771840513,-0.283987820148,-0.017266137525,0.387971520424,0.084375642240,-0.074950262904,-0.419400453568,0.168911799788,0.553063809872,-0.014125716873,0.891352474689,0.504286468029,-0.070912577212,0.837870717049,-0.244347751141,-0.071274779737,-0.173867329955,-0.243833243847,-0.324249416590,-0.731524467468,-0.355830609798,-0.345808416605,-0.256958812475,-0.097192503512,0.040187500417,-0.324290573597,-0.293631345034,0.688492894173,0.357472807169,0.537904977798,0.248875200748,0.314877539873,0.120443135500,0.444293290377,-0.098966456950,-0.064178995788,-0.260658979416,-0.111528135836,-0.637274801731,-0.011919602752,-0.448001712561,0.413168996572,0.382225781679,-0.612159669399,0.145377174020,-0.025090435520,-0.088207527995,0.570416331291,-0.385576069355,-0.324829757214,-0.013409553096,-0.091948866844,0.152267158031,0.178629398346,0.474894911051,-0.153304368258,0.171381339431,0.624437332153,0.442033708096,0.158070564270,-0.760730743408,0.209527343512,-0.840842366219,-0.473549038172,0.617728471756,-0.141738727689,-0.693213820457,0.360181093216,-0.059593897313,1.012894630432,0.626758694649,0.063718013465,0.585143029690,0.654857873917,-0.142903521657,0.828268289566,-0.435864001513,-0.591008126736,0.019027736038,0.147661477327,-0.334004044533,-0.076394937932,-0.443042099476,-0.266289532185,0.379682153463,-0.169450983405,-0.056618113071,-0.264556735754,-0.420849233866,-0.123278982937,-0.080280333757,-0.447730094194,0.200756400824,0.469284981489,-0.097134880722,0.532784819603,-0.318458348513,-0.228727951646,0.864195883274,-0.252060890198,-0.034445840865,-0.354723423719,-0.116516590118,0.416790962219,-0.231707856059,-0.062059313059,-0.372993826866,-0.485900819302,-0.122447580099,-0.453459382057,-0.133239433169,-0.219265550375,0.152769297361,0.059762645513,-0.312675535679,0.486942112446,0.645864665508,0.675132751465,0.477553784847,0.304649561644,0.718098402023,0.943792998791,0.650766670704,-0.293890625238,-0.194014579058,-0.310773998499,-0.148756310344,0.188034206629,-0.327871382236,-0.393597960472,-0.298611551523,0.172056332231,0.193520680070,0.297331541777,-0.668946564198,-0.245549589396,-0.017418425530,-0.068270184100,0.500174701214,-0.541160643101,0.481048166752,0.155271768570,0.828272461891,0.423627465963,0.215441882610,0.203114807606,0.086314223707,-0.439490079880,-0.070019431412,-0.453796893358,-0.382275134325,-0.905223071575,-0.344577759504,-0.314305424690,0.247018948197,0.211091399193,0.009079641663,0.772362232208,0.451072156429,0.641468882561,1.220261096954,0.215985178947,0.473894745111,0.565423786640,-0.123081423342,-0.011705576442,0.083721213043,-0.258411735296,-0.038960967213,-0.593177258968,-0.092232860625,-0.168195635080,-0.426944851875,-0.716822504997,-0.123571217060,0.267972916365,0.140047103167,-0.256658345461,-0.635253906250,-0.057346627116,0.250850826502,0.402220726013,0.534130692482,0.049283608794,0.122702762485,0.543819546700,-0.113643690944,-0.311086803675,-0.443091452122,-0.080350302160,-0.384028524160,0.442683994770,-0.684805035591,-1.225047826767,-0.208938777447,0.031437128782,-0.202666178346,-0.252884089947,0.044657349586,-0.306048959494,0.010795965791,0.277233660221,0.858565390110,0.539880633354,0.782092213631,0.779499173164,0.265569239855,0.197615981102,0.776033639908,0.307584196329,0.139721944928,-0.366017401218,-0.171644747257,-0.310053735971,0.132510915399,0.104753389955,0.320071786642,-0.199085354805,0.051308620721,-0.272014737129,0.553993999958,0.013002079912,-0.482414662838,0.182354286313,-0.433024019003,-0.563481092453,0.398018419743,-0.378649055958,-0.192108929157,0.372495800257,-0.206004142761,-0.546416640282,-0.005963916890,-0.244689375162,0.177909120917,-0.039022702724,-1.303039789200,-0.550841212273,-0.457797527313,-1.026267051697,0.076172679663,-0.796349644661,-0.154860168695,0.655866265297,-0.190804198384,0.687039971352,0.106679618359,0.235391572118,1.539497375488,0.653635442257,0.063627466559,0.105823516846,-0.507221043110,0.252122640610,-0.047851279378,0.361810982227,-0.127506002784,-0.347504168749,0.781828820705,0.219570115209,-0.049090158194,-0.163828685880,-0.198513239622,0.607965588570,0.090199619532,-0.002691788832,0.251567006111,0.097200743854,-0.016512930393,1.019191861153,-0.130794599652,-0.224743768573,0.724564492702,0.026913771406,0.430064707994,0.199867367744,-0.765254080296,0.432632982731,-0.542568266392,-0.488613158464,-0.316869616508,-0.491239100695,-0.179374366999,0.055247522891,-0.099633224308,-0.254925578833,-0.397244602442,0.270179033279,0.245738923550,0.352356791496,0.684146523476,0.065417870879,0.130387112498,0.532130420208,0.052975554019,0.442511111498,0.030766239390,-0.059824384749,-0.068665310740,-0.466193944216,0.426183432341,-0.132831946015,-0.265544563532,-0.107605695724,0.122517541051,-0.007289232221,0.355237901211,-0.396326780319,-0.293022185564,0.137017801404,0.068154938519,-0.218998000026,-0.114520385861,-0.307966977358,0.106646694243,0.625482797623,0.175023883581,0.451529055834,-0.089154183865,0.082935079932,-0.215371906757,-0.401665091515,0.439374834299,-0.931293010712,-1.046315550804,-0.543963551521,-1.021690249443,-0.327307522297,-0.135462000966,-0.351019144058,0.131358459592,0.232642158866,0.771625518799,0.019760362804,0.859573721886,0.486324727535,0.100102432072,-0.410378426313,0.699206590652,-0.033742025495,-0.695419907570,-0.382308095694,-0.169364541769,-0.056935038418,-0.070826150477,-0.014393249527,0.055099349469,-0.021888276562,0.046653557569,0.290824323893,0.218364149332,0.158025279641,0.571926891804,0.365980386734,0.282732486725,0.621951341629,0.975888669491,0.510275065899,0.244557648897,0.668851912022,0.400825440884,0.206831440330,-0.048633292317,-0.346059501171,-0.199348777533,-0.190816551447,-0.390729188919,-0.892233312130,-0.906371355057,-0.211107850075,-0.025374429300,0.096916735172,-0.311745375395,-0.579845845699,0.132346287370,0.088495634496,0.613439738750,0.178991615772,-0.111001297832,0.677404642105,0.510176301003,-0.047073375434,0.467922598124,-0.783516287804,-0.266310095787,-0.266318321228,-0.447421401739,-0.286029309034,-0.695769786835,-0.136684417725,-0.120307318866,0.039640087634,0.007898382843,0.122920908034,0.503664970398,-0.220133990049,0.105177327991,0.073517933488,0.103411607444,-0.167685270309,0.076938241720,-0.280925601721,0.107696250081,0.433513790369,0.251776903868,0.342046499252,0.410147935152,0.091985918581,-0.126785725355,-0.174945682287,-0.068233139813,-0.398071944714,-0.196249514818,-0.304954141378,-1.072751879692,-0.292104363441,0.578187167645,0.287305235863,0.589950323105,0.345627307892,0.551981329918,0.904449284077,0.497915059328,-0.294442176819,-0.029885441065,0.450002074242,-0.412345826626,-0.486431747675,-0.524655938148,-0.710562229156,-0.081523329020,0.329929322004,-0.135791271925,-0.561740100384,0.238330319524,-0.190857708454,0.088940151036,0.404459774494,-0.605158567429,-0.105185553432,-0.032737750560,-0.067698076367,0.556587040424,-0.114664435387,0.700169622898,0.971583425999,0.751214802265,0.333176761866,-0.322594821453,0.287815600634,0.051975395530,-0.383555203676,-0.249068647623,-0.687575042248,-0.501574099064,-0.173295214772,-0.211819902062,-0.381838887930,-0.460987359285,0.497705161572,0.086857520044,0.435872226954,0.361403495073,0.155321151018,0.303365409374,-0.235605597496,0.291017770767,0.914940655231,-0.177905008197,-0.178835183382,0.032268535346,-0.084285087883,0.276953786612,-0.128921851516,-0.673564553261,0.101612970233,-0.298220545053,0.050115011632,0.052321128547,-0.175040349364,-0.146953552961,-0.546177923679,-0.028461344540,0.067113615572,0.159865081310,-0.328727483749,-0.329921096563,0.103090569377,-0.181358233094,-0.031943380833,0.427652776241,-0.068179637194,0.216071605682,0.242890700698,-0.115948595107,-0.280304104090,-0.766702950001,0.163174256682,0.042237211019,-0.865142583847,-0.775741398335,-0.164758875966,-0.456167638302,0.118673309684,0.898024320602,0.275616109371,-0.196969777346,1.036783218384,1.095179319382,-0.231168672442,1.097072720528,0.027675209567,-0.555134117603,-0.366527765989,-0.274751782417,-0.122780963778,-0.627170324326,-0.790179908276,-0.379072993994,-0.147398069501,-0.483204901218,0.287737399340,-0.257189303637,-0.409954488277,0.231506183743,-0.088520333171,0.169549763203,0.271611362696,0.338733196259,0.130691692233,0.136206984520,0.215688839555,0.662731528282,0.550186753273,0.010153887793,0.023905059323,0.216709569097,-0.156296610832,0.491070330143,-0.533871412277,-0.630784094334,-0.709105253220,-0.334823131561,-0.049530558288,0.167689383030,0.216956526041,-0.029152812436,-0.049921568483,1.073109984398,0.213972508907,0.837434411049,0.961775243282,0.363659024239,0.328480541706,1.015504121780,-0.383452296257,0.176324501634,-0.234144464135,-0.818526029587,-0.294442176819,-0.074316419661,0.148509353399,-0.211482390761,-0.492510914803,-0.351212590933,0.412930279970,0.208399608731,-0.394347041845,0.048567440361,-0.588411033154,-0.082066625357,0.514983594418,-0.346071839333,-0.000864335860,-0.213849037886,-0.158502727747,0.105247296393,-0.267466664314,-0.087828874588,-0.450141996145,-0.796872377396,0.427525192499,-0.679437935352,-0.756754815578,-0.502800583839,-0.328542292118,-0.086059033871,-0.142450779676,0.442552298307,0.442338287830,-0.252237886190,0.437181055546,0.678437769413,0.070710904896,0.741044521332,0.427377045155,0.277818113565,0.963907301426,-0.098711267114,-0.372043073177,0.250389873981,-0.401409894228,-0.065207965672,0.254131197929,-0.749811351299,-0.176756680012,0.053724646568,-0.024370154366,-0.058614317328,-0.154337450862,-0.071756340563,0.328130692244,-0.066253401339,0.218685194850,-0.440584897995,0.374380886555,0.070970207453,0.226649448276,0.110836669803,-0.311387270689,-0.197628319263,0.405780971050,-0.992068171501,-0.081580951810,0.330044597387,-0.969521343708,-0.307888776064,0.102427907288,-0.972361326218,-0.412884980440,-0.682743012905,-0.526145875454,0.014903619885,0.130024924874,0.114359863102,0.416144788265,-0.189890459180,0.743559300900,0.605039238930,0.417058497667,1.069562077522,-0.109696567059,0.130843982100,0.423471033573,0.120920576155,0.268392741680,-0.773481786251,-0.056626345962,0.019916767254,0.080206252635,0.777881681919,-0.317614585161,-0.206197589636,0.371133446693,-0.249336197972,0.271080404520,-0.310057848692,-0.058848921210,0.403064489365,-0.548952043056,0.065253242850,0.561303794384,-0.284436464310,0.457859247923,0.703310072422,-0.138573616743,-0.060268901289,-0.313074767590,-0.594156801701,-0.282456725836,-0.269261181355,-0.513613045216,-0.424286007881,-1.230106234550,-0.170689865947,-0.189989238977,0.034663982689,-0.019352890551,0.197871163487,0.215869918466,0.698193967342,0.628314495087,0.405406415462,0.208193793893,-0.121245734394,0.210716843605,-0.038635808975,-0.259605318308,-0.563559353352,0.206926107407,-0.447931766510,-0.271352052689,-0.151468679309,-0.321430027485,-0.091380871832,0.074085928500,0.076691284776,-0.145566493273,0.210963800550,0.470412701368,-0.370923519135,0.300949394703,0.088355705142,0.505274236202,0.647609829903,0.315499037504,0.524038553238,0.402751713991,0.037857908756,0.398504078388,-0.534340620041,-0.305723816156,-0.106436781585,-1.040993690491,-0.238758370280,-0.663921058178,-1.086424827576,0.184206426144,-1.204633116722,0.076399050653,0.173863202333,0.253756642342,0.736735165119,0.844735980034,0.024711772799,0.856548607349,0.418865352869,0.801906108856,-0.041500467807,0.333855897188,-0.017636567354,-0.112540639937,0.014870692044,0.043583106250,-0.826004624367,0.303143143654,-0.097826354206,-0.073036372662,-0.164079755545,0.541382908821,-0.023394688964,-0.281291931868,0.325854599476,0.211795210838,-0.209333896637,0.409913301468,-0.248916357756,0.318886429071,-0.068677656353,0.374899476767,0.532583177090,-0.332822799683,-0.145850509405,0.362798780203,-0.234420239925,-0.370137423277,-0.576236248016,-0.995579004288,0.128020480275,-0.844991207123,-0.786208093166,0.142738893628,-1.025073409081,0.515419960022,-0.037569798529,-0.779050529003,0.204831123352,0.234724804759,0.533048272133,0.979169070721,-0.043039809912,-0.371693223715,0.046863462776,0.011117004789,-0.315301477909,-0.651503443718,-0.283477455378,-0.822765350342,-0.445416957140,0.023357646540,-0.642036914825,-0.555714428425,1.049394249916,0.082560539246,0.198303341866,0.364947259426,-0.109206773341,0.349582672119,1.065882444382,-0.379435211420,1.030535221100,0.230415463448,0.061376076192,0.867167592049,0.127752944827,0.298578649759,-0.163421213627,0.039660666138,0.224385693669,-0.426380991936,-0.355110317469,-0.150913044810,0.111676298082,-0.284568160772,-0.431748062372,0.280308216810,-0.255892783403,0.379138857126,0.304950028658,-0.011927833781,0.543708384037,0.881597816944,0.797893106937,-0.223821818829,0.323450922966,-0.124752469361,0.272702068090,0.210622176528,-0.804787218571,-0.526960849762,0.078440532088,-0.407040446997,-0.142508387566,-0.018472092226,-0.073534399271,0.170105412602,-0.087355546653,0.235613822937,-0.246706143022,-0.491341978312,0.154481515288,-0.496754348278,-0.159581080079,0.276237607002,-0.112557105720,0.547375619411,-0.268232226372,0.571284830570,0.132519155741,0.564271390438,0.011820821092,0.020859304816,-0.156033203006,-1.100530028343,-0.338202267885,-0.543288588524,-0.767266809940,-0.303262501955,-0.472392439842,0.360209912062,0.144558116794,-0.250463932753,1.113746166229,-0.005729312077,0.247274130583,0.657385051250,0.047303866595,0.351797044277,0.291746258736,-0.315165638924,0.065207965672,-0.108511194587,-0.059515699744,-0.102934166789,-0.430184066296,-0.363272130489,-0.207378864288,-0.285251408815,-0.761010587215,0.216557279229,-0.730153858662,0.298944950104,-0.148282989860,-0.454829990864,0.467506885529,0.676108181477,0.704211473465,0.181609302759,0.192174777389,0.555438637733,0.952168822289,0.048806160688,0.005963916890,0.334213972092,-0.614053010941,-0.049308303744,-0.593547642231,-0.575594127178,-0.089648090303,-0.288227200508,-0.362304896116,0.015940820798,-0.242948353291,-0.028568357229,0.589970946312,-0.255909264088,0.911014080048,0.954560160637,0.936837136745,1.039577841759,-0.023123042658,1.161226987839,0.122122421861,-0.412860304117,0.154036998749,-0.480895847082,-0.587674260139,-0.452327519655,-0.721070110798,-0.327085256577,-0.021703060716,0.138787642121,0.584966003895,0.322356104851,-0.214124783874,-0.017982302234,-0.465922266245,-0.610620379448,0.303106099367,-0.885808408260,-0.034149497747,-0.513069748878,-0.586398363113,1.169113039970,0.008943817578,0.229518204927,0.365885704756,-0.502528965473,0.217112928629,0.670831620693,-0.366025626659,-0.739776849747,-0.589863896370,0.013051470742,0.067274138331,-0.026905540377,0.849691510201,-0.547005236149,0.464378833771,1.129295945168,-0.036865979433,0.347228378057,0.502026796341,-0.138137325644,0.333567768335,-0.285354286432,-0.165812537074,0.106564372778,-0.470639109612,0.087215602398,-0.153798267245,-0.061915256083,0.328805685043,-0.922596156597,-0.236506968737,0.269232392311,-0.411345660686,-0.059355176985,-0.032227378339,-0.203653976321,0.329554796219,-0.433579683304,-0.333135604858,0.632813155651,-0.134869322181,0.730870068073,0.475413501263,-0.435991585255,0.684541642666,-0.010203278624,-0.540959000587,0.076880611479,-0.262902140617,-0.225509345531,0.549013793468,-0.357682764530,-0.178526505828,-0.509455978870,-0.525705516338,0.110219284892,0.150386214256,0.255040794611,0.291186511517,0.286123991013,0.402422398329,1.068763613701,0.421314328909,0.820299923420,0.968307256699,0.121044054627,0.281110823154,0.591432094574,-0.069784827530,0.038981545717,-0.481459736824,0.539098620415,0.096665672958,-0.357024192810,0.688719272614,-0.545037865639,-0.263630658388,0.318120867014,-0.441939026117,-0.049608763307,-0.378978341818,-0.399368435144,0.168693661690,-0.508715152740,-0.048390459269,-0.169405713677,-0.379723310471,-0.145710557699,-0.212585449219,-0.095249801874,-0.606409788132,-0.693892955780,-0.608352482319,-0.394758611917,-0.413584679365,-0.612908780575,-0.678437769413,-0.573392152786,0.423343449831,-0.286659032106,0.034412913024,0.461839318275,-0.013026775792,0.582883358002,0.636410474777,0.333991706371,0.557846426964,0.186461925507,0.484591931105,0.469252049923,-0.122525781393,0.166927948594,-0.198801353574,-0.346182942390,0.240157783031,-0.086565293372,-0.239326357841,-0.207181289792,-0.056618113071,-0.150838956237,0.282703667879,0.465872913599,0.232683330774,-0.343845158815,0.331197023392,0.228760883212,-0.002691788832,0.595947206020,-0.114186994731,0.465864688158,0.309024751186,0.272064119577,0.697856545448,-0.419943720102,0.595128118992,-0.482373476028,-1.082790493965,-0.686570763588,-0.070632703602,-1.012145519257,-1.072887778282,-1.149192094803,-0.376212447882,-0.223747730255,0.164561301470,0.378550291061,0.204781740904,0.743752717972,0.954403758049,0.683409750462,0.130370661616,0.264198660851,0.598865389824,0.158017054200,0.061853516847,-0.755635321140,-0.604178965092,0.597486555576,-0.788438916206,-0.163322433829,0.109581314027,-0.075542956591,1.141898751259,-0.123307794333,0.087767124176,0.226348981261,-0.202209308743,0.577483355999,0.443190246820,-0.357024192810,0.384719997644,-0.393474489450,0.814513027668,0.186667740345,-0.798424065113,0.562122881413,-0.520581245422,-0.212309688330,0.644671022892,-1.511719226837,-0.466119825840,-0.516370654106,-1.029996037483,-0.306230068207,-0.299628198147,-0.711229026318,-0.061639491469,0.485773175955,-0.222685828805,0.731392741203,0.309321105480,0.276134699583,0.220985978842,-0.011273408309,0.263050317764,-0.259757608175,-0.705059349537,0.086009643972,-0.409110724926,-0.294425696135,0.031486518681,-0.161013424397,0.022616788745,-0.104757502675,0.265635102987,0.139927744865,0.138017967343,-0.012825096957,0.056013081223,0.033462144434,0.292470663786,0.512036681175,-0.227801889181,0.787796854973,0.686089217663,0.501467108727,1.297923803329,0.094426624477,-0.045159492642,0.814311385155,0.150225684047,0.429537862539,-0.296388983727,-1.071665287018,0.423158228397,-0.164227917790,-0.020678205416,-0.094916418195,-0.566341638565,-0.266577631235,0.154395073652,0.275805443525,0.543605506420,0.254707425833,0.158506840467,0.175958201289,0.800148606300,-0.052461072803,0.288523525000,-0.068089082837,0.132856652141,-0.156514748931,-0.491502523422,-0.212527826428,-0.124917112291,-0.376224815845,0.102172724903,-0.827683866024,-0.321430027485,1.068804740906,-0.358987480402,0.472898691893,0.203398793936,-0.937726140022,0.441832035780,0.291050702333,-0.566263437271,0.530858635902,-0.136165827513,-0.683487951756,0.837298631668,0.104230672121,-0.370108604431,0.955408036709,0.025790134445,-0.353484511375,-0.099122859538,-0.866262018681,-0.029659068212,-0.033351015300,-0.716978967190,-0.307934045792,-0.537620961666,0.132700249553,0.282065689564,0.484443783760,0.141462966800,0.260901838541,0.456167638302,0.647309362888,0.321648180485,-0.131942927837,-0.871793806553,-0.199628651142,0.148217141628,-0.801342189312,0.076160334051,0.054391417652,-0.744365990162,0.156074360013,0.006293188315,-0.378381520510,0.300640702248,0.250879645348,-0.041685681790,-0.124756582081,-0.029054032639,0.068010881543,0.211819902062,0.818196713924,0.810627639294,0.516053736210,0.361687511206,0.295722216368,0.750420510769,0.235572680831,-0.210251748562,-0.329604178667,0.006486634724,-0.051465027034,0.172509089112,-0.133523419499,-0.913417756557,-0.194599047303,-0.430048227310,-0.148941531777,0.017356686294,-0.056177712977,0.536254525185,-0.132161065936,0.038508217782,0.394322335720,0.262083083391,0.624828398228,0.641398906708,0.308489680290,-0.418770700693,-0.426730811596,0.074839137495,0.011088194326,-0.030634529889,-0.794419348240,-1.136045932770,0.048143506050,0.097241893411,-0.115150116384,-0.587538480759,-0.519655168056,-0.051218073815,0.094208493829,-0.613760769367,-0.180679112673,0.055012915283,-0.213437452912,-0.019616307691,-0.270216077566,-0.050839409232,0.440095096827,-0.236873298883,-0.460176527500,0.232601001859,-0.195586860180,0.044196370989,-0.185651093721,-0.648647010326,-0.267083883286,-0.760150432587,-0.204427778721,-0.017068574205,0.128716066480,-0.012541101314,0.068027347326,1.032305121422,0.154485628009,0.123834624887,1.083807229996,0.645679414272,0.128695487976,0.320499837399,-0.704141497612,0.219014450908,0.345084011555,-0.206296369433,-0.516844034195,-0.239449828863,-0.387946844101,0.489304631948,0.015064138919,-0.442589312792,0.313453435898,-0.147912546992,0.049209520221,0.537073612213,-0.920451819897,0.371503889561,-0.305900782347,-0.279662042856,1.257168173790,-0.051642008126,0.225826248527,0.545021355152,0.198628500104,-0.089244738221,0.147072926164,0.271100997925,0.222533553839,-0.153275549412,-0.371573865414,-0.338436871767,-0.220203951001,-0.212079197168,-0.098793588579,-0.387144237757,-0.359308511019,0.669419884682,0.310490012169,0.164734169841,0.836351931095,-0.153971135616,1.175241589546,0.723675489426,-0.164594247937,0.618403494358,0.274525403976,-0.432011514902,0.540967226028,-0.784462928772,-0.192705735564,0.260477900505,-0.549651741982,-0.281119048595,0.198389768600,-0.691197037697,0.108832225204,0.096525736153,-0.529315114021,-0.960581660271,-0.192055433989,-0.416210651398,-0.344182640314,-0.162844985723,-0.033696752042,-0.146414369345,0.496717333794,-0.035590056330,0.051827225834,0.341688424349,0.342363417149,-0.505945146084,-0.179621323943,-0.527462959290,0.060215398669,-1.262078404427,-0.153411373496,0.044007040560,-0.508937418461,0.005774586461,0.683940708637,-0.396874219179,0.509134948254,0.759327292442,0.320343434811,0.664978861809,0.675379693508,0.133778601885,0.681351840496,-0.378196299076,0.483147263527,0.105930529535,-0.731392741203,0.203250616789,0.770242571831,-0.797078192234,0.175398439169,-0.495824187994,-0.339597553015,0.501985669136,-0.292886376381,-0.153127387166,-0.209510892630,0.403587222099,0.448540896177,0.206843793392,0.679763078690,-0.412596881390,0.287836164236,0.398977428675,-0.124719545245,0.587089836597,-0.136132895947,-0.247619867325,0.193335458636,-0.968027293682,-0.691690921783,-0.094249643385,-0.366647154093,0.072328448296,-1.078106641769,-0.960466444492,0.331081777811,0.143364503980,0.719501972198,0.035581823438,-0.177147701383,1.057436704636,0.601429522038,0.731203436852,0.500561594963,0.174966275692,0.413662880659,0.715789437294,-0.413354218006,0.189701125026,-0.398104846478,-0.127880543470,0.108786955476,0.003831889015,-0.029049916193,0.549960434437,-0.713262319565,0.369396537542,-0.073838979006,0.004366953857,0.032013352960,0.190721869469,-0.221805021167,0.390955537558,-0.034799806774,-0.336765825748,0.150493219495,0.440798908472,0.144451096654,0.118574522436,-0.328505247831,-0.506418466568,-0.155790358782,-0.220166921616,-0.656623601913,-0.903547883034,-1.047484517097,-0.515284061432,-0.261552155018,-0.155366420746,-0.052391100675,0.229057222605,-0.086474746466,0.356526196003,0.460160017014,0.380299508572,0.972163736820,0.348895311356,-0.473479062319,0.278637200594,-0.171331942081,-0.078354097903,0.095447368920,-0.551503896713,-0.148805707693,-0.290178120136,-0.261136412621,0.118072390556,-0.454270213842,0.372182995081,0.412815034389,-0.503689646721,0.327184021473,0.556973874569,0.291820347309,0.501125454903,0.199303492904,-0.303048491478,0.189495339990,0.414506673813,0.678269028664,-0.154320985079,-0.134774655104,-0.364630341530,-0.410238504410,-0.024234330282,-0.274146735668,-0.774502515793,-0.438810944557,-0.583307325840,-0.541226565838,-0.358596473932,-0.426311016083,-0.062009923160,0.131333768368,0.105732969940,0.161235675216,0.339795112610,0.785755395889,0.562682628632,0.608426570892,0.502919971943,0.300747722387,0.018085198477,0.202983096242,0.185021385550,-0.503747284412,-0.173649191856,0.171858772635,-0.308172762394,0.243458718061,0.546457827091,0.013886995614,0.137034267187,0.825782358646,-0.073447965086,-0.165470927954,-0.013113209046,-0.424257159233,-0.016401801258,-0.032033931464,-0.180094659328,0.268619120121,0.137783363461,-0.143154591322,-0.087404936552,-0.147900208831,0.168030992150,0.087656006217,-0.642547249794,-0.208037391305,-1.096344113350,-0.476335495710,-0.160684153438,-1.297808527946,-0.129633918405,-0.492469757795,-0.406480669975,0.927469432354,0.186914697289,-0.131486058235,0.201756551862,-0.325990408659,0.839870989323,0.533962011337,0.054350260645,-0.726910531521,-0.029457386583,-0.150645509362,0.190730109811,-0.029980104417,0.029856627807,-0.609994709492,-0.083400174975,0.259123772383,0.115845702589,-0.306205391884,0.018612032756,-0.119685821235,-0.063396975398,0.852494418621,-0.219438403845,0.474499791861,0.868200659752,0.244133710861,0.973888397217,0.315622508526,0.755256652832,0.376920402050,0.424269527197,-0.034676332027,-0.213198721409,-0.193026766181,0.236655145884,-1.206419348717,0.555261671543,-0.707137823105,-0.707146108150,0.524697124958,-0.764360964298,-0.974011778831,0.273105442524,-0.893542110920,0.030745660886,0.551635563374,0.518436849117,0.383905053139,-0.223225012422,0.214318230748,-0.005157203879,0.345816642046,-0.138339012861,-0.138808220625,-0.864311158657,-0.207580536604,-0.654812574387,-0.654339253902,-0.440498471260,-0.084387987852,-0.293614894152,0.624766588211,-0.133807420731,0.971291184425,-0.344734162092,0.143973648548,-0.025666657835,-0.584262192249,0.588546812534,0.505866944790,-0.727692604065,0.752791225910,0.221673339605,0.303694665432,0.413666993380,0.587163925171,0.079864628613,-0.142570137978,-0.294590353966,-0.187618508935,-0.574355304241,-0.841291010380,-0.404616177082,-0.536085784435,0.058474376798,0.258448779583,-0.105078540742,0.980984091759,0.706734478474,0.387996256351,0.366408407688,0.655117154121,0.640102386475,-0.091031022370,-0.180543303490,-0.113915346563,-0.586941659451,0.269853860140,-0.527611196041,-0.458349049091,-0.029704341665,-0.492556154728,0.384180784225,-0.236268267035,-0.685117840767,0.106650814414,-0.360428035259,-0.423804432154,0.173587441444,-0.426455050707,0.568572461605,0.435600548983,0.358452409506,0.367663770914,0.474042952061,0.334423899651,0.363700181246,-0.478965520859,-0.421750605106,-0.137626960874,0.063096515834,-0.669172942638,-0.292466551065,-0.583015084267,-0.833005726337,0.448450356722,-0.121381565928,-0.023843320087,0.009680560790,-0.878301024437,0.694930136204,0.107733286917,0.206024736166,1.025983095169,-0.070986665785,0.196846321225,0.515177071095,0.158045873046,0.582512974739,-0.341634899378,-0.273389428854,-0.261087030172,-0.952679216862,-0.268829017878,-0.649573087692,0.025744860992,-0.238116294146,-0.613032281399,0.038446482271,0.401821494102,-0.014232729562,-0.047838933766,0.565464973450,-0.421787679195,0.059441611171,-0.127761185169,-0.891780495644,0.624774873257,0.022847278044,0.048168200999,0.468577027321,-0.027555849403,0.682660639286,0.719143927097,-0.288074910641,-0.165116965771,-0.237132593989,-0.032877687365,-0.299377143383,-0.226501271129,-0.621700286865,-0.341457933187,0.763550162315,0.377134442329,0.347677022219,0.632541537285,0.375224679708,1.078971028328,-0.117290377617,0.458423137665,-0.288811653852,-0.390099465847,0.109585441649,-0.630598843098,-0.251229494810,-0.480681836605,0.058729559183,0.051963049918,-0.726729452610,-0.124764822423,-0.053848125041,0.448368042707,-0.288478255272,-0.562283396721,-0.266334801912,0.438000112772,-0.784648239613,0.578578174114,0.043978232890,-0.163108408451,1.266902327538,0.603038907051,0.183420285583,0.068039692938,0.201114475727,-0.074349343777,-0.052646283060,-0.173657417297,0.041146501899,0.086351267993,-0.699124217033,0.054457273334,-0.106642581522,-0.514378607273,0.601462483406,-0.198978349566,0.215968698263,0.173521593213,-0.202131107450,0.503463268280,0.547009348869,-0.345479130745,1.046628355980,0.034314133227,-0.049822788686,0.562904894352,-0.062256876379,-0.239577427506,-0.600170135498,-0.362625926733,-0.392346709967,0.075522370636,0.092615641654,0.002543616807,-0.529352188110,0.236881524324,0.014422060922,-0.670140147209,0.094611845911,-0.658990204334,-0.253233939409,0.087738320231,-0.639196932316,-0.858676493168,-0.264597892761,-0.510180413723,1.052411198616,0.175805911422,-0.645004391670,0.115174807608,-0.185577020049,-0.188775062561,-0.291112422943,-0.856206893921,-0.177493423223,-0.332053124905,-0.242861911654,-0.064570002258,-0.278102129698,0.141388878226,0.838887333870,0.196134254336,0.854395925999,0.681146025658,1.193511962891,0.511563360691,-0.115606971085,0.254431664944,0.121352754533,0.334798425436,-0.345602631569,0.416947364807,-0.604446530342,0.026448678225,0.554401457310,0.176662012935,-0.769386470318,-0.113479062915,0.022019984201,0.136960193515,-0.566588580608,0.090524770319,-0.733631789684,0.595165193081,0.089417591691,0.004906134680,0.174447655678,0.086832828820,0.563752710819,0.773004353046,-0.430282860994,-0.305983126163,-0.663842856884,-0.167755231261,-0.211408317089,-0.764126420021,-0.661821961403,-0.647597432137,-0.467696219683,0.361304730177,-0.274982273579,-0.545963883400,-0.082190103829,-0.171043828130,0.478179395199,-0.153967022896,0.521914780140,1.006140351295,0.069990620017,0.650824308395,0.503298640251,0.345689058304,0.482303529978,0.049925684929,-0.124295607209,0.379184126854,-0.538933992386,-0.252859383821,-0.005103697069,0.169706165791,-0.213717326522,0.471499294043,0.217874377966,0.364733248949,0.519778609276,-0.117368578911,-0.558710813522,0.471598088741,-0.172418534756,-0.202929586172,0.241569519043,-0.413292437792,0.243899121881,0.226851120591,-0.221648633480,0.123143166304,-0.713233470917,0.267458438873,0.130436509848,-0.485065251589,-0.194072201848,-0.758590459824,-0.468363016844,-0.452142298222,-0.828926920891,0.209580853581,-0.238980621099,0.178147852421,0.710706293583,0.386559784412,0.049588181078,0.301291018724,0.518815517426,0.376385331154,0.298442810774,-1.051843285561,0.019801523536,-0.439535379410,0.062977150083,-0.263017386198,-0.570725023746,0.231530889869,0.293474942446,0.182786449790,-0.147406294942,0.028798848391,-0.121011130512,0.043830059469,0.019229413942,-0.306913316250,0.344635367393,-0.434472829103,0.567934453487,0.461711734533,0.066907823086,0.659677565098,0.405801534653,-0.613629043102,0.537485182285,-0.349327504635,-0.097431227565,-0.434114724398,-0.850284159184,-0.257176965475,-0.088186949492,-0.757516205311,-0.082268305123,-0.582410097122,-0.490370631218,0.388868778944,-0.524273216724,0.457550555468,0.161313876510,0.288321852684,0.560377717018,0.690221548080,0.752243876457,0.656290233135,-0.313486397266,0.370602488518,0.255534708500,0.074863828719,0.443009138107,-0.508999109268,-0.261140555143,0.574486970901,-0.111779205501,0.065175041556,-0.004465735052,0.120932929218,0.634220838547,0.436065673828,-0.241067379713,-0.355048567057,0.043797127903,0.602079868317,0.145443022251,-0.112293682992,0.022509774193,0.365807503462,0.238128632307,0.831285297871,0.085561014712,-0.404060542583,0.212116241455,-0.363737195730,-0.445285230875,-0.799189627171,-1.089692831039,-0.977967202663,-0.313865035772,-0.193092614412,-0.193730577826,-0.826593160629,0.155049502850,0.669613301754,-0.084355063736,0.802367091179,0.243392840028,0.010396725498,0.147114068270,-0.843949854374,-0.335012435913,0.034631054848,-0.546503067017,-0.346565723419,-0.349788457155,-0.221957311034,-0.641868114471,0.052065946162,0.255938053131,0.018978344277,-0.602808356285,-0.192084223032,0.097328335047,0.198826044798,0.440914154053,-0.083087369800,0.267417252064,1.170113086700,0.425594866276,0.621045887470,0.608068466187,0.491712421179,0.147167578340,-0.038928039372,-0.565658450127,0.098147392273,-0.180979564786,-0.537917315960,-0.231259226799,-0.866043925285,0.189441829920,0.294808477163,-0.572050392628,0.032231494784,-0.621725022793,-0.093060158193,0.684068322182,-0.121739640832,0.888438463211,0.676157593727,-0.211947500706,0.700642943382,0.630380690098,0.302196502686,0.590720057487,-0.154728457332,-0.704013884068,-0.077979557216,-0.340984582901,-0.491210281849,-0.441864937544,-0.532550275326,0.155382886529,0.153160303831,-0.242623180151,0.378039926291,0.254316419363,-0.599174082279,0.723617792130,-0.115779839456,-0.201316148043,0.600273013115,-0.195957288146,0.053304824978,0.274850577116,-0.153390794992,0.248862862587,-0.060594055802,0.291429340839,-0.378574967384,-0.327344566584,-0.463144063950,-0.414342015982,-0.333036839962,-0.668530821800,-0.465798825026,0.183490261436,-0.135429069400,0.124731890857,0.475701630116,0.145990431309,0.322430193424,0.708245038986,-0.404949575663,0.021484918892,0.588929593563,-0.429418504238,-0.440313249826,-0.203493461013,-0.775148749352,-0.164882346988,0.005980380811,-0.279485046864,-0.115170694888,-0.176361560822,0.157412007451,-0.745506107807,-0.592226445675,-0.052094753832,0.446565270424,-0.092479817569,-0.327048212290,-0.026522761211,0.097390063107,0.146665439010,0.480883508921,0.077650286257,0.224558576941,0.322187364101,0.011392770335,0.765850961208,-0.176509723067,-0.222821667790,0.344610691071,-0.394672214985,-0.230090320110,0.101905189455,-0.364815562963,-0.249611943960,-0.377187907696,0.117648452520,-0.205407366157,0.034906819463,0.118031226099,-0.097875744104,0.977057516575,0.639024019241,0.197331994772,1.063141345978,-0.247076556087,0.278649538755,0.613168060780,-0.250887870789,0.039952896535,-0.170656934381,-0.751770496368,-0.316153466702,0.349191665649,-0.295273572206,0.022320443764,0.252867639065,-0.634257853031,-0.072534240782,-0.130942761898,-0.381225615740,0.466696083546,-0.490469396114,-0.622399985790,0.045303545892,-0.442288875580,0.626540541649,-0.592370510101,-0.015294628218,0.331991404295,0.671835899353,-0.014837764204,-0.256267338991,-0.278151512146,-0.341194510460,-0.201962351799,-0.623029708862,-0.470050543547,-0.503800749779,-0.171348407865,0.393597960472,0.385353833437,0.106177486479,1.049937486649,0.709306895733,-0.012022499926,1.198385119438,-0.122414648533,0.308794260025,0.031791094691,-0.513855874538,0.353649169207,-0.732417643070,-0.044780828059,-0.063545145094,-0.492021113634,0.377377241850,-0.411514431238,-0.307872295380,0.589069545269,-0.501450598240,-0.428216665983,-0.203131273389,0.419968426228,-0.230814710259,-0.201579585671,0.515358150005,-0.454257845879,0.803968131542,0.489983767271,0.201921209693,-0.142660692334,0.168755397201,-0.274599492550,0.356662005186,-0.543358564377,0.120155028999,-0.531945168972,-0.738307476044,0.289713025093,0.048830855638,-0.592065930367,0.004708572291,-0.106576725841,0.334444463253,0.810347735882,-0.251505255699,0.637756347656,0.309930235147,-0.144393473864,1.220396876335,-0.715740025043,0.838537454605,0.536250412464,-0.388317286968,0.824531137943,-0.568914055824,-0.526903271675,0.315758347511,-0.785701870918,0.172365024686,-0.200925156474,-0.801268160343,0.499598443508,0.290519744158,0.160202577710,0.269635736942,-0.710850358009,0.507048249245,0.145694091916,-0.275871306658,0.368725657463,-0.571243703365,0.338967829943,0.772860229015,-0.628298044205,0.186099737883,0.089557535946,-0.287111788988,0.232288196683,-0.282901227474,-0.811010420322,-0.657677292824,-0.512279510498,-0.348273813725,-0.320359885693,-0.375405728817,0.403360843658,0.351224929094,0.370413154364,0.585336446762,0.266067266464,1.073776721954,0.482365250587,0.354348868132,0.242363885045,-0.401055961847,-0.348109185696,0.007733747363,-0.358917504549,-0.226036161184,-0.299109578133,0.034001328051,0.312333911657,0.019291153178,-0.303336590528,0.246459186077,0.201312035322,-0.290038168430,0.163491174579,0.022497426718,-0.129864394665,0.689060866833,-0.484044522047,0.043953534216,0.338774383068,-0.311461359262,1.202608108521,0.294771432877,-0.681858062744,-0.145208418369,-0.681890964508,0.070859074593,-0.273208320141,-0.754355311394,-0.493778616190,-1.017780184746,0.061162050813,-0.408678561449,-0.212198570371,-0.118409894407,-0.215767025948,0.185679927468,-0.215651795268,0.463057637215,0.629796266556,0.483102023602,0.527133703232,-0.050493676215,0.092195823789,0.824765682220,0.547408580780,-0.036195091903,-0.320133537054,-0.854330122471,0.318162024021,-0.363053947687,-0.338848441839,-0.238569036126,-0.085972599685,0.101761139929,0.076608963311,0.544692099094,-0.342849105597,0.317643404007,-0.259140223265,-0.585151255131,0.332489430904,-0.235346302390,0.125657960773,0.122377604246,-0.142603054643,0.233967468143,0.005041958764,0.135704845190,0.247117727995,-0.583846509457,-0.052526924759,-0.315169751644,-1.142318606377,-0.194343864918,0.083861157298,-0.546457827091,0.018315687776,-0.048876132816,0.417712926865,0.876160740852,0.671358466148,1.208061575890,-0.181156560779,0.456501036882,0.524820625782,0.030474012718,-0.288474142551,-0.439086705446,0.363819509745,-0.219710037112,0.447018057108,-0.506648957729,-0.078456997871,0.229526430368,0.461876392365,0.073501475155,-0.049880407751,-0.123110234737,-0.144204154611,0.304843008518,0.215857580304,-0.036495551467,-0.348240911961,0.504673361778,0.620819509029,0.288733452559,0.043867100030,0.373685300350,0.500433981419,0.299792826176,-0.054811239243,-0.391947478056,-0.672576725483,0.078197702765,-0.485781401396,-0.724794924259,-0.433447986841,-0.660496652126,0.038524679840,-0.165833115578,-0.165948361158,0.808569729328,-0.238552570343,0.126653999090,0.393589735031,-0.547869563103,0.314111977816,0.367951899767,-0.065277934074,0.151847332716,0.306501716375,-0.813352346420,0.109145037830,-0.252225548029,-0.138190835714,-0.236556366086,-0.557397842407,-0.135301485658,0.247422292829,-0.066570326686,-0.447915315628,-0.016780462116,0.367881923914,0.634377241135,-0.379933238029,-0.005305375438,0.238614320755,0.499528467655,0.174023732543,0.314807564020,-0.020196646452,0.223492547870,0.110441543162,-0.259300768375,0.196500584483,-0.485793799162,-0.603067696095,0.151583924890,-0.833507835865,-0.342519819736,0.165787845850,-0.425570160151,-0.500466942787,0.022205200046,0.289844721556,0.561764776707,0.300496637821,0.875090599060,0.759747087955,0.641123175621,0.716847181320,0.014290353283,-0.387181282043,-0.019842680544,-0.418478459120,-0.371689110994,-0.148184195161,-0.019990852103,-0.447569549084,-0.010363798589,-0.170451149344,-0.410053282976,0.801873147488,0.249175682664,0.210988476872,0.144899725914,0.566876709461,-0.011363958009,0.270590633154,-0.144389361143,0.218833371997,0.669506311417,0.547515630722,0.578965067863,-0.107852645218,0.009956325404,-0.326793044806,-0.208053871989,0.291849166155,-0.732376396656,-0.518971920013,-0.129498094320,-0.474754989147,-0.430159389973,-0.211033761501,-0.664847075939,-0.022941943258,0.295302391052,-0.300739467144,0.219586580992,0.327381581068,0.214956209064,0.262103676796,0.381427288055,-0.364523351192,0.531043827534,0.536456227303,0.170825690031,0.079169049859,-0.113940037787,-0.733578264713,0.377953469753,-0.515341699123,-0.311457246542,0.027029016986,0.151180565357,-0.259395420551,0.193779975176,-0.383201241493,-0.326908290386,-0.229361802340,-0.491613656282,0.160124391317,-0.069747790694,-0.251476466656,0.381575435400,0.038335353136,0.371561527252,0.804626703262,-0.092936687171,0.379855006933,0.565123319626,-0.478298723698,0.030815629289,-0.680454552174,-0.495902389288,-0.332497656345,-0.443721234798,-0.371244609356,-0.145743474364,-0.413024961948,0.580714344978,0.415543854237,0.434427529573,0.402175456285,0.543910026550,0.478352248669,0.266392409801,0.400220394135,-0.026670934632,-0.351961672306,0.278575420380,-0.217619165778,-0.111569292843,-0.240273013711,0.165499731898,-0.143253371119,-0.158058211207,-0.646617889404,0.270133763552,-0.134852856398,0.391268342733,-0.127501875162,0.571235477924,-0.197381392121,-0.159115999937,0.924991607666,0.617576181889,0.045204762369,1.247446417809,-0.008947934024,-0.061450161040,0.934104204178,-0.277645260096,0.011248713359,0.093311227858,-0.471050679684,-0.375628024340,-0.819094061852,-0.338663250208,-0.415667325258,-0.424380689859,-0.306728094816,-0.405369400978,0.590197324753,0.202744379640,0.077115222812,0.092471584678,0.967533409595,0.363720744848,0.973501503468,-0.008289392106,-0.029535589740,0.607405841351,-0.310922175646,-0.182938739657,-0.305069386959,-0.827391624451,-0.490831613541,-0.225015431643,-0.123237825930,-0.832338929176,-0.017163241282,-0.205275639892,0.320508062840,-0.520992815495,0.398018419743,-0.164310246706,-0.482636898756,0.154251024127,0.396162182093,-0.487073808908,0.437374502420,0.045801565051,-0.046542428434,-0.020237807184,-0.034161843359,0.586661756039,-0.443667709827,-0.247973829508,-0.736372947693,-0.701260328293,-0.288507044315,-0.058647245169,-0.739809751511,0.037804402411,-0.216252714396,0.892381429672,0.603648066521,0.116812936962,0.570963799953,0.594646573067,-0.073727846146,0.651305854321,0.292989253998,-0.497561126947,0.317820400000,-0.182490110397,-0.176254540682,0.050880569965,-0.259453058243,-0.375944942236,-0.705474972725,0.240104272962,-0.042344223708,-0.630631744862,-0.093899793923,-0.074806205928,-0.034186538309,0.320960819721,0.484670132399,0.163100168109,0.253517925739,0.900827288628,0.495931208134,0.020966317505,0.547787249088,0.461625307798,-0.027391213924,-0.121467992663,-0.414588958025,0.127217888832,-0.108885742724,-0.489596873522,0.026983739808,-0.490741074085,-0.038430016488,0.145303085446,-0.094718858600,-0.126954466105,-0.141676992178,0.019994968548,0.598552584648,-0.048645641655,0.566946685314,0.021023940295,0.473129212856,0.618016600609,0.211153134704,0.200863406062,0.428455382586,0.121509157121,-0.129481628537,0.102950625122,-0.678841114044,0.401813268661,-0.563324689865,-0.118323460221,0.267491370440,-0.132585003972,-0.296244949102,0.549482941628,-0.011738504283,0.247393503785,-0.530607521534,-0.336243093014,-0.237046152353,-0.296565979719,-0.472017884254,-0.088619112968,-0.758541107178,0.013446596451,0.727400362492,-0.147780850530,0.182033255696,0.255789905787,-0.438498139381,-0.083136759698,-0.755890488625,-0.176859572530,-0.311564266682,-0.526623368263,-0.463111132383,-0.222093150020,-0.140903204679,0.584163427353,0.456241726875,0.169298693538,-0.398693412542,1.061618447304,0.805519878864,0.123575329781,0.047275051475,-0.321944504976,-0.512427687645,0.785125613213,-0.340453654528,-0.741904735565,-0.178296029568,-0.094739437103,0.631006300449,0.337531387806,-0.550713658333,-0.732104778290,0.362329572439,-0.241713583469,0.257086396217,-0.091648407280,-0.346030652523,0.397713840008,0.421441912651,0.452673226595,0.608714640141,-0.004202318378,1.077867984772,0.710187733173,0.518412172794,-0.099250450730,-0.699194192886,-0.301389783621,-0.369087874889,-0.307320773602,-0.748403728008,-0.140960827470,-0.383616954088,-0.048110578209,0.255505889654,-0.463444501162,0.122534006834,0.388481944799,0.297693729401,0.568300783634,0.490168958902,0.237708806992,0.093335926533,0.836672902107,0.106556147337,0.478912025690,0.275397986174,0.052382867783,-0.199892073870,-0.199245870113,0.218392968178,-0.029572634026,-0.609097421169,-0.570041835308,0.423783868551,-0.002811149461,-0.276324033737,0.495075106621,-0.502784132957,-0.241680637002,0.362951070070,0.333493679762,-0.342746198177,0.232518672943,-0.336251318455,-0.400006383657,0.757372200489,-0.102773644030,-0.256901174784,-0.230650082231,-0.405920892954,-0.121315702796,-0.010577823967,-0.496042311192,-1.022212862968,-0.549923419952,-0.585031867027,-0.266149580479,-0.373035013676,-0.300039768219,0.357048898935,0.458213239908,0.582809329033,0.337872982025,0.630430102348,0.539485514164,0.636274635792,-0.127349585295,0.131453126669,-0.008009511977,-0.249945342541,0.141578212380,-0.281300157309,0.238906547427,-0.587394416332,0.377068549395,0.141409456730,-0.107864998281,-0.306621074677,-0.014813069254,-0.097241893411,0.304044544697,0.487571835518,-0.455175697803,0.541967391968,0.641678810120,0.347314834595,0.424541175365,-0.040566161275,0.333530753851,0.689369559288,-0.740595877171,-0.389070481062,-0.120315544307,-0.713583290577,-0.662505209446,-0.519716918468,-0.966241002083,-0.589896857738,0.027514692396,-0.324377000332,0.429089248180,-0.673844456673,-0.281518280506,0.776469945908,0.117512635887,0.433386206627,0.476738840342,-0.009433608502,0.671831786633,0.320676833391,-0.048974916339,0.052802689373,-0.414588958025,-0.264577299356,0.199521631002,-0.374520808458,-0.587489068508,-0.048353414983,0.120039783418,0.337333798409,0.056379392743,0.539077997208,0.519972085953,0.432361364365,-0.728001236916,0.367342710495,-0.296701788902,-0.360107004642,0.454373091459,-0.224216952920,-0.522371649742,0.279937803745,-0.398479402065,0.785306751728,0.325438886881,-0.183753684163,0.518650889397,-0.466387391090,-0.428220778704,0.919422864914,-0.359946459532,-0.823691427708,-0.481768429279,-0.510159850121,0.250134676695,0.464642226696,-0.296788245440,0.329147309065,0.088351584971,0.430916666985,0.584089338779,-0.827325761318,0.250982552767,-0.197994649410,-0.717147648335,-0.239552721381,-0.724823772907,-0.348533153534,-0.096352867782,-0.296249061823,0.113565497100,-0.317240059376,-0.413374781609,0.498639434576,-0.399212032557,-0.301632642746,-0.296351939440,-0.642650187016,0.433172196150,-0.225649282336,0.633142411709,-0.005478242878,0.003943017684,0.925234436989,1.004687547684,0.599523901939,0.309794425964,0.043179750443,0.111540481448,-0.320372253656,0.273784548044,0.173496901989,-0.311148554087,-0.546206712723,-0.279867827892,-0.477574348450,0.073867782950,0.460711568594,0.015409872867,-0.074522212148,0.262465864420,0.501067817211,0.294495701790,0.802543997765,0.256485491991,0.558216869831,0.358028471470,0.393346875906,-0.279065221548,-0.103321053088,-0.089141830802,-0.103016480803,-0.595515012741,-0.209280401468,-0.932885885239,0.057778790593,0.118932612240,-0.788838207722,0.192676916718,0.321866333485,-0.518103480339,0.085565134883,0.106338001788,-0.061935838312,0.092311069369,-0.138413086534,0.066648527980,0.242104589939,0.320907294750,0.302274703979,0.066817276180,-0.258140057325,0.066265746951,-0.113269150257,-0.328723371029,0.016805158928,-0.584850788116,-0.630833446980,0.048057071865,-0.787899732590,0.078160658479,0.648050189018,-0.376410007477,-0.029980104417,0.915669143200,-0.017722999677,1.240577101707,1.153299689293,-0.165890738368,0.254690945148,0.213108167052,-0.045657511801,0.470943689346,-0.614332854748,-0.064611159265,-0.345483243465,-0.643921971321,0.085935562849,-0.365914523602,-0.673346459866,0.590567708015,-0.371055275202,-0.308427959681,-0.126678705215,-0.244602933526,-0.268162250519,0.519453465939,-0.364317536354,-0.020999245346,0.306641638279,0.266511768103,0.142257332802,0.469321995974,-0.238330319524,-0.424034923315,0.073003448546,0.407958298922,-0.717382311821,-0.365009009838,-0.448536783457,-0.581743299961,-0.154428005219,-0.033927239478,-0.502924084663,-0.153217926621,-0.263540118933,0.516210198402,1.008293032646,0.133897960186,0.784808695316,-0.063652157784,-0.068908147514,0.626466512680,0.785092711449,0.372932106256,0.207720488310,-0.412448704243,-0.504438757896,0.152579978108,-0.024781743065,-0.059367526323,-0.036915369332,-0.105399586260,0.125587999821,0.011438043788,-0.058313857764,0.459596186876,-0.249200373888,-0.064709939063,-0.114483334124,-0.125419244170,0.096920855343,-0.358184903860,0.265968471766,-0.106115743518,-0.304406732321,0.348257362843,-0.115681059659,0.276389896870,0.074736237526,-0.413234859705,-0.715085625648,0.095821909606,-0.035186700523,-0.265170007944,-0.437181055546,-0.474446296692,0.082432940602,-0.300834149122,0.518403947353,0.316239893436,0.142516627908,0.284741044044,0.055354539305,0.575133204460,0.742472767830,-0.183041632175,0.166310563684,0.100271187723,-0.495676040649,0.594300866127,0.509579479694,-0.387712240219,-0.103337526321,0.253365665674,0.269903272390,0.410139709711,-0.655199527740,-0.463473349810,0.305493324995,0.100234143436,-0.018826056272,-0.220677286386,-0.296825259924,0.039742983878,0.393202841282,0.040837809443,0.324068307877,0.379542231560,0.443692386150,0.159758076072,-0.085293479264,-0.027654631063,-0.303229600191,-0.323487967253,-0.266906887293,-0.308353871107,-0.550013959408,-1.049492955208,-1.220256924629,-0.260654866695,-0.709825515747,0.139372095466,0.312078744173,0.012232409790,0.484283238649,0.603092372417,0.415659099817,1.145026803017,0.447269082069,0.349245190620,0.414140343666,-0.565275669098,0.295384705067,0.007153408136,-0.209506779909,-0.493185907602,-0.617370367050,-0.102641940117,-0.130111351609,0.036631375551,0.377052098513,-0.163602307439,-0.121912509203,-0.438601046801,-0.130671113729,0.343721657991,-0.093298874795,-0.325109630823,-0.320919662714,0.127427786589,0.413518846035,0.195475712419,-0.051106944680,0.179790094495,-0.331641554832,0.447232067585,-0.140269353986,-1.134807109833,-0.065948821604,-0.240861594677,-1.307015776634,0.163750484586,-0.342482775450,-0.285358399153,0.757005929947,-0.216388538480,0.340947538614,0.724774420261,0.622943282127,0.562571525574,0.490259498358,0.436090350151,0.166767433286,-0.137668117881,-0.328657537699,0.548956155777,0.085783272982,-0.365239500999,-0.107329927385,-0.303777009249,-0.124213285744,0.386102944613,-0.430027633905,0.571696400642,0.016475887969,0.153905287385,0.497186571360,0.176513835788,0.607521057129,-0.191281631589,-0.091829508543,0.792398393154,0.480471938848,0.355365484953,0.257510334253,-0.433970689774,-0.017229095101,-0.284703999758,-0.278085649014,-0.211358919740,-1.002378463745,-0.749288618565,-0.029198087752,-1.110412240028,-0.189149603248,-0.235379233956,-0.814455389977,-0.030280563980,-0.189948081970,0.096780918539,0.362988144159,0.047052796930,0.127781763673,-0.071575239301,-0.178608819842,0.394771009684,0.479978024960,-0.124925337732,-0.247698068619,-0.418457895517,-0.260107457638,0.258395254612,-0.195418089628,-0.152756959200,-0.582068443298,0.505858719349,-0.315095692873,0.173912599683,0.654351592064,-0.674433052540,0.383123040199,0.079914018512,-0.355184435844,0.689357221127,-0.097665831447,-0.060717534274,-0.116631828249,0.657372713089,0.583216786385,-0.386209964752,0.297578483820,-0.146212697029,-0.419466286898,0.447466641665,-0.579421937466,-0.328052490950,-0.225221216679,-1.037915110588,-0.244351863861,0.106268040836,-0.063643932343,0.554454982281,0.234531357884,0.599137008190,0.428105533123,1.128690838814,-0.095710791647,0.266063153744,-0.182037368417,0.008828572929,-0.588699162006,0.001107173041,-0.593745172024,-0.623466014862,-0.158914312720,0.381546646357,0.073937758803,0.120097398758,0.316791445017,-0.099336877465,-0.028531314805,0.141170740128,-0.072093844414,0.032951775938,0.105115585029,0.344577759504,0.727182149887,0.300072729588,0.236066594720,0.634171426296,0.527228415012,0.499363869429,0.776836216450,0.340515404940,-0.166170626879,-0.491132080555,-0.269796252251,-0.228143513203,-0.394906818867,-0.622914493084,-0.162260532379,-0.492210447788,0.532694280148,0.005696385168,-0.437037020922,0.273191869259,-0.000535065075,0.160996958613,0.924357771873,0.214766874909,0.661002874374,0.312370955944,0.230534836650,-0.133165344596,0.015348134562,0.595757842064,-0.209539696574,-0.260325610638,-0.192759245634,-0.697539627552,-0.218763396144,-0.198665529490,0.029671415687,-0.163170143962,-0.285152614117,-0.768028199673,0.088787868619,0.231781944633,0.016595248133,-0.565543174744,-0.345713764429,-0.043747738004,-0.076337315142,0.058787181973,0.623642981052,0.111968532205,0.343544691801,0.007441519760,0.195339903235,0.432357251644,-0.661686122417,0.178637623787,-0.153152078390,-1.026847481728,0.219282001257,-0.836146175861,-0.270125538111,0.744662404060,-0.328254163265,0.341437339783,0.813615798950,0.140145882964,0.980123877525,0.916619896889,0.505352497101,0.080288566649,-0.283773809671,-0.027049595490,0.010639562272,-0.214211225510,-0.604619383812,-0.393964260817,0.105226717889,-0.396380305290,0.006239681039,0.216754838824,-1.111515283585,0.756553173065,0.101061441004,-0.109169729054,0.229962721467,-0.143825471401,-0.136906683445,0.545712828636,0.060338873416,0.842859148979,0.401018887758,0.724087059498,0.416749805212,-0.262235373259,-0.257625579834,-0.066064067185,-0.290540307760,0.062627300620,-0.646704256535,-1.171179175377,-0.334263354540,-0.236548140645,-0.012318843976,-0.036763083190,-0.478998422623,0.703989207745,0.071900390089,0.167664691806,0.583278477192,0.409135431051,0.074304066598,0.268672615290,-0.232917919755,0.221154719591,0.145475953817,0.082025468349,-0.158955469728,-0.472775250673,-0.364992558956,-0.171455413103,-0.332234233618,-0.186350807548,0.005836324301,-0.129584521055,0.338757902384,0.063014194369,0.144389361143,-0.527290165424,0.218096628785,-0.091088652611,0.009874007665,0.230217903852,-0.274904072285,0.399351984262,-0.233420059085,-0.034783344716,0.536534368992,-0.500520408154,0.866364955902,-0.115936242044,-0.170800998807,-0.742262780666,-0.720687329769,0.071068987250,-0.275109857321,0.365626394749,0.071665793657,-0.509785294533,0.827305197716,-0.368371695280,0.911322772503,0.701169788837,0.471598088741,0.385827183723,0.811055719852,-0.033186379820,0.099135197699,-0.098143279552,-0.696374833584,-0.146257966757,-0.321611136198,-0.572470188141,0.208165004849,-0.220512658358,-0.828630506992,0.436065673828,-0.457484751940,0.425994098186,0.156913995743,0.020925158635,-0.002942857565,0.226316049695,0.391626447439,0.621860802174,-0.379060655832,0.579516589642,-0.097904555500,0.187474444509,0.763056218624,-0.278949975967,0.261885523796,-0.340926975012,-0.501211881638,0.379171788692,-0.175591871142,-0.691217601299,-0.019048316404,-0.621679723263,-0.232152372599,-0.013849952258,-0.520754098892,-0.771123409271,0.486118942499,0.179662495852,0.126950353384,1.135992407799,0.124402619898,0.403455525637,0.575330734253,0.254242330790,0.368400514126,-0.133346438408,-0.416330009699,1.134860634804,-0.401199996471,-0.732038974762,-0.325216650963,-0.326513141394,0.434406936169,0.265248209238,-0.041183542460,-0.475228309631,-0.150554955006,0.282399088144,-0.149772942066,-0.321401208639,-0.333399027586,-0.620700180531,0.449104785919,0.126633435488,-0.191265180707,0.840883493423,0.157284423709,0.328348845243,0.438605159521,0.290112257004,0.642115056515,-0.088561497629,-0.509505391121,-0.148719266057,-0.572552502155,-0.342054724693,-0.602261006832,0.048995491117,0.143224567175,-0.141125455499,0.302974402905,0.263128519058,0.806569337845,0.238601952791,0.608788788319,0.782310366631,0.081445127726,0.132634386420,0.184539824724,0.404723167419,-0.182473629713,-0.357707440853,-0.178942218423,-0.041677448899,0.035775270313,0.074719779193,-0.409612834454,-0.358678817749,-0.041673336178,-0.270146101713,-0.069665469229,-0.694036960602,-0.063549265265,0.323117554188,-0.550594270229,0.334477394819,0.730828881264,-0.424137830734,0.420606404543,-0.171694129705,-0.230613023043,0.420165985823,-0.372174769640,-0.390626281500,-0.005482358392,-0.706018328667,-0.317235946655,-0.266186624765,-0.984243929386,-0.627306163311,0.177357599139,-0.164195001125,0.421293765306,-0.750790953636,0.326673656702,1.104131460190,0.264914810658,0.796703636646,0.660694181919,0.423059433699,0.697317361832,0.078769810498,0.779145181179,-0.517675399780,0.121130496264,0.665719687939,-0.580450892448,0.675597786903,0.249150976539,-0.096937321126,0.533291101456,0.047629021108,0.209247484803,0.020439483225,0.613731980324,0.116306670010,0.394643366337,-0.182432487607,0.009943977930,0.026148216799,0.169051736593,0.291104197502,0.016570553184,-0.531957566738,0.199933230877,0.380562961102,-0.633755743504,0.104699887335,-0.519490540028,-0.713286995888,-0.301249831915,-0.457962155342,-0.506196200848,-0.837615549564,0.200599998236,-0.400405615568,-0.300439029932,-0.003440879984,0.451718389988,0.670313000679,0.857651591301,-0.041031256318,0.323080509901,0.016669332981,-0.344318479300,0.604598760605,-0.509414851665,-0.563966810703,-0.017965836450,-0.139676675200,-0.890158891678,0.355760604143,-0.582961559296,-0.434695065022,0.453895688057,0.188882067800,-0.018636727706,0.161285072565,-0.008515765890,0.802865087986,0.053794618696,0.089594587684,0.952946782112,0.097048453987,0.514851927757,0.610056459904,-0.260815382004,0.529315114021,0.149270802736,-0.618856191635,0.054872978479,0.120253816247,-0.553553581238,-0.832972764969,-0.449853867292,-0.639234006405,0.006692428607,-0.214050710201,-0.423182964325,0.219854101539,-0.104654610157,0.434962600470,0.510867774487,0.610085248947,1.104629397392,0.270998090506,-0.024637687951,0.185589373112,0.223011001945,0.241573631763,-0.422870099545,-0.173192322254,-0.753560900688,-0.148604020476,-0.062001690269,-0.467268198729,0.453677505255,-0.352842450142,-0.208938777447,0.291659832001,-0.174311846495,0.069879494607,-0.486575782299,-0.215618848801,0.234025105834,-0.620938837528,0.023147737607,0.343688726425,0.247270017862,0.158782601357,0.371693223715,0.772362232208,0.053844004869,0.012697504833,0.284041345119,-0.983643054962,0.499215662479,-0.662484586239,-0.939347803593,-0.022596206516,-0.669790267944,-0.187132820487,-0.019694508985,-0.125690892339,0.264001101255,0.103967249393,0.497894495726,0.511900842190,0.364519238472,0.184436917305,0.816147029400,0.137161865830,-0.134622365236,0.229003727436,-0.435674667358,-0.064570002258,-0.407254457474,0.109120339155,0.761282324791,-0.786455035210,-0.351657092571,0.156761705875,-0.538444221020,0.561073303223,-0.109795346856,-0.567806899548,0.714962184429,-0.072176158428,0.607788622379,0.738381505013,-0.089734524488,0.725906252861,0.215622976422,0.109820038080,0.345520287752,-0.063199408352,-0.400339752436,0.187116369605,-0.011289873160,-0.200484752655,-0.514197468758,-0.732927978039,-0.491432547569,-0.683578491211,-0.142277911305,-0.326171517372,-0.633541703224,-0.305155813694,0.024567717686,-0.018249833956,0.507101714611,-0.060104269534,0.035153772682,0.490222483873,-0.048896715045,-0.098357297480,-0.024036766961,-0.362481892109,-0.480504900217,-0.327883720398,-0.802548170090,-0.183428540826,-0.158609732985,0.335654526949,-0.024884641171,0.008104177192,0.060277137905,0.581257641315,0.261893779039,0.149307832122,0.030934989452,-0.236601635814,-0.121031716466,0.071567006409,-0.201657772064,0.349446862936,0.399014443159,0.519630491734,0.242372110486,-0.129172921181,0.855408430099,-0.147019401193,-0.111738041043,-0.146525502205,-0.300928801298,-0.327517420053,0.066208124161,-0.091031022370,0.023036608472,0.416564583778,0.137326508760,0.538913369179,0.589501738548,0.736912131310,0.489666819572,0.468099594116,-0.728877961636,0.321742832661,-0.466453254223,-0.619753479958,0.257777869701,-0.671695947647,-0.915944933891,-0.218574076891,-0.691839098930,0.159618139267,0.128674909472,-0.722033202648,0.146225050092,-0.255674660206,-0.179979413748,-0.007816065103,-0.264182209969,-0.240178346634,-0.288437098265,0.547017574310,0.542782306671,0.190795958042,0.303003221750,0.315667778254,-0.335111230612,0.386699736118,-0.002761758864,-0.182667076588,0.067644566298,-0.289470195770,-0.293260931969,-0.107111781836,-0.521984755993,0.259251356125,-0.018056387082,-0.082009002566,0.082881569862,0.465720593929,0.465584784746,1.088791489601,-0.153703615069,0.296261399984,0.613114595413,0.549330711365,1.050686597824,-0.075522370636,0.138750597835,-0.341387957335,-0.321462959051,0.339679867029,0.024300185964,-0.491770029068,-0.678199052811,0.117417968810,-0.879585206509,0.405060708523,0.260877132416,-1.044603347778,0.385740727186,0.096105918288,-0.907552599907,0.189301878214,-0.317783355713,-0.521050453186,0.282707780600,-0.294401019812,0.014862460084,-0.385152161121,-0.128930091858,0.371680885553,-0.279106378555,-0.285358399153,-0.318120867014,-0.320639789104,-0.424602925777,-0.168825358152,-0.904379248619,-0.684772133827,0.091854199767,0.401241123676,0.288400053978,-0.073369763792,0.048229940236,0.616238534451,0.778634905815,0.727260351181,0.774601340294,0.109832391143,0.761414051056,0.651923239231,-0.202155798674,0.060227744281,0.298446923494,-0.363482028246,-0.092002376914,-0.265593945980,-0.595831930637,0.683092832565,-0.424565851688,-0.584986567497,0.048699151725,-0.697593033314,0.068492442369,0.330616682768,-0.103399254382,-0.171261966228,-0.519638717175,0.839866876602,0.124715432525,-0.445569247007,0.242384463549,-0.134910479188,0.516094923019,0.408950209618,-0.665550947189,-0.249838337302,-0.286856591702,-0.294948428869,-0.084816038609,-1.088416934013,-0.366190284491,-0.315783053637,-0.096023589373,-0.434213489294,-0.623301386833,-0.229509979486,0.505928695202,0.581660985947,0.889022886753,0.743913292885,0.509900510311,0.807874143124,0.697774171829,0.373413652182,0.161692529917,-0.488073974848,-0.606977760792,-0.006754167378,-0.456282913685,-0.012471131980,-0.171204358339,-0.145183727145,0.876296639442,0.024530675262,0.175777092576,0.442910343409,0.134354829788,0.029021102935,-0.855404376984,-0.340058535337,0.042512975633,-0.769868075848,-0.109540164471,0.258617520332,0.032774791121,0.026399286464,0.437695533037,0.092603288591,0.002971668961,-0.241450160742,-0.100452281535,-0.843291342258,-0.987585961819,-0.552030742168,-0.317227721214,-0.313745677471,0.041553974152,-0.182823479176,0.320783823729,0.700815856457,0.386637985706,0.788961589336,0.561596035957,0.290890157223,-0.105901718140,0.171052068472,-0.063993781805,-0.265375792980,-0.404418617487,0.100913271308,-0.601487219334,0.286218643188,0.238486722112,-0.550989389420,0.529578566551,0.007622618694,-0.420976817608,-0.106609649956,-0.161630809307,-0.285794705153,0.081807330251,-0.470717281103,0.184161141515,0.223883554339,0.541613399982,0.481686115265,0.455805450678,-0.610542118549,0.135733649135,0.004251709208,0.086610570550,-0.782944202423,-1.287605166435,-0.398553490639,-0.280579864979,-0.587180376053,0.060589943081,-0.442527621984,-0.569774329662,-0.218425899744,0.223179742694,-0.143829599023,-0.222953364253,0.507159352303,-0.049724005163,0.014578464441,0.804762542248,-0.362292557955,0.682458996773,0.669263482094,-0.029029337689,0.367527931929,0.167829319835,0.283485680819,0.864183485508,-0.840381443501,0.035293713212,0.576199173927,0.116216130555,0.536131024361,-0.286729007959,0.134128451347,1.061453819275,-0.167586490512,0.522939622402,0.142928212881,-0.240116611123,0.570601582527,0.014915966429,-0.070307545364,0.101752899587,-0.132136359811,0.169047623873,0.194936528802,-0.121657326818,-0.185906276107,-0.303892254829,-0.321928054094,-0.016624059528,-0.903543710709,-0.861895143986,-0.231057539582,-0.253925412893,0.396096318960,-0.920970439911,-0.406657665968,0.722403645515,0.024456588551,0.604084312916,0.116981677711,-0.143788442016,0.122818000615,-0.202563270926,0.067109502852,-0.721975624561,-0.509295463562,0.036870095879,-0.683809041977,0.119422398508,-0.123723499477,-0.286597281694,0.149550676346,-0.419873744249,0.372923851013,0.548943817616,-0.836891114712,0.066385105252,0.124266803265,0.189635276794,0.540596783161,0.248196095228,0.100933842361,0.613978862762,0.637571156025,0.571346580982,0.623733520508,-0.436477243900,0.070056475699,-0.311663031578,-0.690517902374,-0.300624251366,-0.588587999344,-0.969908297062,0.109371408820,-0.583809494972,-0.432748228312,-0.317371785641,-0.442083090544,0.127102643251,0.274965822697,0.197389617562,0.597511231899,0.797160446644,0.755182564259,0.471532255411,0.365293025970,0.022341022268,0.564489483833,0.341816008091,0.057556532323,-0.633611679077,-0.271870672703,-0.222607642412,-0.587921261787,-0.022888435051,0.010952369310,0.033980745822,0.400928348303,0.007486794610,-0.334197491407,0.178460657597,0.402850478888,0.093422353268,0.017978183925,0.114335164428,0.255468875170,0.498404860497,0.174632877111,0.084877781570,0.461892843246,0.186918810010,0.409575819969,0.505480051041,-0.459925442934,-0.300920575857,0.023995609954,-0.883046686649,-0.566744983196,-0.125732049346,-0.349632084370,0.206090584397,-0.505842268467,0.322508394718,0.682726562023,0.095821909606,0.845740199089,0.468552350998,-0.300755947828,0.580249249935,0.052452836186,-0.697374999523,-0.375677376986,-0.699679791927,-0.733553588390,-0.430007070303,-0.171908169985,-0.481776654720,-0.588472723961,-0.482904434204,-0.108638785779,-0.143578529358,0.095756061375,-0.430229336023,-0.136750265956,0.038714013994,0.170241236687,0.434719741344,0.422800183296,0.261473923922,-0.178040847182,0.491807103157,0.611295342445,0.438131809235,-0.279135197401,0.329826414585,-0.133980289102,-0.212803602219,0.148439377546,-1.263342022896,-0.119805179536,-0.121398031712,-0.713682115078,0.526841461658,-0.747572302818,-0.145603552461,1.052905082703,0.270545333624,-0.033910777420,0.643362224102,0.155671000481,0.504393458366,0.015278165229,0.096101798117,0.002008551732,-0.361930340528,-0.301587343216,-0.135338529944,-0.262996822596,0.038166601211,0.326665431261,-0.402072578669,-0.135330289602,0.400858402252,-0.556270062923,0.501891016960,-0.241956412792,-0.288375377655,-0.133210614324,-0.495799511671,0.268491506577,0.573482692242,-0.271936506033,-0.281987518072,0.284226566553,0.520573019981,0.455192178488,0.087499603629,-0.435225993395,-0.112458325922,-0.003033407032,-0.222183704376,-0.333411365747,-0.478809088469,-0.127682983875,0.634418368340,-0.353677958250,-0.149966388941,0.482818007469,0.256345540285,0.552886784077,0.586707055569,0.006947613787,-0.040121648461,0.205382660031,0.244014352560,0.293413192034,-0.736636340618,0.045225344598,0.238667830825,-0.138470709324,0.141874551773,-0.417124360800,-0.663138985634,-0.142664805055,-0.112260758877,0.291766852140,-0.217170536518,-0.783907353878,-0.167216062546,0.561373770237,0.016957446933,0.055745545775,0.078543432057,-0.081305190921,0.534855127335,0.108939245343,-0.354892194271,-0.152575850487,-0.211540028453,-0.058951817453,0.004856743850,-0.381431400776,0.409666359425,-0.464987993240,-0.255123138428,-0.053720533848,-0.712920606136,0.181152448058,-0.362189650536,-0.881173968315,-0.026716208085,-0.154864281416,0.243993788958,0.434818536043,0.584673762321,0.104584634304,1.039186835289,0.828576982021,0.580689609051,0.609480202198,0.092179358006,-0.360230475664,-0.025518486276,-0.610315799713,-0.314667612314,-0.730532526970,-0.229291841388,-0.039277888834,-0.068842291832,-0.200814023614,-0.300229102373,-0.024296067655,0.227600216866,0.186223223805,-0.456258177757,-0.508282959461,0.056585185230,0.119261883199,-0.027123682201,0.369590014219,-0.028716526926,0.257032901049,0.280061274767,0.066743195057,0.755639433861,-0.281184911728,-0.982708632946,0.655047178268,-0.834129393101,-0.683689594269,0.162054732442,-0.717139422894,-0.024831132963,0.652326583862,0.048810280859,0.612674176693,0.591823101044,0.740665853024,0.857713401318,0.206563919783,0.548684477806,1.196631789207,-0.152448251843,-0.072497196496,-0.256604850292,-0.167393043637,-0.003181579057,0.245920002460,-0.361444652081,-1.112861156464,0.150608450174,-0.253419160843,0.177106529474,-0.044192254543,-0.609052181244,-0.037108816206,0.267544865608,0.312086969614,-0.065561935306,0.120340242982,0.190034523606,-0.005634646397,0.259062021971,-0.127608895302,-0.456093579531,0.861327111721,-0.098497241735,-0.191479191184,0.081667385995,-0.373294293880,-0.342853218317,0.250245809555,-1.148179650307,-0.352208644152,0.360201686621,-0.712286770344,-0.270891070366,-0.149937570095,-0.154860168695,0.492082864046,1.288358449936,0.586381852627,0.787661015987,0.404134631157,0.634154975414,1.033309340477,0.352780699730,0.382172256708,-0.375821471214,-0.542074382305,-0.064302474260,0.239877894521,-0.005181899294,0.094887614250,0.015216426924,0.390753865242,0.905515313148,0.190952375531,-0.386082321405,0.088244564831,0.110927209258,-0.182210221887,-0.575960457325,-0.726416707039,0.013952849433,-0.119665235281,0.198060497642,0.201435521245,-0.677754521370,0.124777168036,-0.072357259691,-0.300410211086,-0.325175493956,-1.077826738358,-0.206382811069,-0.048456311226,-1.157168745995,-0.246936634183,-0.062149863690,-0.944830179214,0.405571073294,0.572881758213,-0.573029994965,0.552841544151,-0.391968041658,0.180703818798,0.543642580509,-0.052255276591,0.090236656368,-0.405134797096,0.500573933125,0.501442372799,0.018883680925,0.206481590867,0.193405434489,0.091150388122,0.538950443268,-0.061116773635,0.279884308577,0.418676018715,-0.283967226744,-0.159721031785,0.733314871788,0.011977224611,-0.051950700581,-0.012108934112,0.277546465397,0.189832836390,0.112684696913,0.419244021177,-0.141462966800,0.256876498461,0.100933842361,-0.787101268768,0.420021951199,0.040755491704,-0.218602880836,-0.038372393698,-0.609035730362,-0.573211073875,-0.254221767187,0.064804606140,-0.946377813816,-0.555648565292,0.170018970966,-0.381657779217,-0.037302263081,0.005350650288,0.240408837795,0.562604427338,0.401088863611,0.114470995963,0.635879516602,0.366239666939,0.310798704624,-0.240240082145,-0.184548050165,-0.056786864996,0.151740327477,0.094122052193,-0.123595908284,-0.030424622819,-0.122542239726,0.364111751318,0.411209821701,-0.044509176165,0.587575495243,-0.273648709059,-0.201554879546,0.156527101994,0.072118535638,0.333172649145,0.247562244534,-0.408369868994,0.547626733780,0.585525810719,0.410024464130,0.166870325804,-0.023937987164,-0.803280770779,-0.066212244332,-0.868583440781,-0.284720450640,-0.567424118519,-1.276340007782,-0.426747292280,-0.086425349116,-0.144125938416,0.191277518868,-0.270940482616,0.309633910656,0.546029746532,0.541189491749,0.031832251698,0.110285140574,0.280040711164,-0.026613311842,-0.275690197945,0.263437211514,-0.598285019398,0.222405940294,-0.257411569357,-0.520988702774,0.048608597368,-0.289836496115,-0.047246243805,-0.171080872416,0.225254163146,0.671753585339,0.439761728048,0.199443444610,0.494766414165,0.437193393707,0.218294188380,0.807306170464,0.660537779331,0.409226000309,0.675013363361,0.185704603791,0.588954329491,-0.258477568626,-0.360794365406,-0.028440764174,-0.696782290936,0.322623640299,-0.380052596331,-1.477359771729,0.195265814662,-0.310720503330,-0.596375286579,-0.243401095271,-0.452714413404,0.096040055156,0.764007031918,0.129670947790,-0.232378751040,0.281761139631,0.247364684939,0.532311499119,0.081568606198,0.089895047247,-0.165808424354,-0.070356935263,-0.256008058786,-0.522984921932,-0.523668110371,-0.778552532196,0.047073375434,0.049608763307,-0.012532870285,0.818707168102,-0.122245900333,-0.164742410183,0.491004496813,-0.454624176025,0.262445300817,0.144681587815,-0.054815351963,0.001041318872,0.123884014785,-0.182276070118,0.118278183043,0.775461494923,0.967364609241,0.012108934112,0.022172272205,-0.347030818462,0.373146146536,-0.602022230625,0.018776668236,-1.003300428391,-0.406501233578,0.203382343054,-0.251311808825,0.281213730574,0.726589500904,0.255975127220,0.637381792068,0.929831922054,0.252073258162,0.532480239868,-0.523610532284,0.108630545437,0.069867148995,-0.281365990639,-0.728729784489,-0.278114467859,-0.443251997232,-0.086935721338,0.044303383678,-0.468741685152,0.151979044080,-0.250624477863,-0.237482443452,-0.112664118409,-0.732129454613,-0.131938800216,0.380970418453,0.019188255072,0.348566055298,0.234560161829,0.032009236515,0.444840729237,0.733335494995,0.581800937653,0.499717801809,0.483484745026,-0.376978009939,-0.577508032322,-0.112602382898,-0.345079898834,0.193557724357,-0.719995856285,-0.570869147778,-0.130757540464,-0.050341386348,0.068513020873,-0.137083664536,-0.094994619489,0.320680946112,0.165886625648,-0.020657625049,0.745835423470,0.128757223487,0.578755140305,0.123254291713,0.239042356610,0.318680614233,0.196237176657,0.301945418119,-0.008857384324,-0.221875011921,-0.357221782207,0.115623436868,-0.200653508306,0.270623564720,0.123077310622,-0.040829576552,-0.496005296707,-0.007363318466,0.044249881059,0.242425620556,-0.230102658272,-0.571922779083,0.175604239106,0.182687669992,-0.172015175223,0.709442675114,-0.201542541385,0.189861655235,0.862479567528,0.148509353399,-0.084779001772,-0.191117003560,-0.231395050883,0.489555686712,-0.273187726736,-1.076147556305,-0.359407305717,-0.349821418524,-0.124316193163,0.589649915695,-0.135556668043,0.281337201595,0.470425039530,0.644683420658,0.584896087646,0.065475501120,0.220718458295,0.287795007229,-0.173883780837,-0.147624447942,-0.491432547569,-0.752276778221,-0.415638536215,-0.718106627464,-0.023769237101,-0.359271496534,-0.504628062248,-0.342223495245,-0.376994460821,-0.377488374710,0.160243749619,-0.063730366528,-0.427093029022,0.073345065117,0.120381407440,0.025440284982,0.733133733273,0.340223163366,0.788307189941,0.004103537183,0.111207097769,-0.094780601561,0.315075099468,0.128897160292,-0.175377860665,-0.634912252426,-0.072299629450,-0.133350551128,-0.415613830090,-0.418659567833,0.042014952749,-0.369981020689,0.679581999779,0.154111072421,0.058099832386,0.676532149315,0.330126881599,0.468684047461,0.811640143394,-0.299953341484,0.695226430893,0.374738991261,0.131416082382,0.184655055404,-0.394820362329,-0.248636499047,0.356740206480,-0.334724336863,-0.268684983253,-0.338144630194,-0.673420488834,0.225455835462,-0.133334085345,0.263573020697,-0.264210999012,-0.445622771978,0.145846381783,-0.013751171529,-0.178493589163,-0.428768217564,-0.844949960709,-0.107733286917,-0.012627534568,-0.137227728963,0.017986416817,-0.607352316380,-0.581751525402,0.076526649296,0.168133899570,0.154411539435,-0.490094900131,-0.419165819883,-0.741740107536,-0.235428616405,0.396516114473,0.014088674448,-0.204156115651,0.188071250916,0.788430690765,0.772477507591,0.869781076908,0.408019989729,0.397734403610,0.158601507545,0.043974116445,0.088005855680,0.041257631034,-0.463333398104,-0.326928853989,0.312547951937,-0.229493513703,0.275974184275,0.127588316798,-0.233296588063,0.117422081530,0.296434283257,0.061516016722,-0.365729302168,-0.032824184746,-0.024789974093,0.189301878214,-0.238387942314,0.070369280875,-0.547375619411,0.043389659375,0.071970365942,0.020217226818,0.352340340614,-0.111240021884,-0.353715032339,0.005861019716,-0.427475810051,-0.578792214394,-0.276966124773,-0.799448907375,-0.250451594591,-0.503319203854,-0.811483740807,-0.239013552666,-0.021155647933,0.097501203418,-0.063401088119,0.209465622902,0.890364646912,0.582257747650,0.723251521587,0.530154764652,0.019159443676,0.090969294310,0.014743099920,0.556973874569,0.093475855887,-0.958877742290,0.693267345428,0.158379241824,-0.434044778347,0.504800915718,0.032536070794,-0.381633102894,0.841319799423,-0.397676825523,-0.218837484717,0.072661831975,-0.553100883961,0.252246111631,0.424113124609,-0.457352995872,-0.089862115681,0.085141196847,0.469675987959,0.035042643547,0.118307001889,-0.058272700757,-0.120768293738,-0.495342612267,0.158099368215,-0.403389632702,-0.625639200211,-0.431336492300,-0.517687737942,-0.439008504152,-0.519103646278,-0.382073462009,-0.154119312763,-0.086194857955,0.593333601952,0.378546178341,0.342478662729,0.980621874332,0.453665167093,-0.411563783884,0.056605763733,0.111532248557,0.188054770231,-0.474635630846,0.285107344389,-0.341268599033,-0.084239810705,-0.096221156418,0.397059440613,0.194277986884,-0.273982107639,-0.387317121029,0.508233606815,-0.063602775335,0.207979783416,-0.199529871345,0.040734913200,0.316029995680,0.370536684990,0.755997478962,0.204896971583,0.706100642681,0.336720556021,-0.075654082000,0.270611196756,-0.083190262318,0.054197974503,0.310234814882,-1.232868075371,-0.492724925280,-0.417354851961,-0.738422632217,-0.038146022707,-0.753050565720,-0.745016276836,0.084630824625,0.356221616268,0.117640227079,0.414778292179,0.026946697384,0.510571420193,0.754145324230,-0.040002286434,0.529627919197,-0.414473712444,0.186095625162,-0.060849245638,0.048386346549,-0.247669249773,-0.545482337475,-0.377924680710,0.514744937420,-0.007618503179,-0.048073533922,0.360292226076,-0.328575193882,0.414889425039,0.564226090908,-0.044500946999,-0.155827403069,-0.227789521217,0.264470279217,0.443268448114,0.106720782816,-0.570918500423,0.057614155114,-0.041014794260,0.358007907867,0.555331647396,-0.329620629549,-0.095365054905,-0.387613475323,-0.108260117471,-0.058581393212,-0.849312841892,0.101271346211,-0.677873909473,-0.512995660305,0.387444704771,-0.458324372768,0.014944778755,0.518247544765,0.016356525943,0.574400544167,0.009816384874,0.360234588385,-0.087343193591,-0.670852184296,-0.719312608242,0.123460084200,-0.661093413830,-0.540901362896,0.279221624136,-0.641028523445,-0.591312706470,-0.180008232594,0.561707139015,-0.265766799450,0.724054157734,-0.068866983056,0.005614066962,-0.164511919022,-0.008367593400,0.482920914888,0.330011636019,-0.133897960186,0.959297537804,-0.274887591600,0.384736448526,0.311078578234,0.228015914559,0.666937947273,-0.654154062271,-0.198965981603,0.513135612011,-0.430875539780,0.243425771594,-0.123069077730,-1.085893988609,0.375245243311,0.249155089259,-0.248298987746,0.086120776832,0.047530241311,0.146097451448,0.815793037415,0.308576107025,-0.044439211488,0.564189016819,0.320166468620,0.350187689066,0.430418670177,-0.903687834740,-0.618880927563,0.379752129316,-0.422804296017,-0.015759723261,-0.506027460098,-0.236539900303,-0.052790340036,0.332991540432,0.468749910593,-0.114647977054,-0.196484118700,-0.191759079695,-0.408122926950,-0.076394937932,-0.265165865421,0.223122119904,0.202201068401,-0.003424416063,0.140746802092,-0.000827292854,0.134293094277,0.369680553675,-0.617794334888,-0.296434283257,0.249649003148,-0.546470165253,-0.637958049774,-0.617555618286,-1.009165644646,-0.211824014783,-0.275472074747,0.047723684460,0.003951249644,-0.470223367214,0.359337329865,0.066763766110,0.063829146326,0.597511231899,-0.048526283354,-0.107914388180,-0.335617482662,0.647655069828,0.148200675845,-0.786319255829,-0.258638083935,0.066059954464,-0.218154236674,-0.023691033944,-1.008004903793,-0.011627375148,-0.232938513160,-0.150966539979,-0.748226702213,-0.186408415437,0.313906192780,0.197920545936,0.311123847961,0.732063651085,0.333999931812,0.529623806477,0.955403864384,0.135375574231,0.630697607994,0.304258555174,0.495997071266,0.099262788892,0.057910501957,-0.175945863128,-0.250344574451,-0.332094281912,0.339239448309,-0.255114912987,-0.513407289982,-0.233778148890,0.185902163386,-0.168105080724,0.282839506865,-0.014903619885,0.374627858400,1.177324175835,1.031942844391,0.839117825031,0.794324636459,-0.149361342192,0.914512574673,0.190079793334,-0.523519992828,-0.638719439507,-0.739410459995,-0.680820882320,-0.593843996525,-0.477240979671,0.078152425587,-0.175789430737,0.149361342192,-0.060594055802,-0.402315378189,0.001868611784,-0.102901235223,-0.289103865623,-1.022410511971,-0.213239893317,0.082276538014,-0.180428043008,-0.266182512045,0.251949787140,-0.359460800886,0.102143913507,0.856988966465,0.067586943507,-0.483369499445,-0.490790486336,-0.825193762779,-0.208008602262,-0.362695902586,-0.233794614673,0.065397299826,-0.266935706139,0.334259241819,0.405628681183,0.362712353468,0.211688175797,0.772308766842,0.273574650288,0.378677874804,0.115709871054,-0.169516831636,0.071735754609,0.448005855083,-0.468111932278,0.400080472231,-0.228003561497,-0.224356889725,0.080720737576,-0.408937871456,0.023575788364,0.166458725929,-0.375492185354,0.194228604436,0.201933547854,-0.489477485418,-0.074127085507,0.111754514277,0.292557090521,0.250599771738,-0.002189650666,0.423660367727,0.063434019685,0.056601651013,0.144990280271,0.167281910777,-0.344050943851,-0.158091142774,-0.175295531750,-0.031527679414,-0.118492208421,0.073201015592,-0.334633797407,-0.132757857442,-0.059980791062,-0.676881968975,-0.130905717611,0.162437513471,0.084474422038,0.390136480331,0.120640702546,0.284152448177,0.697881221771,1.111918687820,0.799934566021,0.935890495777,-0.054798889905,0.610500931740,-0.033700864762,0.074942030013,-0.258382916451,0.236025422812,-0.401376992464,-0.269413471222,0.399977594614,-0.062713734806,0.283432185650,0.016833968461,-0.137960344553,0.239886119962,-0.184762060642,-0.380727589130,-0.087981157005,-0.380369484425,-0.271031022072,-0.150534376502,-0.103897280991,0.256102710962,0.220796644688,0.456554532051,0.146776571870,-0.640209436417,-0.597688257694,-0.525952458382,-0.566679179668,-0.465679466724,-0.955498516560,-0.061301991343,-1.087091565132,0.170619890094,-0.146883577108,-0.364757984877,0.736504733562,0.283934324980,0.537629187107,0.859935939312,0.347730547190,0.546260237694,0.362457156181,0.363642543554,-0.331773251295,-0.115611083806,0.184659168124,-0.516053736210,-0.236354678869,-0.086861632764,-0.811631917953,0.327295184135,-0.499088078737,-0.274665355682,-0.041607480496,0.009153728373,0.147060573101,0.490547627211,0.162071198225,0.036466740072,0.009943977930,0.780392348766,0.757108807564,0.354480564594,0.349825531244,0.762064337730,0.410106748343,0.065442569554,0.203003674746,-0.715810000896,-0.169372782111,0.050608921796,-0.424462974072,-0.438798606396,-0.918521463871,-1.448943734169,-0.433102220297,-0.603409290314,0.232349932194,0.208815306425,0.081239335239,0.005811629817,0.551573812962,0.473404943943,1.043002247810,0.606813132763,0.391803443432,-0.071818076074,0.052510458976,-0.275019317865,-0.671794712543,0.061133235693,-0.255176633596,-0.220422104001,0.572881758213,-0.547688424587,-0.086602337658,0.778643131256,0.654964864254,-0.210058301687,0.396215647459,-0.189828723669,-0.129020646214,0.045748062432,0.368828535080,0.214680448174,-0.283967226744,-0.271138042212,0.447454303503,-0.039142064750,-0.007667893544,0.072386063635,0.061487205327,-0.425660669804,-0.554183363914,-0.543090999126,-0.806355297565,-0.007997164503,-0.649124443531,-0.343046665192,-0.140170574188,-0.057815834880,0.613011658192,0.601338982582,-0.717555165291,0.511357545853,0.127526566386,0.210976138711,-0.049699310213,0.234350249171,-0.357670366764,-0.308440297842,-0.035351336002,-0.112820513546,0.187684357166,0.000444515579,-0.084194540977,0.371219873428,-0.892895936966,0.865117907524,0.206547439098,-0.717839121819,0.199756234884,-0.158445104957,-0.144200026989,1.116277337074,-0.267693042755,0.180230468512,0.774967610836,-0.402475923300,1.058617949486,0.561114490032,-0.596017181873,1.110667467117,-0.231983631849,-0.248883455992,-0.027259506285,-0.126131281257,0.152913361788,0.189515933394,-0.378097534180,-0.471919119358,0.077806688845,-0.108840465546,-0.249163314700,0.141323029995,-0.643419861794,0.015413988382,0.448466807604,0.374887138605,0.061927605420,0.508188307285,0.372302353382,0.205127477646,0.171747654676,-0.152773410082,-0.231576144695,0.145484179258,-0.594016849995,-0.460423469543,-0.491638332605,-0.485797911882,-0.043710697442,0.396211534739,0.284041345119,-0.055375114083,-0.339836269617,0.455319762230,-0.004268172663,0.078839771450,-0.129777967930,-0.201744213700,-0.442177742720,0.174081355333,0.493482261896,0.137713387609,0.152551159263,0.682578325272,0.424360066652,0.151032388210,0.022732032463,0.389354467392,-0.225040122867,-0.379130631685,-0.275118082762,-0.630347728729,0.006540141068,0.100160054862,-0.335930287838,0.338856697083,0.079070270061,0.817048430443,1.144347667694,-0.085532203317,0.487242579460,-0.069504946470,-0.111392311752,0.157481983304,-0.606310963631,-0.272562146187,-0.242940098047,-0.787821531296,-0.414436697960,0.125349268317,0.247706294060,-0.072172038257,-0.464107185602,-0.293837130070,0.426837831736,-0.100777439773,0.632166981697,0.123879902065,-0.405908554792,0.624095737934,0.539658367634,-0.149233758450,1.328480124474,-0.068496555090,0.494042009115,1.168372154236,-0.121941320598,0.273368835449,0.037170555443,-0.373265504837,-0.171562433243,-0.080617837608,-0.510534405708,0.067068345845,-0.228855550289,0.117804855108,0.011993689463,0.027259506285,-0.057338394225,0.577491581440,0.582031428814,0.555829703808,-0.191335141659,0.205530822277,0.148480549455,0.740538239479,1.301516890526,0.302328228951,0.021040404215,-0.100493445992,-0.446054905653,-0.067393504083,-0.139577895403,-0.482303529978,-0.694600880146,-0.431690484285,-0.571140766144,0.245426088572,-0.236721009016,0.128893047571,0.146677792072,-0.408382207155,-0.080720737576,0.448816686869,0.164050936699,-0.370758920908,0.063026547432,-0.684957325459,0.137639299035,0.302056550980,-0.602993607521,0.507649123669,-0.202596202493,-0.613801896572,-0.186165601015,-0.595358610153,-0.729635298252,-0.189754649997,0.009651750326,-0.559167623520,0.315033942461,-0.062713734806,-0.008857384324,0.849419891834,-0.115006051958,0.244318932295,1.329257965088,-0.069126285613,0.063923805952,0.002292548073,-0.101715862751,-0.016233049333,-0.748444855213,-0.492251574993,-0.349319279194,-0.493902087212,0.181687518954,-0.008248233236,-0.353715032339,0.854111909866,-0.330085754395,0.094056203961,0.092101156712,-0.568498373032,0.021398484707,-0.493453413248,0.038693435490,0.295150101185,-0.209333896637,-0.148990929127,0.365515261889,0.025823062286,0.724276423454,0.839331865311,-0.672696113586,0.274747669697,-0.219899371266,-0.676346898079,0.291297614574,-0.437053471804,-0.627409040928,0.372351765633,-0.500899076462,0.355048567057,0.499088078737,0.233736991882,0.741550743580,0.318635344505,0.163635239005,0.378015249968,0.714814007282,0.198352724314,1.310448408127,0.060775157064,-0.090528890491,0.180296346545,0.370791822672,0.575042665005,0.250941395760,-0.277723431587,0.113433785737,-0.151172339916,-0.023534629494,-0.095467947423,-0.241063266993,-0.066376872361,-0.307785868645,0.079391300678,-0.887504100800,-0.237087324262,-0.184041798115,-0.208786487579,0.488567858934,-0.001913886401,-0.342993140221,1.017570257187,-0.670642316341,-0.098962329328,0.119825750589,-0.329859375954,0.220401510596,-0.184881433845,-0.551454484463,-0.391202509403,-0.607838034630,-0.017262021080,-0.171632394195,-0.090928129852,-0.548791468143,-0.086692884564,0.094043850899,0.717563390732,0.518132269382,0.563003659248,0.516868710518,0.825564146042,0.073744311929,-0.041529279202,0.141421809793,-0.230773538351,-0.066689684987,-0.383114814758,-0.682854115963,-0.080342076719,-0.646066308022,0.121731415391,-0.209568515420,0.421392530203,-0.278414905071,0.127802342176,0.386526882648,-0.082638740540,0.102238580585,0.254192918539,-0.393993079662,0.412370502949,0.840500771999,-0.504883229733,-0.283358097076,0.677775084972,0.087310269475,0.190870046616,-0.549906909466,0.362309008837,-0.552446424961,-0.872090220451,0.077419795096,-0.473507851362,-0.772205889225,-0.054893556982,-0.451335579157,0.076127409935,0.333757102489,0.394639253616,0.709331572056,0.506068646908,0.545548200607,0.574104189873,0.375043570995,0.658294618130,0.918513238430,0.223060384393,0.073773123324,-0.191631481051,-0.168603107333,0.326591342688,0.013413668610,-0.077390983701,-0.036425583065,-0.191684991121,0.495610177517,0.046904627234,-0.031420662999,-0.279810190201,0.307197302580,-0.347133755684,0.144768014550,0.063479296863,0.503891348839,0.202061131597,-0.410724163055,0.265079468489,0.011417465284,0.763747751713,0.169850215316,-0.501845777035,-0.258695691824,-0.948546826839,-0.149480700493,-0.667938113213,-0.653940021992,-0.650392115116,-0.719777762890,-0.441848486662,0.102357946336,-0.742011725903,0.496552675962,0.090096727014,0.480694174767,0.632121682167,0.014319163747,0.308777809143,0.615386545658,-0.586361289024,-0.444120466709,-0.338268131018,-0.223834171891,0.017957605422,-0.318083822727,-0.283621490002,-0.425088614225,-0.316268712282,0.467782676220,0.337955296040,-0.026946697384,0.428990453482,-0.052724488080,0.218742817640,0.217483356595,0.295746922493,0.000576223887,0.069282688200,0.373199611902,0.362378984690,-0.054416112602,0.691958427429,-0.029416229576,-0.321388870478,0.205563768744,-0.217578023672,-0.728886187077,-0.292429506779,-0.170957401395,-0.518914341927,-0.417288959026,-0.154576182365,-0.945768654346,-0.202410981059,0.359975308180,0.498939901590,0.000362197869,-0.076271459460,0.741933524609,0.719872415066,0.292289555073,0.896122872829,0.039693593979,0.511176407337,0.167310729623,0.150736063719,-0.516502439976,0.156169027090,0.455570816994,-0.197336107492,0.283522754908,0.798703968525,-0.211955726147,0.517082691193,0.483085513115,-0.646860718727,0.410699456930,-0.366009175777,0.138009741902,0.833182692528,-1.600671648979,0.196549966931,0.545441210270,0.056375276297,0.449648082256,-0.153180897236,-0.111100077629,0.119344197214,0.048542745411,0.328986793756,-1.274759531021,-0.567275941372,-0.521145105362,-0.131185591221,-0.781343102455,-0.974892616272,-0.082972124219,-0.194706052542,-0.095994777977,-0.005828092806,-0.239272862673,0.833174467087,0.015043558553,0.529833734035,-0.439839929342,-0.152460604906,0.394548714161,-0.682660639286,-0.327307522297,-0.055585023016,-0.168035119772,-0.279044657946,-0.197599515319,-0.392112135887,0.124830670655,0.426134020090,-0.282995909452,-0.637883961201,0.616617202759,-0.286749571562,0.079930484295,0.275295078754,-0.090919896960,0.279336899519,0.748222589493,0.751749932766,0.525561451912,0.845900833607,0.061705343425,0.654915511608,0.103205814958,-0.027761643752,0.265355199575,-0.097435340285,-0.481702595949,-0.047604326159,-0.627705395222,-0.199694499373,-0.007029931527,-0.428747594357,-0.480430781841,0.000238721332,-0.230884686112,-0.171792909503,0.246545627713,-0.142759472132,0.214618697762,-0.326920628548,0.229493513703,0.569679617882,0.403146833181,-0.761660993099,-0.406447768211,-0.323940724134,-0.689093828201,-0.364803224802,-0.433913052082,-0.115454688668,-0.398837476969,-0.295751035213,0.134066715837,-0.299780488014,0.170776307583,0.316869616508,-0.008700980805,-0.217022389174,0.303011447191,0.013281960972,0.299307137728,-0.001942697680,0.053444761783,0.471882075071,0.234601318836,0.650729656219,0.818896472454,-0.166232362390,0.389733135700,-0.266059041023,-0.479047834873,-0.728067100048,0.006968193222,-0.257740825415,-0.647819697857,-0.342223495245,-0.148509353399,0.124550789595,0.801910221577,0.595469772816,-0.139985352755,1.010058760643,0.166837394238,0.210502818227,-0.114882580936,-0.324805051088,-0.057980470359,-0.363469690084,-0.200353041291,-0.309712111950,-0.692007839680,0.328888028860,-0.679417371750,-0.031622342765,-0.308456778526,-0.190219745040,0.307897001505,-0.443581253290,-0.072912901640,-0.206415742636,-0.180674985051,0.150423243642,0.522844970226,-0.225011318922,0.609854757786,0.413839876652,0.126711636782,0.583171486855,-0.154230445623,-0.253093987703,-0.089718066156,-0.414617806673,0.245985865593,0.093368850648,-0.980864763260,-0.103926099837,-0.517593145370,-0.360967248678,0.446705192327,-0.262556403875,0.369952201843,-0.025123361498,0.221957311034,0.121295124292,0.134383648634,0.547939538956,0.129810899496,-0.171002671123,0.634278476238,-0.398751080036,-0.068595334888,-0.128316819668,-0.726375460625,0.112882263958,-0.341791301966,-0.876782238483,0.682158529758,0.583558380604,-0.063162371516,-0.277982741594,-0.434974968433,-0.141660526395,0.665509760380,0.353027671576,-0.697654843330,-0.784944534302,0.177176490426,0.038203645498,-0.471746265888,0.063808560371,0.353978425264,0.615234255791,0.326142698526,-0.470326274633,0.305884331465,0.233029067516,-0.009013787843,-0.054058033973,-0.542012631893,-0.297245085239,0.271907716990,-0.394622802734,0.152180731297,0.138618886471,0.358460634947,0.535217285156,0.650112271309,0.213713198900,0.483879864216,0.765340566635,0.333761215210,-0.779923141003,-0.049036655575,-0.456406384706,-0.393680304289,-0.639131069183,0.015780303627,-0.435407102108,-0.446659952402,0.244746983051,-0.205349728465,-0.513452529907,-0.335728615522,-0.145323663950,-0.017056226730,0.236766293645,-0.034342940897,-0.130107238889,-0.496186405420,0.281555324793,1.031165003777,-0.208045631647,0.263157337904,0.127670630813,-0.031869295985,0.177341118455,0.158111706376,0.031342465430,0.504751563072,-0.786356329918,-0.380015552044,-0.361345857382,0.316692650318,0.128930091858,-0.389243334532,-0.739406406879,0.304172128439,-0.082231260836,0.488448530436,0.221772119403,0.302694529295,0.800667226315,-0.162281110883,0.476458966732,0.723428547382,-0.127164378762,0.342346966267,-0.234107419848,-0.248105540872,0.244825184345,-0.180600911379,-0.423648029566,0.136281073093,-0.141969218850,-0.437226325274,-0.531990468502,-0.534204840660,0.523557007313,-0.077086403966,-0.129699766636,-0.055724963546,-0.627413153648,-0.460069507360,0.447133272886,-0.271014571190,0.138515993953,0.269277662039,-0.671848237514,0.226805835962,0.176678478718,-0.101567693055,0.326089203358,-0.760327398777,-0.412432253361,-0.229843363166,-0.764537990093,-0.304089814425,-0.103139959276,-0.416898012161,0.029873091727,0.248545944691,-0.182304888964,0.861895143986,0.430398076773,0.125567421317,0.848074018955,0.185552313924,0.400537312031,0.436855912209,-0.238490834832,0.322224408388,-0.404381573200,0.197957605124,-0.012767475098,-0.375702083111,0.149723544717,-0.486584007740,-0.870369732380,0.032630737871,0.196389451623,0.361971527338,0.238326206803,-0.296590685844,0.252357244492,0.404463887215,0.277801662683,0.114269316196,0.224854916334,0.185963898897,-0.035783503205,0.348360270262,-0.174822211266,-0.054411999881,-0.090179041028,0.140936121345,-0.470766693354,-0.317285329103,-0.564279615879,-0.212700709701,-0.799959242344,-0.156465366483,-0.396820694208,-0.725885689259,0.043422587216,0.636887907982,0.443848788738,0.042747579515,0.250179946423,0.578285932541,0.647157073021,0.188305839896,0.134268403053,-0.329246103764,0.365218937397,0.553726434708,-0.625198781490,-0.060779273510,-0.298706233501,-0.191536813974,0.470482677221,-0.016920402646,-0.218783974648,0.538370072842,-0.050588339567,-0.021620742977,0.771148085594,-0.631220340729,-0.081157021224,-0.447199106216,-0.093401774764,-0.064677014947,0.234490200877,0.077740833163,-0.548807978630,-0.068336032331,-0.063742712140,0.192837432027,-0.079062029719,0.261050015688,-0.411773711443,-0.501956880093,-0.863236904144,0.006787094288,-0.783326923847,-0.653351426125,0.313268214464,-0.076094478369,-0.097871631384,0.119899839163,-0.065887086093,0.347405374050,0.655166566372,0.362181425095,0.077864311635,-0.417811721563,-0.453842163086,0.146241500974,0.003589051776,-0.448643803596,0.313416391611,0.076374359429,-0.442968010902,0.520770549774,0.698515057564,-0.398660510778,0.537258803844,-0.421664148569,0.730692982674,0.528240859509,-0.162478670478,-0.096151188016,0.046719409525,-0.044776711613,0.412823259830,0.427977949381,0.209646716714,-0.114252850413,0.072670064867,0.722062051296,0.195475712419,-0.560171961784,0.169253423810,-0.427698075771,-0.423322886229,-0.348039239645,-0.572548389435,-0.600828647614,0.053551778197,-1.040273427963,-0.262334138155,0.029996570200,-0.164252623916,0.370754808187,0.090310744941,-0.429793059826,0.799424231052,0.348751276731,0.367939502001,0.554125726223,-0.120998792350,0.151674479246,0.524939954281,0.176184564829,0.042233094573,-0.302694529295,-0.511592149734,0.647832036018,-0.280785679817,-0.325842261314,0.006091509480,-0.075016118586,0.903152763844,0.173377528787,0.211478278041,-0.273842155933,-0.040907781571,0.021489035338,0.605364382267,-0.654964864254,0.436884731054,0.226209044456,0.708368420601,0.696197807789,-0.943229079247,0.145422443748,0.712706625462,-0.785384953022,-0.088586188853,-1.144458889961,-0.748535394669,-0.884594202042,-0.502561926842,0.000572108023,-0.702812075615,0.494700551033,0.399351984262,-0.579207897186,0.662785053253,0.355987012386,-0.288786947727,0.548433423042,-0.468527615070,-0.385637849569,0.115483492613,-0.737364888191,0.113643690944,-0.276608049870,-0.780857443810,0.039137948304,-0.440910041332,-0.434328734875,0.022122880444,-0.251184225082,-0.066603250802,0.044097587466,0.123221367598,-0.150036364794,0.516111373901,0.553829371929,0.416593372822,0.768312215805,0.499355643988,0.668699562550,0.628125190735,0.541452884674,0.417675882578,0.164050936699,0.158642664552,-0.683508574963,-0.204637676477,0.260617822409,-0.276982575655,-0.467288762331,-0.244932189584,-0.105469547212,0.489913791418,-0.128460884094,-0.005144855939,0.253983020782,0.511353433132,0.490778148174,0.438827395439,0.165269240737,0.552006006241,0.968533575535,0.344927608967,-0.028379024938,0.088936038315,-0.472001433372,0.386946678162,-0.104210093617,-1.051345229149,-0.055296912789,-0.369326561689,0.103000015020,-0.076168566942,-0.616942346096,0.153110921383,-0.286012828350,0.616419613361,-0.252538353205,0.200464174151,0.099122859538,-0.201283246279,0.248677656054,-0.170722782612,-0.276838511229,0.464852184057,-0.079090841115,0.142590716481,0.341182172298,-0.283008247614,-0.227748379111,0.349726736546,-0.418610215187,-0.100073628128,-0.205049261451,-0.368849158287,0.148982688785,0.079885207117,-0.600285351276,0.465486019850,0.247023060918,0.315935343504,0.670889258385,0.012010152452,0.211367145181,0.144521057606,-0.478278160095,-0.351722955704,-0.329048544168,-0.183132186532,0.006647154223,-0.389086961746,-1.154411077499,-0.267260849476,0.208691820502,0.380908697844,-0.145871073008,-0.309819132090,-0.280357629061,0.176534414291,-0.452599197626,0.262268304825,-0.402685821056,-0.564843475819,0.078321173787,0.412214130163,0.638447821140,-0.104090727866,0.307876408100,-0.126411169767,0.684895634651,0.599540352821,0.021118605509,-0.359263241291,-0.039578352123,0.046513613313,-0.557249665260,-0.265470445156,-0.342931419611,-0.199698626995,-0.674128472805,0.556442916393,-0.170035436749,0.266001403332,0.490226596594,0.649992883205,0.343705207109,0.310012578964,0.183498501778,0.572931170464,0.581837952137,0.424936294556,0.266408890486,-0.136482745409,-0.470495045185,-0.153209701180,0.210799172521,-0.182617694139,-0.657413840294,0.020715249702,0.082819841802,0.544778525829,-0.586583554745,-0.304748356342,0.418733656406,-0.323022872210,-0.590958714485,0.065882965922,-0.112680584192,0.298068255186,-0.040669061244,-0.179485514760,0.102234467864,-0.070361055434,0.577499806881,0.045221228153,-0.290124624968,-0.274858802557,-0.800292611122,-0.191030561924,-0.360699683428,-0.198373302817,-0.287276417017,-0.208123832941,0.034203004092,0.426924288273,0.294931948185,-0.118735052645,0.418165653944,0.415119946003,0.809462785721,0.334786087275,-0.229983314872,0.386086434126,-0.477841883898,0.555035293102,0.141323029995,-0.397318720818,-0.404105812311,-0.266939848661,-0.232555732131,-0.021065099165,-0.343170136213,0.157910034060,-0.752634823322,0.033021744341,0.450368344784,-0.287708580494,-0.382472723722,0.313091248274,-0.410378426313,0.598980605602,-0.211202517152,-0.086203090847,0.276431053877,0.292437732220,0.653911232948,-0.304373800755,-0.504130005836,0.184243470430,-0.057054396719,-0.018373310566,-0.490901589394,-0.248661175370,-0.379266440868,-0.253126919270,0.305303990841,0.360061705112,-0.340955793858,-0.131572499871,0.605915844440,-0.060561127961,0.853782713413,0.495733618736,-0.034939747304,0.479702264071,0.571811616421,0.031704660505,0.345919549465,-0.460802137852,-0.158519193530,0.398549348116,-0.148455858231,-0.526565730572,0.401290535927,-0.395915210247,-0.499956548214,0.338202267885,0.450956910849,-0.263626545668,0.364428669214,-0.166981443763,0.261860817671,-0.217862010002,-0.269705712795,0.213071122766,0.131115630269,0.270891070366,0.479060202837,0.428006768227,-0.067101269960,-0.464613437653,0.058581393212,0.367305666208,-0.773490011692,-0.568564236164,-0.864002466202,-0.471038341522,-0.267853558064,-0.737315475941,-0.149694740772,0.095570847392,0.185223057866,0.502623617649,-0.013784098439,-0.108577042818,1.529952645302,0.052827384323,-0.471433490515,0.366577178240,-0.513366103172,0.257514446974,0.208839997649,0.088285729289,0.036688998342,-0.475314706564,-0.539563715458,0.565485537052,-0.114672675729,0.340894043446,0.557085037231,-0.339013099670,0.166215896606,0.434789747000,0.030605720356,0.086301878095,0.113470822573,0.372257113457,0.606858432293,0.420540541410,-0.036359727383,0.125522136688,-0.742196977139,0.754021823406,0.686570763588,-0.655228316784,0.160527735949,-0.164429605007,-0.711257815361,-0.116524815559,-0.435765206814,0.026802642271,-0.188091814518,-0.035820547491,-0.014977704734,-0.535653650761,-0.221895575523,0.451352059841,0.120801225305,0.706215858459,0.251805722713,0.116874665022,0.809623360634,0.414432585239,0.298677444458,0.499796032906,0.018702581525,-0.272306948900,-0.199715077877,0.105938754976,0.390992611647,-0.271817147732,-0.419190555811,0.126032501459,-0.067846246064,0.703021943569,0.266906887293,-0.510538518429,-0.551775515079,-0.674070835114,-0.141590565443,-0.271100997925,-0.523017823696,-0.163639351726,-0.005869252142,0.128687262535,0.190363794565,0.742777287960,0.149888187647,-0.403694212437,-0.105831749737,-0.714624643326,-0.193121433258,-0.348989993334,-0.941142320633,-0.674688220024,-0.645934641361,-0.348656594753,-0.554463207722,0.654438018799,-0.140149995685,-0.119595266879,1.037976741791,0.342507481575,0.106370933354,0.631133913994,-0.755310118198,0.004840280395,-0.126608744264,-0.603738605976,0.479060202837,0.013323118910,0.366688311100,-0.002564196242,-0.733985781670,0.267754763365,-0.146809503436,0.308909505606,0.365288913250,-0.438654571772,0.003827772802,0.028132073581,-0.134560629725,0.873127400875,0.042418308556,0.011359842494,0.517193853855,0.653363764286,0.825173199177,0.523750483990,0.293919444084,-0.500705599785,0.092911988497,0.053238973022,0.321306556463,-0.329118490219,-0.509390115738,-0.448577940464,0.191796109080,0.101522415876,-0.183395594358,-0.328830391169,0.002008551732,0.221566319466,0.304657787085,0.006815905217,0.148834511638,0.159148916602,0.173673883080,0.484390228987,0.331402808428,0.303591787815,-0.043957650661,-0.515135943890,0.008112409152,-0.153576016426,0.237070858479,-0.528002202511,-0.778947651386,-0.455965936184,0.003193926765,-0.098921179771,0.857952058315,-0.422594368458,0.353472173214,-0.219586580992,-0.234922364354,0.475071907043,0.264964193106,-0.354299515486,-0.046143189073,-0.451673090458,0.107811488211,-0.258769810200,0.423137664795,-0.160704731941,-0.348627805710,0.084227465093,-0.350208312273,-0.993961513042,-0.134214892983,-0.934034228325,-0.983951687813,0.167047306895,-0.267795920372,0.418153315783,0.614402830601,0.072608321905,0.827626228333,0.840023279190,0.466621965170,0.817521750927,-0.383509933949,-0.301007002592,-0.381023943424,0.294244617224,-0.057445403188,-0.354365319014,-0.311798870564,-0.097023755312,0.375755608082,-0.501631677151,-0.267577797174,0.092866711318,-0.198961868882,0.956716835499,-0.016146615148,0.041965562850,0.009046714753,-0.144578695297,0.243635684252,0.948238134384,-0.228505700827,0.377064436674,-0.205596670508,0.081062354147,0.289330244064,0.014990052208,-0.087721846998,-0.353974312544,-0.179695427418,0.650766670704,-0.620696067810,-0.733561813831,0.247051879764,-0.025897147134,0.033239886165,-0.497565239668,-0.228867888451,0.079214319587,-0.113474950194,0.504446983337,0.005148972385,0.196780443192,0.144232958555,0.650968372822,0.546815931797,-0.326307356358,0.372763365507,0.356991291046,-0.397014141083,0.173558637500,0.013360162266,0.019291153178,-0.398862183094,0.316453933716,-0.371631473303,-0.228011786938,0.324257642031,0.188935577869,-0.579281985760,-0.195418089628,-0.552713990211,-0.176950126886,0.116919942200,0.023369994015,-0.402624070644,-0.261494517326,0.255213677883,0.896390318871,-0.042134314775,0.588369846344,0.333090335131,0.068311341107,0.124773055315,-0.585809767246,-0.814644753933,-0.414284378290,-0.571251928806,-0.204720005393,-0.600071310997,-0.831256449223,-0.116788238287,0.279283374548,0.192837432027,0.567255377769,-0.414712458849,0.835693418980,0.591769576073,-0.148439377546,-0.051386822015,-0.255394756794,-0.104160696268,0.215306058526,-0.085614524782,-0.433122783899,-0.444206863642,-0.404422730207,0.189005538821,0.011540940963,-0.233177229762,-0.265309929848,0.195669159293,0.230958759785,-0.324957340956,-0.035837009549,0.207321241498,0.124217413366,0.597107887268,0.825156748295,0.372895061970,0.913187265396,0.600256562233,0.489004194736,0.434670388699,-0.586797595024,0.477459102869,-0.134844616055,-0.581578612328,-0.001666933415,-0.822641968727,-0.361045420170,-0.255353599787,-0.449429929256,-0.108749911189,-0.150546729565,-0.033215191215,0.774840056896,0.542292535305,-0.376488208771,1.014466881752,0.306719869375,0.250142902136,0.783277571201,0.329921096563,0.456785053015,-0.053251318634,-0.511448085308,-0.215215504169,-0.350817471743,-0.476401329041,-0.314346611500,-0.496976643801,-0.499112784863,-0.012191250920,-0.126213610172,0.151324629784,0.206736773252,-0.491041511297,0.598527848721,0.047254476696,0.004655065481,-0.057749982923,0.046550657600,-0.501532912254,0.333008021116,-0.465601235628,0.135441422462,0.165376260877,-0.797399163246,0.360222250223,-0.398578196764,0.148620486259,-0.058206845075,-1.320528149605,0.153049170971,-0.082725174725,0.013277845457,0.027452953160,-0.136877879500,-0.096406370401,0.778313815594,0.607212364674,0.069426745176,0.775654971600,0.237819954753,0.082346513867,0.009137264453,-0.305139362812,-0.356592059135,0.169031172991,-0.279320418835,-0.406756460667,-0.930255830288,-0.035269018263,-0.573980748653,0.080955341458,0.397763252258,-0.364301085472,0.176007598639,0.441255807877,-0.184091180563,0.232345819473,0.174550577998,0.257975429296,0.479887485504,0.018155168742,-0.139388561249,0.406266659498,-0.159078955650,0.445733875036,0.184334024787,-0.738241553307,0.381904751062,0.117693729699,-0.598597824574,-0.041887361556,-0.531887590885,-0.161219209433,-0.428204327822,-0.201373800635,0.107025355101,-0.110318064690,-0.183218613267,0.253126919270,0.151888504624,0.311770051718,1.241643071175,-0.014442640357,-0.059338711202,0.347343653440,0.117426194251,0.407196819782,-0.011170511134,-0.425858259201,0.173241719604,0.145191952586,0.024966958910,-0.298286408186,0.306312382221,-0.276830285788,0.520766437054,-0.083947591484,-0.318878173828,-0.069941230118,-0.434571594000,-0.225661620498,-0.051213953644,-0.295038998127,-0.005581140053,0.180102899671,-0.053798731416,0.131802976131,0.092739120126,-0.251097798347,0.367779016495,0.211288943887,0.050835292786,-0.795616984367,-0.273500531912,-0.257926046848,-0.408625066280,-0.180600911379,-0.960256516933,-0.395351320505,-0.183745443821,0.106926575303,-0.153197348118,-0.140767380595,0.068426586688,0.799942791462,0.380316019058,0.076427869499,-0.334884852171,-0.132070511580,-0.103699713945,0.195916116238,-0.018912490457,-0.276785016060,-0.428488314152,-0.183379143476,-0.310671120882,0.125143483281,-0.496898442507,-0.007692588959,-0.263857036829,-0.502397239208,0.150114551187,0.629092454910,-0.692341208458,1.030543446541,-0.351731181145,0.088186949492,0.496243983507,-0.025263300166,0.556784570217,0.459118723869,-0.681644022465,0.700498938560,-0.507254004478,-0.152876302600,0.552335321903,-0.787331759930,-0.126090139151,0.361658662558,-0.744563579559,-0.494070827961,-0.704174399376,-0.119924537838,-0.501294195652,0.520943403244,0.472240179777,-0.121579125524,0.742328643799,0.653499662876,0.507607936859,0.787854433060,0.619864583015,0.289305567741,0.720172882080,-0.545741677284,-0.252595961094,0.365260094404,-0.314721137285,-0.291482836008,0.105868786573,-0.430356949568,0.074135318398,0.485629141331,0.065804764628,-0.209753736854,-0.200381860137,0.006778862793,0.317581683397,-0.260049849749,-0.078905627131,-0.234210312366,0.418486684561,0.098406694829,0.236437007785,0.305719703436,-0.017159122974,0.116043262184,-0.195837929845,-0.393869638443,-0.081309303641,-0.668078124523,-0.551586210728,-0.809335231781,-0.308123379946,-0.661780774593,-0.505113720894,0.349578559399,-0.341433227062,0.665126979351,0.342124700546,-0.203917413950,0.999793767929,-0.072591863573,0.380641162395,0.662282943726,-0.742077648640,0.019562801346,0.143035233021,-0.388708293438,0.399701803923,-0.101695284247,-0.511625111103,0.361275941133,-0.294759094715,0.057000890374,0.222652897239,0.081124089658,0.388300836086,0.151674479246,-0.259136110544,0.276052415371,-0.027955088764,-0.000563876238,0.561785399914,0.598474383354,0.361646324396,0.172220975161,-0.108741678298,-0.785858273506,-0.321561753750,0.129819124937,-0.150015771389,-0.176225721836,-0.509134948254,-0.446141362190,-0.317178338766,-0.722000300884,0.278291463852,-0.174521759152,-1.047183990479,0.730289638042,-0.361658662558,-0.138610661030,0.438601046801,0.247525200248,0.560291290283,0.041973795742,0.388391375542,0.073830738664,0.111277058721,0.374553769827,-0.344750642776,0.137606382370,-0.355838835239,-0.464798659086,0.415617942810,-0.082412362099,-0.212157398462,0.301258087158,0.249970033765,0.388942897320,0.003671369283,-0.376455307007,0.075695239007,0.290651440620,-0.520556509495,0.538135528564,0.165763139725,-0.398458838463,0.180823162198,0.600087761879,0.301451534033,0.456533938646,0.146513149142,-0.183683723211,0.038878649473,0.713677942753,-0.265309929848,-0.182132035494,-0.556447029114,-0.517370820045,-0.177176490426,-0.012277685106,-0.587777137756,0.051703747362,-0.339218884706,-0.000415704388,0.468560576439,0.168598994613,0.520042061806,0.090623557568,-0.075390659273,-0.109330244362,-0.083601854742,-0.632084667683,-0.166862100363,-0.249772459269,0.064458869398,-0.684677422047,-0.031276609749,-0.226801723242,-0.336448878050,0.178151965141,-0.327130526304,-0.187202781439,0.428447127342,-0.274784713984,-0.528636038303,-0.012553448789,0.410077959299,0.277394175529,0.623951673508,0.077592663467,0.584891974926,0.580220401287,0.235527411103,0.879367053509,0.380385965109,-0.592074155807,0.344437807798,-0.532657265663,-0.280291765928,0.025201562792,-1.066508173943,-0.083754137158,-0.426681458950,-0.353702694178,-0.032852992415,-0.394803911448,0.405394077301,0.228061184287,0.100793905556,0.493634521961,0.229621097445,-0.098945878446,0.278447866440,0.174217179418,0.276332288980,-0.277003169060,-0.673338234425,0.338947236538,-0.806680560112,-0.332135468721,0.044212836772,-0.598457932472,-0.012384697795,-0.032910615206,-0.117438547313,0.211256027222,-0.089257076383,-0.495927065611,-0.004058262333,-0.071081332862,0.234387308359,-0.102958865464,-0.172031641006,0.453751623631,-0.017072690651,-0.118726812303,0.521178007126,-0.204740568995,-0.573190450668,0.064833417535,0.035713531077,-0.248080849648,-0.078259438276,-0.028053870425,-0.647622168064,-0.839850425720,0.036709576845,0.463802605867,0.664377927780,0.233029067516,0.511052966118,0.783516287804,0.885824859142,0.491309076548,0.860322833061,0.316918998957,0.493622183800,-0.158815532923,0.171299025416,-0.433217465878,-0.426611483097,-0.232263490558,-0.906437218189,0.483575314283,-0.325150787830,-0.345475018024,-0.077098757029,-0.125880226493,0.379336416721,0.040401525795,-0.432172030210,0.464370608330,-0.170545801520,0.224801406264,0.343931555748,-0.622642815113,0.555578589439,0.801914334297,-0.579343736172,0.311728894711,0.181156560779,-0.235597372055,-0.062997736037,-0.423125326633,-0.586468338966,0.013174948283,-0.435398876667,-0.544469833374,-0.224064663053,-0.292223721743,0.281291931868,0.294503927231,-0.136828482151,0.199200600386,0.278665989637,0.079440690577,0.671798825264,0.300583094358,0.418803662062,-0.054029218853,0.063487522304,0.228917285800,-0.167685270309,-0.464802771807,-0.055807285011,0.040537349880,0.323331564665,-0.139783680439,-0.536069333553,0.219775915146,0.288601726294,0.333448410034,-0.107157059014,-0.524746477604,-0.027572313324,-0.148797467351,-0.287157058716,-0.498528301716,-0.020744059235,-0.043006882071,-0.129522770643,0.273673415184,-0.173616260290,0.301896035671,-0.066236935556,0.111569292843,-0.373380720615,-0.017550133169,0.025876568630,-0.585957944393,-0.063458710909,-0.412613362074,-0.813776314259,0.336839914322,-0.273200094700,0.500849723816,0.189635276794,-0.362984001637,0.636311650276,0.405933290720,0.630747020245,0.234255582094,-0.358493596315,-0.031239565462,0.550701320171,0.254464596510,0.195879071951,-0.498841106892,0.653754830360,0.412082374096,0.037195250392,-0.699539959431,-0.004988452420,-0.047982987016,0.231724306941,0.135490819812,-0.391486525536,-0.386794418097,0.477302700281,-0.188351124525,0.087841212749,0.476640075445,0.057062629610,0.537497520447,0.612822353840,0.267355531454,0.239091753960,0.132848411798,0.086495317519,0.233399480581,0.087157979608,-0.717933773994,-0.598449647427,-0.218129560351,-0.349072307348,-0.361732780933,-0.408797919750,-0.560892224312,0.046097911894,-0.024106739089,0.263478368521,0.764048218727,0.463041156530,0.288177788258,0.776050090790,0.747387051582,0.174632877111,0.712945342064,-0.111565172672,-0.333703607321,0.225830376148,-0.693715929985,-0.319779574871,-0.120797105134,-0.211889877915,0.231308609247,-0.012528752908,-0.350467592478,0.413152515888,0.055984266102,0.116179078817,-0.036347378045,-0.927164793015,0.107790917158,-0.666061341763,-0.158070564270,0.632228732109,-0.774362564087,0.216075733304,0.149674162269,-0.141405344009,0.726338446140,-0.304118633270,-0.402216613293,-0.617288053036,-0.776589274406,-0.699235320091,-0.349763780832,-0.160791158676,-0.962824821472,-0.347528845072,0.232555732131,0.028255548328,0.536069333553,0.093842178583,0.252456039190,0.580121636391,0.600417077541,0.253242164850,0.187544405460,-0.161746039987,0.243808567524,0.074592180550,-0.113174490631,0.191730260849,0.191314563155,-0.031441245228,-0.139442056417,0.302118301392,0.100567534566,0.345149874687,0.338235199451,-0.067776277661,0.810734629631,0.114203460515,0.214717477560,0.349002361298,0.016228934750,0.537192940712,0.589316546917,0.243228211999,-0.357649803162,0.335028916597,-0.394095987082,-0.353546291590,0.624729573727,-0.797851979733,-0.533377528191,-0.437098741531,-0.885874211788,0.049452356994,-0.422726064920,-1.155007839203,0.059351056814,-0.474470973015,-0.244355976582,0.482060670853,-0.510530233383,0.346047133207,0.147500976920,0.396096318960,0.001082477742,-0.015706216916,0.269660413265,0.069126285613,-0.761274099350,-0.454759985209,0.244767561555,-0.375953167677,-0.201052740216,0.198093429208,-0.566362261772,0.073900714517,0.118080615997,0.499359756708,0.517506659031,-0.517185628414,0.046517733485,-0.202328681946,-0.171006783843,-0.189771115780,-0.165771380067,0.014339743182,0.274414271116,-0.098521940410,0.118726812303,0.729627072811,0.078284129500,0.138886421919,-0.035450115800,0.158716753125,-0.162305802107,-0.361934453249,-0.099349230528,-0.610138773918,-0.396684885025,0.299109578133,0.054156817496,0.053383026272,0.509604156017,-0.200488880277,0.309827357531,0.802383542061,0.004803237971,0.307975202799,-0.307707667351,-0.568514823914,0.305645614862,-0.090672947466,-0.357658028603,0.158268123865,-0.439761728048,-0.525145769119,0.133910313249,-0.312054038048,0.100563421845,0.317540526390,-0.497001349926,-0.104004301131,0.224521517754,-0.187223374844,0.382032334805,-0.261045902967,0.674642920494,0.536275088787,0.201213255525,0.416613996029,0.396614909172,-0.466617852449,0.539213836193,0.243145912886,-0.259333670139,0.399738848209,-0.197443127632,0.264943629503,-0.592049479485,-0.590571820736,-0.117261566222,-0.092944912612,-0.349105268717,-0.729828715324,-0.888175010681,0.052708018571,0.018756087869,0.162791475654,0.696975708008,0.268022328615,-0.096212923527,0.795287728310,-0.134610027075,0.569239258766,0.224081113935,-0.125946074724,0.344314366579,-0.964034914970,-0.647259950638,0.278661876917,-0.068858750165,0.256477266550,-0.405406415462,-0.432386070490,0.100123018026,0.293754816055,0.184531584382,-0.423042982817,-0.184869095683,-0.046027939767,-0.083531886339,0.378019362688,-0.113627240062,0.263021498919,0.494013190269,0.114874348044,0.893484532833,0.838158786297,0.023728076369,0.426162809134,-0.319281548262,-0.822431981564,0.282427906990,-0.027033131570,-0.391593545675,-0.712554335594,-0.363523185253,0.179732456803,-0.110544435680,0.263836473227,0.655113041401,-0.143961310387,0.479850441217,0.608014941216,0.336675286293,-0.015265817754,-0.119200140238,0.070830263197,-0.262165397406,-0.159782767296,0.027732834220,-0.429480254650,-0.023201242089,-0.501121342182,-0.009614706971,0.141092538834,-0.716003417969,-0.018817825243,-0.080856561661,-0.195368707180,0.183025181293,0.097147233784,0.004054146819,-0.065553694963,0.689698815346,0.499972999096,-0.203464657068,0.432209074497,0.642975330353,0.052045363933,0.397639751434,-0.185852780938,-0.476574182510,-0.133568704128,0.455747812986,0.003930669744,-0.504623949528,-0.183955356479,-0.401290535927,0.053860470653,-0.423964947462,0.034585781395,0.027601122856,0.371425658464,0.744238436222,-0.056161247194,0.291803896427,1.128999590874,0.485559165478,0.357497543097,0.320792078972,-0.086478859186,-0.257958978415,0.099896647036,-0.301784902811,-0.565806567669,-0.397903174162,-0.623239636421,0.100674547255,0.252563029528,-0.131556034088,-0.264890134335,0.421022117138,-0.300286740065,-0.424594700336,-0.235947221518,-0.304406732321,0.140322864056,-0.965738892555,-0.742328643799,0.149167910218,-0.533270537853,0.589674592018,-0.029889557511,-0.402677595615,0.156868726015,-0.612999320030,-0.132910147309,-0.044451557100,-0.583891749382,-0.550236165524,-0.224669694901,-0.558447360992,0.016813389957,0.404179900885,-0.310992151499,0.454924643040,0.165112838149,0.359427869320,1.137556552887,-0.141442388296,0.556228935719,0.042253673077,-0.476751178503,0.506694257259,-0.033840805292,0.169953122735,-0.808405101299,-0.487263143063,0.252163797617,0.634159088135,-0.197484284639,0.264280974865,0.006029771641,-0.608068466187,0.217137634754,0.169339850545,0.079506553710,0.216656059027,0.230143830180,0.023674570024,0.439650595188,0.364605665207,0.734718441963,0.435407102108,-0.180856093764,0.143039345741,-0.125357508659,-0.374175101519,0.196484118700,0.409748703241,-0.398582309484,-0.206246986985,-0.912372291088,-0.429653078318,-0.300138562918,-0.064895153046,0.099974840879,-0.035359568894,-0.492124021053,0.240544646978,-0.013117324561,0.685891687870,0.371392756701,0.067916221917,-0.008272929117,0.300175607204,0.046155534685,0.081725008786,-0.398475289345,-0.123381882906,0.164767116308,-0.297697842121,-0.182358399034,-0.471898555756,-0.196529373527,0.600310027599,-0.097373612225,-0.237079083920,0.041479889303,-0.255300104618,0.027053711936,0.077308662236,-0.136030003428,-0.637492954731,-0.079897560179,-0.074411086738,0.155926182866,0.323652625084,-0.114812605083,0.441251695156,-0.007527953014,0.296586573124,-0.257230460644,-0.015360482037,-0.249529644847,0.341573178768,-0.690768957138,-1.092787981033,-0.155494004488,0.222484156489,-0.098851211369,0.095710791647,0.035363681614,0.223253846169,0.964067816734,0.515111267567,0.343334764242,0.399660676718,0.494136661291,0.408526301384,0.021118605509,-0.197035655379,-0.270158439875,0.249286800623,-0.026284040883,-0.166738614440,-0.488732516766,0.087450213730,-0.766423046589,0.135638982058,-0.181580498815,-0.351550072432,0.383053064346,-0.009742300026,-0.086771085858,0.695111215115,0.128864243627,-0.080650761724,0.485559165478,0.329439550638,0.426162809134,0.003016943578,-0.141524702311,-0.270331323147,0.003498502309,-0.090993985534,-0.039738867432,-0.709829628468,-0.416869163513,-0.350870937109,-0.506628394127,-0.435394763947,-0.548449873924,-0.528409659863,-0.124163895845,0.208020940423,-0.178715839982,0.310629934072,0.543811261654,0.648996829987,0.931893944740,0.062199253589,0.622004866600,0.713657438755,-0.156045556068,0.095809571445,-0.271014571190,-0.228641524911,0.762677550316,-0.395347207785,-0.147854939103,0.485246360302,0.354484736919,0.829667687416,0.292071431875,0.388889402151,-0.183412060142,0.418449670076,0.662941455841,-0.181247115135,0.275476187468,-0.215355440974,0.470770806074,0.359464913607,0.242281556129,0.090170808136,-0.621519207954,0.229946255684,-0.381291449070,-0.590357840061,-0.279044657946,-1.022373437881,-0.380064934492,-0.283078223467,-0.953387081623,0.348397314548,-0.385036915541,-0.539226174355,0.310131907463,-0.164548963308,-0.379406362772,1.008667588234,-0.156662926078,-0.440025120974,0.522342860699,-0.663863420486,-0.193775862455,0.393223404884,-0.579471290112,-0.058457914740,-0.117726653814,-0.623149096966,0.492823719978,-0.137989148498,-0.675013363361,0.326085090637,-0.465650647879,0.199031859636,0.405134797096,-0.281617075205,0.137458205223,0.793361544609,-0.413090765476,0.538489460945,0.839500546455,-0.236371159554,1.041137695313,0.049464702606,0.233086690307,0.466444998980,-0.780589878559,0.012137744576,0.601614773273,-0.492877244949,-0.299039632082,0.428019106388,-0.895015656948,0.325224876404,-0.051703747362,-0.502067983150,0.041640408337,-0.146389678121,0.791036069393,0.344746530056,0.204938143492,0.517840087414,0.935511827469,0.369297772646,0.089536957443,-0.145809337497,0.611612260342,-0.352072775364,-0.039705943316,-0.085404612124,-0.761381030083,0.079045571387,-0.835891008377,0.195290520787,0.111960299313,-0.532673716545,0.254234105349,-0.640242397785,-0.192207708955,0.190240308642,-0.328245937824,-0.126563459635,-0.243018314242,-0.154699653387,-0.447647750378,0.104617558420,-0.018373310566,-0.034680448472,0.905103683472,0.290663808584,0.206333428621,0.067998535931,-0.667505979538,0.082449406385,-0.501709878445,-0.314478278160,-0.370688945055,-0.641769349575,-0.487567722797,-0.298130005598,0.007881919853,-0.522548615932,0.710360527039,0.720395147800,-0.322919994593,0.885639667511,-0.004976104945,-0.089722178876,0.814134359360,0.122081264853,-0.232234701514,0.216721907258,-0.481957763433,0.414782404900,-0.120912350714,-0.458036243916,0.132008776069,0.022802000865,0.604800462723,-0.585863292217,0.131449013948,0.508698642254,-0.244697600603,0.852173388004,0.255131363869,-0.225575193763,0.854103684425,0.325084924698,0.686414361000,0.602577924728,0.222430646420,0.280024230480,0.740287184715,0.124209173024,-0.391202509403,0.158383369446,0.089804492891,-0.783771514893,-0.381196767092,-1.136132478714,-0.678614795208,-0.513559520245,-0.540629744530,-0.238676056266,-0.373640060425,-0.804223358631,0.933770835400,-0.105469547212,0.546404302120,-0.246973663568,0.120764181018,0.879198312759,-0.012808633968,-0.442811578512,-0.166997909546,-0.752511322498,0.033145219088,-0.605421960354,-0.272228747606,-0.558579087257,0.382814347744,0.237288996577,-0.279719650745,-0.429739534855,-0.230073839426,-0.184539824724,0.178748771548,0.089927971363,-0.608891665936,0.082358859479,0.194977700710,-0.008264696226,0.149044424295,0.286659032106,0.588164031506,0.246018782258,-0.257926046848,0.519605815411,0.064639970660,0.006564836483,-0.233358323574,-0.400282174349,-0.051876615733,-0.321763426065,0.086569406092,0.196130141616,-0.111795663834,0.177900895476,0.466305047274,0.186754152179,0.545165419579,0.491333752871,0.253205120564,0.093796901405,0.422643750906,-0.078411720693,0.071484692395,-0.097464151680,-0.312572628260,-0.161960065365,-0.088968962431,-0.734545528889,-0.243244692683,-0.036598447710,-0.618448734283,-0.212038055062,-0.337033361197,0.108268357813,-0.317594021559,-0.055535633117,0.381196767092,-0.023719845340,-0.205839514732,0.121546193957,-0.280308216810,0.354513525963,0.639139294624,0.270895183086,-0.290355116129,-0.194166868925,0.473668396473,0.368523985147,-0.266001403332,0.101296044886,-0.208251431584,0.253126919270,-0.602409124374,0.186474293470,-0.074600413442,-0.460411131382,0.400957167149,-0.088211648166,0.296788245440,0.644280016422,0.321475297213,0.604158401489,0.252871751785,1.122282505035,0.457443565130,-0.119916304946,0.349438637495,0.224509179592,-0.112697042525,-0.643226385117,-0.462222099304,0.582023203373,-0.687690317631,-0.258642196655,0.670012533665,-0.355949938297,0.009244277142,0.109675981104,-0.534546434879,0.038602884859,-0.443239659071,-0.183239206672,-0.469223201275,-0.368466377258,0.281567692757,-0.260078638792,0.268030554056,0.295113056898,-0.357789784670,-0.018134590238,0.144183561206,0.258950918913,-0.156580612063,-0.896126925945,-0.589028418064,-0.288194268942,-0.525820732117,-0.404175788164,-0.221570432186,-0.867381572723,0.702758550644,0.424137830734,0.139318600297,0.019505178556,0.501475334167,0.519181847572,0.910067439079,0.017035648227,0.068945184350,-0.119327731431,0.210325837135,-0.282493770123,0.297586709261,-0.184000626206,-0.022633250803,-0.103823192418,-0.360028803349,-0.267923533916,0.080206252635,-0.628005862236,0.046513613313,-0.309284061193,0.009861660190,-0.419478625059,-0.158383369446,0.078325293958,0.089442290366,0.872863888741,0.280662178993,0.322331398726,0.473153918982,-0.033655591309,0.454591274261,0.076090365648,0.167969256639,0.103847891092,-0.362564206123,-0.209729030728,-0.966924309731,-0.438284128904,-0.226340740919,-0.335749179125,-0.160601824522,-0.869731724262,-0.289264410734,1.087248086929,0.093294762075,0.675445556641,1.509192109108,0.471952080727,1.048204779625,1.010029911995,0.161766618490,0.838072359562,0.151583924890,-0.392811834812,0.215133190155,-0.687048196793,-0.452035307884,-0.126678705215,-0.119982160628,-0.444005191326,0.709129929543,-0.055901952088,-0.371829032898,0.434283494949,-0.325722903013,-0.065306745470,-0.777774631977,-0.395754665136,0.103856123984,-0.418198615313,-0.611167728901,-0.021834768355,-0.187968358397,0.608405947685,0.537608623505,-0.607554018497,0.138610661030,-0.477796614170,-0.414173245430,-0.811434388161,-0.869600057602,-0.327027618885,-0.201205030084,-0.845448017120,-0.161803677678,0.794641554356,-0.329575359821,0.548219442368,0.478446930647,0.086450047791,1.297145843506,0.335461080074,0.026823222637,0.556517004967,-0.343063116074,0.158226966858,0.246319249272,0.142677143216,0.390696257353,0.093183636665,-0.831034183502,-0.190709531307,0.344861775637,0.421565383673,0.151262894273,-0.154831364751,-0.394548714161,0.111083619297,0.427558094263,-0.095377407968,0.407250344753,0.342375755310,0.312156945467,0.583307325840,0.236770406365,0.490461170673,-0.219652429223,-0.161980658770,0.093270070851,0.059692680836,-0.084577322006,-0.139586120844,-0.813496470451,-0.070517450571,-0.684858560562,-0.918072819710,-0.136379852891,-0.108972169459,-0.095467947423,-0.480554252863,-0.954111516476,0.103600941598,-0.007486794610,0.131218537688,0.143763750792,0.066315136850,0.592485785484,-0.145525351167,0.307053267956,-0.316639155149,-0.247274130583,0.673276424408,-0.992714405060,-0.433908939362,0.514670848846,0.039812952280,0.342849105597,-0.059079412371,0.152518227696,0.149365469813,-0.143788442016,0.315198570490,-0.130794599652,-0.187021702528,0.128818958998,-0.208741217852,0.515074193478,-0.016274208203,-0.146611928940,-0.167701721191,-0.159947395325,0.675474345684,0.011071731336,-0.356575548649,-0.239779099822,-0.734800696373,-0.047028101981,-0.384633570910,-0.078049525619,-0.810874581337,-0.364506870508,0.106630228460,0.007392129395,-0.404579132795,0.573104023933,-0.013146135956,0.639406800270,0.804276823997,0.430929034948,0.182428374887,-0.358497709036,-0.029486199841,0.016776347533,-0.359164446592,-0.014928313904,-0.309251129627,-0.439568281174,-0.166516363621,-0.002201998373,-0.037643883377,0.234358474612,0.153810620308,-0.088927812874,-0.023472892120,-0.131481945515,0.148394122720,0.105514824390,0.105543628335,0.399780035019,0.334823131561,0.349504500628,0.054403763264,0.620156824589,0.310753434896,0.713677942753,0.075073741376,-0.255131363869,-0.485015898943,-0.303283095360,-0.131885290146,-0.109070949256,-0.718633532524,-1.089734077454,-0.614522218704,0.066916055977,0.015060023405,-0.663505315781,0.428751707077,-0.151777371764,0.960161864758,0.694353878498,0.404496818781,0.665118753910,0.352459669113,-0.005490590818,0.340079098940,-0.240729868412,-0.284642249346,-0.111322335899,-0.785100936890,-0.074341110885,-0.143800780177,-0.843110263348,0.162906721234,0.280365854502,0.204040870070,-0.541469335556,0.183938905597,-0.266919255257,0.385839521885,-0.195492193103,-0.365371227264,-0.133572816849,-0.071888044477,0.676013469696,0.080070428550,0.184795007110,0.719049274921,0.042237211019,0.681450605392,-0.012886835262,-0.032276768237,0.076543115079,-0.366313755512,-0.793612539768,-0.035729996860,-0.458711266518,-0.356995403767,-0.438271790743,-0.252451926470,0.271664887667,0.373039126396,0.093805126846,0.501006066799,0.220022872090,0.385687202215,0.100094206631,-0.033285163343,-0.029543820769,0.025176865980,-0.460658043623,-0.270335435867,-0.142516627908,-0.286514997482,-0.080399692059,-0.121661439538,-0.092084690928,0.124431431293,-0.402023166418,-0.100081853569,-0.515489876270,-0.093385316432,0.309526890516,0.444836616516,0.311728894711,0.165709644556,0.223093301058,0.399249047041,0.226525947452,1.177385926247,0.769625186920,-0.465494245291,0.032470215112,0.422849535942,-0.087005689740,0.338457465172,-0.844023883343,0.218125447631,-0.282942384481,-0.405163615942,0.071690477431,-0.386613309383,-0.118080615997,0.071003131568,0.220722571015,0.303451836109,0.157630160451,0.119290694594,0.583928823471,-0.275887757540,-0.225916802883,0.991615474224,-0.016027254984,0.166660413146,-0.098493129015,-0.875218212605,-0.241874098778,0.188865616918,-0.152670517564,0.420001387596,-0.678610682487,-0.654055237770,0.011421580799,-0.007861339487,0.347286015749,0.061849404126,-0.636324048042,-0.473022162914,0.084663748741,-0.396145671606,-0.196517035365,-0.145405977964,-0.440469652414,0.093961536884,0.570297002792,0.102728366852,-0.258827418089,0.112898729742,-0.003803077852,-0.151213496923,0.122702762485,-0.134272515774,-0.305550932884,-0.673095345497,-0.194701939821,-0.054037451744,-0.021579584107,0.071723408997,0.496141105890,0.342610388994,0.359798312187,0.392741829157,0.051650237292,0.147039979696,-0.239956095815,-0.625416934490,0.211502984166,0.008536345325,-0.350628137589,0.241927593946,-0.229341223836,-0.028341982514,-0.014545537531,-0.019920883700,0.332271277905,0.455397993326,-0.574980914593,0.021509615704,-0.580961287022,-0.270738780499,0.219467222691,-0.129070028663,-0.083601854742,0.330896556377,-0.415329843760,0.206588611007,0.494655251503,-0.140648022294,0.686937093735,-0.472964584827,-0.017451351508,0.348952949047,-0.610883772373,-0.197105616331,-0.258514612913,-1.187276363373,-0.270413637161,0.278213232756,-0.332814574242,-0.346327006817,-0.501232445240,-0.000135824201,0.542815208435,0.146912395954,0.645498335361,0.271821290255,0.271191537380,0.990631818771,0.438354104757,-0.321360081434,-0.378142803907,0.272286355495,-0.139680787921,-0.458941727877,-0.574330568314,-0.541259467602,0.051765486598,-0.196611702442,-0.095105752349,-0.222121968865,-0.761195898056,0.483888119459,-0.599297523499,-0.048727963120,-0.014175107703,-0.854795217514,0.621272206306,0.272533327341,0.279349237680,0.490625828505,-0.683150470257,0.606212198734,0.641703486443,0.506023347378,-0.065438456833,-0.712858974934,-0.484925329685,-0.069060429931,-0.295236527920,-0.162540405989,-0.468548238277,-0.161429122090,0.386954903603,0.238803640008,0.314984560013,0.899082124233,0.047279171646,0.752305507660,1.302525281906,0.338012933731,-0.073303908110,0.107869111001,-0.344861775637,0.013216106221,-0.282320886850,-0.044233415276,-0.444935411215,0.337284415960,-0.314922809601,-0.699704587460,-0.482793271542,0.290626734495,0.140376374125,0.126106590033,-0.310136049986,0.218726366758,-0.280645728111,0.062326844782,-0.060087800026,-0.052543386817,0.535809993744,-0.213322192430,0.221257612109,-0.006581299938,0.055000569671,0.080375000834,-0.364976108074,0.145224884152,-0.600462317467,0.057725287974,-0.360164612532,-0.557541906834,-0.248389542103,-0.871979057789,-0.317359417677,0.230501905084,-0.038380626589,0.156383052468,0.051987744868,0.062487363815,0.799238979816,0.349101155996,0.833565473557,-0.000102897116,0.487246692181,1.169532775879,-0.077670864761,0.027576429769,0.058803644031,-0.107511028647,0.347405374050,0.395178467035,-0.443235546350,0.086355380714,0.278596013784,0.340803503990,0.120476074517,-0.508830428123,0.064269542694,0.395145505667,-0.352669596672,-0.330806016922,0.100703351200,-0.300768285990,0.107120022178,-0.049584068358,0.224813759327,-0.312951326370,0.338967829943,0.189590007067,-0.571042001247,-0.135585486889,-0.108494728804,-0.646576702595,0.088820800185,-0.991257369518,-0.642855942249,-0.487588316202,-0.304410845041,0.638270854950,0.228489249945,-0.764739632607,0.782524406910,-0.162630960345,0.445585697889,0.884977042675,0.037207599729,-0.042961608618,0.376031368971,0.551829040051,0.580265700817,0.113791868091,-0.170862734318,-0.609591364861,0.517679512501,0.366017401218,0.308518499136,0.139721944928,-0.911162257195,0.183868914843,0.269915640354,0.384254902601,0.591382682323,-0.450356006622,-0.083375476301,0.302373498678,0.525989532471,0.462217986584,0.139096334577,-0.152263045311,0.536332726479,0.225015431643,-0.330653727055,-0.255682885647,0.103168770671,0.617131650448,-0.591226279736,-0.609299123287,-0.349463313818,-0.140178814530,-1.002987742424,-0.230007991195,-0.533665657043,-0.154613211751,0.259922236204,-0.387243032455,0.628335118294,0.348623692989,0.249245643616,0.745971202850,-0.102720141411,0.243080034852,0.604907453060,0.016187775880,-0.143977761269,0.059688560665,-0.614641547203,-0.467169404030,0.115397065878,-0.097340673208,0.113758943975,-0.188919126987,-0.547280967236,-0.095517337322,0.098394349217,0.258341729641,-0.330888330936,-0.784598767757,0.486896842718,-0.076209723949,-0.286922454834,0.032910615206,0.063528686762,0.715805888176,0.405480504036,-0.367120474577,0.128695487976,-0.432357251644,-0.152612894773,-0.173451617360,-0.926181137562,-0.082655198872,-0.609360873699,-0.692423522472,-0.378270387650,-0.579648315907,-0.165771380067,-0.169199913740,-0.082646973431,0.667543053627,0.735179364681,-0.213527977467,0.729536473751,0.254048883915,0.125398665667,-0.266478866339,-0.347689390182,0.137170091271,0.093665197492,-0.080412045121,-0.489242881536,0.228983134031,-0.129572167993,-0.285728842020,0.361374706030,-0.338017046452,0.618485748768,0.612036228180,0.230473086238,0.543873012066,0.334888964891,0.175176173449,0.995336234570,0.203250616789,0.495095700026,0.721868574619,0.271319150925,0.615489423275,0.452969580889,0.094397820532,0.106099285185,-0.129152357578,-0.246916040778,-0.417321920395,-1.206781625748,-0.018908375874,-0.874259233475,-0.535410761833,-0.065928243101,-0.681211888790,-0.255345374346,0.459085822105,-0.076715983450,0.668255090714,0.435468852520,-0.233255431056,0.625264644623,0.491202056408,-0.184535697103,0.005000799894,-0.037862025201,-0.562748491764,-0.018188096583,-0.479698151350,-0.807812392712,0.039961125702,-0.420528203249,0.029975991696,0.293446153402,-0.048448082060,-0.411958932877,0.189137250185,-0.256991744041,-0.150917157531,0.322327286005,-0.086248368025,0.256020396948,0.289289087057,0.073633179069,0.350298881531,-0.237165525556,0.902535378933,0.091800697148,-0.482040107250,0.311770051718,-0.430254012346,0.019110053778,0.149237871170,-0.905856907368,-0.126337096095,0.161931261420,-0.280242383480,0.244619384408,-0.005688152742,0.414391398430,0.304155647755,0.569552063942,0.396376192570,0.060458231717,0.303731739521,0.591679036617,0.066660873592,0.282444357872,-0.527829289436,-0.092022955418,0.083902314305,-0.729717552662,-0.628882527351,0.458225578070,-0.872674584389,-0.166001871228,-0.158095255494,-0.521120429039,0.038524679840,-0.131909996271,0.029214549810,0.727532088757,-0.343832790852,0.218117192388,0.627516031265,-0.092652685940,0.743765115738,0.222908109426,0.302657485008,0.465448945761,0.378245711327,0.035610634834,-0.084676094353,-0.037252873182,0.373491853476,-0.128440305591,-0.208560124040,0.021735986695,-0.522577404976,-0.270454794168,-0.096533961594,-0.100164182484,-0.696942746639,0.321569979191,-0.172867164016,0.091948866844,0.600985050201,0.300233244896,0.161816015840,0.581883192062,0.272636204958,0.127839386463,0.814307212830,-0.385617256165,0.106601417065,0.037100587040,-0.716645598412,0.588518023491,-0.404155224562,-0.353295236826,0.510143339634,-0.457451790571,0.425096839666,0.023131273687,-0.316083490849,-0.494898110628,-0.940594911575,0.163215413690,0.530755698681,-0.597692370415,0.054667185992,-0.111738041043,0.503269851208,0.599914908409,-0.043599564582,0.038108978420,0.829289019108,0.000000000000,-0.214367628098,-0.369898676872,-0.887697577477,0.047633133829,-0.887216031551,-0.576511979103,0.111902683973,-0.180386900902,0.587085723877,0.201480805874,-0.123637065291,0.675079226494,0.142862364650,0.595432698727,0.862051546574,-0.368853271008,0.262836307287,-0.045711018145,-0.549198985100,-0.303789347410,-0.013372509740,-0.602973043919,0.124406732619,-0.354908645153,-0.399022698402,0.339856863022,-0.114289887249,-0.680240511894,0.152390643954,-0.063277609646,0.040434453636,0.296356052160,0.207210123539,-0.653824806213,0.651223540306,0.237503021955,0.985548675060,0.364910244942,0.181210055947,0.051926005632,0.111688651145,0.894303560257,0.488106906414,-0.418013393879,-0.514728486538,-0.369375973940,0.195804998279,-0.473474949598,-0.492609679699,-0.040356248617,-0.058618433774,-0.186429008842,-0.001926234108,0.364251673222,0.559743881226,0.421170264482,0.584760248661,0.889492154121,0.846160113811,0.013701781631,-0.070846728981,0.339926809072,-0.429484367371,0.265688598156,0.607467591763,-1.122801065445,0.206469252706,-0.240083679557,-0.103107035160,-0.042562365532,-0.089417591691,-0.446264803410,0.152448251843,-0.217100575566,-0.487872272730,-0.603294074535,-1.037182450294,0.607068359852,-0.019237646833,-0.699955582619,0.544305205345,-0.951576113701,0.477862477303,-0.476561844349,-0.419869631529,0.555080592632,-0.569000482559,-0.612423121929,0.081301078200,-0.690674304962,-0.132004663348,0.003988292534,-0.649507224560,0.480015099049,0.094595380127,-0.286152780056,0.405661612749,0.479179531336,0.586715281010,0.859717845917,-0.277706980705,0.556372940540,0.258724510670,-0.052481647581,0.421935826540,0.169603273273,-0.120187953115,0.429327934980,-1.114705085754,0.258831530809,0.859240353107,-0.155625730753,-0.066730841994,-0.359646022320,-0.261864930391,0.704491317272,-0.147447466850,-0.173130586743,0.008198842406,-0.485839068890,0.781684756279,0.241886436939,0.074785627425,0.154724344611,0.276636838913,-0.476685315371,0.119204260409,-0.130745202303,-0.389527350664,-0.076283812523,-0.320726215839,-0.055992498994,-0.147867277265,-0.741624832153,0.195916116238,-0.569868981838,-0.159770414233,-0.354233622551,-1.015104770660,0.392795383930,0.360823154449,-0.163878068328,0.421721816063,0.151633322239,0.022871972993,0.894846856594,0.480418443680,0.530093073845,0.285860538483,-0.358452409506,0.180152282119,-0.642156243324,-0.218150123954,0.260391443968,-0.177234113216,0.036779545248,0.213400408626,0.143644377589,0.409793943167,-0.020645277575,-0.474034726620,-0.387424141169,0.009762878530,-0.510258615017,-0.430081158876,0.362062066793,-0.585554599762,-0.766114354134,0.439844042063,0.197080910206,0.875144183636,-0.219269663095,-0.649548351765,0.502220273018,-0.877383172512,-0.130366533995,-0.636381685734,-0.815957725048,-0.295693397522,-0.346080064774,-0.224023506045,-0.625795602798,-0.092632099986,0.671687722206,-0.198019325733,0.601092040539,0.294446289539,-0.233543545008,0.681479394436,0.174064889550,0.067726880312,0.065710105002,0.338897854090,0.566193461418,-0.295936256647,-0.033062905073,-0.022217547521,-0.114528611302,0.184613898396,-0.052806802094,0.124394394457,0.009314247407,-0.442638725042,0.187297448516,0.247735127807,0.121039941907,0.359740674496,0.097867503762,0.551837265491,0.333613038063,0.489884972572,0.982869207859,-0.193767622113,0.080934762955,0.422960668802,0.050123248249,0.214655742049,-0.189437717199,-0.349697917700,-0.832050859928,-0.551079928875,-0.226826414466,-0.467963784933,-0.517049789429,-0.615905165672,-0.204658254981,0.184860840440,0.411304473877,0.663752257824,0.205329149961,0.032750096172,0.710969746113,0.891426622868,0.152567625046,0.213050559163,0.049044881016,-0.402187824249,0.039393134415,0.075641736388,-0.494564741850,-0.122743926942,-0.568984031677,0.477035194635,-0.109717145562,0.056984424591,-0.103884935379,0.494737595320,-0.072670064867,-0.466453254223,-0.184033572674,-0.097069025040,0.236383497715,0.519852697849,-0.346100658178,-0.054432578385,0.320903182030,-0.016027254984,0.426837831736,0.025975350291,-0.337177425623,-0.062326844782,-0.550195038319,-0.647971987724,-0.400755494833,-0.926530957222,-0.401162952185,-0.479344189167,-0.170331776142,-0.013627694920,-0.432958185673,0.010824777186,0.900773763657,0.035380147398,0.239820271730,0.281357765198,-0.586488902569,0.024567717686,0.291400551796,-0.154567942023,-0.368128836155,-0.407484948635,-0.926724433899,0.677746295929,-0.194376781583,-0.565308570862,0.072287283838,-0.078160658479,-0.359135657549,0.591798424721,-0.202596202493,0.058552578092,0.909408867359,-0.352463781834,0.599503338337,0.134116113186,0.356102257967,0.457604080439,-0.225990876555,0.941051840782,-0.217244639993,0.479566454887,-0.064907506108,0.034853313118,0.498445987701,0.049049001187,-0.009828733280,0.254686832428,-0.433818370104,-0.122031874955,0.349471539259,-0.414506673813,-0.197891756892,-0.049621108919,-0.417634725571,0.545655190945,0.170759826899,0.292096108198,0.652067303658,0.317482888699,0.419659733772,0.202995434403,-0.065150342882,0.215791732073,-0.134317785501,-0.362675338984,-0.412926167250,-0.508167743683,0.717736184597,-0.656199634075,-0.235634416342,0.099320419133,-0.016500582919,-0.118212334812,-0.424644082785,-0.812376916409,-0.506681919098,0.076822988689,-0.551199316978,-0.541140079498,0.181185379624,-0.018698465079,0.316013514996,0.686574876308,-0.669823229313,0.588987290859,0.200949847698,-0.900897264481,0.189059063792,-0.580343902111,-0.886775612831,-0.456999063492,-0.423837363720,0.263367235661,-0.479010820389,-0.247838020325,0.054440807551,-0.106272153556,0.583772420883,-0.474746763706,0.240836888552,0.598531961441,0.124250337481,0.631516695023,0.224266335368,-0.532706618309,0.578479409218,0.769230067730,-0.345890730619,-0.014109253883,-0.031597647816,-0.452837884426,-0.148431152105,0.012471131980,-0.607640445232,0.080482013524,-0.601849377155,0.366873532534,0.272113502026,-0.167092576623,0.367272764444,0.378653168678,0.040413875133,1.015071868896,0.362016767263,0.307720035315,0.303851068020,0.436436057091,0.273517012596,-0.527002036572,0.160519510508,-0.029864860699,-0.482517540455,-0.238766610622,-0.747946858406,-0.048151738942,-0.376521170139,-1.182600736618,-0.437251061201,-0.159988567233,-0.495861262083,0.343166023493,-0.141162499785,0.236708641052,0.485699117184,0.632010579109,0.491193830967,0.459410965443,0.145776420832,0.210198253393,0.132885456085,-0.492605566978,-0.199418738484,-0.616370201111,-0.456793278456,-0.670572340488,-0.276776790619,0.105576567352,-0.144685700536,-0.086956299841,0.305563300848,-0.503599107265,0.260996490717,-0.349364548922,-0.406538307667,-0.205238595605,-0.422458529472,-0.355921149254,-0.274270236492,0.078238859773,-0.093356497586,0.053625863045,0.147496849298,-0.044077012688,0.561999380589,0.018418585882,-0.761751472950,-0.191882550716,-0.540946662426,-0.421754717827,0.369795799255,-0.668637812138,-0.094019159675,0.323640257120,-0.013681201264,0.661978363991,0.688949704170,-0.085198812187,0.941615641117,0.586134910583,-0.290647327900,0.925958871841,-0.363728970289,-0.500940203667,0.492683798075,-0.886964976788,0.510151565075,0.446079611778,-0.614756822586,0.289663642645,0.007297463715,-0.206802621484,0.366396069527,-0.376006662846,0.044319845736,-0.083005048335,-0.446281284094,0.299138396978,0.032507259399,0.338091135025,-0.052366405725,0.191392749548,0.859001636505,0.129646256566,0.111137129366,0.544111728668,-0.245697751641,0.187429174781,0.281555324793,-0.244903385639,-0.053251318634,-0.860602676868,-0.049682848155,-0.145657047629,-0.402006715536,0.034614592791,-0.188873842359,-0.214227691293,-0.054490197450,0.321973323822,-0.305633276701,0.071653440595,0.442437052727,0.822250902653,0.616991698742,0.352776587009,0.424681127071,0.202398642898,0.540370404720,0.247381150723,-0.247356444597,-0.365881592035,0.336210161448,0.014323279262,-0.045101866126,-0.278464317322,-0.304851233959,-0.137260645628,-0.277838677168,-0.556150734425,0.174575254321,-0.618251204491,-0.177246481180,-0.281489491463,-0.308263331652,0.014035168104,-0.519556403160,-0.010236205533,0.172537893057,-0.456517487764,0.234782427549,-0.384073793888,-0.623190283775,-0.266915142536,-0.458307892084,-0.248274281621,-0.763603687286,-0.753425061703,-0.349224627018,-0.281650006771,-0.320326983929,0.073863670230,0.703235983849,0.193409547210,0.782133340836,0.931663453579,0.373635917902,0.355542480946,0.131749480963,0.277472376823,0.350879162550,0.128613173962,-0.624124526978,-0.132453292608,-0.454426616430,-0.025275647640,0.935660004616,-0.178497701883,-0.545264184475,0.342495143414,-0.121204584837,-0.178547099233,0.699902176857,-0.489057660103,0.246418029070,0.495190352201,0.475965052843,0.523585855961,0.292050868273,0.061779431999,1.239115953445,1.000250577927,0.008248233236,0.067200049758,-0.156568259001,-0.341379731894,0.047427345067,-0.545420646667,-0.610089361668,-0.844155669212,-0.955926656723,0.021863581613,-0.361173033714,-0.768843173981,-0.188770949841,-0.011363958009,0.055132277310,0.537415206432,0.138223767281,0.205135703087,0.271858334541,0.080766007304,0.495021581650,-0.037520404905,0.043274413794,-0.131741255522,0.124373808503,-0.452965468168,-0.205678999424,-0.048867899925,-0.007001120131,-0.081338122487,-0.237280771136,-0.057408358902,0.201838880777,-0.067076571286,0.109844736755,-0.049020186067,0.136453941464,0.369248390198,-0.610994875431,0.518181681633,0.677491128445,-0.452434539795,0.369264870882,-0.140125304461,0.385411471128,-0.007980700582,-0.770398974419,-0.058087483048,-0.566893160343,-0.469540178776,-0.528792440891,-0.550619006157,-0.728293478489,0.004568632226,-0.552368223667,-0.162346959114,0.887364208698,-0.542263746262,0.254777401686,0.933235704899,-0.604635834694,0.903325617313,0.063520453870,-0.545107781887,0.203946202993,-0.512530565262,-0.145582973957,-0.017875287682,-0.580747246742,0.392038017511,-0.573869585991,-0.631582558155,0.328208893538,-0.160782933235,-0.275562614202,0.280238270760,-0.054691880941,0.654697358608,-0.205518484116,0.026485718787,0.413061976433,-0.406402468681,0.347504168749,0.861290037632,-0.377974063158,0.383172422647,0.574565172195,-0.315383791924,-0.548593938351,0.804046332836,-0.282893002033,-0.120727136731,-0.421586006880,-0.420091927052,-0.520103812218,0.060643449426,-0.592666804790,0.004716804251,-0.278316140175,-0.041673336178,0.090858153999,-0.319376200438,0.656261384487,0.615172505379,-0.236033648252,0.618798613548,0.062174558640,0.387806922197,0.289832383394,-0.196142509580,0.102670744061,-0.497910946608,-0.275603771210,0.390008926392,-0.349492102861,0.432958185673,-0.188264697790,0.243689194322,0.684376955032,0.081403970718,0.219829410315,-0.375125885010,-0.175772979856,0.547779023647,-0.176345095038,0.172307401896,-0.116409569979,0.097402416170,0.469688326120,0.857639312744,-0.411399155855,0.558323919773,0.130230709910,0.200213104486,0.257312774658,-0.947237968445,-0.816982626915,-0.151476904750,-0.121031716466,-0.654326915741,-0.154382735491,-0.674449503422,0.043533712626,0.335930287838,0.238729551435,0.571453571320,0.042282488197,0.226114377379,0.007462099195,0.058931242675,-0.147727340460,-0.243261143565,-0.248142585158,-0.868184149265,-0.293005734682,-0.049415312707,-0.310930401087,-0.295154213905,-0.180810824037,-0.704178452492,0.377229094505,0.152180731297,-0.811158597469,-0.033746141940,0.247862696648,-0.120982319117,0.941722691059,0.423771500587,-0.090528890491,0.255987465382,0.597305476665,0.941376984119,0.606796681881,0.023411152884,-0.431031912565,0.412090629339,-0.477014571428,0.251336514950,-0.079807013273,-0.694839537144,-0.192689254880,-0.107815608382,-0.529990136623,0.119471788406,-0.419672071934,-0.136260494590,0.294968992472,0.323755502701,0.369026124477,0.966204047203,-0.130527064204,0.665188729763,0.627050936222,0.017574828118,0.655553460121,0.416807442904,-0.610431015491,0.248595342040,-0.218866288662,-0.179921790957,-0.133251771331,0.094187915325,-0.359139770269,-0.182881116867,-0.390729188919,-0.131979957223,0.386675029993,-0.037783823907,0.138585954905,-0.246269851923,-0.007762558758,0.732010126114,0.031494751573,-0.108560577035,0.569477975368,0.083852924407,-0.337914168835,0.012471131980,0.378385633230,-0.009042599238,-0.344005674124,0.136095851660,-0.662225306034,-0.111544594169,0.022546816617,-0.391531765461,-0.263474255800,-0.363741308451,-0.054156817496,0.256053298712,0.297537326813,0.571297168732,-0.107297003269,0.497762799263,0.458863526583,0.692263007164,-0.208934664726,-0.083577156067,0.112054966390,-0.169381022453,-0.242894843221,-0.161601990461,0.019517526031,-0.536629080772,-0.034272972494,-0.150275066495,-0.333839416504,-0.095990665257,-0.283539205790,-0.223698332906,0.066627942026,0.418704867363,-0.316589742899,-0.118150591850,-0.053243085742,0.171751767397,-0.197624206543,-0.042743466794,0.171023249626,0.224677920341,0.389082849026,0.002049710602,-0.460711568594,0.057256072760,0.002560080495,-0.053535316139,0.027057826519,-0.447067409754,-0.240906864405,-0.437271624804,-0.469013303518,-0.192211836576,-0.456912606955,0.236844480038,0.190347313881,0.838862597942,0.377076804638,0.348989993334,1.010202765465,0.632076442242,0.729943990707,1.079514265060,-0.435765206814,0.271911829710,0.127349585295,-0.518897831440,0.241557180882,-0.129514545202,-0.368906766176,0.449565738440,0.106696084142,-0.057556532323,0.284695744514,-0.232189416885,-0.039413712919,-0.009273088537,-0.437065839767,-0.468453586102,-0.208070337772,-0.514930129051,0.404505044222,-0.293828904629,-0.027559965849,0.650256276131,0.091656640172,0.266758739948,0.521585524082,-0.243932023644,-0.422573775053,-0.227554932237,-0.865698158741,-0.543708384037,-0.599462211132,-0.204781740904,0.260461419821,-0.473273247480,0.227077484131,0.436008036137,0.549137234688,0.215338990092,0.097019635141,0.185276567936,0.873283803463,0.294401019812,-0.146472007036,-0.211042001843,0.150085732341,-0.266565293074,-0.250916689634,0.449384659529,0.006375506055,-0.807141482830,0.740052521229,-0.340231388807,-0.613563179970,0.645918190479,-0.542329609394,-0.414975851774,0.124612525105,-0.122389949858,0.297788381577,0.006498982199,-0.058696635067,0.896003425121,0.074802093208,0.224953696132,1.101493120193,-0.493976175785,-0.375508636236,0.265293478966,-1.083058118820,0.843760550022,-0.313264101744,-0.725922763348,-0.335481673479,-0.659393608570,0.034989137203,-0.004461619072,-0.662583410740,0.378072828054,-0.032519608736,-0.748551905155,0.513160288334,0.292083770037,0.700037956238,0.801926672459,0.253567337990,0.783199369907,0.617609143257,0.355316132307,0.675317883492,0.466506749392,-0.480262041092,0.377714782953,-0.383164197206,-0.746032953262,0.133655130863,0.238630771637,-0.442338287830,0.267034500837,-0.105700045824,-0.036960646510,-0.067237094045,0.131926462054,0.322475463152,0.052045363933,0.129160583019,0.083330206573,-0.560180187225,0.398269504309,0.384267240763,0.176583796740,0.221730947495,-0.187223374844,-0.099604412913,-0.090244896710,-0.889191687107,-0.293450266123,-1.021426796913,-1.038771152496,-0.082058392465,-0.463197588921,-0.249414384365,-0.084165729582,0.342174082994,0.404994845390,0.371631473303,0.637842833996,0.831713318825,0.406563013792,-0.145978093147,-0.437942504883,-0.465555995703,0.762282431126,-0.563444018364,-0.608677625656,-0.074913218617,0.028173230588,-0.068821713328,0.288898080587,0.369120776653,-0.186136782169,-0.513489544392,0.903058111668,-0.295820981264,-0.127501875162,-0.023028377444,-0.015595087782,0.153703615069,0.487485438585,-0.021703060716,0.360358059406,0.148011341691,0.025909494609,0.481690227985,0.115944482386,-0.486765116453,-0.140409290791,0.377521336079,-0.808948338032,-0.225678086281,-0.391560584307,-0.865751683712,0.193985760212,0.107955545187,-0.631245017052,0.761537492275,-0.375121772289,-0.027049595490,0.378142803907,-0.077218115330,0.388403713703,1.405809283257,-0.181736901402,-0.069616079330,0.728631019592,0.313115954399,0.432888209820,0.819505631924,-0.068253718317,-0.053543545306,-0.105588905513,0.569095194340,-0.176546782255,0.151600390673,0.684286415577,0.059058833867,0.106004618108,0.168697774410,-0.029247479513,0.328081279993,-0.321458846331,0.334082275629,-0.155107125640,-0.499598443508,0.142080336809,-0.084923051298,-0.214733958244,0.394581675529,0.181761592627,-0.227069258690,-0.221014797688,-0.236832141876,-0.607475817204,-0.440062195063,-0.723650813103,-0.528788328171,-0.818917036057,-0.893817901611,-0.163585841656,-0.458756506443,-0.009692909196,0.592539250851,-0.266495317221,0.725630521774,0.825753509998,0.346882671118,0.305674433708,-0.034272972494,0.062347427011,0.067488163710,0.417918741703,-0.407958298922,-0.705582022667,0.076629549265,-0.040990095586,0.288618206978,-0.059626821429,0.371652066708,-0.001477602636,0.108996860683,0.245561927557,0.141742840409,0.460053026676,0.193561837077,0.495651304722,0.401385217905,-0.158873155713,0.347726404667,1.425293922424,0.295771598816,0.444034010172,0.451442599297,-0.386111170053,0.314046144485,0.125419244170,-0.651993215084,-0.568807065487,-0.819810152054,-0.399129688740,-0.010853588581,-0.743542850018,-0.441560357809,-0.618868529797,-0.409579932690,0.027362402529,0.403685986996,-0.000987812411,-0.295619308949,0.951707839966,-0.252789407969,-0.334934264421,0.427891522646,-0.580846011639,-0.330373853445,0.077304549515,-0.662340521812,-0.381735980511,0.060610517859,-0.442515224218,0.423326998949,-0.152316555381,-0.882914960384,0.051720209420,-0.200056701899,-0.065841808915,0.464687526226,-0.375051796436,-0.056758049875,-0.072328448296,0.149443671107,0.291351139545,0.409752815962,0.286766052246,0.470618486404,0.776745676994,0.143837824464,0.157975897193,0.339301198721,-0.570770323277,-0.185490578413,-0.186272606254,-0.286897748709,-0.338025271893,-0.557105600834,0.298376947641,-1.025933742523,0.629664540291,0.746049404144,0.258946806192,0.907276868820,-0.095262154937,-0.093298874795,0.832845151424,0.503590881824,0.553845822811,-0.666983246803,-0.466165125370,0.579981684685,-0.208296686411,-0.201822429895,-0.515580415726,-0.485933721066,0.179506093264,-0.532504975796,-0.099242217839,-0.493453413248,-0.229139551520,-0.292215496302,0.220985978842,-0.154765501618,-0.112338960171,0.174990952015,0.736101329327,0.384658247232,-0.337667196989,0.118953183293,0.189972788095,0.243541017175,0.232699781656,-0.077707901597,-0.533500969410,-0.169747322798,-0.325657039881,-0.284584641457,-0.115129530430,-0.746782064438,-0.436967045069,0.195105299354,-0.395277261734,0.265647441149,0.004354606383,0.128271549940,0.187470331788,0.032523721457,0.507998943329,0.399561882019,0.053786385804,0.269331157207,0.344849407673,-0.291194736958,-0.024069694802,-0.373775869608,-0.668942451477,-0.471338808537,-0.117413848639,-0.228172302246,-0.037874370813,-0.057531837374,0.026271693408,-0.169755563140,0.252093821764,0.311074465513,-0.271631926298,-0.326426714659,-0.245878845453,-0.295376479626,-0.199813857675,-0.106473825872,-0.209642589092,-0.111301757395,0.475660473108,0.070072941482,-0.031379505992,0.469614237547,0.144693925977,-0.118422240019,0.451179176569,0.099917225540,-0.622367084026,-0.678314328194,-0.222175464034,-0.329217284918,-0.041084762663,0.705141603947,0.434666275978,0.128823071718,0.481072843075,0.448767274618,0.403459638357,0.502426028252,0.186157345772,-0.391017287970,-0.133733332157,-0.437477409840,-0.039253193885,-0.167705848813,0.245368480682,-0.515745103359,-0.099579714239,-0.205888912082,-0.243845611811,0.449281752110,-0.173830285668,-0.574993252754,-0.104654610157,0.198850750923,0.133095368743,0.248093202710,-0.108597621322,-0.173764422536,0.373677074909,0.838368713856,0.257312774658,0.576647818089,-0.155584558845,0.311070352793,0.370734184980,-0.560217201710,-0.035688836128,-0.351772308350,0.069780714810,-0.097134880722,-0.614526331425,-0.411823123693,-0.064940430224,-0.297117501497,0.296590685844,0.210803285241,0.116195552051,0.040541466326,0.478171169758,0.222829893231,0.672469735146,0.128386795521,0.398512333632,0.619465351105,0.090903431177,-0.510324478149,0.234564274549,-0.129366382957,-0.601783514023,0.095727257431,-0.386749118567,-0.389568477869,0.088261038065,-0.638937652111,-0.186614230275,-0.172719001770,-0.491794764996,0.087820634246,-0.581084728241,-0.216499656439,-0.310712277889,-0.125485107303,0.353756189346,-0.416136562824,0.077547386289,-0.080407924950,-0.367326259613,0.385164499283,-0.068278416991,-0.186161458492,-0.648083090782,-1.215515494347,-0.294952541590,0.278653651476,-0.347792267799,-0.585711002350,-0.076987631619,-0.252110302448,1.197788357735,0.363107472658,-0.091780118644,1.073793172836,0.051008161157,0.729606449604,0.866578936577,-0.291626900434,0.215005591512,0.407904773951,0.267569541931,0.358950436115,0.465934634209,-0.756614863873,0.501006066799,0.296384871006,-0.835520565510,-0.208222612739,-0.273414134979,-0.107593350112,0.547634959221,-0.471194744110,-0.579825282097,0.469404309988,-0.115627557039,0.710372924805,0.266507655382,-0.000782018120,0.537452280521,0.331513941288,0.150830715895,0.039751216769,-0.043476093560,-0.084058716893,-0.267433732748,-0.601318418980,-0.192290022969,-0.273060172796,-0.766517698765,-0.368355244398,-0.700288951397,-0.137606382370,-0.423450469971,-0.739035964012,-0.114030592144,0.380538254976,-0.280917376280,0.887932240963,1.086017370224,-0.315634876490,0.807684838772,-0.046978712082,0.040479727089,0.722469508648,-0.787895560265,-0.374339759350,-0.026370475069,-0.408633291721,0.276105910540,-0.593189597130,-0.030408157036,0.529545605183,-0.222043752670,0.407884180546,0.234708324075,-0.820114791393,0.362119674683,-0.167763471603,-0.818390250206,-0.286535561085,-0.303336590528,0.125830829144,0.300093293190,0.209366828203,-0.197369024158,0.093014888465,0.314799338579,0.037137631327,0.481887787580,-0.876037299633,-0.463650286198,-0.397516280413,-0.703087866306,-0.712916553020,-0.276949673891,-0.241688877344,0.479117840528,0.594481945038,0.065220311284,0.071040168405,0.243582174182,0.633903920650,0.678425431252,0.086997464299,-0.379249989986,-0.079362489283,-0.165837228298,0.309168815613,0.062660232186,-0.106910109520,0.428891688585,0.184399873018,0.343404740095,0.460065364838,-0.070517450571,0.095093406737,0.026959044859,-0.254666268826,-0.003465574933,0.143298640847,-0.179020404816,0.492761939764,0.459797859192,-0.027852194384,0.409592270851,0.364379286766,-0.097246021032,0.600882172585,-0.340083211660,-0.390918523073,0.273591101170,-0.484003394842,-0.396413207054,-0.500997841358,-0.277443587780,-0.817636966705,-0.332267135382,-0.368079483509,-0.752050340176,-0.613155722618,-0.494634687901,-0.082046046853,-0.284498184919,-0.103226386011,0.151168227196,0.324187666178,-0.293474942446,0.618695735931,0.042117848992,0.249002799392,0.368104159832,0.102938279510,-0.593358278275,0.051481489092,-0.269578129053,0.254328757524,-0.169208154082,-0.056260030717,0.442943304777,0.104226559401,0.160021483898,0.818542480469,-0.038055472076,-0.037746779621,0.155835628510,0.434682726860,-0.467790901661,0.067891523242,-0.242343291640,0.264618456364,0.192413508892,0.377546012402,-0.087750673294,0.290523856878,-0.079897560179,-0.164458408952,0.464646339417,-1.324364185333,-0.533414542675,-0.399166762829,-0.876107275486,-0.098476663232,-0.123064957559,-0.539608955383,0.513292014599,0.340054422617,0.378414481878,0.805001199245,0.193384841084,0.031474173069,0.719555497169,-0.314186096191,0.012133628130,-0.358460634947,-0.764007031918,-0.370207369328,-0.159342363477,-0.018970113248,-0.016467656940,-0.295656353235,-0.154864281416,0.338004678488,0.031190175563,0.239791452885,0.044451557100,-0.234626024961,0.186795324087,0.122509315610,0.395445972681,0.568255543709,0.342079430819,0.483505368233,0.551252782345,0.089059516788,1.055065870285,-0.291392296553,-0.250109970570,-0.172764271498,-0.252715349197,-0.631055712700,-0.176876038313,-0.725589334965,-0.107543960214,0.165952473879,-0.230724155903,-0.553586542606,0.062335077673,0.166808575392,0.184272289276,0.621733248234,-0.101168453693,0.459110498428,-0.072612442076,0.656121432781,0.570235311985,-0.342737972736,0.502944707870,0.132124021649,-0.470388025045,0.059791460633,-0.107815608382,-0.786961317062,-0.594914138317,-0.194294467568,-0.160581260920,0.082297123969,-0.287239372730,0.272714436054,-0.229086041451,-0.297306835651,0.421343147755,-0.338959604502,0.261617988348,0.520959913731,-0.431299477816,0.449405252934,-0.146727189422,-0.048151738942,0.274463683367,0.351603597403,0.333547204733,0.090446576476,-0.449401140213,-0.013672970235,-0.364272296429,-0.216273277998,0.018323918805,-1.067965149879,-0.072600089014,-0.462197422981,0.363144516945,0.195282265544,-0.200241923332,0.381015717983,0.620062172413,-0.104378841817,0.506402015686,0.289857089520,-0.349986016750,0.388770014048,-0.603578031063,-0.680392801762,-0.470367461443,0.090310744941,0.457772821188,-0.270854026079,-0.017743580043,0.044826101512,-0.278805941343,0.434217602015,0.484962373972,-0.269746869802,-0.305336922407,0.275011092424,-0.537122964859,0.741542518139,0.378068715334,0.016496466473,0.933285117149,0.678668260574,0.290206938982,0.953749299049,0.124015733600,-0.330349147320,0.414700090885,-0.232843846083,0.222344219685,0.166438162327,-1.140849232674,0.295705765486,-0.349442750216,-0.599972546101,0.133185908198,-0.383217722178,-0.248377174139,0.649667739868,-0.230629488826,-0.025283882394,0.933124601841,0.153728306293,0.149497166276,0.310983896255,0.153765335679,0.348664849997,-0.086507663131,-0.345857799053,-0.008766834624,-0.238478481770,-0.245747148991,-0.363683730364,-0.421425461769,0.014829534106,-0.089635737240,-0.270211935043,-0.250797331333,-0.178267210722,0.269438177347,-0.357501655817,-0.621194064617,-0.355419009924,-0.335374653339,0.043216791004,-0.029049916193,0.013804677874,0.156378924847,0.533768534660,-0.059219352901,0.109297320247,0.191228121519,0.307658284903,-0.906861186028,-0.287626266479,-0.202205181122,-0.795353651047,-0.131708309054,-0.610468029976,-0.353282839060,0.759454905987,0.903889477253,0.370717734098,0.220302730799,0.804980695248,0.314272493124,0.626898646355,0.632109344006,-0.331485152245,-0.478825598955,0.530965626240,-0.700070858002,-0.607578694820,0.002679441124,-0.690863609314,-0.006252028979,-0.125526249409,-0.006857064553,-0.011392770335,-0.820361733437,-0.313194155693,0.431270658970,-0.714015483856,-0.107860878110,0.486752778292,-0.091837741435,-0.003078682115,0.281020253897,-0.109741844237,0.226768791676,0.276887923479,-0.348771840334,-0.169911965728,-0.370837122202,-0.341655492783,0.252192616463,-0.408373981714,-0.819587886333,-0.099246338010,-0.327723205090,0.534941554070,0.335469335318,-0.726643025875,0.267256736755,0.308139830828,0.115574046969,0.704478919506,-0.099476821721,0.495828300714,0.975468873978,0.355258464813,0.560682296753,0.008104177192,0.346335262060,0.430332213640,-0.161750152707,-0.176682591438,-0.358275443316,-0.284061908722,-0.121159307659,0.007075206377,0.035466581583,-0.212663650513,0.053317170590,0.765068948269,0.306267112494,-0.098394349217,0.016422381625,0.128234505653,-0.269018352032,-0.309382826090,0.355357259512,-0.237700581551,0.235539749265,0.652256608009,-0.238140985370,0.067928567529,-0.017784738913,-0.134564742446,0.025432052091,-0.200414776802,-0.689830541611,-0.488452643156,-0.515786230564,-0.928691744804,-0.613229811192,-0.069517292082,0.006536025554,0.692119002342,0.023765120655,0.768040597439,0.738813698292,0.077041134238,0.700601816177,-0.037026502192,0.124114513397,0.180736750364,-0.543362677097,-0.121760219336,0.199591606855,-0.212058618665,-0.038746941835,-0.201242074370,0.231399163604,0.125308111310,-0.078946791589,0.198303341866,0.382279276848,-0.689715325832,0.434197038412,-0.282176852226,-0.075123131275,0.480990529060,0.368548691273,0.395013809204,0.688114225864,0.296479523182,1.009392023087,-0.006622458808,-0.124509632587,0.102139800787,-0.728857338428,-0.092800855637,0.873966991901,-0.665024101734,-0.860322833061,-0.500578045845,-0.290499150753,-0.007021699566,0.329377800226,-0.755701184273,-0.152234241366,0.648395895958,-0.184782654047,0.142821207643,0.206662699580,0.168751284480,1.390057802200,0.412950843573,0.896843135357,0.584406256676,-0.652207255363,0.445207029581,0.294750869274,-0.389111638069,0.468136608601,0.184770315886,-0.044484481215,0.010528433137,0.180288121104,0.010791850276,0.099308066070,0.016422381625,0.041356410831,-0.723498463631,0.267022162676,0.043253831565,-0.328114241362,0.093759864569,-1.049348950386,0.015512770042,0.796230316162,0.209391519427,0.279089927673,-0.118525132537,-0.675832450390,-0.082227148116,-0.296417802572,-0.855955898762,0.075102552772,-0.260617822409,-1.072591423988,0.390017151833,-0.885162174702,-0.169615611434,0.487049132586,0.107445180416,0.878687918186,0.714599967003,0.205683112144,0.557640671730,0.115911543369,0.188750356436,0.068871103227,-0.157099217176,-0.078292362392,-0.002094985452,0.381587803364,-0.178094342351,-0.531101465225,0.959655582905,0.010137423873,-0.506509006023,0.784681141376,0.003070450155,-0.142166778445,0.389527350664,-0.762739300728,-0.009631169960,0.757092356682,-0.288445323706,0.711587131023,0.423693329096,-0.038294196129,1.444712638855,-0.369203090668,-0.323710232973,0.859063386917,-0.439753502607,-0.381332635880,-0.321076065302,-0.375117629766,-0.454426616430,-0.167014375329,-0.729482948780,-0.108247771859,-0.169059976935,-0.369318336248,0.215631216764,-0.592757403851,0.072135001421,0.494688212872,0.021637206897,0.395627081394,-0.080831862986,0.156971618533,0.335481673479,-0.206959053874,0.102279737592,-0.276826173067,-0.566086471081,-0.027835728601,-0.628935992718,-0.267018020153,-0.400479733944,-0.074176475406,0.196270078421,-0.326175630093,0.208605408669,-0.171171411872,-0.012557565235,-0.298039466143,0.090973407030,0.607558131218,-0.029457386583,-0.075971007347,0.357625126839,-0.118628032506,0.400599062443,0.424598813057,-0.250398099422,0.045529916883,-0.264606118202,0.008721560240,-0.347602933645,-0.503726661205,-0.751317739487,-0.984840691090,-0.143759638071,0.130370661616,-0.214816257358,0.556574642658,0.335407584906,-0.016982141882,0.775317430496,0.907651424408,0.139997705817,0.664871811867,-0.077106989920,0.204625338316,-0.176575571299,0.258592814207,-0.129164695740,0.160305485129,-0.585426986217,0.075180754066,-0.312864869833,0.385646075010,0.069076895714,0.038993895054,0.305958420038,0.347265422344,-0.058503184468,-0.014685477130,-0.234037443995,0.288025498390,0.176645562053,0.012701621279,0.154744923115,0.255822837353,0.461901068687,0.222673490644,0.015747375786,0.327529758215,-0.753824293613,0.251900374889,-0.302723348141,0.044891957194,0.366449594498,-0.714636921883,-0.235873132944,-0.649157345295,0.099892526865,0.035828776658,-0.925139784813,0.094035625458,0.554133951664,-0.666497588158,0.574775099754,0.214861541986,0.242380335927,0.088372170925,0.183687835932,0.533760309219,0.335386991501,0.128802508116,0.141500011086,-1.509978294373,0.196426481009,0.318861722946,-0.633788645267,0.816657483578,-0.806281268597,-0.381690680981,0.845032334328,-0.414753615856,-0.367853105068,-0.606096982956,-0.417140811682,0.111227668822,-0.106914222240,-0.492634385824,0.326179772615,0.392729490995,0.020056705922,0.798992037773,0.627466678619,0.111137129366,0.971632838249,-0.280551075935,0.567950963974,-0.146661326289,-1.270602464676,-0.023830972612,-0.403336107731,-0.274047940969,0.012602839619,-0.451553732157,0.186301410198,0.378842532635,0.592181205750,0.897818565369,0.518934905529,0.493317604065,0.226023823023,0.165252774954,0.112841099501,-0.322537213564,-0.175114437938,-0.233243077993,-0.470425039530,0.375060021877,0.205580219626,-0.320685058832,-0.419980764389,-0.417441278696,-0.180370420218,-0.130086660385,0.162503376603,-0.000181098934,-0.251052498817,-0.142755344510,0.358954548836,0.595371007919,0.609982371330,0.645807027817,0.653030395508,0.437127530575,0.522482812405,0.343408852816,-0.067479938269,0.136400416493,-0.146039828658,-0.446857511997,-0.059478655457,-0.446515917778,-0.447359651327,0.495531946421,-0.650173962116,-0.268610864878,-0.170479953289,-0.257098734379,0.405007183552,0.142413735390,0.334432125092,-0.335954993963,0.314272493124,0.545716941357,0.749428510666,0.149571254849,0.289564847946,-0.068825826049,0.221796795726,-0.003115724772,-0.718184828758,-0.280505776405,-0.250052362680,-0.574606359005,-0.080350302160,-0.432172030210,-0.497976809740,-0.304521977901,0.257382750511,0.046081449836,-0.281925767660,-0.130078434944,-0.190651908517,-0.329480707645,0.080589026213,-0.426035225391,-0.290972471237,-0.183407947421,0.597420692444,0.098406694829,-0.302702754736,0.187042266130,0.227843046188,-0.313436985016,-0.311625987291,-0.461785823107,-0.532443225384,-1.015310525894,0.489868491888,-0.242376223207,0.197661250830,0.109272629023,0.669963181019,0.322413742542,0.148130699992,0.583842396736,1.002168536186,-0.006696545053,0.521885991096,0.190499603748,-0.199982628226,-0.198719039559,0.356855452061,-0.662336409092,-0.760216295719,-0.103555664420,0.399981707335,-0.070109985769,-0.203016027808,-0.283621490002,-0.221949085593,0.847184896469,-0.199756234884,-0.212420821190,0.079444810748,-0.186922922730,0.673017144203,0.652952194214,-0.368511617184,-0.125353381038,0.506187975407,0.448265135288,0.081737361848,-0.145187839866,-0.183543771505,-0.140862047672,0.064067862928,0.055144626647,-0.924518287182,0.117594949901,-0.159955635667,-0.375335782766,-0.401809126139,-0.097900442779,-0.650791347027,0.142994076014,0.078127726912,-0.129646256566,0.635134518147,0.055161088705,0.064141951501,0.828811645508,-0.105708271265,-0.092488050461,-0.096451647580,0.139281541109,0.092582710087,-0.221722722054,-0.381089776754,-0.097538240254,0.207576423883,0.330089867115,-0.096653327346,-0.052201770246,-0.095665514469,-0.381390213966,0.110536210239,-0.050431940705,-0.380406558514,-0.405558735132,-0.362457156181,-0.676453948021,0.174311846495,0.624840736389,-0.560229539871,0.610468029976,-0.378632605076,0.276628613472,0.151806190610,-0.352455556393,0.233913958073,-0.490658730268,-0.659652829170,0.077889010310,-0.219784140587,-0.628343343735,-0.134556502104,-0.306188911200,-0.178880468011,1.065133452415,0.392223238945,0.089606933296,1.161638498306,-0.255682885647,0.210338175297,0.863393247128,-0.371668517590,0.259601205587,0.214198887348,-0.674268364906,0.930786728859,-0.263605952263,-0.572733640671,0.384687036276,-0.406875789165,0.186383739114,0.144484028220,-0.515798628330,0.222303047776,-0.360473334789,0.329534232616,-0.291223555803,-0.343235969543,0.210321709514,0.391465902328,0.255728155375,0.214219450951,0.148036032915,-0.128864243627,0.495577245951,0.298965513706,-0.684994399548,-0.250891983509,-0.394309997559,-0.390667438507,-0.593522965908,-0.433880120516,-0.381884127855,0.050917614251,-0.882161736488,-0.342626839876,-0.379509299994,0.209733143449,-0.223130345345,0.704071521759,0.182045593858,0.148986801505,0.915722668171,0.153773576021,0.569687843323,0.514288008213,-0.705487370491,0.927588760853,0.138964623213,-0.245812997222,0.180889025331,-0.285432517529,-0.409802168608,0.065360255539,-0.133914440870,0.124690733850,0.108811654150,0.225093618035,-0.270199596882,-0.095867186785,-0.008791530505,0.243289947510,0.103333406150,0.144751548767,-0.418671905994,-0.457649350166,0.293190926313,0.216890677810,-0.387094885111,0.120006859303,-0.493498712778,-0.210972025990,-0.053004365414,-1.291099548340,-0.536480903625,-0.733603000641,-1.220219850540,0.085984952748,-0.114973127842,-0.395824640989,-0.287091195583,0.134087309241,0.100822716951,1.124389767647,0.314474165440,-0.204366043210,0.743777453899,-0.286457359791,-0.086083732545,0.439378947020,-0.686665415764,-0.499203324318,0.695016562939,-0.033865500242,-0.096715062857,-0.227464377880,0.270516544580,0.320845574141,0.041097108275,0.204407185316,-0.224216952920,0.048209358007,0.618152379990,0.458867639303,0.259185492992,-0.204995751381,0.811928212643,0.525553226471,0.432353138924,0.475639909506,-0.347981601954,-0.670185446739,0.356118708849,-0.494535923004,-0.051049318165,-0.593811035156,-0.442877441645,-0.310699939728,-0.144768014550,-1.289864778519,0.310872793198,-0.387992143631,-0.299393594265,0.325463593006,0.039994053543,-0.518971920013,0.436822950840,-0.056268263608,0.831429302692,-0.435374200344,0.564065575600,0.303295433521,0.067689843476,0.170455262065,-0.379756242037,-0.347096681595,-0.080580793321,-0.398763418198,-0.296487778425,0.578257143497,-0.164742410183,0.489226430655,-0.034334711730,-0.258070111275,0.295907437801,0.446219563484,-0.059149380773,-0.199525758624,-0.431328266859,-0.253369778395,0.482159435749,-0.227517887950,-0.236107736826,0.225813910365,0.162668004632,0.566074132919,0.939059734344,-0.059581551701,0.000843756425,0.132379204035,-0.330102205276,-0.518115818501,0.048435736448,-0.665410995483,-0.563184797764,-0.282539039850,-0.136174052954,0.186466053128,0.329077333212,0.456529825926,0.654849648476,-0.317342966795,0.014282120392,0.525927782059,-0.382666170597,-0.007713167928,-0.809026539326,-0.556846320629,0.150933623314,-0.551602661610,0.134461849928,0.026045320556,-0.823600947857,0.533480405807,0.063964970410,-0.250784993172,-0.099826671183,-0.768662035465,0.050115011632,-0.483809947968,0.458797693253,0.685620009899,-0.047365605831,0.042266022414,0.896838963032,0.595284581184,0.924806416035,0.403311431408,0.246751412749,-0.173723265529,0.572334408760,-0.324661016464,-0.281596511602,-0.078559897840,-0.793147504330,-0.143664970994,-0.399261444807,-0.739023566246,-0.025646079332,-1.071278452873,0.586809933186,-0.796806573868,-0.466058135033,0.521857142448,-0.188738018274,0.824609279633,0.744633555412,-0.490185439587,0.666711628437,0.080247409642,-0.065821230412,0.023110693321,-1.157234549522,-0.443857043982,0.452977806330,-1.246870279312,0.300257921219,-0.310107231140,-0.345635563135,0.450656473637,0.555928468704,0.284856259823,-0.375002384186,0.350739240646,0.289680093527,0.048760890961,0.066632062197,0.040380947292,-0.172644913197,0.258782148361,0.881079256535,-0.080967687070,-0.137301802635,0.022550933063,0.378842532635,0.098830625415,-0.278596013784,-0.802058398724,-0.383637517691,-0.306662231684,-0.222512975335,-0.457645237446,-0.133325859904,0.553298413754,1.478257060051,0.238462030888,0.649363160133,0.086577638984,0.715698897839,0.592424035072,-0.179469048977,-0.048616833985,-0.147719115019,-0.215507730842,0.044270455837,-0.387691676617,-0.524586021900,-0.258794486523,-0.699515223503,-0.107231147587,0.190203279257,-0.646016955376,-0.966611444950,0.038751058280,-0.317499369383,-0.372755140066,0.070492759347,-0.170385286212,0.102234467864,0.591020464897,-0.026045320556,-0.122406415641,0.254192918539,0.129782080650,-0.022180505097,-0.464885085821,-0.513189077377,0.322080343962,-0.465765893459,-0.067800968885,-0.553615331650,-0.390733301640,-0.357324659824,0.033581502736,-0.020653510466,0.008017743938,-0.218928039074,0.301303356886,-0.288630545139,0.175324350595,0.431908607483,0.379472225904,0.664118587971,1.085058331490,-0.334843695164,0.495429068804,0.296397238970,0.079399533570,0.199056535959,-0.285955220461,-0.321874558926,0.143920153379,-0.388889402151,0.038491755724,-0.475565820932,-0.209156930447,0.368869721889,0.454566538334,-0.412810921669,0.343865722418,-0.189886346459,-0.293865948915,0.353134691715,-0.175456061959,0.250550389290,-0.336588829756,0.140857920051,-0.157099217176,-0.005539980717,0.616724193096,0.143224567175,-0.047357372940,0.120443135500,-1.009684205055,-0.155897378922,-0.208424299955,-0.486744552851,-0.454237282276,-0.383131265640,-0.464642226696,0.175591871142,0.116907589138,0.741044521332,-0.142409622669,0.596144735813,0.857170045376,-0.002872887533,0.484616637230,0.395503610373,-0.284181267023,-0.103716179729,0.120599538088,-0.104502320290,0.269248843193,-0.391519427299,-0.252571284771,0.377583026886,0.005461779423,-0.120039783418,0.019702741876,-0.323969542980,0.000753206958,-0.080243296921,-0.520581245422,-0.107350513339,0.084548503160,0.018838403746,0.124192714691,0.527224302292,0.082605808973,0.604668796062,1.208345532417,-0.062512062490,0.301068753004,-0.182485997677,-0.313597500324,0.277896314859,-0.806989252567,-0.709751367569,-0.339214771986,-1.122323632240,-0.008256465197,-0.075995698571,-0.987367868423,0.520819962025,0.500956714153,0.060540553182,0.593473553658,-0.148776888847,1.209819078445,0.461258977652,0.216808348894,1.005794763565,-0.121393904090,0.015957286581,0.455200433731,-0.247949138284,0.210803285241,-0.501549422741,-0.389144569635,0.085997298360,-0.030190015212,-0.387864530087,-0.197434887290,-0.226451873779,0.007737863343,-0.000456863199,0.187338620424,-0.378443270922,0.274673581123,0.172554358840,0.074382267892,0.135655462742,-0.245743036270,0.645465433598,-0.224262222648,-0.272858470678,0.080267988145,-0.441947281361,0.272730886936,-0.373767614365,-1.378866791725,0.062870144844,-0.344129145145,-0.406159639359,0.644596934319,-0.354283004999,-0.478162914515,0.356069296598,0.185293018818,0.820143640041,0.373977541924,0.403187960386,0.895690619946,0.590687096119,1.243388295174,0.003152767895,-0.246376857162,0.429159224033,0.304863601923,-0.580907762051,0.216067492962,0.072999335825,0.026658585295,0.102691330016,0.364729136229,-0.065459027886,0.241199076176,0.911314547062,0.013372509740,0.573877811432,0.512826919556,0.319890677929,-0.000831408775,0.125456288457,-0.031667619944,0.506377339363,-0.047974757850,-0.338231086731,-0.449590444565,-0.651338815689,-0.463625609875,0.062779590487,-0.872287750244,-0.577565670013,-0.303418934345,-1.063375830650,-1.208654284477,-0.187120482326,-0.486382335424,-0.529858469963,-0.304032176733,0.370207369328,0.127658292651,0.612818241119,-0.319018125534,0.473734259605,-0.371446281672,0.018682001159,0.336609393358,-0.400755494833,-0.058198612183,0.124439671636,-0.275500893593,0.034544624388,0.270701736212,0.072744145989,0.330102205276,0.297212153673,-0.218314751983,0.065775960684,-0.135227397084,-0.175554841757,0.263593614101,-0.192174777389,-0.159157142043,0.720024704933,-0.258020699024,0.007367433980,-0.018151052296,0.170348241925,0.593988060951,0.221183538437,0.573087573051,-0.243351697922,-1.050003409386,0.322257339954,-0.084495000541,-0.462197422981,-0.605356156826,-0.771769523621,0.161807790399,0.044118169695,-0.090644136071,0.379208803177,-0.297438532114,0.496770858765,0.560986876488,0.083626545966,-0.072727687657,-0.116191431880,0.155230596662,-0.222817555070,0.109223239124,-0.236745700240,-0.998698890209,-0.513008058071,0.146821856499,-0.516333639622,-0.194401487708,-0.603359937668,-0.310119569302,-0.119373008609,-0.261831998825,0.248146697879,-0.193714126945,0.464197725058,-0.282703667879,0.305818498135,0.720650255680,0.183551996946,0.405994981527,0.879976212978,0.255719929934,-0.168825358152,0.548980832100,0.016010792926,0.162124708295,0.298088848591,0.297776043415,0.581702172756,-0.852547943592,-0.569938957691,0.203295901418,-0.765175879002,0.540926098824,0.347405374050,-0.915397524834,-0.306600481272,0.165475040674,0.264173954725,0.753536224365,0.096410490572,0.492683798075,0.624420881271,0.117788396776,0.492757827044,0.347059637308,-0.211144909263,-0.382773160934,-0.050580110401,-0.411189228296,-0.555673241615,0.310140162706,-0.593547642231,0.172043979168,-0.162853226066,0.031688198447,-0.307045012712,0.114726178348,0.055597372353,-0.907659649849,-0.019414627925,0.323611468077,-0.549820482731,0.587633132935,-0.693493664265,-0.166940301657,1.328389525414,0.331876128912,0.310197800398,0.379167675972,-0.331769138575,0.119591154158,-0.150172173977,-1.319770812988,0.391527652740,-0.519297122955,-0.492189884186,-0.087956465781,-0.547042250633,0.353303462267,0.581710398197,0.315910637379,0.972628831863,0.380373626947,0.342334598303,0.464897423983,0.223867103457,0.035207279027,0.399705916643,-0.770106732845,-0.214672207832,0.195590972900,-0.062532640994,0.114244624972,-0.389687895775,-0.037084121257,0.138083830476,-0.009618823417,0.277842819691,-0.385695487261,-0.296578317881,0.511291682720,0.418593734503,0.324623972178,0.327706754208,-0.061697117984,0.886215865612,0.818978786469,0.558439135551,0.291392296553,0.243841469288,0.056330002844,-0.135437309742,-0.182683557272,-0.823090493679,0.080066308379,0.016772231087,-0.994875192642,-0.104374729097,-0.474018216133,-0.470305711031,-0.212713047862,0.267125070095,0.569066345692,0.248710572720,-0.134223118424,0.299191921949,0.154004067183,0.821077883244,0.745312690735,-0.175517797470,0.444885998964,0.117788396776,-0.242367997766,-0.089318811893,-0.151723861694,-0.579475402832,0.064516499639,-0.477903604507,-0.446775168180,0.644086599350,-0.369804024696,-0.688669860363,0.032684240490,0.095208652318,-0.211140796542,-0.070435136557,-0.565979480743,-0.033038206398,0.206596836448,0.269388794899,-0.772724449635,0.564308404922,0.483114361763,0.002337822691,0.236906215549,-0.010289711878,-0.518029391766,0.090985745192,-0.525359749794,-0.560003161430,-0.001329430845,-0.559727430344,0.125242263079,0.061260834336,-0.211762279272,0.194603160024,0.677647531033,0.012911531143,0.862792313099,0.693592488766,0.025090435520,1.040870308876,-0.388975799084,0.208942890167,0.227670177817,-0.625853240490,0.194088652730,0.017858823761,-0.445404589176,0.063409321010,-0.241536587477,-0.453780412674,0.310629934072,-0.612406611443,0.165553241968,0.344248503447,-0.413090765476,0.207127794623,0.356250405312,0.027848077938,0.181074231863,-0.456678032875,0.609727203846,0.159564629197,0.273389428854,-0.368947952986,0.126036629081,-0.207168951631,-0.073838979006,-0.094282582402,0.090993985534,-0.378118127584,-0.017797086388,-0.916340053082,-0.531735301018,-0.011931951158,-0.369186639786,-0.205436155200,-0.589752793312,-0.482925027609,0.336292505264,0.493498712778,0.563460528851,0.125859647989,0.259090840816,0.842274665833,0.350665152073,0.083161458373,-0.590275526047,0.030033612624,0.173443391919,0.038952734321,0.631574332714,-0.228398695588,-0.310893386602,0.480196148157,-0.066113457084,0.465189665556,-0.319820731878,-0.224583253264,0.462168604136,-0.726869404316,-0.689904630184,-0.460760951042,-1.100781083107,0.668061614037,0.128666669130,0.351496577263,0.325838148594,0.317211240530,0.398306518793,1.023069024086,-0.444190412760,0.092784397304,-0.034174192697,-0.653322637081,-0.007811949588,-0.324763894081,-0.455603778362,-0.113845378160,-0.704939961433,-0.440074533224,0.796077966690,-0.167919874191,0.435847520828,0.351648867130,0.281328976154,0.265626877546,0.337284415960,0.495132714510,0.183292701840,-0.371680885553,0.482278794050,-0.410361945629,0.304995298386,0.009927514941,-0.116936407983,-0.421507775784,0.016595248133,-0.344981104136,-0.091673105955,-0.866838276386,-0.062018152326,0.084811925888,-0.059737950563,-0.419779092073,0.295911550522,0.407135128975,0.497396469116,0.594333767891,0.053498271853,0.160297244787,0.293116867542,0.025242721662,-0.150135129690,0.189507693052,-0.592872679234,-0.735928475857,-0.152715787292,-0.314004987478,-0.632269918919,-0.304587841034,-0.478195846081,-0.674367189407,-0.224031731486,-0.377183794975,0.244866341352,-0.015451031737,0.291610449553,0.661904275417,0.410197317600,1.035005092621,0.441922575235,0.395738214254,0.669658601284,0.009610591456,0.044603843242,0.368684500456,-0.332477062941,0.064199574292,-0.099974840879,0.335547506809,0.049477051944,0.409341216087,-0.044200491160,0.219512477517,0.434970855713,0.144191801548,0.335671007633,0.330818355083,-0.557969927788,0.100695125759,-0.442041933537,0.227098077536,0.473158031702,-0.369783461094,0.229892760515,0.610093474388,-0.269611030817,0.114594474435,-0.043710697442,-0.849461019039,-0.079366609454,-0.513065636158,-0.515177071095,-0.694555580616,-1.187996625900,-0.183469682932,0.010462579317,-0.137573450804,0.050275534391,0.023966796696,0.024386618286,0.499800145626,0.608274281025,-0.216775432229,0.451471388340,-0.234667167068,-0.137429401278,0.159404098988,0.115380600095,0.142911761999,0.162338733673,-0.371450394392,-0.060334756970,0.011545057409,0.210519284010,0.198381543159,-0.420174211264,-0.016463538632,0.384267240763,-0.455554366112,0.300821810961,0.318310171366,0.096846774220,0.188956156373,0.443585366011,1.345635056496,0.498466610909,-0.023164199665,0.286202162504,-0.289832383394,-0.177839145064,1.017644405365,-0.556389451027,-0.709282219410,-0.261436879635,-0.506603658199,-0.200995117426,-0.717184722424,-0.101806417108,-0.490658730268,-0.643510341644,0.742122828960,-0.155880913138,-0.071373559535,0.875131785870,-0.291915029287,0.410538941622,0.118813253939,-0.269903272390,0.640954434872,-0.144879147410,-0.156835794449,-0.039948780090,-0.741085648537,0.202443912625,0.193203762174,-0.239161729813,0.117273904383,-0.529117584229,-0.140956714749,0.343655824661,-0.230621263385,-0.225381731987,-0.665929555893,-0.059239927679,-0.602009892464,-0.091109223664,0.184745609760,0.133091256022,-0.077777877450,-0.036149814725,0.427414059639,0.294812589884,0.235428616405,0.678935825825,-0.211717009544,-0.051851920784,-0.117747232318,-0.365490585566,-0.284753382206,-0.006778862793,-0.674836397171,-0.465572446585,0.344462513924,-0.315239757299,0.419334590435,0.064199574292,0.103757344186,0.838162899017,0.571959853172,0.337671309710,0.375068247318,0.057741746306,0.355772972107,-0.442774534225,0.271944731474,-0.737060308456,0.120525464416,0.120620116591,-0.019509295002,-0.187486782670,-0.124052770436,-0.261947274208,0.539098620415,0.038660507649,0.156922236085,-0.117739006877,-0.147023528814,0.257127553225,0.518066406250,0.250500977039,0.480904132128,0.748823523521,-0.167936339974,0.276035934687,0.920081377029,-0.576656043530,-0.014673130587,-0.103782042861,-0.519169449806,0.231567904353,-1.080600857735,-1.239712715149,0.148241832852,-0.960087776184,-0.996484577656,0.063541032374,-1.582105040550,-0.107424594462,0.317240059376,-0.243421658874,0.346820920706,-0.112874031067,0.395429521799,0.372150093317,-0.220105171204,0.043315570801,-0.850000202656,-0.088849611580,-0.455023437738,-0.196920394897,-0.358621180058,-0.179164469242,-0.192001923919,-0.209379181266,0.268557369709,0.190474927425,0.540666759014,0.301188111305,-0.233979836106,-0.329567134380,0.096262313426,0.546556591988,0.293207406998,0.307143777609,0.372965037823,-0.009137264453,0.340741753578,0.893385708332,0.173892021179,0.181148335338,0.153119146824,-0.537497520447,-0.001518761623,-0.605244994164,0.098678342998,-0.473734259605,-0.581290543079,0.178662329912,-0.290330410004,0.539456725121,0.641271352768,0.012425856665,0.800605475903,0.226279005408,0.431920945644,1.258176684380,-0.336350113153,-0.164297893643,0.447738319635,-1.128493309021,-0.267804175615,0.239639163017,-0.686628401279,-0.318507760763,-0.912726283073,-0.321253031492,-0.033104062080,-0.505307197571,-0.155033037066,-0.436909407377,-0.758553504944,0.084676094353,-0.246796697378,-0.393330425024,0.279287487268,0.207230687141,-0.482752144337,0.566732645035,-0.096167646348,0.346150040627,0.479866892099,-0.242590248585,-0.699251770973,0.053802847862,0.038446482271,0.201472580433,-0.210309371352,0.085548661649,-0.616530776024,-0.103345751762,-0.059462185949,-0.158185794950,-0.427434653044,0.190651908517,0.238354995847,0.465140253305,0.969554305077,-0.458600133657,0.526755034924,1.110700368881,0.582504749298,0.226398378611,0.222323641181,-0.350517004728,0.044739671052,-0.166298210621,-0.228501588106,-0.571807503700,0.043862987310,0.121998950839,0.651235878468,-0.261971950531,-0.246298670769,0.152246579528,0.078963249922,-0.581220567226,-0.054741267115,0.105527177453,-0.932297348976,0.014212151058,0.190528422594,-0.254057109356,0.105531290174,0.497845083475,-0.122764497995,0.231934234500,0.021110374480,-0.095282740891,-0.193928137422,-0.858050882816,-0.274220824242,-0.421775281429,-0.931692302227,0.216096311808,-0.641415357590,-0.582772254944,-0.032667778432,-0.074110627174,0.474084079266,0.913236618042,0.284675180912,0.274369001389,0.762175440788,0.223299100995,0.341717243195,-0.294627398252,-0.374154537916,0.226628854871,-0.244351863861,-0.065936475992,-0.049896873534,-0.247628092766,-0.316392183304,0.446861624718,-0.580751359463,0.299397706985,0.259094953537,-0.783001780510,0.000547412666,-0.102230355144,-0.768238186836,1.054485559464,0.376792788506,-0.429714858532,0.491341978312,0.120089173317,0.369857549667,0.645193755627,0.140660360456,0.111758626997,-0.054885324091,-0.497507572174,-0.083363130689,-0.046554777771,-0.834746778011,-0.040426220745,-0.435645848513,-0.922340989113,0.228357523680,-1.003786206245,0.169776126742,0.972126781940,0.288330078125,0.279777258635,0.802202403545,0.252340793610,1.275821447372,0.507072925568,0.139372095466,0.432274937630,-0.045402325690,-0.527199566364,-0.131506636739,0.180954873562,-0.131786510348,0.025987697765,-0.348220318556,0.396845370531,0.039994053543,-0.349463313818,0.315630763769,-0.087133288383,-0.180411577225,-0.399327248335,-0.620597243309,-0.245454922318,-0.618440508842,-0.279015839100,-0.364239335060,0.281971037388,0.214429363608,-0.061396658421,0.287906140089,-0.316264599562,-0.311346113682,-0.126114830375,-0.270146101713,-1.104954600334,-0.483949869871,-0.671848237514,-0.852210462093,0.260461419821,-0.090368375182,-0.012516405433,0.207420021296,0.322742998600,0.481546193361,0.857486963272,0.710558116436,0.022769074887,0.305756747723,0.744826972485,-0.392704814672,1.002732396126,-0.036372072995,-0.689517736435,1.290601491928,-0.463255167007,0.232135921717,0.024102622643,-0.515782117844,1.225253701210,-0.447162091732,-0.100271187723,0.483505368233,-0.805276989937,0.595951318741,0.330283313990,-0.085433423519,0.341334432364,-0.256008058786,0.802902162075,0.808450281620,-0.670535266399,-0.070789106190,-0.039253193885,-0.289725363255,-0.288041979074,-0.328743964434,-0.927292346954,-0.418597847223,-0.486180663109,-0.434279382229,-0.630936324596,-0.689266622066,-0.306546986103,-0.521638989449,-1.017644405365,-0.092907868326,0.209391519427,-0.524306118488,0.488411486149,0.354571133852,0.157449066639,0.135173887014,0.319664329290,0.244598820806,-0.126559346914,0.398878633976,-0.366577178240,-0.470869600773,0.377200245857,-0.054193858057,0.290046393871,0.454554200172,0.191026449203,0.214606359601,0.566131711006,0.165182814002,0.569667279720,-0.277678161860,-0.491560131311,0.294882565737,0.665316343307,-0.152427673340,0.475829243660,-0.496235758066,-0.092726767063,1.224047780037,0.256732434034,-0.035841125995,0.193747058511,-0.873979389668,-0.207584649324,-0.071258313954,-0.688130676746,-0.374623745680,-0.582615852356,-0.394663989544,0.129991993308,0.142228513956,-0.105173207819,0.502878844738,0.329867601395,0.142269685864,0.316836714745,-0.075308345258,-0.212787136436,0.066220477223,-0.662571072578,-0.058622550219,-0.041940867901,-0.402558237314,0.481035828590,0.097748152912,-0.269487559795,-0.466453254223,-0.554277956486,-0.078407607973,0.068019114435,-0.168710127473,-0.407740145922,-0.212960004807,0.013450711966,0.428862869740,0.312066406012,0.312996596098,0.344149708748,0.413835763931,0.135387927294,0.762434780598,-0.243553385139,0.303093761206,0.171340167522,-0.477129846811,0.281761139631,-0.499610811472,-0.730030417442,0.170858621597,-0.464140087366,-0.291470497847,-0.456562757492,-0.601820588112,-0.562242209911,0.178905174136,-0.316449820995,0.081836141646,0.900489747524,0.074160017073,0.587328553200,1.081757545471,0.058861270547,0.483204901218,0.952592790127,-0.197422534227,0.028992293403,-0.409501731396,0.025230374187,-0.288498818874,-0.360757291317,0.150316238403,0.159733384848,-0.094085015357,0.847810506821,0.556961536407,-0.443791151047,-0.089759215713,-0.378517359495,-0.153637751937,0.300653040409,-0.843200743198,0.368840932846,-0.272578597069,0.131807103753,0.963767349720,-0.286202162504,0.155856207013,0.773979783058,0.394787460566,-0.600166022778,-0.064462989569,-0.677400529385,-0.360802590847,-0.542420148849,-0.466543763876,-0.402883410454,-0.108288936317,-0.368449926376,0.257465064526,-0.171035602689,0.543889462948,0.517671287060,0.192923873663,-0.003177463077,0.215096145868,-0.397734403610,0.327163457870,-0.640806198120,-0.054218553007,-0.413164883852,-0.087581917644,-0.713245749474,-0.331929653883,0.467786788940,-0.136667951941,-0.391140758991,0.099859595299,-0.485258698463,0.286955386400,0.521659612656,-0.206382811069,-0.043406121433,0.552380561829,0.843521833420,0.960980951786,0.477578461170,0.277410656214,0.731108725071,0.505179584026,0.403998792171,0.560270726681,-0.285979926586,-0.238383814692,0.111684538424,-0.219487801194,-0.204468935728,-0.376479983330,0.072521887720,0.194010466337,-0.579113245010,0.242240399122,-0.090882852674,-0.514419794083,0.308897167444,0.333584249020,0.159502878785,0.211264252663,-0.248052030802,0.275727242231,0.167512401938,-0.219697698951,0.248932838440,-0.685833990574,-0.898485302925,0.312589108944,-0.351776450872,-0.797913730145,0.633302986622,-0.539024472237,-0.233831658959,0.224616184831,0.257572084665,0.344676554203,-0.697971761227,-0.317696928978,0.009828733280,-0.294326931238,0.261963725090,0.195689752698,0.026246998459,0.518247544765,0.265993177891,0.476092636585,0.193310767412,0.196031361818,0.681714057922,-0.518095254898,-0.264486759901,-0.063479296863,-0.509665906429,-0.155852094293,-0.516765832901,0.153337299824,0.268610864878,0.322697728872,0.363782495260,0.042208399624,0.538691103458,0.467218786478,0.679553151131,-0.146784797311,0.893402159214,-0.156033203006,0.021624859422,-0.270952820778,-0.245179146528,-0.086799897254,-0.126448214054,-0.136478632689,0.048625066876,-0.165409177542,-0.049806319177,0.332522332668,-0.471581637859,-0.166718035936,0.275566726923,-0.905593514442,0.133490502834,-0.069241531193,-0.609463751316,0.136626809835,0.508266508579,-0.464448779821,-0.008297624066,0.537143588066,-0.215343102813,0.112869910896,0.211630567908,-0.288951575756,-0.480241447687,-0.131288498640,0.002617702819,-0.469429016113,-0.396870106459,-0.354315966368,0.032840643078,-0.213951930404,-0.409197151661,-0.324883252382,-0.079411886632,0.388996422291,0.434649825096,0.466259807348,0.413687586784,0.313095360994,0.475956827402,0.701404452324,0.276941418648,0.334798425436,-0.269520491362,-0.307082056999,-0.251595824957,0.003251549322,-0.456011235714,-0.038969200104,-0.352681934834,0.105391345918,-0.139614924788,-0.921015620232,0.046785261482,-0.039244960994,0.138857603073,-0.218121334910,-0.752955913544,0.249900072813,-0.322039186954,-0.167985737324,0.610241711140,-0.418001055717,0.637229502201,0.637571156025,-0.387716352940,0.244158416986,-0.404579132795,-0.527306616306,-0.088726133108,-0.335181206465,-0.303246051073,-0.942521214485,-0.269553422928,0.336136102676,0.325591176748,0.771526753902,0.215684726834,0.368709206581,1.460628867149,0.742308080196,0.412300527096,0.307374298573,0.187001109123,0.027555849403,-0.276040047407,-0.294985473156,-0.093401774764,-0.530714571476,-0.329908758402,0.086832828820,-0.360670894384,-0.310843974352,0.269063621759,-0.598247945309,-0.289005070925,0.094517178833,-0.646580815315,0.287264078856,0.138627126813,-0.203691020608,0.079514779150,-0.358069628477,0.063030660152,0.823860228062,0.088919572532,-0.198389768600,-0.145698204637,-0.766097903252,0.119294807315,0.068698234856,-1.244939923286,0.182514801621,-0.754639327526,-0.524944067001,-0.062121052295,-0.318491280079,0.138046771288,0.269495785236,-0.359172701836,0.305785536766,0.525096356869,0.175497233868,1.191828608513,0.605352044106,-0.184486314654,0.987207293510,0.518679678440,0.278563082218,0.720444500446,-0.160099685192,-0.264713138342,0.382587939501,-0.128559663892,0.436711847782,0.143438592553,-0.111223556101,0.783433973789,-0.015496307053,-0.213811993599,0.378183960915,-0.318289607763,0.404607951641,-0.344664216042,-0.423615098000,-0.051218073815,-0.562246322632,0.318092048168,0.280970871449,-0.467618018389,0.194681346416,-0.202024102211,-0.516555905342,0.144607499242,-0.511098206043,-1.053263187408,-0.345433861017,-0.547955989838,-1.071644663811,-0.025337386876,-0.808689117432,-0.504109442234,0.743501722813,-0.622218906879,-0.151213496923,1.303154945374,-0.257341593504,0.663797557354,1.024135112762,-0.478895545006,0.496351003647,0.587349116802,-0.342849105597,0.405562847853,0.071147188544,0.513036847115,0.254040658474,0.067545786500,0.488674879074,0.000913726399,-0.590575993061,0.525709629059,-0.267783582211,0.124674268067,0.765867412090,-0.475495815277,0.472837001085,0.335584551096,-0.098900601268,0.434143513441,0.043109778315,0.095435023308,0.941660940647,-0.757985472679,0.352924793959,0.122480504215,-0.771905422211,0.584435105324,-0.488082230091,-0.313445210457,-0.690390288830,-0.090446576476,-0.585250020027,-0.271372646093,-0.001370589598,-0.921950042248,-0.265799731016,0.274792939425,0.054942950606,-0.185786932707,0.191433921456,0.731911361217,0.143990114331,0.288881599903,0.555142343044,0.153617173433,-0.039792373776,0.163952156901,-0.580763697624,0.207942724228,0.698416292667,-0.007445636205,-0.603335261345,0.118866756558,-0.443651229143,0.725568771362,-0.174904540181,-0.346829146147,-0.160256102681,-0.303501218557,0.042525324970,0.073447965086,-0.380044341087,0.283419817686,-0.048588022590,0.562649667263,0.718353688717,-0.317165970802,0.234613656998,0.382987201214,-0.115973293781,0.198480322957,-1.247355937958,-1.007276415825,-0.340651214123,0.026485718787,-0.602960705757,-0.897172331810,-0.253361523151,0.193738803267,0.299405932426,0.408571541309,0.009314247407,-0.226744115353,1.062721490860,0.579010367393,-0.044105824083,0.023448197171,-0.260790705681,-0.001337662572,-0.067294716835,0.285568326712,-0.140322864056,0.228452190757,-0.442679882050,-0.405200630426,0.333370208740,-0.111840941012,0.223513141274,0.124838910997,0.072023868561,0.185766354203,0.366058588028,0.733154356480,0.000341618463,0.387411803007,0.582722902298,0.822271525860,0.712895929813,0.580352127552,-0.099871948361,0.211354807019,0.466469705105,-0.512016117573,-0.365379452705,0.150785446167,-0.785722374916,-0.543473780155,-0.186951711774,-1.306373715401,-0.326183885336,-0.378183960915,-0.534661710262,0.082354739308,-0.286700189114,-0.097883976996,0.456311702728,0.359654247761,0.346228241920,0.429587274790,-0.093846291304,-0.115928016603,0.215820536017,-0.376228928566,-0.701202750206,-0.286198049784,-0.426590889692,0.083605974913,-0.278723597527,-0.408546864986,0.118961423635,0.155222371221,0.117446772754,-0.004967872985,0.309329330921,-0.342795610428,-0.066216357052,0.253073424101,-0.322640091181,0.425961136818,0.081441015005,0.432283163071,0.653421401978,0.119957469404,0.602116882801,0.027815150097,-0.184609785676,0.407032221556,0.181555792689,-0.150933623314,-0.551647961140,-0.707520604134,0.444178074598,-0.313297033310,-0.258288234472,0.367058753967,-0.764916658401,0.284798651934,1.060009121895,-0.632339835167,0.617535054684,0.171476006508,0.224245741963,0.340293139219,0.083091482520,-0.566123485565,-0.106243342161,-0.651622772217,0.057733520865,-0.303974568844,-1.051616787910,0.335000097752,-0.274175554514,-0.033565044403,-0.395322501659,-0.331954360008,-0.441222876310,-0.356612622738,-0.163915112615,0.274307280779,-0.003905974794,0.198019325733,0.662361145020,0.170549929142,0.793056905270,0.395758777857,0.360901385546,-0.071258313954,0.161256253719,0.519000768661,-0.660854697227,0.147369265556,-0.264914810658,-0.338231086731,-0.298689782619,-0.581154704094,0.278814166784,-0.334358006716,0.262935072184,-0.307695329189,-0.188787400723,0.545544087887,0.462131559849,0.178427726030,0.065187387168,-0.158988401294,1.085000753403,0.427084803581,-0.100394666195,0.593103110790,0.272471576929,-0.566349923611,-0.027016669512,-0.045966200531,-0.022550933063,0.587534308434,-0.281814634800,0.196117803454,-0.365223050117,-0.566152334213,0.185437083244,0.113182723522,-0.344075620174,0.025016348809,-0.364021211863,-0.351792931557,0.268495649099,0.367412686348,0.476187288761,-0.499907135963,0.449137717485,0.757759094238,-0.507793188095,-0.275858968496,-0.035462465137,-0.473071575165,0.511299908161,-0.478990197182,-0.550553083420,-0.144747436047,-0.661192238331,0.026123519987,0.221792683005,-0.637706935406,0.483427166939,0.236844480038,0.586184322834,1.191651582718,-0.062989503145,0.446314215660,0.368342906237,-0.029663180932,0.014718404040,-0.145014971495,-0.811825335026,0.150316238403,-0.474170535803,-0.660591304302,0.110099919140,-0.337827712297,-0.248031467199,0.130259528756,-0.800251483917,0.314618229866,0.525771379471,-0.128794267774,-0.013150252402,0.029667297378,0.234226793051,0.385090410709,0.970278680325,0.099641464651,0.501269519329,0.320376366377,0.454401940107,0.718929827213,-0.027234811336,-0.341416776180,0.194549649954,-0.492226898670,-0.200073152781,-0.230501905084,-0.959565103054,0.383579879999,-0.471215307713,-0.491012722254,0.597391903400,-0.414403766394,0.921830654144,0.755548894405,0.324529290199,0.265137076378,0.741579592228,0.373533040285,0.391745805740,0.293384373188,-0.512431800365,-0.021447876468,-0.229028403759,-0.262947440147,-0.078823313117,-0.290433287621,-0.205292105675,-0.174908652902,-0.084392108023,-0.096809729934,0.008001280017,-0.751062572002,0.135988831520,0.096463993192,-0.968945145607,0.155588671565,-0.367066979408,0.054494317621,-0.039570115507,0.330184519291,-0.609183907509,0.326471984386,-0.228806152940,0.206090584397,-0.362996369600,-0.333176761866,-0.495795398951,-0.564477145672,0.323306888342,-0.247870936990,-0.546881735325,-0.023106576875,0.084087528288,0.061330799013,0.683961272240,0.858429551125,-0.129037111998,1.185094952583,0.292071431875,0.432805866003,1.053431987762,0.110363341868,0.163417086005,0.569144606590,-0.495881825686,0.289606004953,0.234963506460,-0.470503270626,-0.063956737518,0.107877343893,0.134692341089,0.420054852962,-0.183774277568,-0.333510160446,0.344927608967,-0.519206523895,-0.006610110868,0.377768248320,-0.449211806059,0.046995174140,0.235000565648,-0.313050091267,0.319075763226,-0.019579263404,-0.383028388023,0.361251205206,-0.601738214493,0.052876774222,-0.502314925194,-1.564575314522,-0.302459895611,-0.218681082129,-0.928271949291,0.026670934632,-0.630191385746,-0.592658579350,-0.201056852937,-0.695086538792,0.191503897309,-0.021451991051,0.252624779940,0.714513540268,0.086363613605,0.380414783955,0.081004731357,0.212630718946,0.859330952168,-0.050205565989,0.109000980854,-0.084429152310,0.082889802754,0.152242466807,0.225962087512,0.017183819786,0.063228219748,-0.059305787086,-0.201991170645,0.919336378574,-0.409724026918,-0.278497248888,-0.138487175107,0.226847007871,0.081819675863,-0.392729490995,0.018122240901,0.322866469622,-0.082276538014,0.424039036036,0.452780246735,-0.017249673605,0.035548899323,0.230086207390,0.101757027209,-0.954823553562,-0.126966819167,-0.314124315977,-0.628586173058,-0.330077499151,-0.781182587147,-0.182930514216,0.326928853989,0.023061303422,0.407270938158,0.150620803237,0.594411969185,0.249282687902,0.247364684939,0.613591969013,-0.272965490818,0.410493642092,0.084132805467,-0.294355750084,-0.633636355400,0.168734818697,-0.537283480167,-0.035215511918,-0.038767520338,-0.875016570091,0.180950760841,0.209329783916,-0.552277624607,0.128209814429,-0.212424933910,0.000098781238,0.145488291979,0.227394416928,0.327303409576,0.143261611462,0.598478496075,0.935931622982,-0.124122746289,-0.040632016957,0.622737526894,-0.678314328194,0.351105570793,-0.692530572414,-0.226727634668,-0.428443014622,-0.446260690689,-0.099748469889,-0.771308600903,-0.782322704792,-0.209268048406,-0.242491468787,0.171056181192,0.551627337933,-0.061697117984,0.374109238386,0.525293946266,0.741423189640,0.436592489481,0.263066768646,0.835446417332,-0.064825192094,0.150513797998,0.056774519384,-0.561822414398,0.055749658495,0.234243243933,-0.391865164042,0.016430612653,0.087581917644,-0.098357297480,0.606471538544,0.245220303535,-0.086005531251,0.180835530162,-0.065784193575,0.294010013342,0.254320532084,-0.872320652008,0.100765094161,0.238239765167,0.211692318320,0.499018102884,-0.073275104165,0.273233026266,0.088001735508,-0.029531473294,-0.205728396773,-0.665583848953,-0.526528716087,-0.458949953318,-0.850205957890,-0.833705425262,-0.394985020161,-0.373076170683,-0.349138170481,0.455797225237,-0.104675188661,0.132761985064,0.472503572702,-0.026111172512,1.019574642181,-0.047217432410,-0.346779763699,0.654335141182,-0.416889727116,-0.182708248496,0.372985601425,-0.533529818058,0.194380894303,-0.305822610855,0.198937192559,0.193491861224,-0.253789573908,0.015117645264,0.263466030359,-0.329443663359,0.287169426680,0.108638785779,0.842344641685,0.404612064362,0.806528210640,0.363292694092,1.154855608940,0.734533131123,0.336683511734,0.647580981255,0.165689051151,-0.417939305305,0.470034033060,-0.122488729656,-0.478134125471,-0.292779356241,-0.358053177595,-0.339832156897,-0.021884160116,-0.091310903430,-0.179510205984,-0.246265739202,-0.048275217414,-0.361691623926,0.349681466818,0.072702988982,0.245557814837,0.215869918466,-0.152114868164,0.657113373280,0.067335873842,0.188952028751,0.135721296072,-0.456994950771,-0.617259263992,-0.254904985428,-0.028428416699,-0.338576823473,-0.221780344844,-0.315667778254,-0.267273217440,-0.244446530938,0.183358550072,-0.916599333286,0.230024456978,-0.324451088905,-0.446861624718,-0.089495807886,-0.009182539769,-0.347113162279,0.016274208203,-0.034935630858,0.029148697853,0.072530128062,-0.246796697378,0.250677973032,0.598021626472,-0.330616682768,-0.515666842461,-0.129131779075,-0.859075725079,-0.011573868804,0.297162771225,-0.532784819603,-0.481616169214,0.618440508842,-0.112511828542,0.440934777260,0.409382373095,0.056383505464,0.643868446350,0.434859722853,0.605467259884,0.252801775932,0.352694302797,-0.121657326818,0.103102922440,-0.849967241287,0.480751812458,0.521112203598,-0.859940111637,-0.177962630987,-0.771847724915,-0.820168316364,0.371162265539,-0.095109872520,-0.366243779659,-0.217306375504,-0.609336197376,0.155456975102,0.756248593330,-0.307213783264,0.171167299151,0.861117243767,-0.017653031275,0.729301810265,0.157008662820,0.271598994732,0.586772859097,-0.582447111607,-0.366573065519,0.218030780554,-0.649972319603,-0.257506221533,-0.358732283115,-0.919019460678,-0.092175237834,-0.327916651964,-0.122336447239,0.778177976608,0.237630620599,0.012261220254,0.894320070744,0.537435829639,0.490271836519,0.706837415695,0.350245356560,0.661945402622,-0.267548978329,-0.694530844688,0.017369033769,-0.441778510809,-0.087302036583,-0.172064572573,-0.434345245361,-0.006680081133,0.467642694712,-0.185161307454,0.089075982571,0.321360081434,-0.441823810339,0.336350113153,-0.440901815891,-0.641880452633,0.580512642860,-0.343676388264,-0.297257453203,0.069686047733,0.137832760811,0.380937516689,0.178810507059,-0.061116773635,0.061009760946,-0.078185349703,-0.199291154742,-0.552932083607,-0.314572960138,-0.580471456051,0.084783114493,-0.328850984573,-0.226460114121,0.316622674465,-0.093352384865,0.024044999853,0.712048113346,0.048122923821,0.619436562061,0.580282151699,-0.561110377312,0.132679671049,-0.282728374004,0.473808318377,0.006025655661,-0.440630197525,0.022221662104,0.244858115911,0.042669378221,-0.291309982538,-0.420067191124,0.602405011654,-0.468198359013,-0.183354437351,-0.145677641034,-0.646798968315,0.391597658396,-0.142524868250,-0.370968818665,0.374446749687,0.252414852381,0.267684817314,0.652318358421,0.592424035072,-0.060783386230,0.247043654323,-0.052736833692,0.182210221887,0.538209557533,0.031667619944,-0.495606064796,-0.691291689873,0.348825365305,-0.103275775909,-0.110721416771,-0.165672600269,-0.303250163794,-0.016928633675,0.294767320156,-0.054461389780,0.478899657726,0.467124104500,-0.017780622467,1.065746665001,0.537048935890,0.390733301640,0.220681399107,0.444737851620,-0.080029271543,0.351167291403,-0.415976017714,0.360337495804,0.023382341489,-0.191508010030,0.405883878469,-0.298842072487,-0.091039262712,-0.129909679294,-0.226036161184,-0.270434230566,-0.499874234200,-0.478088825941,-0.262099564075,-0.429755985737,-0.655919790268,0.235054060817,-0.309098839760,0.274327844381,-0.252991110086,-0.198101654649,0.559048295021,-0.824843883514,-0.744324862957,-0.003724875860,-1.045718789101,-0.593687593937,-0.208325520158,-1.170714020729,0.176308050752,-0.186099737883,-0.622181892395,-0.126024276018,0.444593757391,0.553351879120,0.805606305599,0.332793980837,0.127226114273,0.535089731216,0.725782752037,0.132523268461,0.629096567631,-0.022353369743,0.046777028590,-0.045077171177,0.413275986910,-0.016183659434,0.271981775761,-0.166586324573,-0.543942987919,0.425039201975,0.023139502853,-0.383752763271,0.348010420799,-0.793826639652,0.165396839380,1.280303597450,-0.447059184313,0.174682274461,0.863364517689,-0.293911218643,1.135457396507,0.327883720398,-0.354307740927,0.807141482830,0.114578008652,-0.643868446350,-0.046637091786,-0.476249039173,-0.457303643227,-0.290733754635,-1.067726373672,-0.671490132809,-0.370026260614,-0.820032417774,-0.570115923882,0.372071892023,-0.380896329880,0.560439467430,0.128646090627,0.281831115484,0.855552554131,0.876621782780,0.354665786028,-0.099666155875,-0.305225789547,0.311086803675,-0.218825146556,-0.011759082787,-0.145698204637,-0.508151292801,-0.212375536561,-0.236716896296,-0.019431093708,0.732763290405,0.399553656578,-0.276463985443,0.301883697510,-0.311119735241,-0.156856372952,0.912104785442,-0.366968184710,-0.132889583707,-0.019044198096,0.308588474989,0.298261702061,-0.080444969237,0.108634658158,-0.077053479850,-0.337761878967,0.231078118086,0.304159760475,-0.630117297173,-0.990281879902,-0.612402498722,-0.707685232162,-0.243154138327,0.035219628364,-0.725185990334,-0.180473312736,0.757380425930,0.449878543615,0.396602541208,0.490592926741,0.054090958089,0.526187062263,-0.056280609220,-0.374166876078,-0.347936332226,0.421660035849,-0.291396409273,-0.418301522732,0.453879177570,-0.245454922318,-0.208313167095,0.659706413746,0.277781069279,0.024308416992,0.451808929443,-0.552796304226,-0.528504312038,0.383061289787,0.312852531672,-0.357073575258,0.162528067827,0.227303862572,0.527384817600,0.619115531445,-0.065446682274,0.177069485188,0.650441527367,0.573886036873,0.105798825622,-0.305188745260,-0.346598684788,-0.408764988184,-0.335094779730,-0.094385474920,-0.517107427120,-0.642069816589,-0.313420504332,-0.638867676258,-0.003605515230,-0.297203928232,-0.142520740628,-0.291762739420,-0.004296984058,0.475080132484,0.237593561411,0.134173735976,0.133013054729,-0.401195883751,0.126291811466,0.394779235125,0.037742663175,0.049489401281,-0.550734221935,0.108951590955,-0.026485718787,-0.311115622520,-0.096208810806,0.170319423079,-0.215137317777,-0.084420911968,0.514300405979,-0.365046054125,-0.267911165953,0.210819736123,-0.388625979424,0.789192080498,-0.378784865141,0.134412452579,0.203267097473,-0.004795006011,0.097381837666,0.530870974064,-0.169751435518,0.106613762677,-0.329423069954,-0.861232459545,0.082136601210,-0.222023189068,-0.603755056858,-0.230592459440,-0.650955975056,-0.508867442608,0.270113199949,0.086791664362,0.297269791365,0.366223186255,-0.323401540518,-0.172558471560,0.621881425381,-0.334353893995,0.008939702064,-0.147398069501,-0.114989586174,-0.387374728918,0.009738183580,-0.695218205452,-0.106226876378,-0.548165917397,0.056844484061,0.157210335135,-0.303324252367,-0.276077091694,0.241339027882,-0.301871359348,0.586904644966,0.103012368083,-0.239923164248,0.834870159626,0.098077423871,0.308423846960,0.546334326267,0.508694529533,0.105082660913,0.092735007405,0.486374109983,-0.164174422622,0.256304383278,0.082782797515,-0.518239319324,-0.132663190365,-0.049415312707,-0.197286725044,-0.634545981884,-0.696667015553,0.024975189939,0.045443482697,0.638575434685,0.480406105518,-0.038730479777,0.359946459532,0.765587508678,0.696872830391,0.304283261299,0.635747849941,-0.291857391596,0.091483771801,0.181407630444,-0.643205761909,0.485373944044,-0.408048838377,-0.221257612109,0.407999426126,-1.034181952477,0.259555935860,0.644967377186,-0.724247574806,-0.192055433989,-0.349689692259,0.021756567061,-0.009808153845,-0.484435528517,-0.367478549480,0.258321166039,0.480039775372,0.243857949972,0.156716436148,0.067245326936,-0.058223307133,0.620531380177,-0.171093210578,-0.494955718517,-0.122373491526,-1.038692951202,-0.105296686292,-0.371870219707,-0.980568468571,-0.018278645352,0.131395518780,0.105473667383,0.561414957047,0.032408479601,0.290198683739,0.333349645138,1.323388695717,0.494420677423,-0.584990739822,0.325883418322,0.324265867472,-0.038705781102,0.175069168210,-0.895682394505,-0.462806552649,0.466659039259,-0.059437491000,-0.187297448516,-0.027008436620,-0.392902374268,-0.267252624035,0.067158892751,-0.282748937607,0.044315733016,0.303884029388,-0.125127017498,0.252501308918,0.081926688552,0.382501542568,0.437427997589,0.257625579834,0.782824873924,0.394034236670,0.279147565365,0.292972803116,0.066817276180,0.252118527889,0.104901559651,-0.558299243450,-0.479628205299,-0.061614796519,-0.152184844017,-0.579660654068,0.030329955742,0.038923922926,-0.544420480728,0.478944957256,0.063010081649,0.264651387930,0.675091564655,0.302270591259,0.499804258347,0.625783264637,0.542090833187,0.610616266727,0.291770964861,-0.698210537434,0.164894700050,-0.002753526904,-0.362350136042,-0.369717568159,0.022196967155,-0.109453722835,-0.166108876467,-0.303571224213,0.016656985506,-0.497664004564,-0.592353999615,-0.150670200586,-0.119508840144,-0.636093556881,-0.045266501606,-0.347026705742,-0.286589056253,0.091722495854,0.673506915569,-0.290174007416,-0.144307047129,0.184157028794,-0.310856312513,0.707837522030,-0.507422745228,-1.139062881470,-0.020143140107,-0.606368601322,0.019525757059,-0.310490012169,-0.702898502350,0.811483740807,0.443272560835,-0.326990574598,0.626779317856,0.456089466810,0.395610630512,1.520123839378,0.057935196906,0.136132895947,0.392848849297,0.403393775225,0.446812242270,0.122636906803,-0.147747918963,-0.184679761529,0.005079002120,-0.022139344364,-0.203481122851,0.077469184995,-0.128481462598,0.065751262009,-0.177250593901,-0.104786314070,-0.513073861599,-0.119340084493,0.441226989031,0.180510357022,0.217915520072,-0.293174475431,0.362004429102,0.037610955536,-0.104444690049,-0.164005666971,-0.088787868619,-0.118130005896,-0.065446682274,-0.481303364038,-0.592498123646,-0.728042423725,-0.570350527763,-0.405760407448,-0.203806266189,-0.717110574245,-0.433612585068,0.226867571473,-0.096529848874,0.731985449791,0.587904751301,-0.191306337714,0.384370118380,0.781935751438,0.557932913303,0.076370246708,-0.505290746689,0.352430880070,0.156082585454,-0.269557535648,-0.272697955370,-0.163972735405,-0.113170370460,0.383991450071,0.137890368700,-0.582352459431,0.508130729198,-0.223916485906,0.346380501986,-0.050699468702,-0.140466928482,0.385753065348,-0.524359583855,-0.024403080344,0.276962012053,0.023271214217,0.393429189920,0.102946512401,0.406188458204,0.339848607779,-0.375973731279,-0.740073144436,-0.104547590017,-0.168911799788,-0.609583139420,-1.040997862816,-0.118055924773,-0.368198841810,0.089174762368,-0.434122949839,-0.321265399456,-0.305592089891,0.715896487236,0.597313702106,0.517745375633,0.037207599729,0.030959684402,0.931605875492,-0.314194321632,-0.695708036423,0.632418036461,-1.045278310776,0.250933170319,0.380859285593,-0.637060761452,-0.104646369815,-0.320475161076,0.130230709910,0.529837846756,0.155403465033,-0.584533870220,0.712719023228,-0.585101842880,0.720584452152,0.333506047726,-0.548540472984,0.564226090908,0.060005486012,-0.362020879984,1.109613776207,0.634739398956,-0.019365239888,-0.158432751894,-0.703841030598,0.388864666224,-0.012454667129,-0.086170166731,-0.037952575833,-1.007712721825,-0.624400317669,0.299208372831,-0.493432849646,-0.516753435135,-0.080119818449,-0.288692265749,0.058231543750,0.849506318569,0.096978485584,0.271245032549,1.061865329742,0.068554177880,1.004127740860,0.113956503570,-0.128473222256,1.229361295700,-0.060170121491,-0.186494857073,0.564440071583,-0.745608985424,0.348586648703,0.286691963673,0.195656821132,0.465136140585,-0.186552479863,-0.397063553333,0.515872657299,-0.351599484682,-0.348413765430,-0.148760423064,-0.273265957832,0.000938421756,0.483093738556,-0.300257921219,-0.155588671565,-0.165392726660,0.239700898528,0.427471697330,0.074164129794,-0.353986710310,-0.366371393204,-0.589876294136,-0.495470255613,-0.501355946064,-0.552742779255,-0.711270213127,-0.684335827827,0.396499663591,-0.101950466633,0.016233049333,0.270689398050,-0.163709327579,0.706878542900,0.430019408464,-0.383016020060,0.291001290083,0.649449586868,-0.550783574581,0.529508590698,-0.018167516217,-0.273447036743,0.608755826950,-0.062121052295,0.108873389661,0.007643198129,-0.183309167624,0.515901505947,0.351451307535,-0.540345728397,0.030889715999,0.306530535221,0.095805458724,0.880013227463,0.689908742905,0.468922764063,0.931935131550,0.377780616283,0.343960374594,0.574441730976,0.107074744999,0.430048227310,0.003395604901,0.497145384550,-0.074238218367,-0.633628129959,-0.351735293865,0.019315848127,-0.702993154526,-0.281394809484,-1.314164996147,0.255682885647,-0.614797949791,-0.714855134487,-0.499923586845,0.239783227444,0.365202456713,0.613567292690,0.254320532084,-0.518687903881,0.078374683857,1.202641010284,-0.345569700003,-0.197525426745,-1.097447156906,-0.799979865551,-0.189993351698,-0.939249038696,-0.445301681757,0.507620275021,-0.271516710520,0.707141935825,0.060297712684,-0.260835975409,-0.111593984067,0.510435581207,-0.628989517689,0.034663982689,-0.130872800946,-0.344972878695,0.345726102591,0.485604465008,0.531731128693,0.373989880085,0.172517314553,0.924769341946,0.196982130408,0.110910750926,-0.298611551523,-0.577923774719,-0.249344423413,-0.374895364046,-0.379044204950,-0.739990890026,-0.237198442221,0.507694423199,0.655561685562,0.304620772600,0.378122240305,0.579438388348,0.838858485222,0.251427054405,0.237737625837,-0.154674962163,0.181983858347,-0.008153568022,-0.307464838028,-0.577170550823,0.049114853144,0.199068889022,-0.281485378742,-0.095780760050,-0.296207875013,-0.419680297375,0.589575767517,-1.219013929367,-0.207152500749,-0.369034349918,-0.250052362680,0.088787868619,0.269475221634,-0.067825667560,0.234539583325,0.347734659910,0.622432947159,0.527615308762,-0.017290832475,-0.291264712811,0.424314796925,-0.569218635559,0.193652391434,-0.237523600459,-0.316009402275,-0.469737738371,-0.055461548269,-0.992529213428,0.110108159482,-0.104214206338,-0.490341812372,-0.105136163533,-0.616563677788,0.356373876333,0.776153028011,-0.162960231304,0.527380704880,0.497976809740,0.216573759913,0.344499558210,-0.018365079537,-0.116207890213,0.166059494019,-0.289540141821,-0.740521788597,-0.573034107685,0.054041568190,-0.179316759109,0.192376464605,-0.432571291924,0.425088614225,0.567086637020,-0.258860349655,-0.189017906785,0.229007840157,-0.659833967686,0.142224401236,-0.648428857327,0.382509768009,-0.414757728577,0.106510870159,0.263239651918,0.511674463749,0.218228340149,0.183428540826,0.789616048336,0.366712987423,-0.331596255302,-0.341902464628,0.287790894508,-0.448051124811,-0.115701638162,-0.112104363739,-0.433633148670,0.663649380207,1.026847481728,0.170442909002,0.347607046366,-0.019155329093,0.479644656181,0.818740069866,0.269125372171,-0.453624039888,0.231563791633,-0.156667053699,-0.113800108433,-0.303155481815,-0.564757049084,-0.143953070045,-0.067866824567,-0.525014042854,-0.119265995920,-0.902979850769,-0.234506651759,-0.077065832913,-0.464395284653,-0.271467298269,-0.377953469753,-0.451417922974,0.414506673813,0.139104560018,0.225818023086,0.002576543950,0.046081449836,0.240449979901,0.323553830385,0.409402936697,-0.504158854485,0.091681331396,0.424541175365,0.034412913024,0.393622636795,-0.816892027855,0.182527154684,-0.389012873173,-0.129559829831,0.446297734976,-0.856573283672,-0.086507663131,0.337938845158,-0.558188080788,0.890611588955,0.316544473171,0.511814415455,1.175422668457,0.464992105961,0.832482933998,0.383526384830,-0.182239040732,0.381875902414,-0.107486329973,-0.544128239155,-0.051024623215,0.184128239751,-0.606203973293,-0.196245402098,-0.120562501252,-0.251385897398,0.445400476456,0.176007598639,-0.305349260569,-0.128609061241,-0.883400559425,-0.037351656705,-0.062215715647,-0.668872475624,0.111849166453,0.066483892500,0.286486178637,0.505508840084,-0.229398846626,-0.170496419072,-0.232959076762,-0.483447730541,-0.445169985294,-0.683817267418,-0.785471379757,-0.128518506885,-0.395886391401,-0.640534579754,-0.621478021145,0.146109804511,0.805709183216,0.792398393154,0.101275458932,0.787521064281,0.419750273228,0.633023083210,0.640629291534,0.039265539497,-0.237494781613,0.487489551306,0.700396001339,-0.031885761768,0.335563957691,0.177435785532,0.310296565294,0.275208652020,-0.566568017006,-0.200155481696,-0.289770662785,-0.423145890236,0.420589953661,-0.048979029059,-0.885907173157,0.457583516836,0.351681768894,0.332575857639,0.424162507057,0.488073974848,0.426356256008,0.637941598892,-0.073213361204,-0.260309129953,-0.563876271248,-0.215631216764,-0.035520084202,-0.092027068138,-1.240782976151,-0.400623768568,-0.597663521767,-0.496075272560,-0.011886675842,-0.409975051880,-0.563283562660,0.146447300911,-1.169499874115,0.294326931238,0.227431446314,0.254209399223,1.513048648834,-0.329604178667,0.326900035143,0.766521871090,0.185671687126,0.678495407104,0.340359002352,-0.378385633230,-0.559879720211,-0.806581735611,-0.463362216949,0.180872559547,0.131588950753,-0.267170310020,0.680133521557,-0.160721182823,0.103876709938,0.151415169239,0.111931495368,-0.114084094763,-0.315540194511,-0.477203905582,0.228748545051,-0.082490563393,-0.231069892645,0.207226574421,-0.193500101566,0.248768195510,0.522593915462,0.347047299147,0.504632234573,-0.395178467035,-0.285807043314,-0.610077023506,-0.970492720604,0.435942202806,0.244512379169,-1.081140041351,0.073830738664,0.034021906555,0.296808809042,0.981589198112,0.175172060728,0.475010156631,0.940463185310,-0.376599341631,0.111334688962,-0.717279434204,-0.021921202540,0.120476074517,-0.740752279758,-0.169084668159,0.441486269236,0.054074496031,-0.084548503160,-0.245125636458,-0.004980220925,0.249126285315,-0.242413282394,-0.054144468158,0.049349460751,0.067105390131,-0.558941304684,-0.094249643385,-0.152147799730,0.104160696268,0.559550404549,0.323981881142,0.461979269981,-0.071501150727,0.286638468504,0.033202841878,-0.434423416853,0.196957439184,-0.169381022453,-0.574347078800,-0.238536104560,-0.473680734634,-0.307588309050,-0.358102560043,-0.805342853069,0.129547476768,-0.214153602719,-0.286062210798,0.434987306595,-0.503483831882,0.082877457142,0.144064202905,-0.096138834953,0.290869593620,0.456048280001,0.228308141232,1.011997342110,-0.472137302160,0.075625270605,0.267063289881,0.116360180080,-0.135717183352,0.155942648649,-0.010207394138,0.073155738413,0.451825380325,-0.087923541665,0.256250858307,0.018435047939,0.391424775124,0.273270070553,-0.152600541711,0.150682538748,0.137952119112,0.286510854959,0.264034032822,-0.156358346343,0.458620697260,0.153847664595,-0.161494970322,0.145595312119,-0.841743767262,-0.270532995462,-0.291429340839,-0.091578438878,-0.568251430988,-1.046187996864,-0.023839205503,-0.776642799377,-0.014915966429,0.248603567481,-0.151279345155,-0.173081189394,0.658553898335,0.480315566063,-0.033281046897,0.486728101969,-0.071797497571,-0.329064995050,0.311008602381,-0.135132744908,-0.389428555965,0.021196806803,-0.923024296761,-0.171751767397,-0.279703199863,-0.607813298702,0.745880723000,-0.444885998964,-0.884491324425,0.515720367432,-0.180111125112,0.329439550638,0.307687073946,0.426125794649,0.308925956488,0.436078011990,0.027037248015,0.791488766670,0.269063621759,0.361411750317,-0.261902004480,-0.183844238520,-0.331563323736,0.410337269306,-0.263334333897,-0.228818506002,-0.255707591772,-0.433493226767,-0.344532489777,-0.043945301324,-0.338893711567,0.167327180505,-0.536670267582,0.358193129301,0.142483696342,0.151633322239,0.118142358959,1.552602410316,0.374821275473,0.468708723783,0.478455156088,0.216265052557,0.140446349978,0.229139551520,-0.810635864735,-0.336214303970,-0.709043502808,0.081420436502,0.320322871208,-0.121076993644,-0.066224589944,-0.578014314175,0.952979683876,-0.027185419574,-0.062067542225,-0.256440192461,-0.403982341290,-0.179057464004,-0.215491279960,-0.067315295339,0.497495234013,-0.219944655895,-0.263095587492,0.351023256779,0.317198902369,0.283341646194,0.766196727753,-0.235156968236,-0.294870227575,-0.373627692461,-0.330620795488,-0.334263354540,-0.977407455444,-0.193364277482,-0.077880769968,-0.415757864714,0.578685164452,0.760236918926,-0.076028630137,0.953559994698,0.056132439524,0.470157533884,-0.539304375648,-0.514839589596,-0.396137446165,0.504451096058,0.051053438336,-0.392511367798,-0.457888096571,0.028984060511,-0.308880686760,1.067520618439,0.464547574520,-0.731631457806,0.152584090829,-0.169887259603,-0.099587954581,-0.124205060303,0.008272929117,-0.170331776142,0.259605318308,-0.160885825753,0.571560621262,0.129037111998,-0.357604563236,1.408546328545,0.298726826906,0.262758105993,0.151567459106,-0.091006331146,0.039351973683,0.078691601753,-0.404118150473,-0.460818588734,-0.058206845075,0.205757215619,-0.177254706621,-0.474936097860,-0.870159804821,0.028222622350,-0.134527698159,0.494058459997,0.026650354266,-0.291865646839,0.112277232111,0.124205060303,0.957387745380,0.330509662628,0.367947787046,-0.070459835231,-0.176217496395,-0.381987035275,0.436864137650,-0.386609196663,-0.359374403954,-0.550771236420,-0.036396771669,-0.744328975677,0.433781355619,-0.553327202797,-0.006243797485,0.265956133604,-0.560970425606,0.063738591969,-0.207415908575,-0.243643939495,0.282748937607,-0.200295418501,0.158379241824,0.445836782455,0.245360240340,0.538954555988,0.115434102714,-0.254225879908,0.155934408307,-0.470972478390,0.090483613312,-0.048818510026,-0.493852674961,-0.317976802588,-0.196191892028,-0.051143985242,-0.148464083672,0.741213202477,-0.023365879431,0.833339095116,1.208662509918,0.118759743869,0.897361636162,0.234033331275,-0.246261626482,0.464666962624,-0.263058543205,0.196891590953,-0.028292592615,-0.225200653076,-0.412662744522,-0.706549227238,-0.022135227919,0.049065463245,-0.115104839206,-0.771559655666,-0.152061372995,-0.452969580889,0.219808831811,0.508513450623,-0.324121832848,-0.106753706932,0.076732441783,0.256431967020,0.302575170994,0.299154847860,-0.062820754945,0.021015707403,-0.404665589333,-0.439111411572,0.004749731161,-0.262906253338,-0.163742244244,-0.511588037014,-0.589011967182,-0.947542548180,-0.317116588354,0.177551046014,-0.084301553667,-0.650877773762,-0.131716549397,0.195290520787,0.068146705627,0.336712330580,0.748926401138,-0.146731302142,0.254551023245,0.562818467617,0.232465177774,0.130514711142,0.405048370361,-0.950156211853,-0.425734788179,0.345796078444,0.250957846642,-0.214128896594,-0.734096884727,0.100670427084,-0.420388281345,0.348397314548,0.742180526257,-0.320421636105,-0.472865790129,0.189133137465,-0.196475878358,-0.116166740656,0.387280046940,0.087215602398,0.184399873018,0.270574152470,0.252361357212,0.040903665125,0.010248553939,0.546902298927,-0.242944210768,-0.988705515862,-0.287239372730,-0.146731302142,-0.347574114799,-0.401755660772,-0.579039156437,-0.124081581831,0.007206914481,-0.019933231175,-0.265684485435,0.333131492138,0.932313799858,0.639645576477,0.945406436920,0.110062882304,0.019986737520,0.496174067259,-0.258033066988,-0.216907128692,-0.702058792114,-0.332341253757,0.297965377569,-1.046406149864,0.317071318626,-0.184795007110,-0.280526369810,0.621881425381,-0.187322154641,0.342746198177,-0.161770731211,-0.319804251194,0.409254789352,-0.164429605007,0.213165789843,0.522042393684,-0.152868077159,0.811454892159,0.923905014992,0.140471041203,0.047324441373,-0.328435271978,0.054638370872,0.206806764007,0.097406528890,-0.622070729733,-0.523215413094,-0.443597704172,-0.508937418461,-0.004408112727,-0.174245983362,-0.578668713570,-0.203275322914,0.252986997366,-0.612476587296,1.116573691368,0.304789513350,-0.113302081823,1.278891801834,0.501969218254,0.300274401903,1.243371725082,-0.431999176741,-0.006165595725,0.177345260978,-0.283012360334,-0.008425216191,-0.336247205734,-0.349010586739,0.180753201246,-0.381435513496,0.362033218145,0.071114256978,-0.290178120136,-0.056556373835,-0.043056271970,-0.667892873287,0.379850894213,-0.082642853260,-0.629030704498,0.059882011265,0.813352346420,-0.000670889276,-0.144821524620,-0.080733083189,-0.235156968236,0.807952284813,-0.232172936201,-0.740138947964,0.316931366920,-1.005341887474,-0.199566900730,-0.234255582094,-0.616501927376,-0.326718956232,-0.392717152834,0.298364609480,0.295026630163,0.304353207350,0.218849822879,0.550050973892,1.222615361214,0.180884912610,-0.109770648181,0.344413131475,-0.154555588961,1.198743224144,0.058108065277,-0.554191589355,0.106074586511,-0.140705645084,0.389305084944,0.102864198387,-1.252212643623,0.043677773327,0.225830376148,-0.418145090342,0.168924137950,0.278167963028,-0.275126338005,0.889973700047,0.168319106102,0.641962826252,0.760014653206,0.320405155420,-0.050324924290,0.759323120117,-0.721872746944,0.081774406135,-0.141639947891,0.156477719545,-0.009252509102,0.149126738310,-0.279147565365,-0.386609196663,-0.052102986723,0.262120127678,-0.436847686768,-0.892756044865,-0.656788229942,-0.239980787039,-0.359892994165,0.376512914896,0.303912848234,0.498705297709,0.285572439432,0.432632982731,0.824473440647,0.518210530281,-0.255036681890,0.330332696438,-0.157156825066,-0.748872876167,-0.345195144415,-0.252357244492,-0.908021867275,0.176065206528,0.363062232733,-0.470849007368,-0.056074813008,0.694567918777,0.110602058470,-0.131782397628,-0.303949862719,-0.346602797508,0.171105563641,0.016043718904,0.018278645352,-0.161680191755,0.278756529093,0.373142033815,0.342540383339,-0.060310058296,0.171854659915,0.222858712077,-0.930325806141,-0.671770036221,-1.208761334419,-0.528137981892,-0.044714972377,-0.697815418243,-0.045805681497,-0.266413003206,0.518194019794,1.199603557587,0.512728154659,0.671498358250,0.964055538177,0.589596390724,1.004588723183,0.024341342971,-0.752795338631,0.263153225183,-0.528195619583,0.198319792747,0.077028788626,-0.299134284258,0.199603959918,-0.375117629766,0.181230649352,0.238890066743,-0.386374562979,0.225686311722,0.287618041039,-0.649527788162,0.282600760460,-0.201073333621,0.254604518414,0.308448553085,0.059491001070,0.372310578823,0.173546284437,0.167442426085,0.160313725471,0.353159368038,-0.005832208786,0.233646437526,-0.563184797764,-0.503438591957,-0.351694166660,-0.556500554085,-0.286354452372,0.370009809732,-0.215874031186,-0.753474473953,-0.655446410179,0.297948896885,0.010557244532,0.000666773354,0.276204705238,-0.229102507234,0.494231343269,1.536801457405,-0.089022479951,0.128530859947,0.270290166140,0.184008866549,0.840039730072,-0.255522370338,-0.380073159933,-0.418342649937,-0.103930212557,0.118117667735,-0.082840412855,0.634105563164,-0.411028742790,0.092944912612,0.045534037054,-0.022151691839,-0.525030493736,-0.475746899843,-0.400356262922,-0.174591720104,-0.030638648197,0.265960246325,0.131642460823,0.441453367472,-0.147447466850,1.075118541718,0.677614629269,0.176250427961,0.276299357414,-0.223385527730,-0.799547672272,-0.429426729679,-0.367791354656,-0.436320841312,-0.685965716839,0.255962759256,-0.182728841901,0.150340929627,0.260226815939,0.243734464049,0.967829763889,-0.066109344363,-0.216820687056,0.600915074348,0.114973127842,-0.390988498926,0.665044665337,-0.197344332933,-0.033844921738,0.414284378290,-0.276591569185,-0.079778194427,0.073287449777,-0.528825342655,0.465214341879,-0.659163057804,-1.110371112823,0.227567270398,-0.376504659653,0.691353380680,0.147562697530,-0.021785378456,0.919719159603,0.628866076469,-0.115755148232,0.745971202850,-0.328052490950,0.664246201515,1.006515026093,-0.173558637500,-0.019311731681,-0.190293818712,-0.083651244640,0.189742282033,0.195611551404,-0.466741323471,-0.109478421509,-0.309959053993,-0.499857783318,-0.282028675079,-0.803972244263,0.206259354949,-0.144027158618,0.355719476938,0.209881320596,0.325191944838,0.932704806328,0.118685662746,0.763755977154,1.487089872360,-0.530261814594,-0.040751375258,-0.641032636166,0.010948253796,-0.080000452697,-0.292495369911,-0.488143950701,0.035186700523,-0.013730592094,0.607447028160,-0.150896579027,-0.121509157121,-0.262774556875,0.339367061853,-0.141944527626,-0.792488932610,-0.243586286902,-0.129880860448,0.009890471585,0.193985760212,0.306752800941,0.429681926966,-0.017422540113,0.280769199133,0.425063878298,-0.225225329399,-0.340721189976,-0.203369989991,-0.834318697453,-0.673498690128,-0.613386213779,-0.250966072083,0.078234739602,0.426438599825,0.720646202564,0.208292573690,0.503179252148,0.545383572578,0.856050610542,0.008256465197,0.043134473264,0.366684198380,-0.522840857506,0.247278243303,-0.193113207817,-0.714402377605,0.218944489956,0.273582875729,-0.322545439005,0.453615814447,-0.029873091727,-0.304748356342,-0.004988452420,-0.489922016859,-0.028712414205,0.050189100206,-0.372133642435,0.310082525015,-0.167302489281,-0.143405660987,1.292593598366,0.282036900520,0.065372601151,0.768983125687,-0.572330296040,0.592032968998,0.434777379036,-0.786179244518,-0.672198057175,-0.091994144022,0.057688243687,0.379756242037,-0.631792426109,-0.311975836754,0.328809827566,-0.256822973490,0.256641894579,0.175036236644,-0.917294919491,0.150731936097,0.810936331749,-0.063668623567,0.293005734682,0.375315189362,0.388177305460,0.896917164326,0.386152327061,0.569420337677,-0.150575533509,-0.467548072338,0.375990182161,-0.155345842242,-0.157720714808,0.190289705992,-0.582628190517,-0.448079913855,0.298459261656,0.546708881855,-0.235692039132,0.085663914680,-0.292223721743,-0.316128790379,0.525861918926,-0.710652768612,-0.586748182774,0.028193812817,-0.665583848953,0.611081302166,0.120311431587,-0.331238180399,1.369334340096,-0.102641940117,0.318692982197,0.278060942888,-0.519683957100,-0.174904540181,-0.528644263744,-0.811570167542,-0.286313295364,-0.648737549782,-0.368775069714,-0.229765161872,0.458970576525,0.284564048052,0.087450213730,1.018290519714,0.621313393116,0.655611097813,-0.054547823966,-0.164125025272,-0.083396062255,0.007425056305,-0.138684734702,-0.367289215326,-0.260523170233,0.105975806713,-0.204966962337,0.278476655483,-0.352188020945,-0.344985216856,0.501392960548,-0.459291607141,-0.227764844894,-0.233197808266,-0.289778888226,-0.582138419151,0.225418791175,0.275743693113,-0.026658585295,0.383085966110,0.856750249863,0.203769236803,-0.118874981999,0.282748937607,-0.090458914638,-0.093335926533,-0.017788855359,-0.752680122852,-0.711430728436,-0.581582784653,-0.720724344254,-0.013817026280,-0.243602767587,-0.711097359657,0.513394892216,0.393807858229,-0.028354329988,0.052218232304,0.125394552946,0.599174082279,1.023789286613,0.276229381561,0.371100515127,0.203728079796,0.751128375530,0.476269632578,-0.446137249470,-0.032638967037,0.612521886826,-0.125657960773,-0.289387851954,-0.367663770914,-0.521540224552,0.091216243804,0.335790365934,-0.403965890408,0.546210885048,-0.419215232134,0.044920764863,0.555343985558,-0.094253756106,0.016973908991,0.033149339259,-0.388309061527,0.239161729813,0.323739051819,-0.010672489181,-0.667612969875,-0.308716058731,-0.018295109272,-0.738990664482,-0.986454129219,-0.106313303113,-1.179254531860,-0.244178980589,-0.506793022156,-0.665061175823,-0.414329677820,0.383180648088,-0.733137905598,0.818398475647,0.330390334129,0.280538707972,0.767410874367,-0.286243319511,-0.231279820204,0.868904471397,-0.531607687473,0.229464694858,-0.324084758759,-0.760673165321,0.565728366375,-0.254662156105,0.087413161993,0.157576650381,-0.201135069132,-0.316252261400,0.476841747761,0.147883743048,-0.004634486511,0.252657711506,0.050715930760,0.307505995035,0.380077272654,0.082889802754,0.731145799160,-0.008363477886,0.734096884727,0.105321384966,-0.043583106250,0.236288830638,-0.308843642473,-0.185268342495,-0.011738504283,-1.342148900032,-0.321849852800,-0.422285705805,-0.323916018009,-0.083445452154,-0.569675505161,-0.616209745407,0.674251914024,0.344129145145,0.606813132763,0.251204788685,0.047843046486,0.262972116470,0.894978582859,0.071295358241,0.403739511967,0.359785974026,-0.362152576447,-0.061643607914,0.060301832855,-0.044291038066,0.096352867782,-0.192574024200,0.071406491101,-0.053543545306,-0.059972558171,-0.198871314526,-0.027140144259,0.054111540318,0.279122859240,-0.586727619171,-0.282975316048,0.484542548656,0.125102326274,0.103259325027,0.002794685774,-0.465757668018,0.440148621798,0.546457827091,0.137182444334,0.464650452137,-0.015730911866,-0.204942256212,0.106589064002,-0.190129190683,-0.233308926225,0.000481558527,-0.937495648861,-0.539250910282,-0.445392251015,0.173595681787,-0.006354926154,0.057132598013,-0.392947643995,0.275048136711,0.140042990446,0.419742047787,0.270039081573,0.268960714340,-0.238330319524,-0.434069454670,0.209193959832,-0.579426050186,0.248393654823,-0.242635518312,-0.683401525021,0.048328720033,-0.141590565443,-0.353797376156,-0.368931442499,-0.255538821220,0.020859304816,0.065775960684,-0.182197883725,0.109005093575,-0.059062946588,-0.008194726892,0.138935804367,0.704676508904,0.475796282291,0.478249371052,0.399368435144,0.674803435802,1.215038061142,0.073139272630,-0.220636129379,-0.176563233137,0.098056837916,-0.363889515400,-0.129419878125,-0.738887786865,-0.643921971321,0.100250609219,-0.737294971943,-0.364099413157,0.401426345110,-0.018204558641,0.131160899997,0.037487480789,0.181802749634,0.132774338126,0.213560923934,0.387350052595,0.440486103296,-0.157815381885,-0.614830911160,-0.514535009861,0.173575103283,-0.371079951525,-0.195216417313,-0.188009515405,-0.592403411865,0.281826972961,0.086816355586,-0.606508553028,0.105086773634,-0.054230902344,-0.417416602373,0.404011130333,-0.069916538894,-0.418079227209,0.405591636896,-0.035194929689,0.319713711739,0.604545295238,-0.190853595734,0.303019672632,0.108099602163,0.020213110372,0.044282805175,-0.174846902490,-0.538197219372,-0.145163148642,-0.520107924938,-0.155251175165,0.588044703007,-0.381147414446,-0.058997094631,0.474754989147,-0.290363341570,0.984964191914,0.594288527966,-0.101555339992,0.957976341248,-0.213943704963,0.431958019733,0.368519872427,-0.251311808825,0.102641940117,-0.083276696503,-0.790422797203,-0.701206862926,-0.383505821228,-0.138120859861,-0.295236527920,-0.504397571087,-0.673897922039,-0.333555430174,0.237914621830,-0.512308299541,-0.570474028587,-0.103477470577,-0.235502704978,-0.282024532557,0.023748654872,-0.398561745882,-0.408612698317,0.067969724536,-0.120422556996,0.057083204389,-0.132301002741,-0.155065953732,0.094727084041,-0.362823486328,-0.543259739876,-0.244775786996,-0.268553256989,-0.039137948304,-0.576351463795,-0.928494215012,-0.014652550220,0.250179946423,0.152629360557,0.568761825562,-0.107585109770,1.156802296638,0.612484812737,0.206876724958,0.957235455513,-0.398421764374,0.422635525465,0.759808778763,-0.584665536880,-0.256082117558,0.069179795682,0.064812839031,0.320812672377,-0.403056263924,-0.030947336927,0.152748718858,0.360522717237,0.529648542404,-0.128041058779,-0.663180172443,-0.715406656265,0.558550238609,-0.189293652773,-0.205818951130,0.073126927018,-0.393404513597,0.731215775013,0.278711259365,-0.053979828954,0.340404272079,-0.616506040096,0.497009575367,0.476434260607,-0.553290188313,-0.131436660886,-0.375167012215,-0.605854153633,-0.245866492391,-0.062302149832,-0.279629081488,0.507480382919,0.119986280799,0.079527124763,0.374990046024,-0.201859459281,0.637752234936,0.303974568844,0.539551377296,0.492021113634,-0.117220401764,0.908281147480,0.017904099077,-0.090512417257,0.803984642029,-0.685475945473,0.137297689915,0.468770474195,-0.558056354523,0.131263792515,-0.580080449581,0.132128134370,-0.355324357748,-0.431608140469,0.506048083305,-0.338152855635,-0.193557724357,0.329571247101,-0.472952216864,-0.368314057589,0.374343872070,0.099987193942,0.410172611475,0.061976995319,-0.193034991622,-0.210099473596,0.656137883663,-0.799424231052,-0.145282506943,-0.326541960239,-0.474964886904,0.004642718472,-1.235979676247,-0.802762210369,-0.750622153282,-0.643386900425,-0.041080649942,0.190553128719,-0.004877323750,0.665740251541,0.821789920330,0.799099087715,1.027662396431,0.346281737089,-0.117088697851,0.158815532923,0.052798572928,-0.146138608456,-0.485262811184,-0.373413652182,-0.100283533335,0.198249831796,0.009207234718,0.331941992044,0.384719997644,0.392264395952,0.553611218929,-0.303937524557,0.083741791546,-0.290511518717,-0.345376253128,0.026605080813,-0.468391805887,0.423117101192,0.026946697384,0.730409085751,0.444758415222,-0.021447876468,0.801770210266,-0.271804809570,0.343968629837,-0.241343140602,-1.522243618965,-0.455965936184,-0.695391118526,-0.562143445015,-0.245352014899,0.178505927324,-0.381414949894,1.061918854713,0.860343456268,0.213351011276,0.586571216583,0.409205377102,0.342791467905,0.594720661640,-0.027131913230,-0.121064640582,0.203518167138,-0.606529176235,0.677721619606,0.413498252630,-0.665176391602,0.477924227715,0.079807013273,-0.132362738252,0.040422104299,0.060688722879,-0.616201519966,0.024946376681,0.064965128899,-0.281604737043,0.540695548058,0.471750378609,0.061421349645,0.900069952011,0.216293871403,-0.057453636080,0.386284023523,-0.194953009486,-0.234539583325,-0.801988422871,-1.207090258598,0.027576429769,-0.996838510036,-0.524355471134,-0.154654383659,-1.400557518005,0.144068315625,-0.266227781773,-0.572927057743,-0.278604239225,-0.732253015041,-0.406229615211,-0.416922688484,-0.342898488045,0.005194246769,0.362650603056,0.076036855578,0.737373113632,0.579977571964,-0.147303402424,-0.430208742619,0.150205105543,-0.752297282219,0.308938324451,-0.849687397480,-0.310247182846,-0.374648422003,0.092862598598,0.747942686081,0.136318102479,0.447215616703,0.118282303214,0.025950655341,0.583521366119,-0.089755102992,-0.289655417204,-0.102839499712,0.059791460633,0.342445760965,-0.066903710365,0.635113954544,0.326208591461,0.486723989248,0.785438477993,0.202443912625,-0.313589274883,-0.441482156515,0.056556373835,-0.457241892815,-0.833688974380,-0.222171351314,-0.407320290804,0.316844940186,0.217536866665,0.796250820160,1.007333993912,0.631973564625,0.573050558567,0.213009387255,0.203629299998,0.040232777596,-0.105243176222,-0.413934558630,-0.713324010372,-0.416395813227,-0.194714277983,0.060775157064,-0.185103684664,-0.328912705183,0.007527953014,-0.284197747707,0.285811156034,-0.654746711254,-0.157877117395,0.211605876684,-0.308448553085,0.328818053007,-0.004218781833,0.176880151033,0.374915927649,0.561246156693,0.472861677408,0.604516446590,0.058750141412,-0.200114324689,0.524030327797,-0.272101134062,-0.153399020433,-0.166207656264,0.100328810513,-0.449602812529,0.332341253757,-0.582146644592,-0.348331451416,-0.384814679623,-0.223920598626,0.155205905437,-1.175961852074,-0.110610291362,-0.081963732839,0.104321211576,0.787039518356,0.124060995877,-0.079930484295,0.276883810759,-0.062363889068,0.175307884812,0.171183764935,-0.571124315262,-0.750033617020,-0.263391941786,-0.430060595274,-0.031996890903,-0.367655545473,-0.359119176865,0.232658624649,0.047801889479,0.104304760695,0.082782797515,0.006387853529,-0.653676569462,-0.018484439701,-0.244697600603,0.339671641588,0.131469592452,0.378245711327,-0.258024811745,0.383888572454,0.973003447056,0.938701689243,0.415836095810,0.101324856281,-0.563653945923,0.188363477588,-0.129761502147,-0.693757057190,-0.333934098482,-0.279328644276,-0.539934158325,0.536554992199,0.269623398781,0.311683595181,1.401310682297,0.358094334602,0.441897869110,1.244425415993,0.206658586860,0.143817245960,0.402706414461,-0.408579766750,-0.001856264076,-0.087964691222,-0.492255717516,0.568444907665,-0.231411516666,-0.353805601597,0.230036810040,-0.527685284615,-0.418478459120,0.384279578924,-0.508398234844,-0.821456551552,0.105613604188,-0.067014835775,-0.043163284659,1.216478586197,-0.189347162843,-0.202324554324,1.047480344772,0.091290332377,0.723325669765,-0.465127915144,-0.394375890493,-0.183626100421,-0.206004142761,-0.621420443058,-0.175772979856,-0.243964955211,-0.369289547205,-0.187984809279,-0.005470010918,-0.849037051201,-0.136388078332,-0.162952005863,-0.170636355877,0.215437769890,0.265239983797,0.108363024890,0.973287463188,0.387802809477,0.465333700180,0.355085641146,0.502804696560,0.563584029675,0.098686568439,-0.158720865846,-0.896497368813,-0.500401079655,-0.003910090774,-0.280172407627,-0.559550404549,0.362156689167,0.220673173666,0.078699834645,0.193899348378,-0.487880527973,0.689764678478,-0.315223276615,-0.333127379417,0.277250140905,-0.503747284412,0.351233154535,0.434295833111,-0.773514688015,0.278414905071,-0.314445376396,0.510999441147,0.763541936874,-0.385366171598,0.094541877508,-0.829745888710,-0.622688114643,-0.102394983172,-0.543947100639,-0.313350558281,-0.510970652103,-0.769756913185,1.502746582031,0.115709871054,0.143492102623,0.889471530914,0.215112611651,1.440897345543,0.218113079667,-0.244816944003,0.048505701125,-0.361761569977,-0.360378652811,-0.596152961254,-0.019719203934,0.054407883435,-0.003523197491,-0.457373559475,-0.036787778139,0.476537168026,-0.354517638683,-0.075119018555,-0.043060388416,-0.106724895537,-0.022839045152,0.083239652216,0.091047488153,0.495795398951,0.215520069003,0.511620998383,0.217347532511,-0.151769146323,1.274504303932,-0.026489835232,-0.360823154449,-0.029889557511,0.050045046955,-0.393713206053,-0.397553294897,-0.997019648552,0.158412188292,-0.517914175987,-0.223887667060,-0.014537305571,-0.228789702058,-0.431571125984,0.357863813639,-0.186972305179,0.774626016617,0.083992868662,-0.161824241281,0.986725747585,-0.019896186888,-0.003313287394,0.858392477036,-0.145385399461,0.699185967445,0.376846313477,-1.096508860588,0.421244353056,0.367890149355,-0.370334953070,0.066751420498,-0.558628499508,-0.274846434593,0.510538518429,-0.083931125700,-0.356176316738,-0.419260501862,-0.909939825535,0.775877237320,0.397281676531,-0.968426585197,0.215750575066,-0.091426149011,0.086857520044,1.213449358940,-0.391181945801,0.272475689650,0.579862356186,-0.385419696569,0.495890051126,-0.553335428238,-0.706866145134,0.310959219933,-0.734652519226,-0.047501429915,-0.007770790718,-0.731528580189,0.309107065201,0.387782186270,0.133284702897,0.995496749878,0.486538767815,0.100168295205,0.876189589500,0.545803368092,0.018933070824,0.656730592251,-0.210251748562,-0.476681202650,0.293318539858,-0.328480541706,-0.194216266274,-0.079864628613,-0.742456197739,0.397059440613,-0.377307265997,-0.055515058339,-0.000963117054,-0.863841891289,0.015899663791,0.094364896417,-0.101411290467,0.581648647785,-0.135062769055,-0.527162492275,0.013895227574,0.226744115353,0.277295410633,0.264359176159,-0.527022600174,0.008639242500,-0.202019989491,-0.155917942524,0.183074563742,-0.963606834412,-0.871081769466,-0.160140857100,-0.437563836575,-0.851720631123,0.344544857740,-0.586324274540,0.060532320291,0.333238512278,0.265153527260,0.341976523399,1.104773521423,0.554154515266,0.630553603172,0.486369997263,0.474446296692,0.222743451595,0.088800221682,0.086993344128,-0.055078774691,0.549161911011,0.107902035117,0.186964079738,0.220368608832,0.088499762118,0.698403954506,0.180917829275,0.204452455044,0.119175441563,-0.048291679472,0.537147700787,-0.234584867954,-0.275039881468,0.824543416500,0.242330953479,-0.190380260348,0.099707305431,0.235630303621,0.427768051624,-0.678445994854,-0.188157662749,-0.811335563660,-0.425191491842,-0.371421545744,-0.847102642059,-0.352336227894,-0.617312788963,-0.239577427506,-0.496968418360,-0.136248141527,-0.290565013885,0.312210440636,-0.072464272380,0.476117312908,0.052107103169,0.125929608941,0.256929993629,-0.006667733658,-0.423903226852,0.863158702850,-0.580895423889,0.545885682106,0.223685994744,-0.142142087221,-0.093479976058,-0.870114564896,-0.213647350669,-0.014529073611,-0.459258645773,0.467535704374,0.287247598171,0.163075476885,0.276229381561,0.485234022141,-0.293627232313,0.967525184155,0.296063840389,-0.305773198605,1.018944978714,0.268532693386,0.095616117120,-0.143973648548,-0.730483174324,0.416967928410,-0.073464430869,-0.337980002165,0.148982688785,-0.337815374136,-0.628306269646,-0.220611438155,-0.706318736076,-0.031589418650,-0.404665589333,0.207609355450,-0.409312397242,0.109363183379,0.977316856384,-0.247278243303,0.393688529730,0.676902532578,0.663213133812,0.290713191032,0.209749624133,-0.218018412590,0.065870627761,-0.434155911207,-0.296598911285,-0.320421636105,0.095912463963,-0.168401435018,0.190491378307,0.483908712864,0.188523992896,0.140405178070,0.371388643980,-0.538633525372,-0.277278929949,-0.271710157394,-0.526022434235,-0.453220665455,0.057157292962,-0.001880959491,0.356962442398,0.525141656399,1.235650300980,0.967010736465,-0.012298263609,0.494597673416,0.205510258675,-0.270919889212,-0.096616283059,-0.523347079754,-0.551248669624,-0.708310842514,-0.619008541107,-0.317688703537,0.217034727335,0.229880392551,-0.019904419780,0.584982454777,-0.016294788569,1.002345561981,0.401578664780,0.303435385227,0.199641004205,-0.049258913845,0.429747760296,0.134717032313,0.009281320497,-0.070756182075,0.014998285100,-0.024983420968,-0.145142570138,-0.660916447639,-0.231041088700,0.261947274208,-0.585225343704,-0.398055493832,-0.097324214876,-0.472437739372,0.021711293608,0.880873501301,-0.057198453695,0.533258199692,0.128444418311,0.302081257105,1.007811427116,0.341305643320,-0.131881177425,-0.302068918943,-0.302706867456,0.042796969414,-0.180411577225,-0.312305122614,-0.189948081970,-0.755170226097,-0.850415945053,-0.478385180235,-0.426496237516,-0.840393722057,-0.412485748529,-0.662204742432,-0.134939283133,0.431945651770,-0.088919572532,0.623667657375,0.548956155777,0.023868015036,0.615789890289,-0.298772066832,0.318458348513,0.374533206224,-0.718246579170,-0.874753117561,-0.581401705742,0.536826610565,0.019151212648,0.271277964115,0.241775304079,-0.166224122047,0.314461827278,0.781059145927,-0.181526973844,0.209519118071,-0.000596803322,0.168175056577,0.242697283626,0.492560267448,0.228950217366,0.495029807091,0.024077925831,0.234107419848,0.833610713482,0.493416398764,-0.034417029470,0.156901642680,-0.266314208508,-0.839710533619,-0.607064187527,-0.042644683272,-0.073863670230,-0.033235769719,-0.445980817080,-0.153736531734,0.130724623799,0.425800651312,0.560003161430,-0.482822120190,0.420379996300,0.418671905994,0.876901626587,-0.467432796955,-0.248957529664,-0.134387761354,-0.620794832706,0.202941939235,-0.114047057927,-0.816077053547,-0.083544231951,-1.265778660774,-0.203147724271,-0.138223767281,-0.872719883919,-0.400631994009,0.256995856762,-0.845933735371,-0.201386138797,0.070686206222,-0.139524385333,-0.117689616978,-0.045003086329,0.198249831796,0.263585388660,0.076036855578,0.225225329399,0.229542911053,-0.603203475475,0.362358361483,0.088252805173,-0.745604932308,0.385320931673,-0.048979029059,-0.572877645493,0.241709455848,-0.308975368738,-0.379377573729,-0.108181916177,0.288004934788,-0.232197642326,0.795724034309,-0.052436377853,0.560760498047,0.900827288628,0.404933124781,0.437522679567,0.175369620323,-0.016512930393,0.720320999622,-0.312173396349,0.053337752819,-0.208358451724,-0.534669935703,0.381991147995,0.258127719164,-1.348104596138,1.011807918549,0.328538179398,-0.207761645317,-0.238774836063,0.140569821000,-0.908025920391,-0.312712579966,-0.090002052486,-0.706479310989,0.206082358956,-0.225414678454,-0.269438177347,0.612587690353,0.191923707724,0.409711629152,0.332666397095,-0.421800017357,-0.135079219937,-0.001843916485,-1.010400295258,-0.585706889629,-0.176530301571,-0.612270772457,-0.498791754246,-0.060462351888,-0.141458839178,0.204843476415,0.645070314407,0.160996958613,0.632282257080,0.524055004120,0.801745533943,0.722461283207,0.403875321150,0.579446613789,-0.356649637222,0.341215103865,0.588353395462,-0.213223412633,0.585505247116,-0.802922725677,-0.499051064253,0.725017189980,-0.467399895191,-0.078275896609,-0.386226415634,-0.670168995857,-0.153925865889,-0.079934604466,0.206082358956,0.003136304440,-0.060293596238,0.187313929200,0.551306307316,0.078107148409,0.480253785849,0.132638499141,-0.388243198395,0.400866627693,0.155226483941,-0.661439180374,-0.133029520512,-0.755902826786,-0.814002692699,-0.574046611786,-0.941949009895,-0.085956141353,-0.622255921364,-0.380003184080,-0.734319150448,-0.462110966444,0.078193582594,0.852041721344,0.053304824978,0.577734410763,0.726540088654,0.111943833530,0.776683926582,0.064092561603,0.398841589689,0.333147943020,-0.703178346157,-0.054235015064,-0.478364616632,-0.976518392563,0.062981270254,0.373417764902,-0.857326447964,0.399734735489,0.184597432613,-0.210227042437,0.750683903694,-0.312321573496,-0.017504857853,-0.680746793747,-0.416428774595,0.854424774647,-0.135836556554,-0.336876958609,0.197500735521,-0.274373114109,0.883322358131,0.774202048779,0.604973316193,-0.422207474709,-0.274644762278,-0.086408890784,-0.455451458693,-0.341647237539,-1.050390362740,-0.703458189964,0.301052272320,0.084597900510,0.747037231922,0.620811283588,0.493074804544,0.404216915369,0.822349727154,0.582208395004,0.138026207685,0.303711146116,0.140829116106,-0.091623716056,0.002206114354,-0.427479922771,-0.446334809065,0.291808009148,0.259333670139,-0.291322320700,-0.142475470901,-0.342281103134,-0.083803527057,0.293721884489,-0.503191649914,-0.243927910924,-0.360889017582,-0.534357130527,0.851905822754,0.334567934275,-0.376006662846,0.921937644482,-0.206016510725,0.558739602566,0.429694265127,-1.045298933983,-0.285490125418,-0.537493407726,-0.336720556021,-0.290470361710,-1.403175115585,-0.069286808372,-0.722621738911,-0.415482103825,0.204662382603,-1.266334295273,0.010841241106,-0.160684153438,-0.265322268009,0.008309971541,-0.318079710007,-0.305089980364,0.600342929363,0.244627609849,0.565802454948,0.417149037123,0.135696604848,0.292989253998,0.305443942547,0.217010021210,-0.156148448586,0.168212100863,0.226279005408,-0.660607755184,0.597963988781,-0.069081008434,0.083334319293,0.747539341450,0.155959114432,0.058815993369,0.569276273251,0.435728132725,0.392173886299,-0.301072865725,-0.033548578620,0.518687903881,-0.225616350770,-0.073081649840,0.671144425869,-0.101464793086,0.693987607956,-0.315997064114,-0.271891236305,0.190096259117,-0.712443232536,-0.712138593197,-0.345532655716,-1.125957965851,-0.960528194904,-0.282209753990,-0.141360059381,0.308827191591,0.669135868549,-0.343985080719,0.202941939235,0.622399985790,0.212223246694,0.795139610767,-1.117018222809,-0.787899732590,0.390321701765,-0.327184021473,-0.313692182302,0.286453247070,-0.767863571644,0.005453547463,-0.382196933031,-0.320030629635,0.489465147257,-0.583402037621,0.043521367013,-0.271529048681,-0.521449685097,0.233226627111,0.196282431483,0.011495666578,0.563855648041,-0.010083917528,0.189083755016,0.373310744762,0.681714057922,0.374088644981,-0.157770097256,0.068315461278,0.149735882878,-0.201122730970,-0.075687006116,-0.708232641220,-0.823481559753,-0.049831017852,-0.960581660271,0.109231464565,-0.620420277119,-0.429373234510,0.067961491644,-0.450409531593,0.036273293197,0.945019543171,0.692184865475,0.944714903831,0.359678953886,0.278805941343,0.839451193810,-0.074456356466,0.430159389973,-0.029523242265,-0.678828775883,-0.221381098032,-0.175032123923,-0.266651719809,0.420598179102,-0.228629171848,0.084741957486,0.179436132312,0.261358708143,0.726675927639,-0.107671551406,-0.054230902344,0.515864431858,-0.271442592144,0.354521751404,-0.058346785605,-0.442848652601,0.991998195648,0.494622349739,0.554652512074,0.361526966095,0.210996732116,0.405822128057,0.082832187414,-0.848189175129,0.290149301291,-0.548589825630,-0.650392115116,-0.179436132312,-0.433452099562,-0.540065824986,0.140652135015,0.164042711258,0.361930340528,0.256744772196,0.233090803027,0.096924975514,0.312177509069,-0.322627753019,0.053066104650,-0.075378313661,-0.646720767021,-0.029996570200,-0.635266244411,-0.698461532593,-0.336876958609,-0.809750974178,-0.137063086033,-0.544510960579,0.083577156067,-0.659241259098,-0.637851059437,-0.243495762348,0.027362402529,-0.135626628995,0.396940052509,0.106761932373,0.485896706581,0.519683957100,0.705322742462,0.233086690307,0.233967468143,0.719880640507,0.255419462919,-0.125995472074,-0.027889236808,-0.134515359998,-0.246438622475,-0.059556856751,0.152740493417,-0.443033874035,-0.574244141579,0.187029927969,-0.485390454531,0.175941720605,-0.034519925714,0.300702422857,0.337745398283,0.042784623802,0.419470399618,0.899497866631,0.257061719894,0.636538088322,0.248336032033,-0.219981700182,0.428109645844,0.234428465366,-0.484641343355,0.036577869207,-0.520984590054,-0.436658352613,0.649383723736,0.092516861856,-0.261498630047,0.087433747947,-0.936421394348,0.621741473675,0.281962811947,-0.934910893440,0.312383294106,-0.507945477962,-0.407089829445,0.404237538576,-0.331139415503,0.500812649727,0.273422360420,0.476438373327,0.212264418602,0.011931951158,-0.257880777121,0.346825033426,-0.436967045069,0.288593500853,-0.319705456495,-0.822810649872,-0.033079367131,-0.604080200195,0.207070171833,0.199344649911,0.820760965347,0.212630718946,0.289700657129,0.598951816559,0.313202381134,0.762138366699,0.898991525173,-0.416869163513,-0.254287600517,0.073995374143,-0.569412112236,-0.278777122498,-0.157984122634,-0.262745738029,0.798580467701,-0.386481583118,-0.148369416595,-0.025518486276,-0.871797978878,0.392536044121,0.442572861910,-0.163536459208,0.067685723305,-1.034585237503,-0.217952564359,0.245878845453,-0.291153579950,1.070422291756,0.299426525831,-0.226690590382,-0.306151866913,0.270948708057,-0.112120814621,-0.187750205398,0.393902540207,-0.169191673398,-0.486835092306,-0.314486533403,-0.695930302143,-0.551532685757,-0.483982771635,-0.436197370291,-0.104094840586,-0.700416624546,0.265100032091,0.299245417118,-0.032009236515,0.721148312092,0.205633729696,1.269820451736,0.702799677849,0.312025219202,0.563946187496,-0.451706022024,-0.079156704247,0.136787325144,0.009363638237,0.228011786938,-0.595766127110,-0.253604352474,0.505237221718,-0.354163646698,-0.052708018571,-0.224011152983,-0.256584256887,0.336687624454,0.209704339504,-0.589806318283,0.268553256989,-0.555241107941,0.144434630871,0.929185748100,0.325825780630,0.049020186067,0.401261746883,0.756540775299,0.777717053890,0.242063432932,0.017513090745,-0.264758408070,-0.425928235054,0.103913746774,-0.321298331022,-0.171286672354,0.237490668893,-0.515736818314,-0.056247681379,0.668543219566,0.285066187382,0.827441096306,0.718217790127,0.398858070374,0.559332311153,0.449108928442,-0.161062806845,0.582216620445,-0.357279419899,-0.433250397444,-0.468984514475,-0.225097730756,-0.738011062145,-0.144002467394,-0.579240858555,-0.240203052759,-0.276682138443,-0.288511186838,-0.976864099503,-0.197986423969,-0.292499482632,-0.081354580820,-0.262305349112,-0.175328463316,-0.994718849659,0.766027927399,-0.326492547989,0.252624779940,0.716427385807,-0.778507292271,0.088722020388,0.307464838028,-1.170034885406,0.106514982879,-0.495852977037,-1.044751524925,0.092792630196,-0.412535160780,-1.205040574074,0.321821033955,-0.239589765668,-0.116080299020,0.507077038288,0.080860674381,0.227727785707,0.719765365124,0.199496939778,0.392058610916,0.999460279942,0.267347306013,1.294458150864,0.436522513628,0.455644905567,0.561225593090,-0.093644611537,0.299270093441,0.469013303518,-0.048917289823,0.494305431843,0.521980643272,0.065627783537,0.087882377207,0.550647795200,0.040376830846,0.075612917542,0.418202728033,0.128337413073,0.357164114714,-0.377015024424,-0.430274635553,0.462135672569,-0.217475131154,0.030165320262,0.028815308586,-0.235235169530,-0.321841627359,-0.298994332552,-0.341198623180,-0.803795337677,-0.445351094007,-0.257259279490,-0.854844570160,-0.935573577881,-0.374277979136,-0.148711040616,-0.596206486225,0.023732192814,0.197937026620,0.333748877048,0.580352127552,0.104634024203,0.221484005451,0.032182104886,0.457842797041,0.099781394005,1.426405072212,0.088660277426,-1.340486168861,0.597338378429,-0.371248722076,0.026189375669,0.122686296701,-0.590382575989,-0.312650859356,0.582508862019,0.079383075237,0.121653214097,-0.095488525927,-0.482690393925,1.088095903397,0.233959242702,0.104082502425,0.024543022737,-0.436888843775,0.964446485043,0.285284340382,0.183333873749,0.100057162344,-0.447935879230,0.242487356067,0.166154161096,-0.341519653797,0.178012028337,-0.751079022884,-0.416058331728,0.170512884855,-0.314288973808,-0.580208063126,-0.751774609089,-0.055346302688,0.213095828891,0.225431129336,0.456797391176,0.256386697292,0.644222438335,0.504134178162,0.424191355705,0.272632092237,0.312103450298,-0.082017235458,-0.060260668397,-0.262218922377,0.437592655420,0.059289321303,-0.180024683475,-0.305958420038,0.452273994684,0.223187968135,0.505307197571,0.061771202832,-0.014599043876,0.311259686947,0.014850112610,-0.276937305927,0.638933539391,-0.133469924331,-0.403653085232,0.657549619675,0.983075022697,0.500631511211,0.189902797341,-0.015883199871,0.501676976681,0.352105736732,-0.038804560900,-0.555434525013,-0.766929268837,-1.029901385307,-0.310267746449,-0.265931457281,-1.309143662453,-0.430587410927,0.105922304094,-0.324183553457,0.438893258572,-0.102654293180,0.198863089085,0.547482669353,0.299414157867,0.043788902462,-0.032527837902,-0.045974433422,-0.006881759968,-0.135066881776,-0.365140706301,-0.306756913662,-0.555097043514,-0.224933102727,0.116187311709,-0.447207391262,-0.131329655647,-0.354077219963,0.521071016788,0.065240889788,0.150307998061,0.252460151911,0.251546412706,0.203007787466,0.448993623257,0.681800484657,0.473141551018,0.350080698729,0.370956480503,0.351360738277,-0.260720729828,0.205757215619,0.384040862322,0.297903627157,-0.490354180336,-0.566967248917,-0.833009839058,-0.338515073061,0.389815449715,-0.629306435585,-0.494235455990,-0.565777778625,0.031214870512,0.957605898380,-0.272006481886,0.043410237879,0.424253046513,0.265433430672,1.083914160728,-0.135828316212,-0.130634069443,0.181477591395,0.015409872867,-0.355217337608,-0.484266787767,-0.788047909737,-0.297837793827,0.282621353865,-0.322821199894,0.248776420951,-0.269676893950,0.086997464299,1.017701983452,-0.668625473976,-0.034067180008,0.294787883759,-0.363766044378,0.878169357777,-0.228703260422,-0.213375702500,0.155082434416,0.366144984961,0.793546736240,0.079802893102,0.211074918509,0.786603212357,-0.478648602962,0.015714449808,0.069517292082,-0.984914779663,0.322660684586,-0.675968229771,0.354410618544,-0.157864764333,-0.201258540154,0.549482941628,0.170665159822,0.432381957769,0.658278167248,0.273833930492,0.360675007105,0.175624802709,0.548696815968,-0.205292105675,-0.541107118130,-0.207918047905,-0.009482998401,-0.249257981777,-0.759656488895,-0.517461419106,-0.626478850842,-0.278760641813,-0.396619021893,-0.529895484447,-0.347458899021,-0.541164755821,0.164569541812,0.385415583849,-0.036610797048,-0.168224439025,-0.231345668435,-0.241170272231,1.002934217453,0.804754316807,0.146961778402,0.120616003871,0.151398703456,0.113833025098,-0.101789951324,-0.285226702690,0.291412889957,-0.078033059835,-0.498540669680,0.093167170882,-0.619218409061,0.149867609143,0.251748085022,-0.706256985664,-0.116919942200,0.376718729734,-0.466189831495,0.716830730438,0.813130080700,-0.113273270428,0.920468270779,0.150682538748,0.184819713235,0.482266455889,0.067673377693,0.440844208002,-0.301138728857,-0.054486084729,0.025098666549,-0.340745866299,0.161083385348,-0.218203634024,-0.332719892263,0.132070511580,0.186552479863,0.032215032727,-0.312617927790,-0.313745677471,-0.755705237389,-0.301537960768,-0.303838729858,0.372812718153,0.365634620190,0.195389300585,-0.328245937824,0.210589244962,0.253538519144,0.732487559319,0.521923005581,0.296026796103,-0.782075762749,0.042718771845,0.129205867648,-1.005498290062,-0.312930732965,-0.068126127124,-0.822061538696,0.158296927810,-0.111005418003,0.248710572720,0.754458189011,-0.107210569084,0.857840955257,0.629104793072,0.569115757942,0.752725362778,0.815912425518,-0.117961265147,0.029000524431,-0.049110740423,0.288474142551,-0.425170898438,-0.166005983949,-0.472577661276,-0.304805964231,-0.611036062241,-0.130362421274,-0.289836496115,-0.656989932060,-0.335946768522,0.219668895006,-0.113285616040,0.377764135599,-0.403838306665,0.335452854633,0.795049011707,0.078580476344,0.312897801399,0.083252005279,-0.536308050156,1.325113296509,0.278460204601,-0.782565534115,-0.278324365616,-0.210667446256,-0.806404769421,0.650676131248,-0.792065024376,-0.257205784321,0.660504877567,-0.981189906597,0.297455012798,0.183646664023,-0.055622067302,1.106255173683,0.242787808180,0.366379618645,0.714962184429,0.466399729252,1.008021354675,0.067940913141,-0.128604948521,0.435065507889,-0.742127001286,0.815410315990,-0.304340869188,-0.714904487133,0.680532753468,-0.112503603101,0.190721869469,0.365428835154,-0.243355810642,0.231506183743,0.282555490732,-0.660187959671,-0.646959483624,0.175019770861,-0.524116814137,-0.230822935700,-0.652199029922,-0.451512575150,-0.232185304165,0.197500735521,0.051526766270,-0.598433196545,-0.079942837358,-0.057935196906,-0.695987939835,-0.662274718285,0.262091338634,-0.908610403538,-0.068426586688,-0.495931208134,-0.503821313381,-0.003305055434,0.624807775021,0.631775975227,0.379776805639,0.167413622141,0.361436426640,0.968550026417,0.415235161781,0.081996656954,0.401924371719,0.000144055972,0.048637412488,0.653643667698,-0.621906101704,0.013002079912,0.454735308886,0.130090773106,0.804980695248,0.030531635508,-0.619313120842,0.442379415035,0.186927035451,-0.047575511038,0.118924371898,-0.254752695560,-0.048197008669,0.406237870455,0.502405464649,-0.146356746554,0.591069877148,-0.031696431339,0.304731875658,-0.151291698217,-0.118064157665,-0.722708225250,-0.427681624889,-0.073727846146,-0.722934603691,-0.595280468464,-1.087536215782,-0.941459238529,0.314610004425,-0.116022683680,-1.011095881462,-0.194216266274,-0.557735323906,-0.307604789734,0.054280288517,0.292816400528,0.492082864046,0.409300059080,0.467284649611,0.367165744305,0.626548826694,0.648515284061,0.311140328646,0.078946791589,-0.425454884768,-0.329558908939,-0.026366358623,0.049678727984,0.171817615628,-0.447561323643,-0.152814581990,0.279785513878,-0.397219926119,0.381682455540,0.052411679178,-0.433806031942,0.150464400649,-0.013520682231,-0.194170981646,0.665155827999,-0.553919911385,-0.149209052324,0.431036025286,-0.243355810642,0.879568755627,0.886236429214,-1.037026047707,0.413951009512,-0.733800590038,-0.669148266315,0.400562047958,-0.895159721375,-0.649795293808,-0.028300825506,-1.407307505608,0.406118452549,0.295310616493,-0.242009922862,1.030732870102,-0.124884173274,0.651244103909,0.704367816448,-0.096640974283,0.157605469227,-0.000749091036,-0.538328886032,-0.090788185596,-0.575013816357,-0.615217804909,0.373035013676,-0.485983103514,-0.346475183964,-0.093768090010,-0.666345298290,0.096291124821,0.625050604343,-0.424232482910,0.236395850778,0.138227880001,-0.385609030724,0.586081385612,0.476553618908,0.143310993910,0.733236670494,0.413370668888,0.258592814207,1.150439143181,-0.230954647064,0.098686568439,0.014035168104,-0.603055357933,-0.127123221755,-0.696115493774,-0.463753193617,-0.159630477428,-0.723144531250,-0.525569736958,-0.010022179224,-0.172801315784,0.327134639025,-0.074444010854,-0.046744104475,1.117483377457,-0.097315981984,0.656446576118,0.748469531536,0.079387187958,0.275295078754,0.115973293781,-0.079584747553,0.379258215427,-0.091224476695,-0.132556185126,-0.071311824024,-0.192059546709,-0.008301739581,0.178855776787,0.164157956839,0.067228861153,0.258218258619,-0.030889715999,0.117101043463,0.053403604776,0.138231992722,0.113059245050,-0.143310993910,0.735381007195,0.246113449335,-0.034009557217,-0.000189330705,-0.391832232475,0.100958533585,-0.148978576064,-0.907939493656,0.268368065357,-0.945159494877,-0.456636846066,-0.427982062101,-1.163548350334,-0.226357206702,-0.330670177937,-0.803968131542,0.148723393679,-0.006194406655,-0.200599998236,0.359201520681,0.349660873413,0.028329635039,0.289865314960,0.274858802557,0.575231969357,-0.521132767200,-0.151057094336,-0.538612902164,-0.909182548523,-0.197653025389,-0.216882452369,-0.644008398056,-0.241314336658,0.126439988613,-0.077806688845,0.741052746773,-0.188124760985,-0.067545786500,1.231312274933,0.222562372684,0.909256577492,0.500475168228,-0.056737475097,0.301402121782,0.009161959402,0.896513819695,0.393462121487,0.305789679289,0.639489173889,0.028720645234,-0.121644973755,0.094023272395,-0.012294148095,-0.576100409031,-0.281905174255,-0.169969573617,-0.088861949742,0.124789521098,-1.033403992653,0.091866552830,0.469873547554,-0.073843091726,0.835294127464,0.050361968577,0.404393911362,0.547075152397,-0.055823747069,0.278974682093,-0.192261219025,-0.360403358936,-0.295746922493,-0.668662548065,-0.548713326454,-0.568481922150,-0.567876875401,-0.202365696430,-0.295606970787,-0.472660005093,-0.473293840885,-0.447190880775,-0.032581344247,-0.893789052963,0.085001260042,-0.548346996307,-0.105621844530,0.068352505565,0.142401382327,0.356534421444,-0.057959891856,0.408476889133,0.401389330626,0.491881191730,0.533266425133,-0.403607785702,-0.355410784483,-0.720950722694,-0.268610864878,-0.350977957249,-0.440391451120,-0.160852894187,-0.779614448547,-0.292717605829,0.320915549994,-0.136067032814,0.601989328861,0.159235358238,0.219812944531,0.868003129959,0.486061304808,-0.037199366838,0.949905097485,-0.051547341049,0.350278258324,-0.202579736710,-0.044480368495,0.026905540377,0.269771575928,-0.397993713617,-0.396783649921,-0.183053985238,-0.416404098272,-0.059223465621,0.254695057869,-0.504665136337,-0.055515058339,-0.017801202834,0.074942030013,0.719592511654,0.597111999989,0.169014692307,0.814821720123,-0.413267761469,0.531780540943,0.842023611069,-0.578343570232,0.732055425644,-0.397545069456,-0.242092221975,-0.311877042055,-0.315239757299,-0.359172701836,-0.317235946655,-0.613925397396,-0.790204584599,-0.290980726480,-0.379949688911,0.301439166069,0.218549370766,0.333008021116,0.300710648298,1.312148213387,0.540617346764,0.384386599064,0.744040846825,1.049443602562,-0.281378358603,0.317573457956,0.133350551128,-0.674190163612,-0.125044703484,-0.819600284100,-0.493391722441,-0.387592911720,0.062594376504,0.185214817524,-0.282135695219,-0.459225744009,0.250566840172,-0.030655112118,-0.163861602545,-0.060589943081,-0.598157465458,-0.527183115482,-0.299364775419,-0.338082909584,-0.131650701165,0.102810688317,-0.234782427549,-0.371964871883,0.409258902073,0.112943992019,0.024431893602,-0.710331797600,-0.261280477047,-0.235078766942,-0.158095255494,-0.450446546078,-0.258148282766,-0.153571888804,0.147702649236,0.316799670458,0.843492984772,-0.394190669060,0.942607641220,1.053493618965,0.189458310604,0.465383112431,0.347516506910,-0.442700445652,0.400072246790,-0.671564280987,0.318524211645,-0.076246768236,-0.659434735775,-0.053029060364,0.232810914516,-0.367951899767,-0.018134590238,0.119183681905,-0.565279781818,0.070546269417,0.325739353895,-0.679676651955,-0.313873261213,0.208165004849,-0.265095919371,0.411267459393,0.381863564253,-0.135729536414,1.139746189117,-0.159992679954,-0.339469969273,0.526512205601,-0.329155564308,-0.643580317497,0.411502033472,-1.184942722321,-0.496112287045,0.565061628819,-0.639756679535,-0.420050740242,-0.082251846790,-0.366589516401,0.118158824742,0.410859972239,-0.018282759935,0.767583727837,0.162095889449,0.369384199381,0.960659861565,0.464288294315,0.165195167065,0.959058821201,0.279460340738,0.754137098789,0.302044212818,-0.013866417110,-0.004692108836,0.394083648920,-0.068270184100,-0.128283903003,0.167413622141,-0.154168695211,-0.253703147173,0.080988273025,-0.319553196430,0.092821434140,0.008738023229,0.045818027109,0.211898103356,-0.434411078691,-0.202727913857,-0.206596836448,0.246249288321,-0.106745481491,0.019994968548,0.599137008190,-0.676305711269,-1.387304306030,-0.103498041630,-0.966619670391,-0.961178481579,-0.282576084137,-0.895180225372,-0.729799866676,-0.329847007990,-0.495429068804,0.216898903251,-0.003774266690,0.173957869411,0.593251287937,0.347454786301,0.488584369421,0.794052958488,-0.065191499889,-0.402480036020,0.084326244891,-0.131827682257,-0.022271053866,0.188807994127,-0.424174875021,0.149826437235,-0.609179794788,0.268767297268,-0.152917474508,-0.099024079740,0.027337707579,-0.266873985529,0.388259649277,-0.084799572825,-0.235218718648,0.805737972260,0.350525230169,0.529549717903,0.508101880550,0.221562206745,1.254760503769,1.002341508865,-0.031387738883,0.224476248026,-0.157152712345,-0.006688312627,0.497145384550,-0.669543385506,-0.738875389099,-0.402607619762,-0.309658616781,-0.829939424992,-0.218923926353,-0.704071521759,-0.147476270795,0.836693525314,-0.307452499866,-0.043192096055,0.446857511997,0.374936550856,0.806059002876,0.259070247412,0.314326018095,0.933268666267,0.100522257388,0.343524098396,0.219389006495,-0.450442433357,-0.216174498200,-0.372866243124,0.115648135543,0.204411312938,-0.503990113735,0.622408211231,-0.384975165129,0.447252631187,0.140145882964,0.417655289173,0.109268516302,-0.065430223942,0.387337684631,-0.181271791458,-0.341355025768,-0.250344574451,0.437765538692,0.439169049263,0.063808560371,0.513020396233,-0.500475168228,-0.523182511330,0.429093360901,-0.597840487957,-0.788401842117,0.000613266835,-0.890352368355,-1.084465742111,-0.190590158105,-0.260765999556,0.189248383045,0.460905015469,0.454558312893,0.214976772666,0.036055151373,0.491304963827,0.482443451881,-0.046007364988,-0.199612185359,-0.409744590521,0.036121007055,-0.202579736710,0.005791049916,-0.872592270374,-0.167022615671,0.271327376366,0.001901538926,-0.173649191856,-0.396376192570,-0.249834224582,0.110227510333,0.007038163021,0.250216990709,-0.354612290859,0.363761931658,0.696667015553,0.333419591188,0.425998210907,0.966800808907,0.301542073488,0.999744296074,0.290536195040,-0.368877947330,0.090306632221,0.359917670488,-0.867266297340,0.301529735327,0.143492102623,-0.532315611839,-0.480908244848,-0.197578936815,-0.378435045481,-0.094105593860,0.046159651130,-0.041372876614,-0.263309627771,0.000950769463,0.667859971523,-0.095266267657,0.156230762601,0.527784049511,0.854523539543,-0.076012164354,0.269327044487,0.053226623684,-0.233728766441,-0.144414052367,0.131667166948,-0.631339669228,-0.121315702796,-0.439757615328,0.332390636206,0.527232527733,-0.167854011059,-0.031157247722,0.674107849598,-0.120500765741,0.141952753067,-0.102172724903,-0.266133129597,0.139190986753,0.301114022732,-0.281032621861,0.447421401739,0.177085936069,0.403772443533,0.326299130917,0.378998905420,0.216458499432,-0.650964260101,-0.746839642525,-0.373393058777,-1.131707787514,-0.355941712856,-0.545325934887,-0.671852350235,-0.197710648179,-0.305913150311,0.744275510311,0.305312246084,-0.495062768459,0.840122103691,0.454414278269,-0.365408271551,0.042138427496,-0.221949085593,-0.527434170246,0.178950443864,-0.439169049263,-0.510192751884,0.034857429564,-0.542156696320,0.306073665619,-0.518724977970,-0.352249771357,-0.153860017657,-0.945731580257,0.090236656368,-0.154061689973,0.244940429926,0.067121848464,-0.299430638552,0.109589554369,0.626334786415,0.424841642380,0.313704520464,0.754762709141,0.148550525308,0.059132918715,0.361230641603,-0.238519653678,0.522639155388,0.145393624902,-0.343956261873,-0.051436211914,-0.549734055996,-0.398639887571,0.831474602222,-0.436176776886,-0.257551521063,0.349068194628,0.158124059439,0.746568024158,0.343314200640,0.761632144451,0.506599545479,0.259453058243,0.678470671177,0.753342807293,-0.018229253590,0.406365424395,-0.236745700240,-0.754412889481,0.061623029411,0.409374147654,-0.638497233391,-0.384493649006,-0.157119795680,-0.572927057743,-0.221088871360,0.528228521347,-0.791497051716,-0.098056837916,-0.172850698233,0.038290075958,-0.069060429931,0.137071311474,-0.364687979221,-0.162441626191,0.497840970755,0.273936837912,0.093570522964,-0.189059063792,0.060425307602,-0.103662677109,-0.516251325607,-0.079469509423,-0.535921156406,-0.351974010468,-0.354534089565,0.114359863102,-0.111001297832,-0.453932702541,0.043167401105,0.506257951260,-0.215133190155,0.895398437977,0.885129272938,-0.208280235529,0.980029225349,0.085404612124,-0.428171396255,-0.241540700197,0.333934098482,0.029663180932,-0.040471497923,-0.593864619732,-0.374335646629,-0.443717122078,0.093669310212,0.001012507710,0.033733792603,0.145784646273,-0.180913716555,-0.240116611123,0.117846019566,-0.073312141001,0.398944467306,-0.545642852783,0.871686816216,-0.037824980915,0.541247129440,-0.149986967444,0.058046326041,0.717184722424,0.119327731431,0.258930325508,0.029996570200,0.042998649180,0.103028833866,-0.343203067780,-0.273611694574,-0.330995351076,-0.403039813042,0.433546751738,-0.884610652924,0.054568402469,0.838516891003,-0.324492245913,0.448047012091,0.781470775604,0.662217080593,1.577820301056,0.484583705664,0.588443934917,0.241948187351,0.506969988346,0.180802598596,0.246232807636,-0.284897446632,-0.809080064297,-0.142561912537,0.007490910590,0.250612109900,-0.236482292414,-0.540856122971,0.254497498274,-0.070538036525,-0.228695034981,-0.240198925138,-1.068742990494,-0.106613762677,-0.230818822980,-0.487419545650,-0.269685119390,-0.169656783342,-0.084832504392,0.351426601410,0.161141008139,0.300224989653,-0.190302044153,-0.249200373888,-0.177505776286,-0.654903173447,-0.218141898513,-0.788356602192,-0.568082690239,-0.696560025215,-0.852836072445,0.296491891146,-0.068183749914,-0.156383052468,1.414127469063,-0.281901061535,0.514522671700,1.034634709358,0.451866537333,0.808425605297,-1.035704851151,-0.231642007828,1.176291108131,0.050110898912,-0.005696385168,-0.281106710434,-0.518000602722,0.484653681517,0.126979157329,-0.070826150477,-0.058803644031,-0.529483914375,0.202826693654,-0.283156424761,-0.293339103460,0.200986891985,-0.734627842903,0.232596889138,0.470956027508,0.150591999292,0.744065582752,0.133881494403,0.305435687304,0.131765931845,-0.114026479423,-0.635529637337,-0.613472640514,-0.270965188742,-0.316338688135,-0.735043585300,-0.782215714455,-0.828383564949,-0.073098115623,-0.001210070099,-0.367581456900,-0.425450772047,0.075374200940,0.364696204662,-0.169179335237,0.380011439323,0.109330244362,-0.227773070335,1.065528512001,0.707442402840,-0.020871652290,0.960421144962,-0.205621376634,0.187927186489,0.005556444637,0.127390757203,0.283971369267,-0.254872053862,0.284654587507,-0.121237501502,-0.549989223480,-0.028095031157,0.259650617838,0.043179750443,0.215721756220,0.073213361204,-0.317585796118,0.083741791546,-0.156234875321,0.437415659428,0.287622153759,-0.104831591249,0.130786359310,0.016019023955,0.345985412598,0.236881524324,-0.069817751646,0.194512605667,-0.890537559986,-0.455262124538,0.026563921943,-0.919550418854,-0.541172981262,-0.360736727715,-1.209790229797,0.632488012314,0.212519600987,-0.453842163086,0.664093911648,0.034215349704,0.694148063660,1.119113206863,0.320071786642,-0.129547476768,0.400714308023,-0.725074887276,0.129568055272,0.159663408995,-0.262223035097,-0.139479115605,-0.622634589672,-1.069162845612,0.921567201614,-0.125699117780,0.021427296102,0.091755419970,0.004325794987,0.147517427802,-0.053815193474,-0.125995472074,0.679388523102,0.107185870409,0.314618229866,0.535509526730,-0.220957159996,0.324817419052,0.855194449425,0.001008391730,-0.201340854168,0.039998169988,-0.407855391502,0.335214108229,-0.246664986014,-1.030983924866,-0.315161526203,-1.181176662445,0.222121968865,0.552096605301,-0.605660676956,-0.020151372999,0.079749383032,-0.459596186876,0.814805269241,0.840303182602,0.345759034157,0.736286520958,-0.004889671225,0.302171826363,0.436909407377,0.434143513441,-0.223418474197,-0.263375461102,-0.351887553930,-0.217948451638,0.527191340923,0.598815977573,0.078946791589,0.097715221345,0.327669709921,0.779202878475,0.066405683756,-0.153292015195,-0.408550977707,-0.348109185696,0.281695276499,-0.889632105827,-0.127913475037,0.060178354383,-0.630034983158,0.848897159100,0.425887078047,-0.695123553276,1.073945522308,-0.636048316956,-0.707874596119,0.563464641571,-1.027415513992,-0.810154318810,-0.089549310505,-0.917780578136,-0.843027889729,0.219895258546,-0.379990816116,-0.168191522360,0.400957167149,0.350002527237,0.394437581301,-0.150489106774,0.382073462009,0.493667483330,-0.357538670301,0.118249371648,0.289519578218,-0.472721725702,0.439819335938,-0.579043269157,-0.364045888186,0.343886286020,-0.244923964143,0.205049261451,0.732512295246,-0.492745488882,-0.290770798922,-0.261457473040,0.670843958855,0.623144984245,-0.036643724889,0.489395201206,0.796547234058,0.103440418839,1.559537649155,0.401385217905,0.491099178791,0.183243319392,0.230526596308,0.295063674450,-0.082165412605,-0.509307801723,0.338037639856,-0.653446137905,-0.915796697140,0.332365930080,-1.011207103729,-0.908676266670,0.206395164132,-0.870345056057,0.040236890316,0.385460853577,-0.295919775963,0.728071272373,0.066817276180,0.123698808253,0.289000958204,-0.307127326727,0.021620742977,0.133716866374,-0.379566907883,-0.743501722813,-0.094986394048,-1.202463984489,-0.154057577252,-0.345314502716,0.218681082129,0.158799067140,-0.639526188374,-0.610538005829,1.028065800667,-0.227061018348,0.099410966039,-0.355711251497,-0.331810295582,-0.429570794106,1.106444478035,0.233144298196,0.430542111397,0.147727340460,0.373306632042,-0.197381392121,1.325393080711,-0.026049435139,-0.457114309072,0.291132986546,-0.929132223129,0.014911850914,-0.452162861824,-0.734710156918,0.218487635255,-0.085100032389,-0.347100794315,0.296784132719,0.512049019337,0.313329964876,0.604421794415,0.733063757420,0.117870710790,0.168298527598,0.750712752342,-0.060643449426,0.657940685749,-0.573025822639,0.133902087808,0.525602638721,-0.941833853722,-0.056758049875,-0.523573458195,-0.286062210798,0.225027769804,-0.628907203674,-0.101411290467,-0.069751903415,-0.127460733056,0.042615871876,0.155601024628,-0.036437928677,0.524865865707,-0.013405437581,0.028992293403,1.100348830223,-0.575795829296,0.360572129488,0.551203429699,-0.672671437263,-0.377463698387,0.636068880558,-0.850609302521,-0.588353395462,0.115429989994,-0.186597749591,-0.449471086264,0.028132073581,-0.456838518381,-0.724041759968,0.136396303773,0.152440026402,0.571330070496,0.428768217564,-0.053226623684,1.197422027588,0.143459171057,0.707084298134,0.784631669521,-0.410436064005,-0.008725675754,0.230938196182,-0.965533137321,-0.043146822602,-0.369120776653,-0.890010654926,0.336415976286,-0.280069500208,-0.146797150373,0.548482835293,-0.233049631119,0.528969407082,-0.042237211019,-0.564448297024,0.320767372847,0.417918741703,-0.659953296185,0.018109893426,-0.166586324573,0.329698860645,-0.167331293225,0.314968079329,0.170434683561,-0.159593433142,0.491304963827,0.348977625370,-0.414918243885,-0.449615150690,-0.666345298290,0.016484118998,-0.544737398624,-0.090191394091,-0.498894631863,-0.071937434375,0.848271548748,0.056383505464,0.306386470795,0.201139181852,-0.084960095584,0.980342030525,0.618691623211,-0.446248352528,-0.462197422981,0.417025595903,-0.348813027143,-0.367466211319,-0.452809095383,-1.162716984749,-0.145801112056,-0.291178286076,-0.000744975172,-0.208547785878,-1.048394083977,-0.102250926197,0.242569670081,-0.391194283962,0.119978047907,0.000831408775,0.258407622576,0.291618674994,0.501051366329,-0.464963287115,0.897872090340,-0.049806319177,0.611566960812,0.743439972401,0.126633435488,0.201995283365,0.171093210578,-0.134642943740,0.385732501745,-0.524721801281,0.139474987984,-0.300019174814,-0.416325896978,0.044472135603,0.040866620839,-0.007478563115,0.790167629719,0.703404784203,0.033951934427,1.129452347755,0.668728411198,0.117401495576,0.656269609928,0.407579630613,0.269318819046,0.497536391020,-0.112413048744,-0.991405487061,0.297483831644,-0.130728736520,-0.289112120867,0.156646460295,-0.301192224026,-0.600231826305,-0.363053947687,0.026172911748,-0.253637284040,0.201081559062,-0.839726984501,-0.390770316124,-0.689604163170,-0.309502214193,0.392161488533,-0.317787468433,-0.493753880262,0.434756815434,-0.233452990651,0.373133808374,-0.482505202293,-0.284625798464,-0.867900252342,-0.471441715956,-0.202373951674,-0.758244812489,-0.964751064777,-0.540271639824,-0.453586995602,-0.062874257565,0.148871555924,-0.106576725841,0.359069764614,0.349463313818,0.489370465279,0.571733474731,0.874263286591,0.563090085983,0.642325043678,0.076477259398,-0.295738697052,0.387251257896,0.639378011227,-0.277583509684,-0.495663702488,-0.150398552418,0.318997532129,-0.311947047710,0.255069613457,-0.504101216793,-0.841138660908,0.565180957317,0.049468819052,-0.050929959863,-0.271467298269,-0.107795029879,0.999423325062,0.138890534639,0.119833990932,0.217664450407,-0.076975278556,0.948810219765,0.649754166603,-1.059107661247,-0.012845676392,-0.698864877224,-0.474779665470,-0.351735293865,-1.218046784401,-0.760833680630,0.028440764174,-0.976271450520,0.096447534859,-0.402722865343,-0.480990529060,0.423890888691,0.219364300370,0.499162197113,0.321285963058,0.232695668936,1.630100369453,0.000259300752,0.195772066712,0.930638670921,-0.688678085804,0.771172761917,0.241577744484,-0.472161978483,-0.102110989392,-0.723025083542,0.230847641826,-0.033540345728,0.297347992659,0.366885870695,0.516967475414,0.469042152166,-0.066520936787,0.081523329020,0.259160816669,0.203592240810,-0.034355290234,-0.275422662497,0.034499347210,-0.207160726190,0.197056218982,0.601540744305,-0.229386508465,-0.107383437455,0.216026350856,0.010775386356,0.098637178540,-0.938359975815,-0.150764867663,-0.457241892815,-0.666637539864,0.279024064541,-0.847147881985,-0.349076420069,0.738007009029,-0.331711500883,0.529739081860,0.775663197041,-0.824942708015,1.262634158134,0.631726562977,-0.585204780102,0.287432819605,-0.811689555645,-0.557015061378,0.506834208965,-0.538588225842,-0.551005899906,0.190326750278,-0.102971203625,0.041282325983,0.555014729500,-0.806388318539,0.451874762774,-0.034149497747,-0.080757774413,-0.389198094606,0.060993298888,0.383551090956,0.161873638630,-0.129008293152,0.400401502848,0.440642535686,0.633829772472,0.195368707180,0.607747435570,-0.875761508942,0.003119840520,0.250756174326,-0.395359545946,-0.160651221871,-0.805898547173,-0.956436991692,-0.256090342999,-0.093562297523,0.162639185786,-0.234646603465,-0.268676728010,-0.542708218098,0.222327753901,0.091364420950,0.429146826267,0.297562003136,0.615575850010,0.347565889359,0.586414813995,0.261235207319,0.587060987949,-0.415202260017,-0.081650927663,-0.014586696401,-0.449652194977,0.213935479522,-0.207679316401,-0.322911769152,-0.053996294737,0.473367929459,0.416330009699,0.419684410095,0.050312574953,0.030350536108,-0.411613196135,0.182234928012,0.624503195286,-0.025271534920,-0.357036560774,-0.632627964020,0.141327142715,0.481076955795,0.528808891773,0.061474859715,-0.779416918755,-0.227065145969,0.060610517859,-0.157177418470,-0.961836993694,-0.840685963631,-1.099624514580,0.009898702614,-0.332324773073,-0.535106182098,-0.187696695328,0.368902653456,0.371857851744,0.506793022156,0.239503338933,-0.259271949530,0.336366593838,0.237712934613,-0.500845611095,-0.545190095901,-1.128760814667,-0.128403261304,-0.196430593729,0.064471222460,-0.134391874075,-0.574651598930,0.210712730885,0.188449904323,-0.701260328293,0.392844736576,-0.687579154968,-0.149904638529,0.780482947826,-0.467251747847,-0.002000320004,1.035980582237,-0.447355538607,0.713060617447,0.372232407331,0.617201626301,0.767847120762,-0.071801610291,-0.195940822363,0.140388712287,-0.787274122238,0.525392711163,-0.732022523880,-0.436814725399,0.275299191475,-0.917467832565,0.238136872649,0.371203422546,-0.498301953077,0.556212484837,-0.507710874081,0.003432648024,1.263132214546,0.332662284374,0.703343033791,0.760496139526,0.370046883821,1.113260507584,0.432007402182,0.057000890374,-0.145438909531,-0.028918208554,0.312659084797,-0.556084871292,-0.742987215519,-0.434567481279,0.334407418966,0.121891930699,-0.249097466469,-0.281645894051,0.329715311527,0.315750122070,0.106469713151,0.050008002669,-0.048472773284,-0.301225155592,-0.285292565823,0.132873117924,-0.053687602282,0.421820580959,0.236828014255,-0.280921489000,0.334732562304,-0.230436056852,0.057527724653,-0.747843921185,-0.504763901234,-0.210181772709,-0.388284355402,-0.742764890194,-0.230156168342,-0.296640068293,-0.139721944928,0.477586686611,0.082400016487,0.332049012184,0.226147308946,0.622943282127,0.450849920511,-0.172105729580,0.143483862281,-0.183498501778,-0.700544238091,-0.446915149689,-0.344767093658,0.105568327010,-0.487785875797,-0.274204373360,-0.098501361907,0.251097798347,0.267693042755,0.618065953255,-0.578129529953,-0.394569337368,0.045254152268,0.463876694441,-0.124406732619,-0.062808401883,-0.325681746006,0.132276311517,1.165725588799,0.659792840481,0.305970758200,0.074065349996,0.244298353791,0.465251415968,0.140355795622,-0.072797656059,0.391766369343,-0.375833809376,-0.374780118465,-0.316606223583,-0.630812883377,-0.231691405177,-0.376381218433,0.158951357007,-0.381941765547,-0.107827953994,0.332925707102,-0.073188669980,0.678293704987,0.317709267139,0.687179863453,0.581644535065,0.315729528666,0.320224076509,0.466803073883,-0.202711433172,-0.193825244904,-0.548515737057,-0.529549717903,0.405332356691,-0.297446787357,-0.352175682783,-0.013940501958,-0.133646905422,0.188725680113,-0.576791882515,0.212869450450,-0.096673905849,-0.670127809048,-0.017846476287,-0.086935721338,0.092763818800,0.208860591054,-0.001522877370,-0.099077582359,-0.004967872985,0.403665423393,0.409069567919,0.058585505933,-0.194417938590,-0.270294278860,-0.428455382586,0.129070028663,-0.711760044098,-0.443321973085,-0.375372827053,-0.216083958745,-0.014409713447,0.437695533037,0.038335353136,0.825259625912,1.312070012093,-0.229851588607,1.309715747833,0.578635811806,0.173077076674,0.609015107155,-0.617884874344,-0.140553355217,-0.255892783403,-0.523532330990,-0.006457823329,-0.441210508347,-0.338333964348,0.014804838225,-0.243322879076,0.236173599958,-0.241055041552,-0.297035187483,0.468424737453,-0.790731430054,0.205563768744,-0.138651818037,-0.434267014265,0.757709741592,0.138264924288,-0.158770263195,0.379616320133,0.239647388458,0.282415539026,-0.003107493278,-0.395771175623,0.050271417946,-0.218092516065,-0.614435791969,-0.991771876812,-0.400496184826,0.094443097711,0.175081506371,-0.467712700367,0.012775707059,-0.232284083962,0.326155066490,0.561287343502,0.574729859829,0.605393171310,0.133589282632,0.535377860069,0.555216431618,-0.175830602646,0.440786570311,0.191508010030,-0.238651350141,0.533455729485,-0.680787920952,-0.336646467447,-0.300669491291,-0.143792554736,-0.047390300781,-0.218804553151,-0.583163261414,0.349796682596,-0.101818762720,-0.304291486740,0.444235712290,-0.154995992780,-0.030317606404,0.868254125118,-0.408287554979,-0.158350437880,0.232119441032,0.159506991506,0.754910945892,0.039845883846,-0.351224929094,0.087594255805,-0.627643644810,-0.704676508904,-0.060203049332,-0.529796719551,-0.929630219936,-0.570264101028,-0.147241666913,-0.209251597524,-0.164861768484,0.144270002842,0.424224257469,0.828132510185,0.313860923052,0.975863933563,0.576145708561,-0.132976010442,0.457369446754,-0.112507715821,-0.305867880583,-0.009458303452,-0.496034085751,-0.524153828621,-0.095513224602,0.185490578413,0.149896413088,-0.021526077762,-0.128288015723,-0.202625021338,-0.447112709284,0.299990385771,-0.048390459269,-0.113795988262,0.009981021285,-0.384633570910,0.424047261477,0.266985118389,0.170957401395,0.885207474232,0.026884961873,0.126168340445,0.446857511997,-0.090146116912,-0.252102047205,0.233308926225,0.009939862415,-0.998575389385,-0.041323486716,-0.832413077354,-0.574684560299,-0.119780488312,-0.742480993271,-0.072764731944,0.075835175812,-0.323331564665,0.434172362089,0.130090773106,-0.036693114787,0.717917323112,0.344318479300,0.261589199305,0.640048921108,0.729766964912,0.141672879457,0.287881463766,0.252336680889,-0.434826761484,-0.384991616011,-0.026959044859,-0.029564402997,0.107050053775,-0.574573397636,-0.190001592040,-0.049872178584,-0.182790562510,0.042171359062,0.314058482647,-0.376130163670,-0.600906848907,0.730911195278,-0.091195665300,-0.571132540703,-0.361913859844,-0.373899310827,0.301291018724,0.388597160578,0.239989012480,-0.613785445690,-0.437814891338,-0.029535589740,-0.618469297886,0.075707584620,-1.216281056404,-0.408707350492,-0.485802024603,-0.907667875290,0.281361877918,0.192405283451,-0.078922092915,0.454912304878,0.933857262135,0.839854538441,0.678194940090,0.689344882965,0.614444017410,-0.323734909296,0.594654798508,0.144578695297,-0.749576687813,1.171808958054,-0.437547385693,-0.170270040631,0.277645260096,-0.611266553402,1.050735950470,0.290647327900,-0.082400016487,0.002815265208,0.225163608789,-0.137935653329,0.483196675777,0.076777718961,0.230419576168,0.795320689678,0.270821124315,0.876341819763,0.106844261289,-0.178370103240,0.503232777119,0.494955718517,-0.457789301872,0.213560923934,-0.651297628880,-0.421289652586,-0.326459646225,-0.772053539753,-0.114055290818,-0.739324033260,-0.604882776737,0.050431940705,-0.379710972309,0.112408936024,-0.302719235420,0.083112061024,0.491844117641,-0.184939056635,0.195632115006,0.444618493319,-0.407777190208,-0.163190722466,0.563225924969,-0.692069590092,-0.430040001869,-0.023332953453,-0.421182602644,-0.381373763084,-0.320631563663,-0.136865526438,0.008581620641,0.103148184717,-0.038936272264,0.021785378456,0.183074563742,0.030527517200,-0.486213624477,-0.240696936846,0.816208779812,-0.012261220254,-0.132794916630,0.924765288830,-0.359123289585,0.318038552999,0.494774669409,-0.230473086238,-0.429920643568,-0.368021845818,-0.813451170921,-0.221599236131,-0.408633291721,-0.596671640873,-0.522075295448,-0.635665476322,0.046760566533,0.909956276417,0.083589501679,0.439057916403,0.597507119179,0.478648602962,0.494013190269,0.329657673836,0.909079670906,-0.295611083508,0.050436053425,-0.108009047806,-0.603269398212,0.115191273391,0.366416633129,-0.313070654869,0.092488050461,0.102633707225,-0.659414172173,0.400422096252,0.399401366711,-0.114808492362,0.515082418919,0.138289615512,0.029679646716,0.072962291539,0.590201437473,0.135663688183,0.908379912376,-0.349940776825,0.247097149491,0.454969912767,-0.061413120478,0.216948285699,-0.200295418501,-0.694185137749,0.245125636458,-0.375553935766,-0.367425024509,-0.518667340279,-0.323706120253,-0.393956035376,-0.394157707691,0.067850358784,-0.207168951631,-0.867023527622,0.557052075863,-0.090553581715,0.638052701950,-0.175678312778,0.322244971991,0.692637562752,0.764912486076,0.354739874601,-0.431291222572,-0.142985850573,-0.732154190540,-0.472433626652,0.369598239660,-0.457846909761,-0.384386599064,-0.234506651759,-0.385020464659,0.301377445459,0.390013039112,0.045534037054,-0.470902502537,-0.143850177526,-0.648963928223,-0.117965377867,-0.300982326269,-0.932568967342,0.589909195900,-0.379311740398,0.195232883096,0.469725340605,0.369236022234,0.634801149368,0.326015114784,-0.207757532597,0.240808084607,-0.096241734922,-0.399738848209,-0.770440101624,-0.599297523499,-0.335288226604,-0.781623005867,0.379492819309,0.483908712864,0.180465087295,0.956963837147,0.037594493479,0.197578936815,1.251492381096,0.449224144220,0.487551242113,-0.703911006451,-0.226369559765,0.369417130947,-0.096558660269,-0.669757366180,0.988236367702,-0.797514438629,-0.149538338184,0.624770760536,-0.580664932728,0.080840095878,0.277846932411,-0.718444168568,-0.016928633675,-0.144500479102,0.298961400986,0.647346377373,-0.491477847099,0.811751306057,0.739525735378,0.819690823555,0.850189507008,0.010363798589,0.147998988628,-0.227205082774,-0.206395164132,-0.101493604481,0.655586421490,-1.476030468941,-0.149048537016,-0.428438901901,-0.871139347553,-0.209650844336,-0.242376223207,-1.094850063324,0.120097398758,0.333460748196,-0.542374849319,0.545856893063,0.416914463043,0.214499339461,1.298285841942,0.098439611495,0.411670804024,0.921723604202,-0.380316019058,-0.519556403160,0.023616947234,-0.845312178135,-0.221986129880,-0.775766074657,-0.608364820480,-0.445639222860,-0.279670268297,0.011219901964,-0.169673234224,0.064874581993,-0.009799921885,-0.113306194544,0.271207988262,-0.278361409903,0.131827682257,-0.124892413616,0.143776088953,0.146607816219,-0.239622712135,-0.000440399686,0.329320192337,-0.486485242844,0.815723061562,-0.061548944563,-1.305356979370,-0.021921202540,-0.574240028858,-0.316104084253,-0.197113841772,-0.682952880859,-0.209498554468,0.249089241028,0.226665899158,0.713426887989,0.820464611053,0.700305521488,0.789875388145,0.609871268272,0.178061410785,0.241503670812,-0.413876920938,-0.189931631088,-0.060721646994,-0.668427944183,0.123953990638,-0.341927140951,-0.377356678247,-0.111935608089,0.301130503416,-0.020381862298,-0.213791415095,0.249381467700,0.320894956589,-0.228695034981,0.283802598715,0.018155168742,0.211256027222,0.594885349274,0.373380720615,0.597157299519,0.275640815496,0.621465682983,0.838628053665,-0.223089188337,0.185968041420,-0.376278311014,-0.306950330734,0.148488774896,-0.669872641563,-0.599478662014,0.436868250370,-0.415885448456,0.137137174606,0.151658013463,-0.807269096375,0.532241523266,0.384020298719,0.146385565400,0.534805715084,0.170533463359,0.463609158993,1.013614892960,0.888446688652,0.254925578833,-0.344297885895,0.420466452837,0.372232407331,-0.388868778944,-0.206349879503,-0.874242782593,-0.252114415169,0.103930212557,-0.309004187584,-0.162993147969,0.336115509272,-0.263857036829,0.136713236570,0.237700581551,-0.598103940487,-0.057778790593,-0.740200757980,-0.454117923975,0.050843529403,-0.705108702183,-0.092500396073,0.455546140671,-0.220203951001,0.376591116190,0.571457684040,-0.315215051174,-0.266454160213,-0.464041322470,-0.294635623693,0.029350373894,-1.414654374123,-0.451031029224,-0.149065002799,-0.462543129921,0.251130729914,-0.147583290935,0.416033655405,0.391482412815,0.978716254234,0.385057479143,0.382711470127,0.793349146843,-0.329632967710,0.317314147949,-0.354101926088,-0.764311611652,0.498450100422,-0.056087162346,-0.377303153276,0.380497068167,-0.304950028658,0.398141890764,0.218973323703,-0.480274379253,-0.193915799260,0.141405344009,0.166425809264,-0.016615826637,-0.271701902151,0.694234549999,-0.304242104292,0.419523924589,1.235506296158,-0.148916840553,0.499400883913,0.557628333569,0.431797474623,0.233366549015,-0.190441995859,-1.088174104691,-0.226447761059,0.027300663292,-0.253205120564,-0.482970267534,-0.923752784729,-0.455982446671,0.251883924007,-0.039487801492,-0.461641758680,0.004511009902,-0.012224178761,0.074493400753,0.923295915127,0.190429642797,0.345232188702,1.065664410591,0.237873449922,0.204209625721,0.709545612335,-0.213495075703,0.400726646185,-0.673996746540,-0.748325526714,0.177411109209,-0.488646090031,-0.026580385864,-0.039475452155,-0.972624778748,0.242557331920,0.114014126360,0.076794177294,-0.243825018406,0.200879886746,0.185087233782,-0.588411033154,0.156975731254,-0.239227578044,-0.646815419197,0.348059803247,-0.411357998848,0.328455835581,-0.303340703249,-0.311247348785,-0.042006719857,-1.013462662697,-0.650581419468,-0.846736252308,-0.465909928083,-0.916344165802,-0.637069046497,-0.784491777420,-0.072530128062,0.439152568579,0.250677973032,-0.064598813653,0.791859209538,0.163742244244,0.593169033527,0.482731580734,-0.240939781070,0.268549144268,-0.100732162595,-0.229197174311,-0.081395737827,0.087524294853,0.364202320576,-0.137219488621,-0.018801363185,-0.040759608150,0.285811156034,0.535089731216,-0.138314306736,-0.038537029177,0.217709720135,0.329221397638,0.019208833575,0.348331451416,0.243368163705,0.459246307611,1.242252230644,0.487752944231,0.326093316078,0.692584097385,-0.366289079189,-0.418482571840,0.237354844809,-0.695778012276,0.047987103462,-0.571190178394,-0.301834315062,-0.164557188749,-0.678890526295,-0.400714308023,0.252810001373,-0.172719001770,0.289108008146,-0.001654585707,-0.118101201952,0.431196570396,0.249072760344,0.849666833878,0.182111442089,-0.192602843046,0.398812770844,0.644852161407,-0.798913836479,0.895077347755,-0.032737750560,-0.756594300270,0.293334990740,-0.766904592514,-0.508649289608,0.674470067024,-0.067574597895,0.262823939323,0.172784850001,-0.063417553902,-0.401023000479,0.282324999571,0.104959182441,0.222965717316,0.211350694299,-0.181173011661,0.020929275081,0.099188707769,0.085334643722,-0.070933163166,-0.508809804916,0.812265753746,0.760166943073,-0.563612818718,0.250603884459,-0.214297667146,-0.488238602877,0.010186814703,-0.855511367321,-0.311687737703,-0.135165661573,-0.444474399090,-0.159823924303,-0.125563308597,0.099999539554,0.270339548588,0.726474285126,0.297467350960,-0.660702407360,0.189610600471,0.146702483296,-0.558496773243,-0.458221465349,-0.311247348785,-1.166594028473,0.173661530018,-0.474927872419,-0.612859368324,0.054329678416,-0.638073265553,-0.195064127445,0.585813879967,-0.957618176937,-0.232856184244,-0.046756453812,-0.378237485886,0.252472490072,0.378616154194,0.333654195070,0.827070653439,0.116565980017,0.473096281290,1.177538156509,0.770822942257,0.236811548471,0.365778714418,-0.308292120695,0.200237810612,-0.244273647666,-0.706705629826,0.158963710070,-0.445787370205,-0.853630363941,0.656179070473,-0.297319173813,-0.053201928735,0.145138442516,-0.001415864448,0.558698475361,1.409311890602,-0.212494909763,0.501907467842,0.339078933001,0.250645041466,0.744234263897,0.231131643057,-0.355139136314,-0.469190299511,-0.139359742403,-0.001481718617,-0.763126194477,-0.185840442777,-0.645395457745,-0.224764361978,0.102765411139,-0.296631813049,0.303386002779,-0.226102024317,0.024028535932,0.174900427461,-0.114602699876,0.504455208778,-0.256469011307,0.145405977964,-0.020892232656,-0.006601879373,0.411152213812,0.174147203565,-0.120385520160,-0.552582204342,-0.154032871127,-0.215981066227,-0.560089647770,-0.504562199116,-0.063697434962,-0.737163245678,-0.437119305134,0.108889855444,-0.214779227972,0.751280725002,0.271607220173,0.602623164654,0.664028048515,0.617567956448,0.593695819378,0.064660549164,-0.055617954582,0.026436330751,0.338251650333,-0.234160915017,-0.912360012531,-0.463012367487,-0.356662005186,0.438259422779,-0.472643554211,-0.493325859308,-0.308399140835,-0.469729453325,-0.402726978064,-0.121472105384,-0.941479861736,-0.089808605611,-0.788072645664,1.010029911995,-0.569745481014,0.014463219792,0.487736463547,-0.038434132934,-0.047826584429,0.568255543709,-0.233774036169,-0.052312899381,-0.219956994057,-0.697901844978,-0.534513473511,-0.436209708452,-0.225418791175,0.462329119444,-0.643292248249,0.019657466561,0.138223767281,-0.111528135836,0.420013725758,-0.273743391037,0.070974320173,0.972690582275,-0.228839099407,0.361625760794,0.658471643925,0.475347667933,1.052398800850,-0.124015733600,0.309650391340,0.086396545172,-0.256711870432,0.118064157665,-0.618675112724,-0.531829953194,-0.585661590099,0.058190379292,-0.326793044806,0.121591471136,0.613843083382,-0.137606382370,0.348224431276,-0.140940248966,0.005338302813,0.041899707168,-0.986190736294,0.173649191856,-0.350393503904,-0.708837687969,0.304875940084,-0.144730985165,-0.296911716461,0.546095609665,-0.132650852203,0.140413403511,0.061067383736,-0.775675594807,0.033104062080,-0.839595258236,-0.689748227596,-0.092714428902,-0.729622900486,0.076584272087,0.551919579506,0.498697072268,0.747222423553,0.698231041431,0.807725965977,1.047752022743,0.868776857853,-0.224793165922,-0.544852614403,-0.037837330252,-0.200315997005,0.183416172862,-0.157942965627,0.006758282892,0.026218188927,-0.515234708786,0.877033352852,0.250904351473,-0.105798825622,-0.129189386964,-0.387872755527,-0.641719996929,-0.230847641826,-0.328311800957,-0.266178399324,-0.141467079520,0.047579631209,0.514432132244,0.714846909046,0.261469811201,-0.135733649135,0.012137744576,0.201810061932,-0.026897309348,0.098410807550,-0.660093307495,-1.029942512512,-0.170060127974,-0.289548367262,-0.557702422142,-0.275134563446,-0.485197007656,-0.909841060638,0.215927556157,0.019048316404,0.421005636454,0.304571360350,-0.004041798878,0.537069499493,0.541885077953,0.110289253294,0.964047253132,0.492383331060,0.390391707420,-0.345310389996,0.061293758452,-0.289927035570,-0.289120346308,-0.033231653273,0.123793475330,0.065286166966,-0.056873299181,0.442486435175,0.384884625673,-0.524775326252,0.817641139030,-0.001625774661,0.010236205533,0.686187982559,-0.036540824920,-0.056330002844,0.236066594720,-0.384205520153,0.414947062731,0.089071869850,0.320915549994,0.401772111654,-0.797654390335,-0.420170098543,0.201130956411,-0.853292942047,-0.710105359554,-0.189207240939,-0.832577645779,-0.041957329959,-0.391214877367,-0.274212598801,0.702951967716,0.257448583841,0.074262909591,1.135597348213,-0.327262252569,0.877243220806,0.778873562813,-0.199060648680,0.207741051912,-0.319092214108,-0.218512326479,0.303093761206,-0.067121848464,0.157823607326,-0.082996822894,-0.531661212444,0.242437958717,0.275105744600,-0.467181742191,0.108474142849,0.239552721381,0.430455714464,-0.406637102365,0.023884480819,0.654627382755,-0.469795346260,0.554874777794,0.169537410140,-0.738043963909,0.786722600460,-0.144681587815,-0.942496538162,0.457122534513,-1.359303951263,-0.914508461952,-0.094010926783,-0.884618878365,-0.356851339340,-0.643679141998,-1.311123371124,-0.228785574436,-0.676857292652,-0.408015877008,-0.516494154930,0.416716903448,-0.013730592094,0.352200418711,0.713332235813,0.111696884036,0.480792969465,0.805301666260,-0.166207656264,0.081185825169,-0.186268493533,-0.598354995251,0.215314283967,-0.291968524456,-0.344845294952,-0.213124632835,0.080321490765,0.358435958624,0.141709908843,-0.140112951398,0.529129922390,-0.218569964170,0.304521977901,-0.349677324295,0.471651613712,-0.192030727863,-0.331732094288,0.652754664421,0.249970033765,0.185070767999,1.177711009979,0.136174052954,-0.061104428023,0.253312140703,-0.056815676391,-0.450697660446,-0.561056852341,0.111128896475,-0.219018593431,-0.804268598557,-0.535353183746,-0.681993901730,0.517807126045,0.992796659470,0.492268055677,0.328632831573,-0.433382093906,0.448224008083,0.901592850685,0.497878015041,-0.417190194130,-0.100818604231,-0.593881070614,-0.405727446079,0.520367205143,-0.378072828054,-0.258658677340,-0.008178262971,-0.316375732422,0.472252517939,-0.213709086180,-0.190721869469,0.084507346153,-0.497133016586,0.129868507385,-0.032165639102,0.213194608688,0.300628364086,0.008379941806,0.370824754238,1.057523131371,0.518733203411,0.265067100525,0.247245326638,0.046159651130,0.240993291140,0.807808279991,0.280061274767,-0.544955492020,0.587114512920,-0.933071076870,0.134004980326,-0.427500516176,-0.349232852459,-0.607591032982,-0.565794229507,-0.428056120872,-0.625449836254,-0.523663997650,0.049127202481,0.083601854742,0.604837536812,0.045439369977,0.152962744236,0.322730660439,-0.589308321476,0.501985669136,-0.131115630269,-0.539259135723,-0.233634099364,-0.901498198509,-0.498742341995,-0.013434248045,-1.073319911957,0.186910554767,0.152892768383,0.008845036849,-0.006206754129,-0.588966667652,-0.381690680981,0.261058241129,-0.639723718166,0.100349389017,0.484266787767,-0.565584301949,0.485361605883,0.148221254349,-0.301891922951,1.398980975151,0.455681979656,0.158099368215,1.093257188797,-0.849102973938,-0.230473086238,0.224624425173,-0.487246692181,-0.455286860466,-0.795876324177,-0.206152319908,0.381130963564,0.154749050736,0.804490923882,0.499190986156,0.547704935074,0.284510523081,1.177669882774,0.988281548023,0.287593334913,0.109284982085,0.268907219172,-0.137688696384,-0.139812484384,0.100419364870,-0.091459073126,-0.404414504766,0.090413637459,-0.454957544804,0.024732351303,0.404813736677,-0.805791497231,0.193919911981,-0.408727973700,-0.409209489822,0.497733950615,-0.618712186813,0.116989918053,0.362181425095,-0.136639147997,0.674782872200,0.630936324596,0.078592821956,-0.396709561348,-0.989878535271,-0.459032297134,-0.064895153046,-0.785928189754,-0.678692936897,-0.850469470024,-0.281090259552,-0.563793897629,0.269479334354,-1.057770013809,-0.300439029932,0.018908375874,0.321928054094,0.720580279827,-0.419153481722,0.354591727257,0.675700724125,0.352410316467,0.226307824254,0.473985314369,-0.099271029234,-0.075551182032,0.625322282314,-0.788455367088,-1.014689087868,-0.204987525940,0.244063749909,-0.970924913883,-0.312037587166,-0.234127998352,-0.678281366825,0.483871638775,0.116755306721,-0.590180873871,-0.301669687033,0.592382848263,0.021040404215,-0.099390394986,0.031490635127,0.000782018120,-0.054831821471,0.469095617533,0.295141875744,-0.291993200779,0.492914259434,-0.301044046879,0.041677448899,0.007104017306,-0.525269210339,0.236354678869,-0.574569284916,-0.122760377824,0.052411679178,-0.088363930583,0.266087859869,0.399817049503,0.046962246299,1.143808603287,1.100472331047,0.301579117775,1.077357530594,-0.337506681681,0.464856296778,-0.195623889565,-0.563106536865,0.210338175297,-0.658442795277,-0.579672992229,-0.484126865864,-0.066319249570,0.161597862840,-0.267503708601,0.292960464954,-0.428076744080,0.019665697590,0.510225713253,0.041607480496,0.273776322603,0.767978847027,-0.522211134434,0.753894269466,0.443803519011,0.129884973168,0.702071189880,0.040800768882,0.688427031040,-0.214063048363,0.029642602429,0.141438275576,-0.132799029350,-0.498828768730,0.020241921768,-0.218364149332,-0.606660842896,-0.049526441842,-0.293413192034,-0.116323143244,-0.326192110777,-0.264231592417,0.187659651041,0.380451828241,0.261251688004,0.047571398318,0.456258177757,0.847366034985,0.128617286682,0.188379943371,0.524153828621,0.179938271642,-0.469412535429,0.001415864448,-0.851498425007,-0.193965196609,0.107692129910,-0.664830625057,-0.101407170296,0.086120776832,-0.364194095135,0.402949273586,-0.602137506008,-0.308382660151,-0.183482035995,-0.348450809717,-0.166191205382,0.234675422311,-0.576273262501,-0.366836458445,0.391350686550,-0.589102506638,0.965105056763,-0.113380283117,-0.053576473147,0.661916613579,-0.334230452776,-0.596371173859,-0.438189446926,-0.763710677624,0.089874461293,-0.857149541378,-0.429965943098,0.042089041322,-0.432348996401,0.824769854546,0.562657952309,-0.240046635270,0.871439814568,1.211362600327,0.653075695038,0.906729400158,0.263260215521,0.041545741260,0.038240686059,-0.033169917762,0.093023113906,0.044702626765,-0.240355342627,0.206650346518,-0.150007531047,-0.185684040189,0.612567126751,0.011771430261,-0.300529569387,-0.313873261213,0.102180965245,0.477339774370,0.536888360977,-0.526438117027,0.270203709602,0.762200176716,0.434616863728,0.156152561307,0.038899227977,0.103086456656,-0.011372189969,-0.309638023376,-0.268767297268,-0.281588286161,-0.556784570217,-0.505397737026,-0.797378599644,-0.551866054535,-0.622795164585,-0.416729241610,-0.098937638104,0.246236935258,-1.013326764107,0.342947900295,0.145912230015,0.486868023872,1.143685102463,0.123427160084,0.120332010090,0.708405494690,0.337033361197,0.886326968670,-0.032997049391,0.009820501320,-0.140615090728,-0.309810876846,-0.550462543964,-0.355110317469,-0.315490812063,0.302188277245,0.174414739013,-0.041842088103,0.152481198311,-0.100925609469,0.226550653577,0.234802991152,0.318808197975,0.042331874371,-0.417791098356,-0.029177507386,0.056679852307,0.020060824230,0.089331164956,-0.090788185596,-0.325121968985,0.037602726370,-0.354447662830,-0.573684394360,-0.687031745911,-1.155650019646,0.111100077629,-0.488584369421,-0.763208568096,-0.558513224125,-0.360926061869,-0.277031987906,0.289762407541,0.657776057720,0.475392937660,0.353410482407,0.458213239908,0.390037715435,0.178086102009,0.219973474741,0.465214341879,-0.077600896358,-0.278176188469,-0.204629451036,0.387950956821,-0.276196479797,-0.033165797591,0.107720941305,-0.044747903943,0.611328303814,0.257761418819,-0.205411478877,0.111235909164,0.406682342291,0.820979058743,0.587797760963,-0.288926899433,0.015335787088,0.492963641882,0.797847807407,0.471861511469,-0.155860334635,-0.047098070383,0.270043194294,0.107774443924,0.203970909119,-0.226085558534,-0.650626718998,-0.167923986912,-0.164511919022,-0.520070850849,-0.043282646686,-0.201110363007,-0.362922251225,0.150830715895,-0.672893643379,-0.557578921318,0.794571578503,0.129292294383,0.591102838516,0.685521245003,-0.302896201611,0.696646451950,0.335148274899,-0.591839551926,-0.256172686815,-0.161301523447,-0.339375287294,0.126263007522,-0.327850818634,-0.678075551987,0.267800062895,0.045254152268,0.636027693748,0.276612162590,-0.121393904090,-0.001111288904,0.299945116043,0.088503874838,-0.173698574305,-0.130374774337,-0.432962298393,0.464201837778,0.521293282509,0.183971837163,0.094476014376,0.957972168922,0.355941712856,0.247158885002,0.234671309590,-0.719576001167,-0.131449013948,0.215124949813,-0.588600337505,-0.516387164593,-0.284156560898,-0.610953748226,0.044739671052,0.660311400890,0.455163359642,0.396581977606,0.254225879908,-0.180172860622,0.506303250790,0.407908886671,-0.189606472850,0.353196442127,-0.449252963066,0.097291283309,-0.298302888870,-0.604384779930,-0.041269976646,0.206181138754,-0.761986136436,0.370232045650,0.070147030056,-0.409633457661,-0.223179742694,-0.018970113248,-0.371421545744,0.574285328388,-0.163145437837,0.621148765087,0.381106257439,-0.293372035027,0.570465743542,0.827313482761,0.114401020110,0.127781763673,-0.124102160335,-0.183189809322,0.465868800879,0.547099888325,-0.029111653566,-0.324446976185,-0.511369884014,-0.405624568462,-0.079881094396,-0.350932687521,-0.948003530502,-0.388704180717,-0.131136208773,0.421182602644,-0.643938422203,0.089458756149,-0.212408468127,0.754412889481,0.635455608368,0.375442802906,0.157556071877,0.152719914913,-0.381349086761,0.775058150291,-0.263881742954,-0.855383753777,0.187457963824,-0.269211798906,-0.264881908894,0.166903242469,-0.434979081154,0.263309627771,0.648375332355,-0.125925496221,0.117656677961,0.024493630975,0.008458143100,-0.047571398318,0.032342623919,-0.072386063635,0.159655168653,0.443190246820,0.174410626292,0.367338597775,0.231008157134,0.246150493622,0.369602352381,-0.149295493960,0.011335146613,-0.284868627787,-0.892451405525,-0.110873706639,-0.543420314789,-0.455229222775,-0.254719763994,0.240235969424,0.367548555136,0.120875313878,0.100123018026,0.495560795069,0.345129281282,0.597359001637,0.105066187680,-0.289984673262,0.039677128196,-0.480336129665,-0.364959657192,0.173459857702,-0.527302503586,-0.207173064351,-0.268680840731,-0.524219691753,-0.200756400824,-0.746905505657,-0.219426065683,-0.252060890198,0.004873207770,0.069439098239,-0.502125620842,-0.535056829453,-0.161610215902,0.635624349117,0.767682492733,-0.024888755754,-0.032968237996,0.678569495678,0.440774232149,0.219240844250,0.169323384762,-0.479838103056,0.184955522418,0.251534074545,-0.190306186676,0.262502908707,0.106691971421,-0.163964509964,-0.456970214844,0.239849075675,0.327064692974,0.013446596451,0.250768512487,0.342688560486,-0.150242149830,0.510287404060,1.193799972534,0.606599092484,0.557117938995,0.389568477869,-0.170113638043,0.604504108429,0.063631579280,0.260790705681,-0.199706852436,-1.195038914680,0.186758264899,-0.072279058397,-0.225595757365,0.021340863779,-0.343618780375,0.216409102082,-0.013380742632,-0.091631941497,-0.645901679993,-0.587785422802,0.246553853154,-0.453335911036,-0.537530422211,-0.373142033815,0.064467102289,0.482373476028,0.039574231952,0.310358315706,0.002835844876,-0.207601130009,0.238955914974,0.389362692833,-0.665764987469,-0.750811457634,-0.573058784008,-0.046670019627,-0.194422051311,0.094764135778,-0.720201611519,0.383287638426,0.691242277622,0.820942103863,0.873139679432,0.562246322632,0.199694499373,0.778832435608,0.449277639389,0.320372253656,0.453541696072,0.162560984492,-0.526162385941,-0.613509714603,0.110005252063,-0.047369718552,0.300340235233,-0.106016956270,-0.513386666775,-0.231518521905,-0.667703568935,-0.574338853359,0.803791165352,-0.165182814002,-0.408028274775,-0.391453564167,0.081482172012,0.584332168102,0.483418911695,-0.071163646877,-0.054963525385,0.466222733259,-0.121068753302,0.047785423696,-0.467692106962,-0.231868371367,-0.157988250256,-0.283498048782,-0.544021248817,-0.392252057791,-0.486193031073,-0.678989291191,0.037347540259,-0.879181861877,0.061392538249,0.567222416401,0.496832579374,0.169788479805,1.230690717697,0.734706044197,0.687686204910,0.873292028904,0.571655273438,0.653886556625,-0.106346234679,-0.125645622611,0.125904917717,-0.205308586359,-0.757034718990,0.100777439773,-0.136433348060,-0.417247831821,0.372294127941,-0.001959161367,0.088709667325,0.442844539881,-0.410259068012,-0.056877415627,-0.378657311201,-0.352509081364,0.487551242113,-0.097365371883,-0.720341622829,-0.075678780675,-0.256604850292,0.376364737749,0.231526747346,-0.525956571102,0.026016507298,-0.626491189003,-0.698445081711,-0.658381104469,-0.669856190681,-1.376076221466,-0.228221699595,-0.567173063755,-0.830034077168,0.935503602028,0.108256004751,-0.120422556996,0.616123259068,0.886623322964,0.006770630367,0.871703267097,-0.277748137712,0.490308910608,0.716386258602,-0.573025822639,-0.284815102816,-0.098032146692,0.062380351126,0.480731248856,-0.100612811744,-0.385580211878,-0.103316940367,0.388029158115,0.429640740156,-0.469832360744,-0.145101413131,-0.426146358252,-0.202011734247,0.600408792496,0.176460340619,0.530718684196,-0.114635623991,0.266396522522,0.587505519390,-0.020019665360,-0.091977678239,-0.270631790161,-0.295429974794,-0.730487227440,-0.779058873653,0.074201174080,-0.274060308933,-0.311210304499,-0.154160469770,-0.438436418772,-0.417824059725,-0.660369038582,0.372656345367,-0.162034153938,-0.160684153438,-0.336362451315,0.161733701825,0.415185749531,0.427175372839,0.623033821583,0.088479176164,0.133449330926,0.666452348232,-0.287276417017,0.622684001923,0.024612991139,-0.595650851727,-0.332929819822,0.007449751720,-0.038368277252,0.353451609612,0.709031105042,0.136820241809,0.382616788149,0.128395020962,0.337638378143,0.387415915728,0.060738116503,-0.451133906841,0.116125576198,-0.159437030554,0.464498192072,0.103819079697,-0.111046575010,0.131420210004,0.305229902267,0.693514287472,-0.372207701206,-0.647272288799,0.286634355783,-0.911215782166,-0.756812393665,-0.282444357872,-1.480529069901,-0.129049465060,-0.303846955299,-0.245039224625,0.699667513371,0.073324494064,0.400450915098,-0.092981949449,0.315359085798,-0.050975233316,-0.375858485699,-0.402484148741,0.213635012507,-0.253217488527,-0.197356685996,-0.661443293095,-0.145611777902,-0.134437158704,0.539131522179,0.318149656057,-0.555772066116,-0.582484126091,0.095179840922,0.104312986135,-0.158712640405,0.004704456311,0.299364775419,-0.122184157372,0.643555641174,0.231609076262,0.250636816025,1.148027300835,0.135560780764,0.629491686821,0.520437180996,-0.283238738775,0.030844440684,0.281123161316,-0.564201414585,0.425220310688,-0.095356822014,-0.782680809498,-0.128271549940,-0.696848094463,-0.434530407190,-0.047982987016,-0.348055690527,-0.159939169884,0.106469713151,-0.258971482515,0.321314781904,0.515621602535,0.337296754122,1.152406573296,0.225953862071,0.188326433301,0.350377023220,-0.269010126591,-0.145208418369,-0.994595348835,-0.557941138744,-0.301912486553,-0.979716420174,-0.411164551973,0.118553943932,-0.242754891515,0.315931230783,0.021135069430,-0.323463290930,0.305913150311,-0.673083007336,-0.273245364428,-0.833018064499,0.055329840630,-0.038545262069,0.235268101096,0.726688325405,0.283880829811,0.106786631048,0.491284400225,0.036256831139,0.518634438515,-0.237889915705,-0.123295448720,-0.800584852695,-0.721765697002,-0.115997985005,-0.632097005844,-0.773831605911,-0.163190722466,0.253213375807,0.847057342529,0.560097873211,0.369787573814,0.160807624459,0.670765757561,0.417363077402,-0.088602654636,-0.348763614893,-0.605319082737,-0.438337653875,0.286300957203,-1.048723340034,0.280946195126,-0.496215194464,-0.515057742596,0.162980809808,-0.736183643341,-0.219380781054,0.066940747201,-0.816570997238,0.412703871727,-0.562233984470,-0.119101360440,0.406167864799,0.988833129406,0.820695102215,0.446450024843,0.275863081217,0.659846305847,0.625980854034,0.252221435308,0.100151829422,-0.834466814995,0.039981704205,0.160902276635,-0.166137695313,-0.295388847589,-0.649256169796,-0.013088514097,0.028675369918,-0.294055283070,0.032523721457,0.464469403028,0.221339941025,0.123995155096,0.022468615323,-0.234173282981,0.509896397591,1.258612871170,0.567823350430,0.321491777897,0.408341079950,-0.210663333535,-0.211379498243,-0.061145585030,-0.442144840956,-1.213980197906,-0.688274741173,0.293865948915,-0.433085769415,-0.008478723466,0.303097873926,-0.599112331867,0.283876717091,-0.299401819706,-0.393980741501,0.530747473240,-0.961063206196,-0.069002814591,-0.132869005203,-0.899757087231,0.403640747070,0.110412731767,-0.166022449732,0.708039224148,0.186219111085,-0.034787461162,-0.027362402529,-0.082120135427,-0.200863406062,-0.878408074379,-0.077390983701,-0.512049019337,-0.500088274479,0.063503988087,0.093097202480,0.234971761703,0.563905060291,0.563242375851,0.812879085541,0.712854802608,0.570395767689,-0.188429325819,0.531842291355,-0.740892231464,0.214980915189,0.318614751101,-0.407320290804,-0.116224355996,0.090533003211,-0.531669437885,0.821505963802,-0.149011492729,-0.459657907486,0.145307198167,0.197175577283,-0.305834949017,0.004379301332,-1.023595809937,0.026000047103,0.907754302025,-0.376731067896,0.228690922260,0.838982045650,0.029222782701,0.956642746925,-0.195512771606,0.160540089011,-0.149447783828,-0.185856893659,-0.017632450908,-0.083124414086,-0.288375377655,-0.437090516090,-1.068216204643,0.236939147115,-0.240058988333,-0.085733883083,0.027588775381,-0.632619738579,-0.643567979336,0.711019158363,-0.469618350267,0.754659831524,0.621465682983,-0.116438388824,1.085667490959,0.468363016844,0.327883720398,0.792859375477,0.142520740628,-0.526648044586,0.315486699343,-0.699103653431,-0.929214537144,-0.054436694831,-0.224739655852,-0.210025370121,-0.398306518793,-0.474808454514,-0.127975210547,0.061767082661,-0.131601303816,-0.290470361710,-0.437004059553,-0.094130292535,0.545120179653,-0.581274092197,0.131025075912,0.114047057927,-0.164911150932,0.446775168180,0.090932242572,0.421223789454,-0.026736788452,-0.387699902058,0.351463645697,-0.890908002853,-0.404023468494,0.234148576856,-0.916220664978,-0.230436056852,-0.013627694920,0.174789279699,1.341737389565,0.983926951885,0.139919504523,1.331258296967,0.711825847626,0.121229276061,0.701688349247,-0.039549537003,0.297829568386,-0.462716013193,-0.435477077961,0.203966796398,-0.742233932018,-0.235399797559,0.560653448105,-0.958787143230,0.449174731970,0.196698144078,-0.746843755245,-0.065874740481,0.201900616288,-0.623342514038,0.072517774999,-0.249644890428,0.058927122504,0.275076925755,-0.009898702614,0.241314336658,0.065166808665,0.512559354305,0.053214278072,-0.121966011822,-0.155917942524,-0.321734607220,-0.888738930225,-0.289511352777,-0.655664563179,-0.580084562302,-0.195401638746,-0.927222490311,-0.121052294970,0.581767976284,-0.606627941132,0.372322916985,-0.142652451992,0.178781688213,1.215420722961,0.572589576244,0.232374623418,0.450775831938,0.000049390619,0.515337586403,0.376916289330,0.081930801272,0.219545409083,0.248710572720,-0.443498939276,0.223842397332,-0.179567828774,0.281896948814,0.374454975128,-0.306382358074,-0.368799746037,0.434448122978,-0.638361394405,0.690917134285,-0.104473508894,0.483476519585,-0.327130526304,-0.566831409931,0.664452016354,0.073468543589,-0.447067409754,0.137186557055,-0.284802764654,-0.524487257004,-0.305941939354,-0.197307288647,-0.804881870747,-0.182642400265,-0.859462618828,-0.815130412579,-0.492547929287,-0.834800302982,-0.572503089905,0.441556245089,-0.608504772186,0.057396013290,0.631282091141,-0.142989963293,0.767472624779,0.378743737936,0.031568836421,1.189219117165,0.287741512060,-0.171887576580,0.635821878910,-0.419174045324,0.173085302114,-0.071834541857,-0.407995313406,0.160519510508,0.123546518385,0.083552464843,-0.018710812554,-0.247661024332,-0.416560471058,0.157605469227,0.674363076687,0.006214986555,-0.109778881073,0.120784759521,0.208160877228,1.011005401611,0.406410694122,0.119792826474,-0.291795641184,-0.110733769834,0.229365915060,-0.211260139942,-0.150402665138,-0.219808831811,-0.351673543453,-0.461510062218,-0.732615172863,-0.269804477692,-0.447351425886,-0.314704686403,-0.178353637457,-0.060577593744,-0.564736425877,0.343701094389,0.294927835464,0.289984673262,0.467696219683,0.599659740925,0.306567579508,0.041837967932,0.181061893702,-0.068788789213,0.219244956970,-0.024456588551,-0.934651553631,0.430817902088,0.078938558698,-0.748695969582,0.268903106451,0.120352596045,-0.049748700112,0.161280959845,0.116199664772,-0.147077038884,-0.042961608618,0.298854410648,0.211885750294,0.337481975555,0.089269429445,0.587299764156,0.548939704895,0.460748612881,0.212005123496,0.728264629841,-0.025958886370,0.133568704128,-0.141347721219,-0.494996905327,-1.259839415550,0.029445039108,-0.032638967037,-0.820621013641,-0.801054120064,-0.555907905102,-0.503228664398,0.784244894981,0.191927820444,0.066734962165,0.517021000385,0.410604774952,0.493416398764,0.412642151117,-0.234453141689,0.101806417108,0.579775869846,-0.363864809275,-0.321076065302,-0.304036289454,-0.730433762074,-0.400570273399,0.307238459587,-0.290770798922,0.699264168739,0.424821048975,-0.290602058172,0.383691012859,0.046600047499,0.459571510553,0.790875494480,0.791925072670,0.347627639771,0.783652186394,0.206757366657,0.505023181438,0.599754393101,0.159807473421,0.154847830534,0.363486140966,-0.438617497683,0.013598884456,-0.059050600976,-0.583167374134,-0.464531093836,-0.617123425007,-0.597560644150,-0.552133619785,-0.626240134239,-0.066179312766,-0.351850539446,-0.264322131872,0.451475530863,0.028654791415,0.690612554550,0.110984839499,0.585188269615,0.299179553986,-0.473367929459,0.340050280094,-0.600005447865,-0.968533575535,-0.481500893831,-0.366527765989,-0.962359726429,-0.015187615529,-0.143911913037,-0.117302715778,0.443173795938,0.165339201689,-0.826494395733,1.057304978371,0.086013764143,-0.474775552750,0.108856916428,0.111005418003,-0.062433861196,0.415111690760,-0.432653605938,0.573182225227,0.801041722298,-0.037347540259,0.346224129200,0.483056724072,0.260457307100,0.108363024890,-0.339041888714,-0.464864522219,-0.162021800876,-0.441741466522,0.006256144959,-0.144751548767,-0.166977331042,0.429735422134,0.339251816273,0.432427197695,1.031090855598,-0.084947749972,0.385427922010,0.834215819836,-0.674700558186,0.334617316723,-0.100695125759,-0.823958992958,0.057161413133,-0.593354165554,-0.089355863631,0.378274500370,-0.758574008942,-0.021493149921,-0.417610049248,-0.605808854103,-0.189544722438,-0.319388538599,-0.471133023500,0.021052751690,-0.104802779853,0.019735667855,-0.374701917171,0.919538140297,-0.044645000249,0.400496184826,0.720160484314,-0.384810566902,0.278340846300,-0.009602359496,-0.328307688236,0.339132457972,-0.144265875220,-0.493626296520,-0.377336114645,-0.665225744247,-0.259473621845,0.010767155327,0.124752469361,-0.032807718962,0.250463932753,-0.138717666268,0.195730894804,-0.006470170803,0.313157111406,0.376813352108,0.162153527141,1.118302345276,0.716131031513,0.281176656485,0.444420933723,0.206049427390,-0.719156205654,0.049707543105,-0.084013439715,0.004202318378,-0.017965836450,0.280188858509,-1.000098347664,0.121793143451,0.428257793188,0.168294414878,-0.013837604783,-0.403587222099,-0.520791172981,-0.085244089365,-0.079523012042,0.215668246150,-0.069698393345,-0.220755472779,0.337543725967,0.483176052570,0.553368389606,0.223369076848,0.590596556664,-0.464123636484,-0.885598480701,-0.033680286258,-0.151876151562,-0.674350678921,-0.895707130432,0.108350671828,-0.458192676306,-0.391774654388,0.655532896519,0.368779182434,0.666188895702,0.185251861811,0.953724622726,0.688608109951,0.006136784330,0.385584324598,0.147575050592,-0.736986279488,0.154514431953,-0.035227857530,-0.443799406290,-0.140672713518,-0.370367914438,0.065994098783,-0.342091768980,-0.423257023096,0.163351237774,-0.207617580891,-0.480373144150,-0.208815306425,-0.201888278127,0.073563210666,0.685949265957,-0.414276152849,0.697580754757,0.761875033379,0.128139838576,1.250257611275,0.523215413094,-0.199295267463,0.571770489216,-0.632253468037,0.114820845425,0.538621127605,-0.326607823372,-0.160511285067,-0.167586490512,-0.730878293514,0.071077212691,0.200859293342,-0.320816785097,0.327093511820,-0.448248684406,-0.012043078430,0.056099507958,0.700391888618,0.920287132263,0.287321686745,0.703087866306,0.798172950745,0.612719476223,0.483213126659,-0.330151587725,-0.387671053410,-0.395408958197,-0.019715089351,-0.000238721332,-0.704227924347,-0.653137445450,-0.178094342351,-0.071567006409,0.871217548847,0.019451672211,-0.146953552961,-0.360139906406,0.031638804823,-0.546021521091,-0.122307635844,-0.022378064692,-0.814875245094,0.081589184701,0.336802870035,-0.520634770393,0.042159009725,0.391013175249,-0.386642098427,0.448495626450,-0.044093474746,-1.215536117554,-0.275760173798,-0.733475327492,-0.385868310928,-0.446849286556,-0.316433340311,-0.018970113248,0.009301899932,0.612373709679,0.294660329819,0.985807895660,0.887269556522,0.675717175007,0.889339864254,0.083564810455,-0.086083732545,0.700317800045,-0.379509299994,0.187655538321,0.396734237671,-0.465646505356,0.620737195015,0.690637230873,-0.150814265013,0.235305130482,0.423207640648,0.302200615406,0.265445768833,-0.125822603703,-0.064240731299,0.164421379566,0.023979144171,0.468004912138,0.502409577370,-0.339185953140,-0.362769991159,1.107024908066,0.297829568386,-0.357600450516,-0.671753585339,-0.672165155411,-0.290556788445,-0.428315430880,-0.675721287727,-1.328302979469,-0.707191407681,0.265902638435,-0.121212810278,-0.811228573322,-0.748955249786,-0.279480934143,-0.106288611889,-0.200439482927,0.224027618766,0.303637057543,0.243409320712,0.319038689137,0.233699947596,0.455340355635,0.110548548400,0.407624900341,0.587316215038,-0.689649462700,-0.143792554736,-0.083675935864,0.279353350401,0.395927548409,-0.750766277313,0.133128300309,-0.709533274174,0.196632280946,0.728593945503,-0.290437400341,0.293343245983,0.148641079664,-0.444918930531,0.520552396774,0.080263867974,0.088211648166,0.167570024729,0.276221156120,0.419713258743,0.212239727378,0.514588475227,0.026053551584,-0.333860009909,-0.320314645767,-0.304052770138,-0.758302390575,-0.822621345520,0.103954911232,-0.876823425293,-0.431365340948,-0.601174414158,0.606648504734,0.129860281944,0.289906471968,0.329073220491,-0.013611231931,0.861594676971,0.863327443600,-0.480727136135,-0.009441840462,-0.351084977388,-0.127942278981,0.044192254543,-0.951394975185,-0.441976070404,-0.104428231716,0.264009326696,0.098221480846,-0.322174996138,-0.447293788195,-0.373533040285,0.582731127739,-0.091648407280,-0.557348430157,0.643522739410,0.230868205428,0.022814350203,0.998526036739,0.411419749260,0.431608140469,0.646642565727,0.347693502903,0.534044325352,-0.331995517015,-0.495379686356,0.084597900510,0.009659982286,0.062079891562,-0.927448809147,-0.829688310623,-0.543407917023,-0.245512530208,0.105938754976,-0.559620380402,0.047995332628,0.479846328497,0.397631525993,0.259181380272,0.236449345946,0.278822392225,0.599882006645,0.505780518055,0.252777069807,-0.032890036702,-0.122027754784,-0.344853550196,-0.031609997153,-0.649503111839,-0.193685308099,-0.119875140488,-0.183243319392,0.373693525791,0.005815745331,0.148521706462,0.195175260305,0.096608050168,0.093298874795,-0.139754876494,-0.150258600712,0.586521863937,-0.544161140919,-0.309222310781,0.037874370813,-0.228497475386,0.460061252117,0.573696732521,-0.538106679916,0.099266916513,0.261683851480,-0.688929140568,-0.668691337109,-0.116203777492,-0.619749367237,-0.095385633409,-0.502207934856,-0.429916530848,-0.378253936768,-0.049481164664,-0.214429363608,1.023612260818,0.322500139475,-0.087758898735,0.789196252823,-0.104111306369,0.246516808867,0.154325112700,0.028510734439,-0.169644430280,-0.287222921848,-0.224945455790,-0.361160635948,-0.098386108875,0.087767124176,-0.192409396172,0.226785257459,0.101691171527,0.005000799894,-0.289494872093,0.196352407336,0.623811781406,0.125402778387,0.150497332215,0.264511466026,0.142331406474,1.011326432228,0.188651576638,0.716954231262,-0.081778518856,0.220014631748,1.095199942589,-0.694098711014,-0.403480201960,0.571169614792,-0.519140660763,0.313836246729,-0.473680734634,-0.850275933743,0.323372721672,-0.144335851073,-0.284333556890,0.026502182707,-0.557027399540,-0.126752793789,0.511427521706,0.430002957582,0.282366156578,-0.168240919709,0.061787664890,0.433867782354,-0.125789672136,0.367894262075,-0.637015521526,-0.634187877178,0.189330711961,-0.677894473076,-0.146760106087,-0.284424126148,-0.816385746002,-0.383069515228,0.172895982862,-0.472668230534,0.106724895537,-0.217232301831,-0.189281314611,-0.554808974266,-0.650976598263,0.069591380656,-0.122949719429,-0.454529523849,0.285897582769,-0.388572454453,0.196986258030,0.489535123110,0.015735028312,-0.334666699171,0.245537236333,-0.604845762253,-0.186996996403,-0.358719944954,0.068854637444,-0.798012435436,-0.706796228886,-0.408308118582,0.350883275270,-0.137771010399,0.099209286273,0.689258396626,0.031696431339,0.344931721687,0.845493316650,0.702145218849,0.013039123267,-0.038825143129,0.387527018785,0.338062345982,-0.808199286461,0.098377883434,0.307991653681,-0.880091488361,0.271512597799,-0.247759804130,-0.594461381435,0.036046922207,-0.409991502762,0.147212848067,-0.225097730756,-0.447380214930,0.419392228127,0.358884602785,-0.116109110415,0.603948473930,0.045085404068,0.485159933567,0.997953951359,0.053983949125,0.141874551773,0.165009945631,0.102761298418,0.467778563499,-0.577516317368,-0.698366880417,-0.460090100765,-0.385267406702,-0.637859284878,-0.227028086782,-0.396355569363,-0.566547453403,0.196167185903,0.337934732437,-0.032379664481,0.346528679132,0.163692861795,0.625466287136,0.729762852192,0.448269248009,0.486538767815,0.312165170908,-0.255049020052,-0.550606608391,0.245236754417,-0.998834729195,0.171084985137,-0.067986182868,-1.302549958229,0.601470708847,-0.497692793608,0.084301553667,-0.040492076427,-0.695757448673,0.138343125582,0.043048039079,-0.252509534359,-0.397689163685,-0.462699562311,-0.384349554777,0.399919956923,0.155518710613,-0.043488439173,0.249780714512,-0.440313249826,-0.040780186653,0.627779483795,-0.095912463963,-0.291902691126,0.060075454414,-0.380295395851,0.060688722879,-0.405315876007,-0.662110030651,0.292359530926,0.234156802297,0.452665001154,0.252423107624,0.446775168180,-0.025921843946,0.616098582745,1.316399931908,-0.192997962236,0.312527358532,0.124085694551,0.026102941483,-0.108062565327,0.009355406277,-0.467881441116,0.032177988440,-0.183589056134,-0.180938422680,-0.311654806137,-0.027868656442,0.035655912012,-0.554133951664,-0.007898382843,-0.288786947727,-0.030622182414,0.455982446671,-0.469585418701,-0.197179690003,-0.137338846922,0.327583283186,-0.057556532323,-0.181181266904,0.264918923378,0.013430133462,-0.363103359938,-0.228094115853,-0.026740903035,-0.166010096669,-0.547824263573,-0.193689420819,-0.949555277824,0.014397365041,0.075621150434,-0.968080818653,-0.375516861677,-0.212713047862,-0.407666057348,0.590300202370,0.164450183511,0.377632439137,0.572486639023,0.232156485319,0.045060709119,0.946130752563,0.821110844612,-0.110256329179,0.143220439553,-0.045571081340,-0.308818966150,0.316083490849,-0.125164061785,0.096122369170,-0.302850931883,0.161556720734,0.598622500896,0.644564032555,-0.373236685991,-0.129424005747,-0.349586784840,-0.268894881010,0.000749091036,0.381077438593,-0.195582732558,-0.568222582340,-0.189050823450,0.460806250572,0.087149746716,-0.202336907387,-0.370330840349,-0.375529229641,-0.140738561749,-1.234613180161,-0.462032765150,-0.513497769833,-1.288741230965,-0.545605778694,-0.333217918873,-0.843731701374,0.023246519268,0.370409041643,-0.334740817547,0.576927721500,-0.135717183352,0.575384259224,0.556788682938,0.130798712373,0.350693941116,-0.178909286857,-0.610863149166,0.618193566799,-0.108910433948,-0.152547046542,0.020262502134,-0.299335956573,-0.239145249128,0.151258781552,-0.229230090976,-0.228979021311,0.258012473583,-0.301435053349,0.120694205165,-0.131062120199,-0.054683648050,0.456307590008,0.786590874195,0.208284348249,0.572437286377,0.198237493634,0.925139784813,0.457970380783,0.613431513309,-0.006844716612,-0.705503821373,0.365782827139,0.141598790884,-0.948542654514,-0.537267029285,0.025711933151,-0.175752416253,-0.046855233610,-0.863294541836,-0.526755034924,0.078065991402,-0.181251227856,0.116553626955,0.253472656012,-0.136132895947,0.676684379578,1.511525869370,-0.218425899744,0.738060474396,0.405612200499,-0.462514340878,0.310160756111,-0.507097601891,-0.504800915718,-0.470828413963,-0.133877381682,-0.322273790836,-0.002774106571,-0.164343178272,0.031544141471,0.284901559353,0.738986611366,0.217759117484,0.034470535815,0.091957099736,0.068237252533,0.264408558607,-0.117755465209,-0.104317098856,0.360720276833,0.300389617682,0.140997871757,-0.205502003431,0.796934127808,-0.425718337297,-0.065384946764,-0.917307257652,-0.833783626556,-0.472042620182,-0.540975451469,-0.872670471668,-0.521334469318,-0.687999010086,-0.015014748089,0.394412904978,0.500853836536,-0.248475968838,0.440708369017,0.844666063786,-0.677487015724,0.568905830383,0.410859972239,-0.926156461239,0.161601990461,0.099007606506,-0.949608683586,0.040413875133,-0.629158318043,-0.188721552491,0.922168135643,-0.682434320450,0.102329127491,0.783331096172,-0.519692242146,0.384436011314,0.096274666488,-0.699601709843,0.551545023918,0.112919300795,0.162433400750,1.261498093605,-0.120414331555,1.082053780556,0.329772919416,-0.436967045069,1.096101284027,0.181448787451,-0.019809754565,0.062837213278,-0.226678237319,0.027671094984,-0.430714994669,-0.283835530281,-0.240873932838,0.338346302509,-0.633253633976,-0.093171283603,-0.309605091810,0.134017333388,0.755268990993,-0.264519691467,0.104963295162,-0.120739482343,0.488967120647,0.910960614681,0.017838245258,0.227390289307,-0.303423047066,-0.593864619732,0.464271843433,-0.658887326717,-0.395812302828,-0.681635797024,-0.813265979290,0.426677346230,-0.003021059558,-0.083305507898,-0.095826037228,0.012339422479,0.643650293350,0.149632990360,-0.234469607472,-0.087635420263,0.189145490527,0.033021744341,-0.267902940512,0.424631714821,0.367671996355,1.008268356323,0.334316849709,-0.516115546227,-0.234807118773,0.130284219980,0.118566296995,-0.063285842538,-0.371331006289,-0.106309190392,-0.850341796875,-0.625540435314,-0.079251363873,0.316758483648,-0.174451798201,0.613015770912,-0.241837039590,0.235531523824,1.002514362335,0.075312457979,0.187058731914,0.221825614572,-0.548984944820,0.017607755959,-0.153522506356,-0.890484035015,0.294989585876,-0.776210606098,-0.721835672855,0.468186020851,-0.815175712109,-0.202596202493,0.088384509087,-0.443671822548,0.146327942610,0.376578778028,-0.450133770704,0.272874951363,0.806301891804,-0.148192435503,0.344631254673,0.665855526924,-0.068640612066,1.190309762955,0.131683617830,-0.248768195510,0.421837031841,-0.009466535412,-0.173649191856,-0.043574873358,-0.800819456577,-0.180304571986,-0.103321053088,-0.765151202679,-0.507817864418,0.192693367600,0.027621705085,-0.237782910466,0.469210863113,0.452224642038,0.230987578630,1.042541265488,0.397730290890,0.360917836428,0.574009537697,-0.197521314025,0.533694446087,0.338535636663,-0.261955499649,0.028852352872,-0.577248752117,0.217178791761,-0.504837989807,0.009149611928,0.055967804044,-0.483460068703,0.155094772577,-0.055679693818,-0.730421364307,0.601310193539,-0.417894035578,-0.418659567833,0.263466030359,0.057050280273,0.028354329988,0.244450643659,-0.510731935501,0.022452151403,0.501940429211,0.200669959188,-0.124752469361,-0.236457586288,-0.987483084202,0.136939600110,-0.395668268204,-0.063944391906,-0.739768505096,-0.344413131475,-0.164668321609,-0.540963113308,0.506636619568,-0.077456839383,0.227818340063,0.705944240093,0.016850432381,1.027267217636,0.107667438686,-0.161626696587,0.207605242729,-0.258518725634,-0.232345819473,0.260045737028,-0.699828028679,-0.329781144857,-0.490716367960,-0.496342778206,0.210329949856,-0.495750099421,-0.200048476458,0.448565602303,-0.290309846401,0.062141627073,0.112211368978,0.182078525424,0.092977836728,0.365000784397,-0.229094281793,0.197385504842,0.277097851038,0.557500720024,0.032400246710,0.974476933479,0.136124655604,-0.514296293259,0.650807857513,-0.062643773854,0.022098185495,0.311284363270,-0.302645117044,-0.196274191141,-0.513143837452,-0.263544231653,0.150653734803,-0.402657032013,-0.004823816940,0.850448846817,0.059886123985,0.544276356697,0.325796991587,0.940385043621,0.820575714111,0.008812109940,0.446046680212,0.328167736530,-0.456496924162,0.376619964838,-0.380283057690,-0.009927514941,-0.534217178822,-0.218228340149,-0.381558984518,-0.309835582972,0.126929774880,0.377603620291,0.231584385037,-0.680853784084,-0.388350188732,-0.225875645876,-0.264433264732,0.359411418438,-0.633191823959,-0.658504545689,-0.521803677082,0.237404227257,0.255168408155,-0.237655296922,0.237235486507,-0.155465200543,-0.116496004164,0.398537009954,-0.209622010589,-1.238045811653,-0.577219963074,-0.453632265329,0.218092516065,-0.443634778261,-0.396392643452,0.283119380474,-0.122846819460,0.683681368828,0.722267866135,0.558188080788,0.991627812386,0.625095903873,0.652762889862,0.394898593426,0.212120354176,0.122394062579,0.571013152599,-0.402484148741,0.308288007975,-0.221220582724,0.077757298946,0.201069205999,-0.154753163457,0.155732735991,-0.220714330673,-0.177942067385,-0.109066836536,-0.104880981147,0.359810650349,0.229896873236,-0.058688402176,0.473861843348,0.062841325998,0.123505353928,0.318762928247,0.460411131382,-0.032774791121,0.170619890094,-0.508653402328,-0.246146380901,-0.481270402670,-0.475541114807,-0.473055124283,-1.010075211525,-0.830342769623,-0.465181440115,-0.487386643887,0.280695110559,-0.126798063517,-0.253081649542,-0.346569865942,0.384304314852,0.521392107010,0.400977760553,0.172356799245,0.661011099815,-0.034614592791,0.377578914165,0.457497090101,0.014985936694,-0.309522777796,0.204543009400,-0.315033942461,-0.058462027460,-0.251888036728,0.127201423049,-0.429451406002,0.412255257368,-0.132062286139,0.287795007229,-0.180057615042,0.012681040913,-0.230884686112,0.244195461273,0.118677422404,0.327258139849,-0.112894602120,-0.073970682919,-0.039109136909,0.759965181351,0.075855761766,0.273541718721,0.195603311062,-0.779556870461,0.051008161157,-0.889500379562,-0.168203860521,-0.707693457603,-1.154378175735,-0.184412211180,-0.501166641712,-0.298286408186,0.554417908192,0.081033542752,0.253801912069,1.347367882729,0.308617293835,0.372487574816,0.662747979164,-0.181498184800,0.051181029528,-0.063631579280,-0.163511753082,0.239630937576,-0.284041345119,-0.240552902222,0.046143189073,-0.217203468084,-0.089771568775,-0.210301145911,-0.305135250092,0.722123742104,0.192541092634,-0.361378818750,0.302756249905,-0.650997161865,0.336428314447,1.207612991333,-0.332382410765,0.339284747839,0.023868015036,-0.019665697590,1.029498100281,-0.715093851089,-0.123192556202,0.255666434765,-0.807870030403,0.155189439654,-0.316606223583,-0.808219850063,0.002518921625,-0.734397351742,-0.479525297880,0.240532308817,-0.452175229788,0.085523970425,-0.051444444805,-0.078839771450,0.147937253118,0.458472549915,0.473141551018,1.061079263687,0.511209368706,0.236807435751,-0.161507323384,0.998353123665,-0.129539251328,0.208119720221,-0.096319936216,-0.162663891912,-0.013290192932,0.070077054203,-0.572951793671,0.615703463554,0.392293244600,0.379620432854,-0.148945644498,-0.362016767263,0.497165977955,0.098805934191,0.170706331730,-0.286152780056,-0.860335230827,0.648984491825,-0.059293437749,0.280493438244,0.504150629044,-0.622848629951,0.293763041496,0.492757827044,-0.032260306180,0.200221329927,-0.361300617456,-1.370330333710,-0.334637910128,-0.599882006645,-0.867389798164,0.071789264679,-0.365400016308,0.268540918827,-0.006214986555,0.318112611771,0.129378736019,0.327142894268,0.356472671032,0.593255400658,0.235622078180,-0.268071711063,-0.291219443083,0.232485771179,-0.575750589371,-0.162894368172,0.437065839767,-0.103419840336,-0.392116248608,0.110881946981,0.245080366731,0.063730366528,-0.228048846126,0.161099851131,-0.011837285012,0.038055472076,0.459102272987,0.461061418056,0.541592836380,0.041706260294,0.554973542690,0.342511594296,0.972571253777,0.437448620796,0.294680893421,-0.621029436588,0.283321052790,0.580981850624,-0.887454748154,0.005749891046,-0.191726148129,-1.096611738205,-0.112116701901,-0.043204445392,-0.703989207745,-0.334975421429,-0.465547710657,0.119368895888,-0.095459721982,-0.178444191813,-0.057976353914,0.428290754557,0.653647780418,-0.124052770436,0.035042643547,-0.005330070853,-0.113742478192,0.007058742456,-0.737924635410,-0.329513639212,-0.015504538082,-0.441963732243,-0.016969794407,-0.071241848171,-0.291729807854,-0.005284796469,0.460246473551,0.099736116827,-0.122916780412,0.247006595135,-0.237704694271,0.750268220901,0.350426435471,-0.456274628639,0.102427907288,0.147435113788,0.592843830585,0.518753767014,-0.335317045450,0.109984681010,0.734026908875,-0.445836782455,0.457529991865,-0.695016562939,-0.283790260553,-0.370754808187,-0.152793988585,-0.583912372589,-0.495939433575,-0.090623557568,0.544424593449,0.094360776246,0.475751042366,0.500339269638,0.629129469395,0.735669136047,0.497618705034,-0.458756506443,0.263120293617,0.510480821133,-0.448927819729,0.167726427317,-0.473919421434,-0.163038432598,0.062960691750,-0.542790532112,0.078057758510,-0.067636333406,-0.547844886780,0.401430457830,-0.226431280375,-0.414440810680,0.125666201115,-0.125345155597,-0.168179169297,0.219821184874,0.484649568796,0.177238225937,0.505924582481,-0.156658813357,0.516749322414,-0.223521366715,-0.699889779091,0.447466641665,-0.686517238617,-0.270257234573,0.505842268467,-1.418840169907,-0.247348219156,-0.604355990887,-0.394128888845,0.424672901630,-0.401191771030,0.218113079667,0.298986107111,-0.114368088543,0.213001161814,0.501783967018,-0.168228566647,0.324842095375,0.743464648724,-0.411041080952,0.434493392706,0.210301145911,0.045389976352,0.141923949122,-0.335469335318,-1.086824059486,-0.036524362862,-0.161688417196,0.595630288124,0.473911195993,-0.405780971050,-0.657734870911,0.407102167606,0.386835545301,-0.065808884799,-0.198447391391,-0.476310759783,-0.338264018297,-0.255711704493,0.074518091977,0.428019106388,-0.321722269058,0.624145150185,0.127806454897,0.360024690628,0.669633865356,0.184070602059,-0.227110415697,0.138017967343,-0.732582211494,0.152699321508,-0.232214108109,-0.704993486404,0.015113529749,-0.236391738057,0.272936671972,0.638349056244,0.195644482970,0.210268214345,0.545688152313,0.868653416634,0.320438116789,0.086845174432,0.080321490765,-0.363716632128,-0.504393458366,0.182201996446,-0.779890239239,-0.011079961434,-0.306378245354,-0.048637412488,0.462526679039,-0.740003168583,-0.278744190931,0.078469343483,-0.656286120415,0.316416889429,-0.081119976938,-0.680746793747,-0.013438363560,-0.054440807551,-0.218133673072,0.839323639870,0.281073778868,0.355937600136,0.433316230774,-0.226686462760,0.454249620438,0.091911830008,-0.751659393311,0.557994663715,-0.803519546986,-0.674601733685,0.333341419697,-0.767336785793,-0.439650595188,0.409304171801,-0.509147346020,-0.082041934133,-0.173447504640,0.345417410135,0.275677859783,0.464654624462,0.760059893131,0.407139241695,0.125003531575,0.637488842010,0.000732627464,0.226003244519,0.466766059399,-0.184687986970,-0.147472158074,0.061594214290,0.050559531897,-0.730911195278,-0.179818898439,0.049370035529,0.390679806471,0.231732562184,-0.173126474023,-0.273282408714,-0.144253522158,0.408151745796,-0.084132805467,-0.125332802534,-0.391605883837,-0.111116543412,0.009643518366,-0.648589372635,0.472380101681,-0.408522188663,0.449384659529,0.194051638246,-0.753643274307,-0.102110989392,-0.729832828045,-1.152534246445,-0.050637729466,-0.237708806992,-0.895262598991,-0.345368027687,-0.127283737063,-0.013117324561,0.377344340086,0.286770164967,0.253229826689,0.900094628334,0.055790822953,0.860845565796,0.163322433829,-0.360605031252,0.180115237832,-0.424981594086,0.000959001190,0.652338922024,-0.550985276699,0.404200464487,-0.660677731037,-0.069167442620,0.758388876915,-0.755511820316,0.128374442458,-0.285486012697,-0.495852977037,0.788475990295,-0.102242693305,-0.256493717432,0.351570636034,0.324088901281,0.638777077198,0.511814415455,0.473116844893,-0.483073174953,0.615938067436,-0.089182995260,-0.298162937164,-0.811677217484,-0.488567858934,-0.686809480190,-0.153254970908,-0.711702346802,-0.458521932364,-0.684809148312,-0.233255431056,0.229896873236,0.030000686646,-0.401776224375,0.094220831990,0.005367114209,0.738443255424,0.722424209118,-0.077588550746,0.693983495235,0.038853950799,0.313597500324,0.098954103887,0.210033595562,-0.551730275154,-0.692271292210,0.036223903298,-0.668748974800,0.218726366758,0.573643267155,-0.315577238798,0.654722034931,-0.257144004107,-0.049361810088,0.210457548499,-0.257004082203,-0.122727461159,0.133243545890,-0.265803843737,0.143780216575,-0.308967143297,-0.188865616918,0.480550140142,-0.367964237928,0.103259325027,0.947357356548,-0.535172045231,-0.570819735527,-0.060775157064,-0.659932732582,-0.011219901964,-0.628079950809,-0.815595507622,-0.126740440726,-0.160614177585,-0.134717032313,0.644205927849,0.106634341180,-0.059453960508,0.278377860785,0.081996656954,0.223953545094,0.057181987911,-0.202555030584,-0.133148878813,-0.102917701006,-0.117718428373,0.433180421591,-0.006770630367,-0.087256759405,0.243557497859,-0.341873645782,0.242166325450,0.369812250137,-0.238585501909,-0.038697548211,0.033396288753,0.419013559818,0.283152312040,-0.012318843976,0.651342928410,-0.086017876863,0.152501761913,0.373903423548,-0.098542518914,0.562834918499,0.022970752791,-0.019900303334,0.319824844599,-0.393597960472,0.206226408482,0.137017801404,-1.471881508827,0.051086362451,-0.334090501070,-0.343384146690,-0.052247039974,-0.880700588226,-1.044228792191,0.411477357149,-0.193623572588,0.280839174986,0.121628515422,-0.250830262899,0.340581238270,0.756643712521,-0.362411886454,0.590514242649,0.469803571701,-0.481237500906,0.259350150824,-0.082021355629,-0.190956488252,0.032445520163,-0.291672170162,0.226036161184,-0.283102899790,-0.122377604246,0.260634303093,0.102934166789,-0.036207441241,0.056465826929,0.356279253960,0.086145468056,-0.158469796181,0.426249265671,-0.326953560114,0.880149066448,0.033416870981,-0.049975074828,0.816431045532,-0.173739731312,0.101526528597,0.199278801680,-1.076135158539,0.278744190931,-0.586591839790,-0.784129559994,-0.562233984470,-0.592065930367,0.132292777300,-0.181580498815,-0.194796606898,0.166504010558,0.564794063568,0.202789649367,0.381044507027,-0.016661101952,0.722448945045,0.299010813236,-0.136964306235,-0.482402324677,0.266882210970,-0.753079354763,-0.584072887897,0.238717213273,-0.562057018280,-0.656886994839,-0.169627964497,-0.948822617531,-0.220660805702,0.080934762955,0.017591292039,0.173118233681,-0.150357380509,-0.205703690648,0.256699502468,-0.065467268229,0.735039412975,0.215524181724,0.338074684143,0.263643026352,-0.298051804304,0.362457156181,0.127810582519,-0.798687458038,0.386284023523,-0.407287389040,-0.147710874677,-0.259420096874,-1.170096635818,-0.951724290848,0.074460476637,-0.193133771420,-0.058206845075,-0.216195091605,-0.336020857096,0.417243719101,0.599523901939,0.694427967072,1.275784373283,0.793822467327,-0.145854622126,0.488004028797,0.640999674797,0.094422511756,0.180662646890,-0.394766896963,-0.367029905319,-0.033873733133,-0.075135476887,-0.620535492897,0.577471017838,-0.137507602572,-0.073192782700,0.500392794609,-0.155708044767,0.411851912737,0.296590685844,-0.612764716148,0.245487853885,0.334720224142,0.208325520158,-0.215009704232,-0.069035738707,-0.050720050931,0.700074970722,0.206728547812,0.066368639469,-0.215635329485,-0.553541243076,-0.399603039026,0.305308133364,-0.478323459625,-0.752729475498,-0.404533892870,-0.707545280457,-0.105955228209,-0.186914697289,-0.016257746145,0.514921903610,0.023053072393,-0.009211350232,0.298500448465,0.304250329733,0.313609838486,-0.491881191730,-0.176036387682,-0.319392681122,-0.177053034306,0.259745270014,-0.530471742153,-0.213482707739,-0.347039073706,-0.468103706837,0.376858651638,0.258666902781,-0.445873796940,0.188449904323,-0.201192691922,-0.239989012480,0.404863148928,-0.112359546125,0.262424707413,-0.319409132004,-0.273241251707,0.711023211479,0.412827372551,1.091244578362,0.378365069628,0.101267233491,0.842130661011,-0.418219178915,0.535637140274,0.372446447611,-0.879004836082,0.541210055351,-0.432414859533,-0.990825176239,0.194356203079,-1.060610055923,0.335934400558,0.158362790942,0.006577183958,0.184959635139,0.106259800494,0.303303658962,0.822613120079,0.312078744173,0.269434064627,0.249422609806,0.091043375432,0.856544435024,-0.306563466787,-0.063907347620,0.282436132431,-0.194508492947,-0.353134691715,0.046357214451,-0.396314442158,0.409806311131,-0.329381912947,0.060408841819,0.269425839186,-0.090006172657,-0.147118180990,0.273084849119,-0.189022019506,0.046525962651,-0.407538473606,0.138804107904,0.143669083714,0.039656549692,-0.205012232065,0.332489430904,0.289165616035,-0.002580659697,0.194179207087,-0.091306790709,-0.206057667732,-0.222673490644,-0.864224731922,-0.271096855402,-0.929967761040,-0.593255400658,0.240058988333,0.141401231289,-0.185745760798,0.391470015049,0.582685828209,0.817834496498,0.687537968159,0.198797240853,-0.036775432527,0.343083709478,-0.108523540199,-0.048238173127,-0.452022939920,-0.415951341391,0.182107329369,0.163701087236,-0.146970018744,-0.247788622975,-0.399109125137,-0.124028071761,0.503726661205,-0.160387799144,-0.170270040631,-0.099299840629,-0.372800379992,0.341392070055,0.361514627934,-0.071591705084,0.152213662863,0.340445399284,0.637641131878,0.807240247726,-0.113767169416,-0.402418285608,-0.263161450624,0.026819106191,-0.607595145702,-0.105547755957,-0.807911157608,-0.284362375736,-0.606804907322,0.054519012570,-0.053424187005,-0.283576250076,0.375154674053,-0.073126927018,0.471133023500,0.124312065542,0.191133454442,0.435032546520,0.329912871122,0.311782389879,-0.000567992101,0.724976062775,-0.194059863687,0.146467879415,-0.276048302650,-0.131095051765,-0.727762579918,-0.198130473495,-0.163260683417,-0.663781106472,0.277776956558,0.039051514119,0.290379792452,-0.440593123436,0.340033829212,0.209947183728,-0.199809744954,0.606734931469,-0.218376517296,-0.195644482970,0.476183176041,0.066809043288,-0.058005165309,0.138956397772,-0.066459193826,0.596819758415,0.229732215405,-0.118895567954,-0.277554690838,-0.129107072949,-0.280518144369,-0.208930552006,-0.436991721392,-0.548828542233,-0.320075899363,0.165240421891,0.219854101539,0.474145829678,0.381081551313,-0.052168842405,0.157724827528,1.005794763565,0.316248118877,0.072320215404,0.141956865788,-0.731680810452,0.196805149317,0.121109910309,-0.628331005573,0.192804515362,0.126053094864,-0.222624108195,-0.012705736794,0.572869420052,-0.344413131475,-0.077370405197,0.523725748062,-0.818624794483,-0.165046989918,0.280847400427,-0.710294723511,-0.237050265074,0.430155217648,-0.490127801895,1.289782524109,-0.145945161581,0.146439060569,0.586431264877,-0.075242497027,-0.069406166673,0.044352777302,-0.044336315244,-0.461876392365,0.031918685883,-0.146562546492,-0.297936558723,-0.553281903267,-0.972007393837,0.039364323020,0.032898269594,0.080490246415,0.290709078312,-0.044920764863,0.561711251736,0.772926151752,0.314774632454,0.675301432610,0.422454416752,0.393145203590,0.773831605911,0.259823471308,-0.303896367550,0.112668231130,-0.240816310048,-0.383098363876,0.032396130264,-0.054420232773,0.192244738340,0.298879116774,0.010372029617,-0.048369877040,-0.140265241265,-0.431208908558,-0.261321634054,-0.228032365441,0.544630348682,-1.130473017693,-0.260658979416,0.245689526200,-0.134058475494,0.637900412083,0.086536481977,-0.276278764009,0.301797270775,-0.398816883564,-0.536884248257,-0.235770240426,-0.587801873684,-1.008432984352,-0.298109412193,-0.782594382763,-0.616752982140,0.112322494388,-0.000679121003,0.410765320063,0.216009870172,0.399644166231,0.435522347689,0.710957407951,-0.036890674382,0.500199377537,-0.013701781631,0.203983262181,-0.039039168507,-0.304707169533,0.239038243890,-0.020542381331,-0.238606065512,0.308864235878,-0.550310313702,0.289214998484,-0.007536185440,-0.228859663010,-0.177958518267,-0.195224642754,0.101761139929,0.959034144878,0.258946806192,-0.184231132269,0.646947145462,0.335716277361,0.575528323650,0.543531417847,0.487839370966,-0.185972154140,-0.190865933895,-0.187898367643,0.061421349645,0.392852962017,-0.134931042790,-0.846649825573,-0.665044665337,-0.572120308876,0.237264305353,0.476594775915,-1.147492289543,-0.236070707440,0.186503082514,0.035104382783,0.425491958857,0.656751155853,-0.064409479499,0.179057464004,-0.292548865080,0.721819221973,0.332040786743,0.039685361087,-0.200501218438,-0.602425575256,-0.229275360703,0.105214364827,-0.111857406795,-0.263597726822,-0.240783378482,0.057803485543,-0.567675173283,0.317614585161,-0.025818943977,-0.062713734806,0.550260901451,0.138219639659,0.335292339325,-0.020295428112,-0.228625059128,-0.191075846553,0.013109094463,0.224933102727,-0.134585320950,0.295952707529,-0.227205082774,-0.002008551732,-0.651935577393,-0.548935592175,-0.709722638130,-0.470416814089,-0.276122361422,-0.290853142738,-0.564357817173,0.287107646465,0.061516016722,-0.002827612916,0.483933418989,0.458349049091,1.124406218529,0.831939697266,0.266956299543,0.369787573814,-0.245319083333,0.332238346338,0.115524657071,-0.231975376606,-0.133914440870,-0.574458181858,-0.268660277128,0.275373280048,-0.178563550115,0.293676614761,-0.258963257074,0.482521653175,0.301797270775,0.570329904556,0.102069832385,-0.102995902300,0.531731128693,0.067772157490,-0.045241806656,0.424096673727,0.018381541595,0.346516340971,-0.077958971262,-0.054605446756,0.372718065977,0.263601839542,-0.454879343510,0.028527198359,-0.457414746284,-0.104905672371,-0.112120814621,-0.182535380125,-1.030358314514,-0.376928627491,-0.279233962297,-0.145652934909,0.446631133556,0.115080140531,0.046542428434,-0.073452085257,0.268734365702,0.492737263441,0.126830995083,0.474075853825,0.209580853581,0.108091369271,0.699095368385,-0.063392862678,-0.317672252655,-0.396092176437,0.356908977032,-0.395042628050,0.184354603291,-0.182444825768,-0.387267708778,0.113108634949,0.208893492818,-0.335428148508,-0.109597779810,-0.211486503482,-0.374808937311,-0.363482028246,0.318087935448,-0.324352324009,-0.130876913667,-0.283543318510,0.626544654369,0.535665988922,0.138540685177,-0.351204365492,0.388292610645,-0.360963076353,0.080259755254,0.083869390190,-1.580853819847,-0.308790147305,-0.101131401956,-0.670531153679,-0.741892337799,-0.149637103081,0.275216877460,0.545457661152,-0.426380991936,0.696140170097,0.340659439564,0.132091104984,0.673601567745,-0.064224265516,0.059235814959,0.331645667553,-0.692267119884,0.233111366630,0.300636589527,-0.234733030200,-0.268668502569,-0.297183364630,-0.044743783772,0.163491174579,-0.526195287704,0.212997049093,0.262482315302,0.130654647946,0.641617059708,0.233975723386,0.327813774347,0.225538134575,0.379126518965,0.919550418854,0.724371075630,0.365128368139,0.413230746984,-0.107449293137,0.217870265245,0.161132782698,-0.330073386431,-0.006330231205,-0.540168762207,-0.663126647472,-0.034165959805,-0.686784803867,-0.518527388573,-0.211766391993,-0.729161977768,-0.111482858658,0.760269820690,-0.222529441118,0.362728804350,0.086466506124,0.030543982983,0.723761916161,0.005235405639,0.236906215549,0.455496758223,-0.887269556522,-0.282308548689,-0.353356957436,-0.977893054485,-0.328044265509,0.004136464559,-0.952061831951,0.404904276133,-0.231930121779,-0.335288226604,1.133897423744,-0.344771206379,0.246911928058,-0.244808718562,-0.839677631855,0.348121523857,0.417737632990,-0.580043435097,0.689488947392,-1.052118897438,-0.001518761623,0.809265255928,-0.326916515827,-0.316602110863,0.316581517458,-0.479179531336,0.469042152166,-0.578676939011,-0.711739420891,-0.023773351684,-0.200143143535,0.074476934969,0.325554162264,-0.043183863163,0.153312593699,0.561995267868,0.746049404144,0.285164952278,0.598416745663,-0.214894473553,0.251336514950,-0.185581132770,0.233971610665,-0.462942361832,-0.559645116329,0.289688318968,-0.035960488021,-0.058746024966,0.074752703309,-0.324829757214,-0.334209859371,0.220817238092,-0.098925292492,-0.061347268522,0.272105246782,-0.434386372566,0.257810801268,-0.147694423795,0.304357320070,0.101172566414,0.432587742805,0.251332402229,0.019085358828,0.260123938322,0.083400174975,-0.089434064925,-0.195973739028,-0.227394416928,0.095583200455,-0.174373582006,0.012907415628,0.056758049875,-0.413975685835,-0.282481431961,-0.166055381298,-0.218734592199,0.315844774246,0.003671369283,-0.192273557186,0.582393586636,-0.206177026033,0.867204666138,0.209181606770,0.502800583839,0.745728373528,0.526800334454,0.201698943973,-0.295977383852,0.148529931903,0.157840073109,0.007997164503,0.358337163925,-0.467222899199,-0.635171592236,0.314931064844,0.160375446081,0.034902703017,-0.030083002523,-0.277484714985,0.099863722920,0.149423092604,-0.516971588135,-0.864179432392,-0.539069771767,0.265021830797,-0.196323588490,0.440531402826,-0.189256623387,0.146661326289,0.861327111721,0.513699471951,-0.242273330688,0.247998535633,-0.695370554924,0.107218801975,-0.535670101643,-1.188280701637,-0.619971632957,-0.533591568470,-0.332081943750,0.418408513069,-0.158712640405,-0.134996905923,1.094586610794,0.315470218658,0.022703219205,0.589707553387,-0.008528113365,0.509760558605,-0.117701955140,-0.161297410727,-0.048168200999,-0.010874168016,0.182086750865,-0.527207791805,-0.192656353116,0.280073612928,-0.201933547854,0.348384976387,-0.517860651016,-0.880593538284,0.208605408669,-0.425372600555,0.497997373343,-0.124719545245,-0.374096900225,0.391412436962,0.508221209049,0.960449993610,0.626314222813,-0.359711885452,0.451714277267,0.154798433185,0.043772432953,-0.361424088478,-0.251846879721,-0.478895545006,-0.656660616398,-0.171772345901,-0.048662107438,-0.840447247028,-0.830120503902,0.386312842369,-0.335131824017,-0.521791338921,0.486884474754,-0.195689752698,0.460374087095,0.813949167728,0.763665378094,0.908853232861,0.449697494507,0.297878921032,0.304361462593,0.331690937281,-0.131288498640,-0.146430835128,-0.246241047978,-0.314914584160,-0.025534950197,-0.372236520052,-0.651470482349,-0.009758763015,0.317363530397,0.680952548981,0.194376781583,0.159206539392,0.052596889436,0.163701087236,0.552261173725,-0.244500026107,-0.422001689672,0.124040424824,-0.521223306656,0.474680900574,-0.064858116210,-0.702091813087,0.513938188553,-0.614266991615,-0.352023422718,-0.408723860979,-1.067425966263,-0.060997411609,-0.606195747852,-0.601705312729,-0.622716903687,-0.254826784134,0.355464279652,-0.479706376791,0.598243832588,0.722325444221,-0.181967377663,0.676997184753,0.664353251457,-0.210535734892,0.423615098000,-0.327254027128,-0.829309642315,-0.117669031024,-0.199945569038,-0.005766354967,0.203872129321,-0.239684432745,-0.397368133068,0.131889417768,0.449014246464,0.034717489034,0.623943448067,-0.293030411005,-0.145311310887,0.334633797407,-0.016689913347,-0.396051019430,0.778713107109,0.085058875382,0.167133733630,0.320269346237,0.286226868629,0.256197363138,-0.739953815937,0.041463423520,0.086223676801,-0.560937464237,0.063133560121,-0.680372238159,-0.779215216637,0.064178995788,-0.389321565628,-0.445120632648,-0.033688515425,-0.104391187429,0.061425466090,0.519704580307,0.198138698936,-0.133943244815,0.590954601765,0.494737595320,0.433217465878,0.546140909195,0.174435317516,-0.217117041349,0.098912939429,0.349278092384,0.141261279583,-0.021661901847,-0.516918122768,0.303859323263,-0.042101386935,0.514691412449,-0.229810431600,0.024563601241,0.452430427074,0.154995992780,-0.492263942957,0.251505255699,0.189034357667,0.556047797203,0.505377173424,0.397516280413,-0.299603492022,0.011022340506,0.522132933140,0.292124927044,0.253682553768,0.077485643327,-0.303180187941,-0.383456408978,-0.437148153782,-0.152283623815,-0.836368381977,-0.046110257506,-0.725041985512,-0.345005810261,-0.880091488361,0.044077012688,0.447437852621,0.022069375962,0.220825463533,0.078296482563,0.425594866276,0.608237266541,-0.157551959157,-0.242968916893,-0.245096832514,-0.389654934406,0.296640068293,-0.869579493999,-0.438238859177,-0.465477794409,-0.806857526302,0.463316917419,-0.499281555414,-0.283218145370,0.025983581319,-0.333645969629,0.321298331022,-0.339231222868,0.267713606358,-0.047863628715,0.513835310936,-0.005054306705,0.672247469425,0.512588202953,0.381670117378,0.493449300528,0.528022766113,-0.347594708204,0.114413365722,0.159873321652,0.462613105774,-0.532895982265,-0.321606993675,-0.567366540432,-0.514921903610,0.198447391391,-0.540288090706,-0.314618229866,-0.456698596478,-0.439551830292,0.695465207100,0.104683414102,0.736430585384,0.686533689499,0.047875974327,0.626252472401,0.105897605419,0.403048038483,-0.259621798992,0.291301757097,-0.633405864239,-0.050604805350,-0.458715379238,-0.887874543667,0.201472580433,-0.247360572219,-0.559817969799,0.714962184429,-0.285897582769,-0.249344423413,0.042348340154,0.175867646933,0.404739677906,-0.409769266844,0.174830436707,0.223805367947,0.298747390509,0.249616071582,0.343100160360,0.388329625130,0.045348819345,-0.070994898677,0.530652761459,-0.418663680553,-0.239877894521,-0.849263429642,-0.513193190098,-0.350669264793,-0.389675498009,-0.351290762424,-0.225501105189,0.437637954950,0.239919051528,0.534859240055,0.452549785376,0.948485076427,0.147315755486,0.596235334873,0.663167834282,-0.055436853319,0.454047948122,-0.204164370894,-0.307209670544,-0.202172279358,-0.897230029106,-0.188100054860,0.169129952788,-1.117919564247,-0.086289525032,-0.167672917247,0.123805813491,-0.541675150394,-0.188178256154,-0.591637849808,0.561386108398,-0.076971165836,-0.012446436100,-0.410522490740,-0.188478723168,0.000510369719,0.500067651272,-0.286630213261,-0.025613151491,-0.258465230465,-0.406661778688,-0.137655779719,-0.264136910439,0.098715379834,-0.228192895651,-0.739867329597,-0.190022170544,-0.111367613077,-0.171862885356,-0.153526633978,-0.280279397964,-0.043504904956,0.250698536634,0.103613287210,-0.024456588551,0.551964879036,0.614876151085,0.684088885784,-0.178164303303,0.406723499298,0.451018691063,0.139623165131,-0.237165525556,-0.098299682140,-0.480920583010,0.213622659445,-0.068122006953,0.141392990947,-0.079461276531,-0.147579163313,0.157461404800,0.160066768527,0.397446304560,-0.119311273098,0.047275051475,-0.190417304635,0.057330161333,0.022336907685,-0.102024555206,-0.298158824444,-0.368252366781,0.339515239000,0.640493392944,0.082930959761,0.078654557467,0.283493936062,0.177505776286,-0.677112460136,0.070982553065,-0.409559369087,-0.345828980207,-0.233930438757,-0.346392869949,-0.691164076328,0.204934030771,0.002909930656,-0.159803345799,0.828465878963,0.403566628695,0.389317452908,0.589324772358,-0.716336786747,0.408662110567,-0.025860104710,-0.079510666430,0.484159767628,-0.333082109690,-0.401743322611,0.304349094629,-0.395046740770,-0.197883516550,0.381731867790,-0.572536051273,0.188890308142,-0.142751231790,-1.008708715439,0.366478413343,-0.217841446400,-0.029296869412,0.323920130730,-0.065800651908,-0.323841929436,0.389465600252,-0.136042341590,0.638517796993,0.709088802338,-0.824321210384,0.320211708546,-0.029366839677,-0.540415644646,0.613624930382,-0.626219511032,-0.640460491180,-0.095649041235,-0.848386764526,-0.190750673413,-0.137775138021,-0.785726547241,-0.013351930305,0.152135461569,0.180152282119,0.495062768459,0.329460114241,0.446729928255,0.821287751198,0.435016095638,0.476067930460,0.621342241764,0.573799610138,-0.116076186299,-0.194228604436,-0.191919595003,0.206666812301,-0.518395721912,0.261284589767,-0.178794041276,0.081469826400,0.546424865723,0.427212387323,-0.357695102692,0.725136637688,-0.367326259613,-0.326640725136,0.325249582529,-0.543247401714,0.166549280286,0.140767380595,-0.366778850555,0.400278031826,0.097616441548,0.226702943444,0.162108242512,0.157765984535,-0.562645554543,-0.265025943518,-0.364165276289,-0.821794033051,-0.454710632563,-0.525787830353,-1.031132102013,-0.230687126517,-0.010997644626,-0.011252829805,0.919311702251,0.140862047672,0.245401412249,0.949612855911,0.303455948830,0.121603824198,-0.225604012609,0.023085998371,-0.005206594244,0.374784231186,0.354937434196,0.211745828390,-0.721238911152,-0.649070918560,0.582537651062,0.206242874265,0.024234330282,0.669498085976,-0.525446176529,0.124221526086,0.759298443794,0.268532693386,0.419297546148,-0.063137672842,-0.079288408160,0.932429015636,0.314305424690,-0.061429582536,0.204703524709,0.085700958967,0.313441097736,0.110313951969,-0.692304193974,-0.628540873528,0.011302220635,-0.709422171116,-0.641551196575,-0.170940935612,-0.620543718338,-0.872715771198,0.253863662481,-0.276356995106,-0.813348233700,-0.231757238507,0.243586286902,0.181354120374,0.351904064417,-0.028107378632,0.321397095919,0.263017386198,0.217792049050,0.340445399284,-0.019941462204,0.145060256124,-0.763838231564,0.086643494666,-0.025164518505,-0.230411350727,0.425191491842,-0.148978576064,-0.463353961706,0.163273036480,-0.013940501958,0.158226966858,0.697922348976,-0.505315423012,-0.147472158074,0.387205988169,-0.262535840273,0.664015710354,-0.074221752584,-0.333489567041,0.216573759913,0.473569601774,-0.023275328800,0.164795920253,-0.283683270216,-0.414679497480,0.217401042581,-0.205736622214,-0.606702029705,-0.186103850603,0.227377936244,-0.118175283074,0.143171057105,-0.375483930111,0.131000384688,0.314136683941,0.318376064301,0.156066119671,0.282658398151,0.253966569901,0.302916795015,0.290725529194,-0.320257008076,0.052971437573,-0.178226038814,-0.652223706245,-0.064759328961,0.162067085505,-0.609369099140,-0.209601446986,-0.196908056736,-0.002012667712,-0.133696287870,0.348813027143,0.151382252574,-0.227180376649,0.311461359262,0.064891040325,-0.146188005805,0.701618492603,0.293302088976,0.191084071994,0.416556358337,0.116236701608,0.617950737476,0.256777703762,0.157502561808,0.359201520681,-0.174089595675,0.561974704266,-0.370577812195,-0.645164966583,-0.194352090359,-0.975365877151,-0.211054354906,-0.287519276142,-0.399541288614,-0.188639238477,-0.322701841593,0.498915225267,0.508484661579,0.384448349476,-0.347775787115,0.567461192608,0.642810642719,0.051765486598,0.637443602085,-0.265289366245,-0.345384478569,-0.251554638147,-0.093401774764,-0.371100515127,-0.741657733917,-0.012886835262,-0.012240641750,-0.222681716084,0.085853241384,0.058186266571,-0.194928303361,0.163116633892,-0.511703252792,-0.224332183599,-0.048616833985,0.293627232313,0.362642377615,0.043352615088,0.207263618708,0.187346845865,0.108819879591,0.546918809414,0.505389511585,-0.015619782731,0.071748107672,-0.524384319782,-0.427360534668,0.031445357949,-0.394400566816,-0.132247492671,-0.385090410709,-1.016615271568,0.307999908924,0.619753479958,0.174365356565,0.408085852861,0.474874347448,0.322356104851,1.015409350395,0.445137083530,0.208613634109,0.099896647036,-0.455430895090,-0.256728321314,0.499223887920,-0.236288830638,-0.018583221361,-0.960614621639,-0.191034674644,0.097641132772,-0.097649373114,-0.087841212749,0.151476904750,-0.271129816771,-0.012166555971,0.096962012351,0.025036927313,0.407789528370,0.005404156633,0.365046054125,0.324220597744,0.340535968542,0.718942165375,-0.002070290036,0.108482375741,0.168557837605,-0.474540948868,-0.204370155931,0.084523811936,-0.172369152308,0.015088833869,-0.411090463400,-0.928654789925,-0.016146615148,-0.264671981335,-0.078633986413,0.388988196850,-0.093496441841,-0.331431627274,0.625046491623,0.611151278019,0.299019038677,0.247117727995,0.815064549446,-0.509204924107,0.962330937386,0.152682870626,-0.716563224792,0.300974100828,-0.497198909521,-0.733388900757,0.156210184097,-0.670313000679,-0.229571700096,-0.130732849240,-0.547054588795,0.099312178791,-0.089018352330,-0.335259407759,0.197554245591,-0.330830723047,-0.106259800494,0.069599613547,-0.139931857586,-0.152970969677,-0.089265309274,0.132436826825,-0.072871737182,-0.549832820892,-0.050526600331,-0.364914357662,-0.549437701702,-0.102711908519,-0.735418081284,-0.506723046303,0.144270002842,-0.718559443951,-0.528014540672,0.348393201828,0.056498751044,0.177077710629,0.311905890703,0.707656383514,0.558097541332,0.587925374508,0.661879599094,0.366054475307,-0.072274938226,-0.099851369858,-0.373207837343,0.440383225679,-0.311449021101,-0.307682961226,-0.227143347263,-0.518794953823,0.176908969879,0.678124964237,0.200303658843,-0.012553448789,0.155090659857,-0.002074406017,0.369894564152,0.144800946116,-0.384370118380,0.278805941343,-0.276966124773,0.161544367671,0.585949718952,0.145941048861,0.045641046017,0.507282793522,-0.031951613724,-0.015673290938,0.248298987746,-0.032305579633,-0.754240036011,0.008758602664,0.093986235559,-0.873596549034,-0.181205943227,-0.797304570675,-0.548836767673,0.392754197121,0.083391942084,-0.067669264972,0.094447210431,0.505105495453,0.451063930988,0.156156674027,0.012643998489,0.522178173065,-0.071007251740,0.686052143574,-0.217660337687,-0.237062633038,0.118463404477,-0.259576499462,0.156218409538,-0.001666933415,0.001802757615,0.031552374363,-0.247381150723,0.023254750296,-0.440914154053,-0.122752152383,-0.144006580114,-0.073452085257,-0.525512099266,0.093270070851,-0.135478466749,0.396977096796,0.706351697445,-0.094508953393,-0.189170196652,0.592876791954,0.033585622907,0.460966795683,-0.206761479378,-0.266985118389,-0.064602933824,-0.115434102714,-0.431517601013,-0.123908713460,-0.742760837078,-0.454998731613,0.394326478243,-0.049263026565,0.262786924839,0.274965822697,0.008017743938,0.423388749361,0.847670674324,0.975435853004,0.371236383915,0.243602767587,0.298043578863,0.133420526981,-0.038928039372,0.047974757850,-0.064039058983,-0.026971392334,-0.341005176306,-0.450586467981,0.253517925739,-0.063586302102,-0.302324086428,0.463909626007,-0.269215911627,-0.141837507486,0.215697064996,-0.205415591598,0.344079732895,0.228320479393,-0.208514854312,0.054259710014,0.271813035011,-0.164055064321,-0.002728831489,-0.176941886544,-0.773712277412,-0.079206094146,-0.507258117199,-0.393223404884,-0.230901151896,-0.679907143116,-0.253908932209,-0.185412377119,-0.681763410568,-0.050357852131,-0.058136872947,-0.125007659197,0.392206788063,-0.391021400690,0.634467780590,0.605878829956,0.010240321979,0.421149671078,0.624836623669,0.015833809972,0.379212945700,-0.102098636329,-0.080819517374,0.176653787494,-0.094883494079,-0.017784738913,0.284317076206,-0.139553189278,1.017006397247,0.118076503277,0.257625579834,0.386049419641,-0.464786320925,0.396602541208,0.630458891392,0.004284636118,-0.009421261027,-0.158309280872,0.305114656687,0.008659821935,-0.009289552458,-0.539452552795,0.110869593918,-0.199575155973,-0.181905642152,0.070653282106,-0.698914349079,-0.640032470226,-0.815426766872,-0.419762641191,-0.292976915836,-0.826638400555,-0.310148388147,-0.475656360388,-0.016829853877,0.372829228640,-0.266244262457,0.142072111368,0.507480382919,0.457534104586,0.146488457918,-0.568181455135,-0.026831453666,0.124542564154,0.065862387419,0.071365326643,-0.786022841930,-0.061417233199,-0.356180459261,0.153864130378,0.517049789429,-0.448536783457,0.273356497288,0.169475674629,-0.118714466691,0.466432631016,0.254106491804,0.047155693173,0.094006814063,0.318713545799,0.294240504503,0.432167917490,0.490741074085,0.120957627892,0.263383716345,0.640900909901,-0.002679441124,-0.116524815559,0.262066632509,-0.591917753220,-0.451084494591,-0.207815155387,-0.676379799843,-0.535665988922,-0.368877947330,-0.052773877978,-0.023621063679,-0.083852924407,0.021139185876,0.590707719326,0.376360625029,0.222801074386,0.221027135849,0.387345910072,0.060964487493,0.771835446358,-0.056334115565,-0.535324335098,0.218442365527,-0.326307356358,0.179217979312,-0.531261980534,-0.440642535686,0.376434743404,-0.355686545372,0.102390870452,-0.166730374098,-0.087277345359,0.770110905170,-0.678771138191,0.349623858929,0.456447511911,-1.047933101654,0.476582407951,-0.336889296770,0.425310850143,0.777424812317,-0.141339495778,0.597005009651,-0.117306828499,0.095352709293,0.716040492058,-0.030453432351,-0.429414391518,-0.461217820644,-0.687076985836,-0.147706761956,-0.157877117395,0.018706696108,-0.079136118293,-0.710035383701,0.029173392802,0.394824475050,0.339050114155,0.369067281485,0.394746273756,-0.165285706520,0.532406151295,0.478035360575,0.179308533669,-0.060668144375,0.020888116211,-0.309617429972,0.153065636754,-0.060260668397,-0.149847015738,0.178847551346,-0.373549491167,-0.381217390299,0.236667513847,-0.193512439728,-0.140191167593,0.732726335526,-0.148888021708,-0.056663390249,1.355624318123,-0.202859610319,0.374261528254,0.899201512337,-0.691530406475,0.488390922546,0.449750959873,0.444466173649,0.358077883720,-0.330987125635,-0.460703343153,0.196043714881,-0.475952714682,-0.104000188410,-0.479751676321,-0.582480013371,-0.339342355728,-0.780075430870,-0.671539545059,-0.521569013596,-0.050806485116,-0.023308256641,-0.487481266260,-0.282189190388,0.497145384550,0.831544578075,-0.024728234857,0.354361206293,-0.336177259684,-0.424434155226,0.116808809340,-0.352632552385,0.103139959276,-0.752939462662,-0.042212516069,-0.161021649837,0.028514850885,0.281773477793,0.157132133842,0.552471101284,0.656969308853,-0.037075892091,0.004996684380,0.449578106403,0.248908132315,0.513357877731,0.161980658770,-0.168850064278,0.135499045253,0.485271036625,0.382151693106,0.973501503468,0.339947402477,-0.213544458151,-0.086170166731,-0.647037684917,-0.055325724185,0.026214070618,-0.437090516090,-0.251451760530,-0.326871216297,0.040664944798,0.290309846401,0.531735301018,0.102501995862,0.120768293738,0.968587100506,0.058173917234,0.478319346905,0.109441384673,-1.010326266289,0.298665076494,-0.044908419251,-0.330838948488,0.641732335091,-1.308699131012,-0.305110543966,-0.393495082855,-0.295145988464,-0.315079241991,-0.306427627802,-0.301953673363,-0.503442704678,0.054609563202,-0.360411584377,-0.478969633579,0.536213338375,-0.034149497747,0.298763841391,-0.060890402645,0.267001569271,-0.333123266697,0.270413637161,0.114635623991,0.061639491469,-0.166759192944,-0.298891454935,-0.001173027209,0.186227336526,-0.332707554102,0.324002474546,-0.336683511734,-0.523137211800,-0.425710082054,0.151094138622,-0.339111894369,0.616156220436,0.768941998482,-0.690303862095,0.519930958748,0.598824203014,0.400858402252,1.102254509926,0.442873328924,0.219183221459,1.246742606163,-0.868731617928,1.108132004738,-0.331616848707,-0.498627096415,0.382225781679,-0.867225170135,-0.267870038748,0.817126631737,-0.063364043832,0.269150048494,-0.065747149289,-0.488238602877,-0.048843204975,-0.702655673027,0.137824520469,-0.300768285990,-0.263651251793,0.391881644726,-0.069990620017,-0.005869252142,0.534595847130,0.023983262479,0.482616335154,0.330929487944,0.371672630310,0.129605099559,-1.040540933609,-0.803021490574,0.171879351139,-0.656475424767,-0.566580355167,-0.339560508728,-0.611044287682,-0.225834488869,0.543214440346,0.055432736874,0.143273949623,0.553384840488,0.431941539049,1.076246261597,0.037993732840,0.262799263000,0.030745660886,0.450228422880,0.025427937508,0.515103042126,-0.356501489878,-0.369976907969,-0.370845347643,-0.171949326992,-0.255901008844,-0.085783272982,-0.475409388542,-0.076172679663,-0.429990619421,0.310572326183,-0.431476444006,0.217796161771,0.155843868852,-0.300290852785,0.167961031199,-0.036153931171,0.648305416107,0.308588474989,0.091767773032,0.121575012803,0.033359248191,-0.591193377972,0.944295108318,-0.317923307419,-0.649811804295,-0.024493630975,-0.529977798462,-0.086520016193,-0.187746092677,-0.519412338734,0.201665997505,-0.286683738232,-0.104843929410,0.158794954419,0.307505995035,0.979201972485,1.176035881042,0.662134766579,0.592378735542,0.831676244736,0.329624742270,0.503315091133,0.157658964396,-0.276863217354,-0.112096123397,-0.023546978831,-0.048242285848,-0.276653319597,-0.170743361115,0.232168823481,0.250743836164,0.368820309639,0.550203263760,-0.413580566645,-0.097258359194,-0.036989457905,-0.203699260950,-0.094508953393,-0.141619369388,-0.815504968166,-0.326974123716,-0.285177320242,0.119529418647,0.363975942135,0.030461665243,0.076160334051,-0.815402090549,-1.223253369331,-0.418346762657,-0.577586233616,-0.806178390980,-0.045883886516,-0.930185854435,-0.516313076019,-0.162231728435,-0.061194974929,0.432172030210,0.726424932480,0.415202260017,-0.109778881073,0.564810514450,-0.043533712626,0.294635623693,0.712710738182,-0.882647395134,-0.253184556961,-0.364305198193,-0.019418746233,0.272278130054,-0.001745135174,0.610208749771,-0.139528498054,0.220413878560,0.822917640209,-0.086120776832,-0.288548231125,0.743262946606,-0.073106348515,-0.122850932181,0.174336537719,0.498865842819,0.251381784678,0.443276673555,0.573264598846,0.207489982247,0.460851490498,-0.088195174932,-0.398228317499,-0.384271353483,-0.486258864403,0.180012345314,-0.177201196551,-1.003037095070,-0.316626816988,-0.295355916023,-0.328188329935,0.256962925196,-0.619588851929,-0.128485575318,0.229831010103,-0.886557519436,-0.274912297726,0.487588316202,0.067582830787,0.255328923464,0.494198411703,-0.263655364513,0.445338755846,-0.012685156427,0.202785536647,0.188647463918,-0.442893892527,0.034968558699,-0.063158251345,-0.609360873699,0.342717379332,0.401348173618,-0.621807336807,0.142825320363,0.458698928356,-0.125209331512,0.216096311808,0.192331179976,0.023472892120,-0.113182723522,0.066376872361,-0.215614736080,0.336757570505,-0.222545892000,-0.077526807785,0.286634355783,-0.040590856224,0.597437143326,-0.016121922061,-0.287140578032,-0.486221849918,0.243796214461,0.195623889565,-0.832808196545,-1.278463840485,-0.000831408775,-0.299566447735,0.196385338902,0.762455284595,-0.060836896300,-0.182358399034,0.600071310997,0.351599484682,0.180670872331,0.097246021032,-0.120105639100,-0.357777416706,0.210375219584,-0.500878512859,0.040706101805,-0.378377407789,-0.248447164893,-0.028539545834,0.458336710930,0.154279828072,-0.021637206897,0.014422060922,-0.225221216679,-0.042105503380,0.432682394981,-0.080317378044,-0.034717489034,-0.148809820414,0.671667158604,0.742752611637,0.524985253811,0.681619346142,0.035865820944,0.175242021680,0.300727128983,-0.508550524712,0.001415864448,-0.096653327346,-0.525771379471,-0.238560810685,-0.431727498770,-0.764879584312,-0.088211648166,-0.274533629417,-0.501038968563,-0.152250692248,-0.394836843014,0.307682961226,0.193372502923,0.291198849678,0.427521079779,0.215499505401,0.599544465542,0.214770987630,0.713328123093,0.457394182682,-0.278476655483,-0.161210983992,0.054823584855,-0.314033806324,-0.323599100113,0.024390732870,-0.225966200233,0.375891417265,0.287379324436,-0.123353071511,0.423779755831,-0.069698393345,-0.368894428015,0.905898034573,-0.272105246782,0.065989978611,-0.127152025700,-0.307501882315,0.523750483990,0.357365816832,-0.539345562458,0.830272793770,-0.019505178556,-0.248171389103,0.107725054026,-0.178773462772,-0.621683835983,-0.458233803511,-0.096426956356,-0.806408822536,-0.778799533844,-0.153691262007,-0.415375083685,-0.231098711491,0.473297953606,0.030581025407,0.733705937862,0.321615248919,0.071851000190,0.180205792189,0.131148561835,-0.418544322252,0.097752265632,-0.311671257019,-0.379496932030,-0.525627315044,-0.431830406189,-0.380340695381,-0.120566613972,-0.095278620720,-0.514926016331,-0.548882067204,-0.320347547531,0.553977489471,-0.194767788053,-0.423569798470,0.582772254944,0.555603325367,0.198006987572,0.385604918003,0.605640113354,0.176505610347,1.147117733955,-0.024411315098,0.682640075684,0.067372918129,-0.227484956384,0.719855964184,0.003584935796,-0.637130737305,0.336835801601,-0.147179931402,-0.146204471588,0.466716647148,-0.713027656078,-0.330855399370,0.494157224894,0.057227265090,0.425759464502,0.127382531762,-0.096994936466,0.519930958748,0.362728804350,0.085013605654,0.704610645771,0.275945395231,-0.258543431759,0.485357493162,-0.516531229019,-0.732664585114,-0.384444236755,-0.023110693321,-0.085717417300,-0.730203211308,-0.474450409412,0.134165495634,-1.181678771973,0.509982824326,0.139162182808,-0.488592594862,0.158679708838,-0.728873789310,-0.638480782509,0.258703947067,-0.775263905525,0.001374705578,0.024555370212,-0.519939184189,0.153538972139,0.500557482243,-0.415445089340,-0.252102047205,-1.028353810310,-0.291684538126,0.482060670853,-0.246220469475,-0.533715009689,-0.522359311581,-0.360510349274,0.381534308195,0.603207647800,0.232666850090,0.405575186014,0.494939267635,0.354278892279,0.554792463779,0.167582362890,0.276344627142,0.392655402422,0.175155609846,-0.226036161184,0.513160288334,-0.015492190607,-0.556809246540,0.818163812160,0.095657281578,0.228250518441,0.498124957085,0.008132988587,0.261173486710,-0.191594436765,-0.388494282961,-0.014327395707,0.050382547081,0.349570333958,-0.693810582161,-0.176752567291,0.047328561544,0.942397713661,-0.257691442966,0.006289071869,0.243306428194,0.050596572459,0.204468935728,0.019933231175,-0.156864598393,-0.101744674146,-0.535361409187,-0.802383542061,-0.316095858812,-0.370800077915,-0.225348830223,-0.352731347084,-0.255151927471,-0.255538821220,0.520622432232,0.142705962062,0.644387066364,0.106523223221,0.395762920380,0.381192654371,0.348549604416,0.501652300358,-0.117088697851,0.147854939103,0.030803281814,-0.766546547413,0.992043495178,-0.383011907339,-0.457892209291,0.182930514216,-0.927284121513,-0.280826807022,0.635171592236,-0.764233350754,0.472660005093,-0.351928740740,-0.421890556812,0.389124006033,0.242186889052,0.371689110994,0.153744757175,0.043303225189,0.309539228678,0.025905378163,-0.009985136800,0.305863767862,-0.351554185152,0.265643328428,-0.335123598576,-0.747115433216,-0.058153335005,0.215170219541,-0.273109555244,-0.352496743202,-0.182518914342,-0.216326802969,0.613616704941,0.187017589808,0.225982651114,0.510826587677,0.573058784008,0.732899188995,0.327505081892,-0.478623926640,1.075612425804,0.087195016444,-0.188256457448,-0.225192397833,-0.080284453928,-0.065915897489,-0.850197732449,-0.677042484283,-0.531912267208,-0.169191673398,0.304690718651,0.115549355745,-0.520544171333,0.009832848795,0.461024373770,-0.045299429446,-0.047032218426,0.286992430687,-0.828679859638,0.429583162069,0.263342559338,-0.124085694551,0.569259822369,-0.173677995801,0.288815766573,-0.028827657923,-0.264322131872,-0.290404498577,-0.688826262951,-0.025316808373,-0.081926688552,-1.420700669289,-0.369931608438,-0.488382697105,-0.674494743347,0.399837613106,0.016603479162,0.050929959863,0.700239598751,0.537439942360,1.020109653473,0.648647010326,0.110634990036,0.953333675861,0.269359976053,0.249846562743,0.487366020679,-0.108828112483,0.005552328657,0.412403404713,-0.040380947292,0.602269232273,0.052448723465,0.409847468138,-0.061594214290,0.090528890491,-0.059812039137,0.145850509405,-0.353258162737,-0.166355833411,0.377126216888,-0.105778247118,-0.015512770042,0.234486088157,-0.568457245827,0.642143905163,0.514942467213,-0.037277568132,0.134099647403,-0.703902781010,-0.724136412144,-0.473293840885,-0.558426797390,-0.360650271177,-0.763035714626,-0.873168528080,-0.326052188873,-0.114783793688,-0.278945863247,0.086894556880,-0.516753435135,0.038648158312,0.296989917755,0.137754559517,0.312696129084,-0.121430955827,0.298257589340,0.431896269321,0.183399721980,0.407110393047,0.217384576797,0.099052883685,-0.149678274989,-0.579907596111,0.089672788978,0.113487295806,-0.342989027500,0.309522777796,0.253497362137,-0.466300934553,0.108782835305,-0.075946308672,0.121447421610,0.505558252335,0.244146063924,-0.382769048214,0.040294513106,0.318725913763,0.669526875019,0.030967919156,-0.106070473790,-0.269812703133,0.127452492714,0.025641962886,0.271858334541,-0.792879939079,0.047871854156,-0.772736847401,-0.537402868271,-0.216833055019,-0.537411093712,-0.591329157352,-0.000884915236,-0.733109056950,0.608879327774,0.476129710674,-0.674692332745,0.556360602379,0.734191536903,-0.119739323854,0.513456642628,0.220171034336,0.018484439701,0.145463600755,0.067813314497,-0.333892941475,0.030963802710,-0.041907940060,0.259337782860,0.753939568996,-0.428150802851,-0.152995675802,0.155588671565,-0.375730931759,0.116426035762,0.455612003803,-0.126308277249,-0.528220295906,-0.050357852131,0.177966743708,0.716888368130,0.153641864657,-0.349290430546,0.425146192312,0.149155557156,0.024938145652,0.667238414288,-0.912063658237,-0.453265935183,-0.179394960403,-1.080074071884,-0.250739723444,0.132589116693,-0.782619059086,0.041907940060,-0.340169668198,-0.456241726875,0.489782094955,0.095418557525,-0.181374698877,0.407855391502,0.323290407658,0.422121047974,0.166825041175,-0.055634416640,-0.243936136365,0.034437611699,-0.352311521769,-0.144101247191,-0.319063395262,-0.118286415935,0.615633487701,-0.542560040951,-0.422396808863,-0.095850735903,0.154139891267,1.119854092598,0.282798349857,0.317227721214,0.461040824652,-0.132667317986,0.876103103161,0.806697010994,-0.008087714203,0.577491581440,0.151085913181,0.005667573307,0.839825689793,-0.653544902802,-0.118924371898,0.345384478569,-0.228172302246,0.511596262455,-0.233037292957,-1.314749479294,-0.017327876762,-0.023328835145,-1.142697215080,0.217203468084,-0.998188495636,0.342737972736,0.981519222260,-0.375055909157,0.289544254541,0.530990302563,0.294931948185,0.372137755156,0.395260751247,-0.446425348520,0.200241923332,-0.774712443352,-1.036466240883,0.102032788098,-0.006531909574,-0.642370283604,0.617934286594,-0.565078079700,0.007560880855,0.590197324753,-0.281345427036,0.320524543524,-0.154979526997,-0.440938889980,0.247714534402,0.367161631584,-0.277863383293,-0.305028229952,-0.002671209397,0.405459940434,0.522709131241,0.399845838547,0.509241998196,-0.279184579849,-0.147640898824,0.059281092137,-0.348113298416,-0.366103857756,-0.567168951035,-0.308662563562,-0.361831545830,-0.122381724417,0.184502765536,0.246405676007,1.088746309280,0.411646127701,-0.324623972178,1.050139188766,0.730639576912,-0.213470369577,0.527858078480,-0.919554591179,0.199241757393,-0.061100311577,0.089989706874,-0.589596390724,0.026193492115,-0.547972440720,0.413778126240,0.219207912683,-0.943834185600,0.061441928148,0.070245809853,-0.966331601143,-0.007585575804,-0.132671430707,0.137071311474,0.440206229687,-0.398327112198,0.542901694775,0.023065419868,0.134795233607,0.677079498768,-0.265569239855,-0.018398005515,-0.053140189499,-0.367560893297,0.385407358408,-0.337230920792,-0.060273017734,-0.715044438839,-0.083433106542,-0.209370955825,-0.390132367611,-0.707668781281,0.099517986178,-0.661348581314,0.345228075981,0.061425466090,-0.277661710978,0.223220899701,0.346944421530,0.135593712330,0.280690997839,0.545749902725,0.869204938412,-0.266787558794,0.047604326159,0.270240783691,-0.392861187458,-0.080202132463,0.116705916822,-0.610340476036,0.727729618549,-0.085104152560,-0.067274138331,0.891817569733,-0.765089452267,0.284489959478,0.887030780315,-1.471058368683,0.380604088306,0.161663725972,-0.800198018551,0.551705598831,0.328019559383,-0.569914221764,0.514230430126,0.141104876995,0.683681368828,0.295331209898,-0.246730834246,-0.006276724394,-0.461333066225,-0.529455065727,-0.520334303379,-0.940944790840,-0.722230792046,-0.216483205557,-0.105704158545,-0.014306816272,0.516930460930,0.142899408937,0.536806046963,0.912759184837,-0.383793890476,0.636575102806,0.434238195419,-0.360642045736,0.260383218527,-0.661006987095,0.099513873458,-0.219150289893,-0.246138155460,0.589900970459,-0.339823931456,-0.478994309902,-0.583743631840,0.333337277174,-0.489736795425,-0.199505165219,0.101110830903,-0.103098794818,-0.032330274582,0.122509315610,0.635307431221,-0.013635926880,0.422619074583,0.757022380829,0.722506582737,0.415189862251,0.168763637543,-0.318396627903,0.370334953070,0.114376328886,0.113388508558,0.210984364152,-0.578467011452,-0.222764045000,-0.445544540882,0.195660933852,0.096916735172,-0.143586769700,-0.178205475211,0.007404476870,0.476109087467,0.241137340665,0.602569699287,0.871308147907,-0.002893467201,0.556389451027,0.455772489309,0.125131130219,0.263112068176,0.132301002741,-0.146842420101,-0.239038243890,-0.234346136451,-0.073135159910,-0.543041646481,-0.292347192764,0.022118765861,0.134412452579,0.390432834625,-0.377644807100,0.100176520646,-0.107638619840,-0.404595583677,0.216721907258,-0.292371869087,-0.670996248722,0.145117864013,-0.661237478256,-0.083387829363,-0.181773930788,-0.703972697258,0.495396137238,-0.020657625049,-0.102156266570,-0.040212195367,-0.845596194267,-0.490942746401,-0.446314215660,-0.173912599683,0.210704505444,-0.400808990002,-0.343618780375,-0.208654791117,-0.181247115135,0.675375580788,0.435057282448,0.249389708042,0.736533463001,0.808347404003,0.337132126093,0.526508092880,0.480640709400,0.022991333157,0.870571374893,-0.019311731681,-0.573458015919,0.126345321536,-0.187388002872,0.770724117756,0.406159639359,0.037771478295,0.774465441704,0.101468913257,0.418379694223,0.636422812939,-0.044311620295,0.270541220903,0.231016382575,-0.086482971907,0.156255453825,0.257399201393,-0.680215835571,0.657442629337,-0.207280084491,-0.338329851627,0.592889130116,-0.780725717545,-0.336975723505,0.202987208962,-1.128970742226,-0.789867162704,-0.427451103926,-0.629417598248,-0.921698927879,-0.095113985240,-0.606689631939,-0.012528752908,-0.164371982217,-0.401537477970,0.672473847866,-0.061976995319,0.307189077139,0.268059343100,0.513744771481,-0.205320924520,0.657953023911,-0.049621108919,-0.565950632095,0.184473976493,0.125843182206,-0.364996671677,-0.051061667502,0.042364802212,-0.097003176808,0.088030546904,0.283312827349,-0.071772798896,0.362317234278,-0.021065099165,-0.730079770088,-0.091570205986,0.040343903005,-0.368573397398,0.328999161720,0.271430253983,0.177361711860,0.443873494864,0.273994445801,0.392696589231,0.212494909763,-0.393544435501,0.330011636019,0.099987193942,-0.477599024773,-0.631035089493,0.036462627351,-0.362782329321,-0.522787392139,-0.413197785616,-0.443070888519,0.185922756791,0.866529583931,0.308279782534,0.599980771542,0.061824709177,0.425421983004,0.903029263020,-0.104197740555,0.099015846848,-0.269392907619,-0.425660669804,0.083626545966,0.232267603278,-0.293265044689,0.102390870452,0.028930556029,-0.506546080112,0.301616162062,-0.397355794907,-0.351566523314,0.411271572113,-0.312943071127,0.160638868809,-0.221763893962,-0.022151691839,0.470544457436,0.817587614059,0.174949809909,0.782400906086,0.464403539896,0.301924854517,0.519227147102,-0.244537055492,-0.046970479190,-0.105230830610,-0.110700838268,-0.571346580982,-0.851597130299,-0.347607046366,0.023588135839,-0.913833498955,-0.045945625752,-0.555376887321,0.166837394238,0.220171034336,-0.013343699276,0.121735528111,0.753495037556,0.069389700890,0.229032516479,0.619992196560,0.203176543117,0.047196850181,0.609064519405,-0.178600594401,0.070328123868,0.338552117348,-0.281802296638,-0.149908751249,-0.015681521967,-0.022295748815,0.089224159718,0.126872152090,0.252015620470,0.284395307302,0.210436955094,-0.220623791218,-0.213149338961,0.222842231393,-0.279402732849,-0.003354446264,0.482892066240,-0.193734690547,-0.390585154295,0.098217368126,0.159955635667,0.274904072285,0.002514805645,-1.488061070442,-0.027243042365,0.289663642645,-0.545725166798,0.351961672306,-1.112350821495,-0.780363559723,-0.034421145916,-0.190483152866,-0.241133227944,0.148480549455,0.153057411313,0.733253121376,0.063458710909,0.527047276497,0.407962411642,0.166314676404,-0.094718858600,0.215190812945,-0.556619942188,-0.782071650028,-0.466350346804,0.150093972683,0.391186058521,-0.618777990341,-0.013351930305,0.292326599360,0.279394507408,0.985511600971,0.267742425203,0.041142385453,0.378982454538,0.167862251401,0.118179395795,0.734265625477,0.457192510366,0.381135076284,0.538864016533,-0.124032191932,1.013989448547,0.550536632538,-0.236453458667,0.132255733013,-0.119903966784,0.022966638207,0.246693804860,-0.088701441884,-0.126077786088,-0.757022380829,0.164108559489,-0.284741044044,0.186272606254,0.057556532323,0.050086203963,0.442457646132,0.172920674086,0.280666291714,0.679693102837,-0.307650059462,0.117224514484,0.068755857646,-0.156407743692,0.321911603212,-1.199801087379,-0.158371016383,0.095595538616,-0.628355681896,0.399232596159,-0.240396484733,-0.906276702881,0.055029384792,-0.268211632967,-0.695839703083,-0.585295319557,-0.369766980410,-0.301834315062,-0.143220439553,0.007774906699,-0.588151693344,0.129308760166,0.148311793804,0.030564561486,-0.173747971654,0.046460110694,-0.608521282673,0.397252857685,-0.327130526304,-0.250336349010,-0.560772895813,-0.564497709274,-0.076036855578,-0.246109336615,0.009133148938,-0.855309724808,-0.431879818439,0.251550525427,-0.680499792099,-0.214705139399,0.619802892208,0.399442493916,0.633076608181,0.891780495644,0.364745587111,0.379509299994,0.277739912271,0.274105608463,0.184136465192,-0.244767561555,0.464543461800,-0.526611030102,0.048073533922,-0.657648444176,-0.259004414082,-0.234695985913,0.021579584107,0.147747918963,-0.015298743732,-0.103576250374,0.304007470608,0.563283562660,0.069624312222,0.556615829468,0.148620486259,-0.109638944268,0.659607589245,0.036919489503,0.252143234015,0.526779770851,-0.041389338672,0.317091882229,-0.432065039873,-0.022620903328,0.094792947173,-0.382188707590,-0.498511850834,-0.641044974327,-0.794139385223,-0.840467751026,0.226620629430,0.762920439243,0.369812250137,0.927337646484,-0.277711093426,0.479784578085,1.065096378326,0.311827659607,0.393700867891,0.236037775874,-0.775490343571,0.172805428505,-0.494511216879,-0.461555302143,0.773901581764,-0.309222310781,-0.356604397297,0.422837197781,-0.418988823891,0.136807903647,0.781902849674,-0.658442795277,-0.188680395484,-0.219771802425,-1.049809932709,0.972266614437,-0.058313857764,-0.889693796635,1.157057642937,-0.608475983143,0.323961317539,0.799292504787,-0.781758844852,-0.337955296040,-0.020645277575,-0.572350859642,-0.128411486745,-0.318544805050,-0.575536549091,-0.740184247494,-0.155312910676,0.095183953643,-0.056519329548,-0.282139807940,0.304489046335,0.040907781571,0.054288521409,0.172245666385,0.347956895828,0.396717786789,0.227266818285,0.211293071508,-0.182996362448,0.067644566298,0.235165193677,0.437674969435,0.130243062973,-0.218100741506,-0.214079514146,-0.066426269710,-0.229440018535,0.002251388971,0.088335119188,0.099752582610,-0.200912803411,0.496416866779,-0.291947960854,0.169990167022,0.268174618483,0.120739482343,-0.106263913214,0.298825591803,-0.255551159382,0.265207052231,-0.089800380170,-0.091907709837,0.130860447884,-0.029362723231,-0.219310805202,-0.169903740287,0.000621498621,0.236309409142,0.036182746291,-0.241808250546,-0.582158982754,0.200608223677,-0.313227057457,-0.565073966980,0.031865183264,-0.072340793908,0.194878906012,0.558747828007,-0.186042115092,0.691756784916,0.581821501255,0.658162891865,0.727408587933,-0.184264048934,0.351657092571,0.448602676392,0.182617694139,0.349776118994,-0.122871518135,-0.087396696210,-0.271022796631,0.361312955618,0.218224227428,0.121801383793,-0.207292422652,-0.296306669712,0.075205452740,-0.156992197037,-0.716596126556,-0.734944760799,-0.161264494061,0.047032218426,-0.124250337481,-0.372475236654,-0.432929337025,0.056321766227,0.298850297928,-0.370623081923,-0.550260901451,-1.230777144432,-0.593687593937,-1.223928332329,-1.069792628288,-0.682533085346,-0.271475553513,-1.077267050743,-0.500820875168,-0.039911735803,-0.171858772635,0.034606359899,0.848699629307,-0.303007334471,0.271800696850,0.741653680801,0.081922575831,-0.139553189278,0.466510862112,-0.284280061722,0.733310759068,-0.259914010763,-0.366931110620,0.005795165896,-0.230501905084,0.013002079912,0.277089595795,-0.512925684452,0.074048884213,0.110371567309,-0.451203912497,0.497524052858,0.286263912916,0.108033746481,0.831705093384,0.209375068545,0.390231162310,0.651412904263,0.663986921310,0.343182474375,0.529401600361,0.224607959390,0.262535840273,-0.053876932710,-0.618605196476,0.100036576390,-0.439440697432,0.134980440140,-0.882709145546,-0.818229675293,-0.363091021776,-0.553574144840,-0.366379618645,-0.304896503687,0.286346226931,0.195228755474,-0.126238316298,0.172138646245,0.782610833645,0.063121214509,0.869258403778,0.408600360155,-0.346294105053,0.602318584919,-0.511406898499,-0.579364299774,0.189524158835,-0.753779053688,-0.039817072451,-0.133128300309,-0.310325384140,0.655421733856,0.046657670289,-0.174200713634,0.278875887394,-0.001753366902,0.649778842926,-0.182749405503,0.181140094995,0.087923541665,-0.133087128401,0.391013175249,0.157893583179,-0.145899891853,0.605376720428,0.172332108021,-0.405937403440,0.005474126898,-1.043348073959,-0.088993661106,-0.266849279404,-0.892669618130,-0.545823991299,-0.717192947865,-1.191515684128,0.241618916392,-0.211288943887,0.189462423325,0.659731090069,-0.010026295669,0.058058675379,0.248932838440,0.046982824802,0.128843665123,-0.002226693556,-0.776778578758,0.127254933119,0.045287083834,-0.924291908741,0.624918937683,-0.523577630520,-0.412518709898,-0.209864854813,-0.228917285800,0.694213986397,0.108449451625,-0.221953198314,-0.104263596237,0.324117720127,-0.013006197289,0.364510983229,0.311498403549,0.236865073442,0.732969105244,0.383456408978,0.726272583008,1.050851225853,-0.006881759968,0.142331406474,0.213635012507,0.050522487611,0.373039126396,0.300990551710,-0.372425824404,-0.543086886406,0.081132322550,-0.249982386827,-0.518655002117,-0.189005538821,-0.273377060890,0.054967645556,-0.012429973111,-0.187890142202,0.304538428783,-0.076831221581,0.270607084036,0.457986861467,0.282329142094,0.023464661092,0.525668442249,-0.296500116587,0.154720231891,-0.516905784607,-0.632138192654,0.068187862635,0.063466943800,-0.118652723730,0.038796331733,-0.308633744717,-0.033906657249,0.565662562847,-0.255756974220,-0.124740131199,0.174674034119,-0.397586256266,0.098237939179,0.356069296598,-0.170414105058,0.406460106373,0.234724804759,0.038775753230,0.736735165119,0.181506410241,-0.353011220694,0.098007448018,-0.081354580820,-0.439650595188,-0.008112409152,-1.119146108627,-0.409135431051,-0.233148410916,-0.895151495934,0.252818226814,0.121439181268,-0.455122202635,0.545037865639,-0.317943871021,0.280789792538,0.880560636520,-0.241162046790,0.378949522972,0.113083936274,-0.462242662907,0.205617263913,0.083120293915,-0.690966486931,-0.524808287621,-0.467111766338,-0.484620749950,0.043603684753,0.125917270780,-0.860709726810,-0.330834835768,-0.640069484711,0.240363568068,0.189223691821,-0.255596458912,-0.376825749874,0.370598375797,0.444865405560,0.286613762379,0.039915852249,0.459390401840,0.383439958096,0.578919827938,-0.110709078610,-0.066096998751,-0.424718171358,-0.422400921583,0.546025633812,-0.319606691599,-1.015944480896,-0.149213165045,-0.380171924829,-0.042644683272,0.289783000946,-0.398981541395,-0.566905498505,0.288445323706,0.847798228264,0.234020978212,0.508184194565,0.150225684047,0.755495369434,0.955893635750,0.492930710316,0.812409818172,-0.229641690850,-0.107605695724,0.253143370152,-0.348306745291,0.326402038336,0.049970958382,-0.350949168205,0.265577495098,-0.100081853569,-0.112779363990,0.552849769592,0.043941188604,0.076781831682,-0.147225201130,-0.235124051571,0.201398476958,0.354879796505,-0.051411516964,-0.153892934322,0.177057147026,-0.014611391351,0.514098703861,-0.120825923979,-0.653462588787,-0.134869322181,-0.068508900702,-0.726033866405,-0.343688726425,-0.960886240005,-0.394585788250,-0.623457789421,-0.685727000237,0.232992008328,0.348594874144,0.178180769086,0.170718669891,0.360584467649,0.365161329508,0.741299688816,0.278299689293,-0.177353486419,0.003350330284,-0.001506413915,-0.255929827690,-0.238140985370,-0.428480088711,0.004214666318,-0.397117048502,-0.580170989037,-0.121636748314,0.199904412031,0.062594376504,0.257333338261,-0.419091761112,-0.330777198076,0.363403826952,-0.063643932343,-0.200097858906,0.408234059811,-0.570436954498,0.407069265842,0.582488238811,0.491885304451,0.512514114380,0.099126972258,-0.018937185407,0.508385837078,0.096311703324,-0.133786842227,0.360333383083,-0.778285026550,-0.275978296995,-0.212778896093,-0.525479137897,0.292182534933,-0.287803232670,0.152847498655,-0.311621874571,-0.068331919611,0.239486873150,0.345001697540,0.522346973419,0.310905724764,0.296467185020,0.785458981991,0.612295508385,0.102193303406,-0.479710519314,-0.283794373274,0.346800357103,-0.522857308388,-0.402990400791,-0.303953975439,-0.459538549185,0.146620169282,-0.172731339931,-0.364350467920,0.306106597185,-0.140075907111,-0.727313876152,-0.070002973080,-0.247467577457,-0.421478956938,0.264787226915,-0.294738531113,0.081157021224,-0.427903860807,0.303830504417,0.483542382717,0.169916078448,-0.093405887485,-0.213351011276,-0.491407841444,-0.123822286725,-0.952000081539,-0.026823222637,-0.552746891975,-0.529730856419,0.246372744441,-0.272064119577,-0.066734962165,0.160947561264,0.473396718502,0.666579902172,0.554315030575,0.663941621780,-0.020431252196,0.937116980553,1.103641629219,-0.216598436236,0.209136337042,0.053185466677,-0.055967804044,0.537546932697,-0.051897190511,0.162038266659,-0.038623463362,-0.191067606211,0.010458463803,-0.326237380505,0.122612208128,0.020287195221,-0.161437347531,-0.481900125742,0.435209542513,0.159169495106,-0.015994329005,-0.023888597265,0.169348075986,0.259140223265,0.393861353397,0.420602291822,-0.425537228584,-0.355460166931,0.064248964190,-0.573774933815,-0.769361793995,-0.622408211231,-0.622280657291,-0.247961476445,-0.441408067942,-0.878321647644,0.145130217075,-0.309839695692,-0.116500124335,0.528417885303,0.152452379465,0.273138344288,-0.029251592234,0.886170625687,0.318610638380,-0.313334107399,1.123476028442,0.325109630823,0.306118935347,0.301303356886,-0.544115900993,0.258168876171,-0.068455398083,-0.199645116925,-0.007746095303,-0.383596390486,0.071830421686,0.258629858494,-0.113491408527,-0.135507285595,0.280197113752,-0.081342235208,0.084017559886,-0.018562640995,-0.221199989319,1.026555180550,-0.328422904015,-0.149670034647,0.119961582124,-0.064874581993,0.180074080825,0.393993079662,-0.335893243551,-0.351759970188,-0.296339601278,-0.452072322369,-0.518078744411,-0.277933359146,-0.498466610909,-0.370915293694,-0.098558977246,0.113260917366,0.324702173471,0.077460959554,0.511028289795,0.892953574657,0.558480322361,0.368799746037,0.008898543194,0.037586260587,0.259514778852,-0.421688884497,-0.001004275866,-0.456274628639,-0.255073726177,0.388210266829,-0.265256434679,-0.240906864405,0.342573344707,-0.011927833781,0.606492102146,0.259461283684,0.013010312803,0.388959348202,-0.404126375914,0.438271790743,0.019735667855,0.182288438082,0.085598058999,0.388568341732,-0.223587214947,0.068731158972,0.134070828557,-0.037738546729,-0.295940369368,-0.030939105898,-0.475318819284,-0.289626598358,-1.151184201241,-0.068393662572,-0.737126171589,-0.087758898735,-0.600009560585,-0.421462476254,-0.062417391688,0.303163737059,-0.045019548386,0.558044016361,0.094916418195,0.053934555501,1.100888013840,0.530591070652,0.323162823915,0.433279216290,0.411386787891,0.077786110342,0.173027679324,-0.034186538309,0.020896347240,0.432023853064,-0.299261868000,0.618374645710,0.477874815464,0.179633677006,0.819048762321,-0.137034267187,-0.003268012777,0.354110181332,-0.581414043903,0.119570568204,0.220224544406,-0.523079574108,0.153839424253,0.185972154140,-0.431089550257,0.373640060425,-0.174221292138,0.288317739964,-0.197410181165,-0.410588324070,-0.065829463303,-0.609821856022,-0.957387745380,-0.789862990379,-0.210136502981,-0.691719710827,-0.388597160578,-0.851082682610,-0.212988823652,0.403628349304,-0.073793701828,0.451364398003,-0.151830881834,0.224649101496,0.612081468105,-0.181526973844,0.106720782816,0.371359854937,-0.324788600206,0.327463924885,-0.088487409055,-0.289783000946,0.704680681229,-0.058153335005,-0.521404445171,0.633702218533,-0.321767538786,0.675733625889,0.309600979090,-0.077864311635,1.008214831352,0.041924402118,0.014623739757,1.289650797844,0.626281321049,0.421124994755,0.641608834267,0.216199204326,0.597111999989,0.324035376310,0.470552682877,-0.273632258177,-0.275081038475,0.858166098595,-0.848567843437,-0.690637230873,0.150102198124,-1.242857336998,-0.303027927876,-0.059169963002,-1.115939855576,-0.136474505067,-0.828210711479,-0.267968803644,0.028115609661,0.151612743735,-0.372121244669,-0.011351609603,0.273603469133,0.315005123615,0.452623873949,-0.501713991165,-0.605652451515,-0.187239840627,-0.287856757641,-0.610377490520,-0.000185214827,-0.063277609646,-0.556768059731,-0.024765279144,0.112190790474,0.373380720615,0.147188156843,0.174077242613,-0.257600903511,0.097229547799,0.547680199146,0.046023823321,0.110379800200,0.127205550671,0.010750691406,0.267577797174,-0.050489559770,0.872785806656,0.896612644196,-0.411876589060,-0.494778782129,0.243137657642,-0.414959400892,0.352916568518,-0.453426450491,-0.753651499748,0.423886775970,-1.055135846138,0.582286596298,0.297261565924,-0.337675422430,1.232715725899,0.434909075499,0.370828866959,0.458386123180,0.388765901327,0.739896178246,0.067998535931,-0.061907023191,-0.110791392624,0.339292973280,-0.224056437612,0.009544736706,-0.161136895418,-0.556397676468,-0.074069462717,-0.018525598571,-0.369697004557,-0.561834752560,-0.322220295668,0.198661416769,0.091792464256,-0.085272900760,0.434863835573,-0.648243665695,0.399298459291,0.656611263752,-0.198813706636,-0.030869137496,0.105107352138,-0.160330176353,0.469264388084,-0.110565014184,-0.209058150649,-0.197278469801,-0.046472456306,0.064800493419,-0.458443701267,-0.476463079453,-0.377105593681,-0.627009809017,-0.223270297050,-0.472627043724,-0.140668600798,0.141586437821,0.041459307075,0.503911912441,0.348491966724,0.434283494949,0.462785989046,0.469449609518,0.045900348574,-0.376842200756,0.285197883844,-0.487687110901,-0.362502455711,0.207366511226,-0.602734267712,0.155745089054,0.791883945465,0.229814544320,0.997418820858,-0.324652791023,-0.186766520143,0.222846344113,-0.281608849764,-0.251834541559,-0.227036312222,-0.189116686583,-0.011145816185,0.502137959003,-0.270026743412,0.320586264133,0.724436879158,0.166701570153,0.232041254640,0.491333752871,-0.244092568755,0.012997964397,-0.367478549480,-0.378673762083,0.249941229820,-0.969525516033,-0.151020050049,0.108470030129,-0.417177855968,0.013500102796,0.475240677595,-0.136812016368,0.061688881367,0.617740809917,-0.278209120035,0.479117840528,0.058313857764,-0.194450870156,0.890014827251,-0.737751781940,-0.091743074358,0.438378781080,-0.414399623871,0.566168785095,-0.776906192303,-0.518033504486,-0.137536406517,-0.176497384906,0.013508334756,-0.406369537115,-0.082947432995,0.072217315435,0.452570348978,0.147389829159,0.316902548075,0.178081989288,-0.012425856665,1.105086326599,0.041269976646,0.359967052937,-0.046916972846,-0.146076872945,0.381480783224,-0.350084811449,0.115862153471,0.258955031633,-0.543901801109,-0.079111427069,-0.183720737696,-0.521009325981,0.034281205386,-0.153481349349,-0.600927412510,0.298883229494,-0.475145995617,0.892278552055,0.576775431633,0.161811903119,0.787899732590,0.605693638325,0.840578973293,0.529566228390,0.078312940896,0.055515058339,-0.631619572639,-0.056354697794,0.361522853374,-0.910894691944,-0.307571858168,-0.141825154424,-0.102711908519,0.422812521458,-0.338239312172,-0.216820687056,-0.488876551390,-0.650482654572,0.778412640095,-0.634961664677,-0.501878678799,-0.032519608736,-1.003609180450,0.171047940850,0.159482300282,-0.270709961653,0.667575955391,0.326467871666,-0.557471871376,0.127370178699,-0.691501617432,-0.842789173126,-0.208951130509,-0.534653484821,-0.668888926506,-0.306946218014,-0.884055018425,-0.182099103928,0.509698808193,0.422223925591,0.261922568083,0.472404807806,0.227666050196,1.127089858055,0.513292014599,0.200715228915,0.181432336569,-0.188894420862,0.646066308022,0.654084086418,-0.122373491526,0.168068051338,-0.081482172012,0.221241161227,0.228221699595,0.122381724417,-0.116109110415,-0.254551023245,-0.248776420951,-0.247401729226,0.046879932284,0.383267074823,0.366235554218,-0.052329361439,-0.314465939999,0.325261920691,1.479146122932,0.419552713633,-0.143245145679,0.438963234425,-0.311695963144,0.002201998373,-0.258646309376,-0.647074699402,0.099501520395,-0.298644483089,-0.452039420605,0.045237690210,-0.522606253624,-0.649305582047,0.119237184525,-0.431641072035,-0.354003161192,-0.205967113376,-0.618827402592,0.497330605984,0.833717823029,-0.023073650897,-0.056210637093,-0.064310699701,-0.068204328418,0.823909640312,0.117854245007,-0.871015965939,-0.247858583927,-0.387494117022,-0.360284000635,0.309160590172,-0.283086448908,0.376327723265,0.449545174837,0.111746273935,-0.074509866536,0.265556901693,0.030346419662,-0.083095602691,-0.070677973330,-0.808306276798,-0.180337503552,-0.098139159381,-0.702132940292,-0.129065915942,-0.184906125069,0.131074473262,0.042047880590,-0.079901672900,0.001514645643,-0.212527826428,-0.470136970282,-0.644370615482,-0.531895816326,-0.029934830964,-0.943126201630,-0.406645327806,0.193545386195,-0.442041933537,0.417758196592,0.231674924493,0.276003003120,0.365247726440,0.182057932019,0.644794523716,-0.062363889068,0.566395163536,-0.727239847183,-0.238009288907,0.662645101547,-0.754709184170,0.529821395874,0.472981035709,-0.258905619383,0.870221555233,0.572577238083,-0.213198721409,0.001971508842,0.395635306835,0.503640294075,0.134004980326,0.340696483850,0.057556532323,-0.184202313423,0.547383844852,0.866883575916,0.452920228243,0.035762924701,0.691769123077,0.313720971346,-0.286852478981,-0.246290445328,-0.303859323263,-0.512209534645,-0.146175652742,-0.475788056850,-0.537736237049,0.045340586454,-0.290861368179,-0.660154998302,-0.785882949829,-0.473919421434,-0.360102891922,0.023234171793,-0.337650716305,-0.097785189748,-0.238791286945,-0.428669422865,1.044315218925,0.729812264442,0.648869276047,0.059458073229,-0.033495072275,0.335983812809,0.056330002844,0.149155557156,-0.170237109065,-0.838302910328,0.227410867810,-0.385473191738,0.215384259820,0.636550426483,-0.579183220863,0.347952783108,-0.062191020697,-0.624009311199,0.203888595104,-0.068982228637,-0.122657485306,-0.117846019566,-0.253797799349,0.261408090591,0.176550894976,0.103530973196,0.089240610600,0.524590134621,-0.180107012391,-0.178267210722,-0.294664442539,-0.830276846886,-0.431373566389,-0.524800002575,-0.910174429417,-0.825374841690,-0.410785883665,-0.058717217296,0.514489710331,-0.032606042922,0.467815577984,0.636999011040,0.676013469696,0.566341638565,0.269351720810,-0.340873479843,-0.114318706095,-0.057165525854,-0.049518208951,-0.112882263958,-0.056972075254,-0.676997184753,0.123727619648,-0.450232535601,0.321960985661,-0.029975991696,-0.297368556261,0.308226257563,-0.773872852325,-0.447853565216,0.843513607979,-0.443375468254,0.240009605885,0.321833401918,-0.278501361609,1.541514039040,0.435736358166,-0.280114769936,1.066923737526,-0.377508938313,0.092586837709,0.010668373667,-0.605273783207,-0.265519857407,-0.229003727436,-0.536756694317,-0.579360187054,-0.745160400867,0.019579263404,-0.168129771948,0.108992747962,-0.470951914787,-0.051053438336,0.293808341026,0.368536323309,0.922468543053,0.173961982131,0.380348920822,0.380126684904,0.216297984123,0.520120263100,0.072406649590,-0.261185824871,-0.248311325908,-0.210539847612,0.167586490512,-0.389066338539,-0.436246782541,-0.144516944885,0.011635607108,-0.271895349026,-0.201805949211,0.184177622199,0.267182677984,-0.036297988147,-0.080029271543,-0.356670230627,0.185334190726,-0.295257121325,0.629648029804,-0.531640589237,-0.916014909744,0.529199898243,-0.327752023935,-0.056869179010,0.351850539446,-0.550400853157,-0.606899559498,-0.410086184740,-0.343153685331,-0.729375958443,-0.515185296535,-0.221179425716,-0.664180338383,0.090895205736,0.313152998686,-0.271224468946,0.384505987167,0.652075529099,-0.202834919095,0.557052075863,0.460658043623,-0.424113124609,0.314136683941,-0.207074284554,-0.803025603294,-0.172805428505,-0.370400816202,0.015488075092,0.310284197330,-0.014977704734,0.450146108866,0.319166302681,0.118512794375,-0.031535908580,0.527170777321,0.363778382540,-0.350183576345,0.206535100937,-0.398392975330,0.361094832420,0.744625329971,0.063722126186,0.465984016657,0.469046264887,0.162775024772,0.588481009007,0.136577412486,-0.352048099041,0.074723891914,-0.096628628671,-0.860475122929,-0.471561044455,0.083894081414,-0.615678727627,-0.418885946274,-0.678972840309,0.021081561223,-0.203427612782,-0.161581411958,-0.198443278670,-0.056712780148,-0.166713923216,0.689822316170,0.203715726733,-0.602030456066,0.277019619942,0.176081672311,0.112194903195,-0.335823297501,-0.063224107027,0.082321815193,-0.691406905651,0.215408951044,-0.273093074560,-0.594333767891,0.167335420847,0.153263211250,0.185675799847,-0.212276756763,-0.475668698549,0.125423356891,0.363140404224,0.309321105480,0.026852032170,0.190833002329,0.132115796208,0.210708618164,-0.112721733749,0.219195559621,-0.155629843473,-0.034392334521,0.339618116617,-0.361333519220,-0.132391557097,-0.258555769920,-0.528500199318,0.008828572929,-0.186075046659,-0.522067070007,0.073880136013,0.121644973755,0.443498939276,0.775350391865,0.504171192646,-0.156839907169,0.485094100237,0.135638982058,0.425035089254,0.670337736607,-0.815241515636,-0.280937969685,0.311379045248,-0.133367016912,-0.021505497396,-0.231069892645,-0.599305748940,-0.372536987066,-0.348981738091,0.355023890734,-0.052403446287,-0.314416557550,0.045653395355,0.381015717983,-0.481900125742,0.339560508728,0.608722925186,-0.525557339191,0.055807285011,0.133618086576,-0.518049955368,0.730524301529,0.095838382840,-0.582171320915,-0.548890292645,-0.399677127600,-0.012808633968,0.368293493986,-1.129131317139,-0.009153728373,-0.448380380869,-0.650198698044,-0.154888972640,-0.009750531055,-0.376175403595,0.316877871752,-0.018418585882,0.300352573395,0.663385987282,0.310325384140,0.162807941437,0.849078297615,-0.151563346386,0.264758408070,-0.055313374847,0.435958653688,0.064858116210,0.238787174225,-0.173587441444,-0.402101367712,0.103864356875,0.348352044821,-0.020953970030,0.024736469612,-0.367980688810,0.906342506409,0.421005636454,-0.266174256802,0.333242624998,0.274373114109,0.248953416944,0.232613340020,-0.057704705745,0.236297070980,0.385304450989,0.271487891674,0.471079498529,-0.380846947432,-0.134013220668,0.250385761261,-0.410184979439,-0.005795165896,-0.771794319153,-1.120948910713,0.070710904896,-0.518819630146,-0.181049540639,0.233621731400,-0.334127545357,0.411008119583,1.010902523994,-0.226896390319,0.029251592234,0.688904464245,0.801041722298,0.081527449191,-0.126785725355,-0.247434660792,-0.361732780933,-0.177501663566,-0.392268508673,-0.161857172847,-0.410769432783,-0.156337767839,-0.412247031927,0.049361810088,0.150670200586,-0.420696973801,0.397750854492,-0.146076872945,0.007256305311,-0.480834156275,-0.344273179770,0.363391488791,0.205057486892,-0.035783503205,0.256757140160,-0.418778926134,0.575268983841,0.554454982281,0.314198434353,-0.488259196281,-0.213828444481,0.369425356388,-0.411905407906,-0.013166715391,-0.271537274122,-0.675009250641,-0.097567044199,-0.054074496031,0.046554777771,0.035581823438,-0.557784736156,0.708100974560,0.648054301739,0.136198744178,0.701741874218,0.420026063919,0.596111834049,0.767398536205,0.163314193487,-0.071842774749,0.080387346447,0.649766504765,0.084630824625,-0.039319049567,-0.336675286293,0.114812605083,0.315626651049,0.101991631091,0.155378773808,-0.381196767092,0.098550751805,0.093224793673,-0.281398922205,0.097814001143,-0.274216711521,-0.626779317856,0.041237052530,0.114001780748,-0.185601711273,0.590608894825,-0.093257725239,-0.189038470387,0.038248918951,0.150711357594,-0.532945334911,-0.384287804365,-0.058655478060,-0.802852690220,-0.183243319392,-0.689888179302,-0.477483808994,-0.373763501644,-0.242981255054,0.182041481137,0.468091368675,0.177238225937,0.435637593269,0.109227351844,0.725058436394,-0.033190496266,0.697140336037,0.586575329304,-0.277834564447,0.558007001877,0.234444916248,-0.273739278316,0.275151044130,-0.138046771288,-0.367589682341,0.097949832678,0.120912350714,-0.155407577753,0.103246971965,0.072402536869,-0.330571413040,0.499796032906,0.099892526865,-0.088545024395,0.249397933483,0.306814521551,0.434785634279,0.124591954052,0.043509017676,-0.332954496145,-0.062495596707,0.154670834541,-0.120883539319,-0.098966456950,-0.285132050514,-1.107234716415,0.075678780675,-0.639707267284,-0.564032614231,-1.123364925385,-0.492951303720,-0.147039979696,-1.080074071884,-0.218129560351,-0.234333798289,-0.107301123440,0.638756513596,0.123402461410,0.187647297978,0.656187295914,-0.037763241678,0.447985261679,0.219273775816,-0.759364306927,-0.314400106668,-0.535723567009,-0.139363855124,0.208444863558,-0.680289924145,0.518119931221,0.673000693321,-0.121253974736,0.322594821453,-0.518535673618,0.753313958645,0.676318109035,-0.189108461142,-0.239770874381,-0.228563323617,-0.094784714282,0.831960260868,0.729009687901,-0.532352685928,0.773477733135,0.313815653324,0.421071469784,0.562871992588,-0.751058459282,-0.818303763866,-0.323401540518,-0.696152508259,-0.187313929200,-0.353443384171,-0.505825757980,0.139582008123,0.226904630661,0.252513647079,1.213967919350,0.626647591591,0.665168166161,-0.055346302688,0.711632370949,0.143508568406,-0.007861339487,0.259514778852,0.006046234630,-0.422079861164,-0.083482496440,-0.352056324482,0.349780231714,0.475792169571,-0.401195883751,-0.012512289919,0.177168264985,0.135992959142,0.180135831237,-0.141014337540,-0.272385150194,0.242302149534,-0.111725687981,0.279485046864,-0.231983631849,0.709372818470,0.329579472542,-0.454204380512,1.020377278328,-0.009145496413,-0.355254352093,0.244734629989,-0.430653244257,-0.499096333981,-0.180687353015,-0.139470875263,-0.760405600071,-0.098431386054,-0.047600205988,-0.923164129257,-0.365083128214,0.332267135382,-0.270306617022,-0.336173146963,-0.685200214386,-0.227612555027,0.870884180069,0.559501051903,0.318828791380,-0.271952956915,0.300776541233,0.860940217972,0.354933321476,0.246253401041,-0.434254676104,-0.518395721912,0.392309695482,-0.075719937682,-0.178732290864,-0.113577842712,0.312025219202,0.545062541962,0.007005236112,0.245796531439,-0.061145585030,-0.654870212078,0.235535636544,0.191907256842,-0.329167902470,-0.222319528461,-0.200599998236,-0.050600688905,0.626182496548,0.351871103048,0.239425137639,1.006440877914,-0.159683987498,0.206485718489,-0.020735828206,-0.247516959906,-0.349327504635,-0.097595870495,-0.735306918621,-0.112532414496,-0.480517238379,-0.218047231436,0.400352150202,-0.296191424131,-0.014397365041,1.020447254181,0.563592255116,0.496334552765,0.376484096050,-0.369552969933,0.623490750790,-0.163865715265,-0.514975368977,0.074876174331,-0.023526398465,0.245854154229,0.409357696772,0.029124001041,-0.614892601967,0.551540911198,-0.689818203449,-0.043076850474,0.083252005279,-0.825173199177,-0.177258819342,0.322915881872,-0.100723937154,0.131893530488,-0.205868333578,0.635352730751,0.914796590805,0.503031075001,0.491070330143,-0.212470203638,-0.121430955827,0.037594493479,-0.211223095655,0.118455164135,-0.459291607141,-1.241202712059,0.101864039898,-0.999633193016,-0.228476881981,0.195105299354,0.022699106485,-0.340737640858,-0.106905996799,-0.310753434896,0.295108944178,0.101592384279,0.343182474375,0.261148780584,0.499754875898,0.295096606016,0.239746168256,0.071945667267,0.429603725672,-0.348096847534,-0.389321565628,0.148962095380,-0.073480889201,-0.494297206402,0.362885236740,-0.951028704643,-0.369375973940,0.475627571344,0.101160220802,-0.134692341089,-0.132634386420,0.058651357889,0.114026479423,-0.137598142028,-0.281534761190,0.046048521996,0.114281661808,0.293553143740,-0.459192812443,-0.162285223603,0.051189258695,0.133539885283,0.150077506900,0.009886355139,-0.982428789139,0.021933550015,-0.622716903687,-0.610002934933,0.156815215945,-0.175122678280,-0.175188511610,0.663632929325,0.131930574775,-0.108939245343,0.741744160652,0.732635736465,0.878239274025,0.255049020052,0.289606004953,-0.159544050694,-0.399673014879,0.453447043896,-0.180576205254,-0.219705924392,-0.073110461235,-0.052107103169,0.118043579161,-0.232296437025,0.102962978184,-0.067121848464,0.060009602457,-0.021542541683,-0.023588135839,0.117734894156,0.272311061621,-0.228604480624,0.006005076226,0.964919805527,0.191783770919,0.218384742737,0.118780329823,0.767443776131,-0.052555732429,-0.110141083598,-0.108235418797,0.065154455602,-0.279048770666,0.072221435606,-0.685953378677,-0.729832828045,0.041912056506,0.217886716127,-0.793830692768,-0.008165915497,-0.144953235984,-0.340922862291,0.683059930801,0.458851188421,0.715085625648,0.450425982475,-0.035824660212,0.598190367222,0.532241523266,0.771292150021,0.358419477940,-0.627594232559,-0.181893303990,-0.098534286022,0.229584053159,0.203271210194,-0.185572907329,-0.158383369446,0.088026434183,0.009697024710,0.041418150067,0.441280484200,-0.700182020664,-0.555162906647,-0.348619580269,-0.488847762346,-0.316816121340,0.042410079390,0.043113894761,-0.212161526084,0.465358436108,0.033235769719,-0.162462204695,0.534291267395,0.180975452065,-0.045258272439,0.060795735568,-0.732359945774,-0.305649727583,-0.439193725586,-0.503767848015,-0.654145836830,0.308897167444,-0.390222936869,0.082371205091,0.216767191887,0.734907746315,0.029000524431,0.604940414429,0.325348377228,0.315935343504,-0.118076503277,0.472565323114,0.360444486141,0.063997894526,-0.380056709051,0.750132322311,-0.275677859783,0.052876774222,0.422285705805,-0.544255793095,0.117319181561,0.484209179878,-0.306176573038,-0.148361191154,-0.168681308627,-0.109461963177,-0.011005875655,0.206526875496,0.124307952821,0.700642943382,0.288581162691,0.106609649956,0.209803119302,0.317071318626,0.180160507560,0.093842178583,-0.507410407066,0.063837371767,-0.527870476246,-0.421474814415,-0.354534089565,-0.730742454529,-0.254452228546,0.021229734644,-0.615365922451,-0.149698853493,-0.129111200571,-0.286354452372,-0.130782246590,0.439239025116,0.474577993155,0.759405434132,0.684055924416,0.449059516191,0.724486291409,0.319738417864,0.485402792692,0.114042937756,0.043661303818,-0.022826697677,-0.417050272226,-0.126958593726,-0.159432917833,-0.219887033105,0.452364563942,-0.033157568425,0.216483205557,0.412638038397,-0.362370759249,0.317268848419,0.090039096773,-0.127164378762,0.103987835348,-0.454323738813,-0.442572861910,0.291577517986,-0.350080698729,-0.067591063678,-0.300377279520,0.254028290510,-0.378607898951,-0.580212175846,-0.718189001083,-0.113001622260,-1.190268635750,-1.093590617180,-0.040380947292,-1.240688204765,-0.133832111955,-0.174772828817,-0.465951114893,0.349228739738,-0.119994506240,0.174986839294,0.887244880199,0.230308458209,0.557414293289,-0.062252759933,-0.124661915004,0.345219850540,0.139911279082,-0.428414225578,-0.056165367365,-0.072340793908,0.394252359867,0.185305371881,-0.401986122131,0.498528301716,0.178814619780,0.183321505785,-0.133856803179,-0.617596805096,0.637608170509,0.289116233587,-0.301789015532,0.096990823746,0.123402461410,1.099270582199,1.006910085678,0.299187809229,-0.217804387212,0.081556260586,0.695259392262,-0.087351426482,-0.110556788743,-0.597659409046,-0.733779966831,-0.520005047321,-0.667254924774,-0.408933758736,-0.595247507095,-0.459834873676,-0.026407517493,-0.040191616863,-0.252172052860,0.461082011461,0.306468784809,0.373002052307,0.593247175217,-0.065825350583,0.225439354777,0.828247785568,0.310024917126,-0.186482518911,-0.317828625441,-0.041348181665,0.209173381329,-0.279106378555,0.019846796989,-0.172109842300,0.692156016827,0.511736214161,0.566271662712,0.219932317734,0.142738893628,0.308152198792,-0.449857980013,-0.283728539944,0.257493853569,-0.125489220023,0.085828550160,0.207004323602,-0.220031097531,0.099707305431,0.415630310774,-0.444136917591,0.736352384090,0.686965882778,-0.518436849117,-0.176855459809,-0.300241470337,-0.505764067173,-0.065607205033,-0.197027400136,-0.737920582294,-0.328748077154,-0.484666019678,0.394602239132,0.593893408775,-0.254839122295,0.522836744785,-0.426018774509,-0.267878264189,0.332493543625,-0.218907445669,-0.240326523781,0.099888414145,-0.956082999706,0.494367182255,-0.264820158482,-0.015076486394,0.191236361861,-0.882943689823,-0.082898035645,0.298842072487,-0.156131982803,0.170257702470,-0.696638226509,-1.074101924896,0.408789694309,-0.285251408815,-0.081527449191,0.863557934761,0.145121976733,0.428443014622,0.990800499916,0.308930099010,0.694876611233,0.707306563854,-0.336304843426,0.823477447033,-0.316787332296,0.001695744577,0.322010368109,-0.395454198122,0.259156703949,-0.318030327559,-0.729762852192,-0.061915256083,-0.358353614807,0.165285706520,-0.329233735800,-0.678614795208,0.115133643150,0.251867473125,0.461839318275,0.499635487795,0.202855497599,1.155518174171,0.319487333298,-0.112260758877,0.505710542202,-0.360477447510,-0.308942437172,0.100258834660,-0.721880972385,-0.215194925666,0.130136042833,-0.574244141579,0.302591621876,0.506620168686,-0.498655945063,0.048118811101,-0.183745443821,-0.610640943050,0.285749435425,-0.454834103584,-0.865636408329,0.245335549116,-0.101353660226,-0.462308526039,0.299512952566,0.130679354072,-0.164499580860,0.381007492542,-0.507105827332,-0.614287555218,-0.107918508351,-0.790854990482,-0.556763947010,-0.809911489487,-0.716933667660,0.012586376630,-0.449771553278,-0.023382341489,0.828552305698,0.014771910384,0.769378244877,1.045352458954,0.430369287729,0.540959000587,0.295903325081,-0.186700657010,0.145908117294,-0.216923609376,-0.609397888184,-0.211021423340,-0.272294580936,-0.176155760884,0.481397986412,-0.526985585690,-0.531776428223,0.245796531439,-0.135918870568,-0.179493740201,0.425726562738,-0.976855874062,-0.009227814153,-0.081375159323,-0.214112445712,0.334963053465,-0.078070104122,0.475166559219,0.442811578512,-0.079757615924,0.045698672533,-0.242845445871,-0.160070881248,-0.283975481987,0.108811654150,-0.271590769291,-0.924789965153,-0.608644723892,-0.127506002784,0.266692876816,-0.125406891108,0.453459382057,-0.395787626505,-0.246858432889,-0.045513454825,0.495581358671,0.395631194115,0.551355719566,0.228695034981,0.053350102156,0.444355040789,0.112273104489,0.264490872622,0.034709256142,0.021538425237,-0.233181357384,-0.297932446003,-0.310354202986,0.072431340814,-0.022690871730,-0.081082932651,0.132519155741,0.392400234938,0.131551921368,0.161980658770,0.208580702543,-0.133955582976,-0.198920711875,0.156387165189,0.023509934545,-0.209354490042,-0.148332372308,0.284724563360,0.001242997241,0.120508998632,0.269252955914,0.103765569627,0.137618720531,0.073954217136,-0.971912741661,-0.423787981272,-0.150415018201,-0.381653666496,-0.246660858393,-0.451915949583,-0.250603884459,0.111713349819,0.711772322655,0.296244949102,-0.004095305689,0.196665212512,0.844995260239,0.334539115429,0.118393428624,0.030222943053,-0.095854848623,0.028798848391,-0.049987420440,0.175563067198,0.214441731572,-0.495692491531,-0.211404204369,0.121060520411,0.013520682231,-0.369396537542,0.343268930912,-0.263453692198,-0.621272206306,-0.146714836359,-0.074629224837,-0.504031240940,0.121694363654,0.176447987556,0.189281314611,-0.100830942392,0.436769485474,0.531797051430,-0.265252321959,0.365597605705,0.034412913024,-0.005194246769,-0.122616320848,-0.538884580135,-0.288103699684,-0.640217661858,-0.334802538157,-0.315741896629,-0.597321927547,-0.615843415260,-0.227884188294,-0.051642008126,0.766686439514,0.040599089116,0.619127869606,0.441383391619,0.425405532122,1.437567353249,0.148369416595,0.138017967343,-0.067677490413,0.412057697773,-0.365227162838,0.119722858071,-0.463304579258,-0.041870895773,-0.108614087105,0.363716632128,0.255077838898,0.209753736854,-0.088689088821,0.777005016804,-0.120155028999,-0.372973263264,0.069945342839,-0.379583358765,-0.001321199117,-0.035310178995,-0.401455193758,0.253365665674,-0.006869412027,0.491239100695,0.365181893110,-0.294219911098,-0.077637940645,-0.696210145950,0.203699260950,-0.234979987144,-1.955551624298,-0.233893394470,-0.261161118746,-0.731248736382,0.450261324644,-0.209790766239,-0.264700800180,0.851588904858,0.452693849802,0.901670992374,0.940076410770,-0.343256562948,0.588427484035,0.355793565512,-0.644156575203,0.269730418921,0.077390983701,0.058560810983,0.642189145088,-0.330748409033,-0.252258449793,0.063932038844,-0.340227276087,0.646243333817,0.340412497520,-0.768596231937,-0.210856780410,0.314667612314,0.167899295688,0.166639834642,0.145648807287,0.214264735579,0.487613022327,-0.439831703901,0.033988978714,-0.009882239625,-0.177423447371,-0.410798221827,-0.667592406273,-1.182650089264,-0.740093767643,-0.555059969425,-0.812479794025,-0.865467727184,-0.824955046177,-0.737669467926,-0.164795920253,-0.525561451912,-0.699066579342,-0.686402022839,0.234712451696,-0.128901287913,0.408867895603,0.757685065269,-0.166755080223,0.518119931221,-0.065343789756,0.574474632740,0.663657665253,-0.069838337600,0.164989352226,-0.206308737397,-0.350414097309,0.081906110048,-0.382262796164,0.619671165943,0.018105776981,0.377698272467,0.409205377102,-0.078572243452,0.464617550373,0.613810181618,0.230641841888,0.102979443967,-0.173900246620,0.247714534402,0.342379868031,0.397322833538,-0.026683282107,0.301871359348,0.772580385208,0.525059282780,-0.011968993582,0.259181380272,-0.391231328249,-0.829696536064,0.287580996752,-1.128871917725,-0.704227924347,-0.221414029598,-0.894003093243,0.373932272196,0.530438780785,-0.200949847698,0.410995781422,0.719860017300,0.619642376900,0.731026470661,-0.215627104044,0.329324305058,-0.062907189131,-0.079617679119,0.044295150787,-1.244532465935,-0.175476640463,0.349010586739,-0.466436743736,0.193936377764,-0.803070902824,-0.308197438717,0.715628921986,0.012512289919,-0.424269527197,0.513522505760,-0.316770851612,0.208033278584,0.364782661200,-0.353575080633,0.632006466389,0.688933253288,0.065792419016,0.243726238608,0.831618666649,-0.416445225477,0.549664080143,0.370857715607,-0.501220107079,0.462300300598,-0.919381678104,-0.129683300853,-0.261099398136,-0.563563466072,-0.678557157516,-0.385156273842,-0.827836215496,0.071612283587,-0.091710142791,-0.279559135437,-0.564382493496,0.821374177933,0.454850554466,0.737492501736,0.310061961412,0.242952466011,0.624424993992,0.232584550977,0.180329263210,-0.492498576641,-0.397668570280,0.084655523300,-0.731639683247,0.184807345271,-0.105473667383,0.318660020828,0.858079671860,-0.266137242317,-0.067833900452,-0.146636635065,-0.487843483686,0.039290238172,-0.054391417652,-0.413156628609,0.119204260409,-0.233774036169,0.258765697479,0.975510001183,0.452747344971,0.391597658396,-0.108609966934,0.471890330315,1.025196909904,-0.126460567117,-0.837018668652,0.022073490545,-0.381069183350,-0.715353131294,-0.188330546021,-0.456348717213,0.415375083685,0.178724065423,0.397557467222,0.225138902664,0.353480398655,0.355242013931,0.514045238495,0.195599198341,0.192491695285,0.500446379185,0.253661990166,-0.554014563560,0.003366793739,-0.714653491974,0.398969203234,0.382555037737,-0.353040039539,-0.246953099966,-0.383497595787,-0.848761379719,0.120694205165,-0.242791920900,-0.185321837664,-0.126625195146,0.531261980534,-0.026522761211,0.009672329761,0.492449164391,0.189865782857,0.787973821163,0.365190118551,0.850234806538,-0.143467396498,-0.109688334167,-0.315659552813,0.177987322211,-0.404492706060,-0.195570379496,-0.611558735371,-0.482999116182,-0.411300361156,-0.122702762485,0.372611045837,-0.674140810966,-0.394433468580,-0.102736607194,-0.063351698220,0.601651847363,0.232230588794,-0.047637250274,1.065536737442,0.088528573513,0.211614102125,0.474952548742,0.057099673897,0.193500101566,-0.444404423237,-0.648025512695,-0.248973980546,0.001387053286,-0.301686137915,-0.028848238289,0.087046854198,-0.311070352793,0.364251673222,0.354883968830,-0.276620388031,-0.399109125137,-0.349146395922,-0.050872337073,-0.186194404960,-0.052670978010,0.357444018126,0.003321519122,0.459196954966,-0.048995491117,-0.379085332155,0.633636355400,0.676050543785,-0.137910962105,-0.686052143574,-0.532393813133,-0.442058384418,-0.381114482880,0.093879215419,-0.735800921917,0.331390470266,0.252978742123,-0.100386440754,0.634484231472,0.686093330383,0.008400521241,0.533608019352,1.260563850403,-0.116286091506,0.332151919603,-0.109725371003,-0.513765335083,0.509995162487,-0.688624560833,-0.791624605656,0.084556743503,-0.148525819182,-0.146101564169,0.269886791706,-0.408205211163,-0.150958299637,0.573787271976,-0.268590301275,-0.064532957971,-0.489769697189,-0.037166442722,0.419836729765,0.167450666428,0.559389948845,-0.243960842490,-0.023419383913,-0.392029792070,0.761195898056,0.525911331177,0.174307733774,-0.900551497936,0.186634808779,0.131564259529,-0.253312140703,-0.155502244830,-0.281662344933,-0.995072782040,0.070710904896,-0.349306941032,-0.699548184872,0.201954126358,-0.338749676943,-0.394659847021,0.585299432278,0.007145176642,0.710484027863,0.691695034504,0.079263709486,0.374841868877,0.293030411005,0.570185899734,-0.123892255127,0.172455579042,-0.599791467190,-0.486896842718,0.319195091724,-0.012360001914,-0.026349896565,0.064413599670,-0.116384871304,0.187392115593,0.052917931229,0.522157609463,-0.226435407996,-0.824473440647,-0.125131130219,-0.454739421606,-0.352863043547,0.412082374096,-0.482003062963,0.459180474281,0.821234345436,0.352978259325,0.066364526749,0.026098825037,0.570185899734,0.568885266781,-1.236654639244,0.323195725679,-0.471207082272,-0.589658141136,-0.210679799318,-0.534554660320,-0.059466306120,0.654306352139,0.530060112476,0.444606095552,0.647511005402,0.229402959347,0.938285946846,0.874526798725,-0.214849188924,0.449018359184,0.373874634504,-0.060491159558,0.658315241337,0.084976561368,-0.293030411005,-0.015512770042,-0.136165827513,-0.063635692000,0.025860104710,-0.476969331503,-0.291046559811,-0.240215390921,-0.249307379127,-0.152147799730,-0.063833259046,-0.525989532471,-0.064969241619,0.531331896782,0.170920342207,0.227316200733,0.278892368078,0.003276244272,0.113577842712,0.174941569567,-0.665522098541,-0.604323029518,0.099258676171,-0.783820927143,-0.394668102264,-0.517202138901,-0.649169683456,0.127320781350,0.028527198359,-0.893558621407,-0.165721997619,-0.056778632104,0.129514545202,0.294059395790,0.734714269638,0.556685805321,0.359164446592,0.712562561035,0.947242081165,0.029375070706,0.288906306028,0.288148969412,0.016821620986,0.526948511600,-0.493091255426,0.210930868983,0.277151346207,0.059865549207,-0.181609302759,0.025534950197,0.184663280845,0.056601651013,0.324138283730,0.200978666544,-0.359172701836,-0.703330636024,-0.188309982419,0.663064956665,-0.178481221199,0.268149912357,-0.726297259331,0.089199461043,-0.001345894416,-0.656812906265,0.080346189439,-0.649943530560,-0.563691020012,-0.616691231728,-1.014816761017,-1.266717076302,-0.420869797468,-0.166800349951,-0.436600714922,-0.037001803517,-0.410287857056,0.542918145657,0.533035874367,0.297660797834,0.201336741447,0.836940467358,0.566724419594,0.628775537014,-0.096476346254,0.034219469875,-0.096908509731,-0.139318600297,-0.289606004953,0.817455947399,-0.041265860200,-0.524758875370,0.494893997908,-0.023168316111,0.327525645494,0.307505995035,-0.039808839560,0.885483264923,0.130913943052,0.456797391176,0.206218183041,-0.302752137184,0.697082757950,0.971612274647,-0.178777575493,0.686834156513,0.105782359838,-0.145920470357,0.826115727425,-0.599663853645,-0.350512892008,0.235082879663,-0.574606359005,-0.492095202208,-0.737801194191,-0.560303628445,-0.899576008320,-0.710772216320,0.021102141589,-0.293565481901,-0.326883584261,-0.060145426542,-0.223064497113,0.908989071846,0.412238806486,0.241487190127,0.492132246494,0.102238580585,0.588987290859,0.313906192780,-0.196681663394,-0.488695502281,-0.356217503548,-0.121850773692,0.044784944504,0.025860104710,0.102711908519,-0.102773644030,0.487049132586,-0.446594089270,0.138787642121,-0.101312510669,-0.149554789066,-0.482348769903,-0.103810846806,0.167294263840,-0.390708625317,-0.104136005044,0.255028456450,0.433995366096,0.466609627008,0.396898895502,0.461283683777,-0.314309537411,-0.340264320374,-0.179724231362,-0.095974206924,-0.561880052090,-0.662295281887,-0.262050151825,-0.801482141018,-0.334584414959,0.032815948129,-0.267170310020,-0.031395968050,0.720950722694,0.200468286872,0.333901166916,1.080028772354,0.320010036230,0.167631760240,0.794308125973,-0.085379913449,-0.124143324792,0.002848192584,-0.526294112206,0.465938746929,0.321878671646,-0.418676018715,0.220911905169,0.100563421845,-0.742065250874,0.234963506460,-0.199332311749,-0.424187242985,0.057758215815,-0.484558999538,0.423405200243,0.409481137991,-0.407394409180,0.880667686462,0.820933878422,0.353608042002,0.895456016064,-0.234967634082,0.518477976322,-0.352434992790,0.135564908385,0.019533989951,-1.165663838387,-0.308465003967,-0.503101050854,-1.254332423210,-0.308349758387,-0.356270968914,-0.277558803558,-0.210840314627,-0.524536609650,-0.098530165851,0.114240497351,0.175262615085,0.233420059085,0.522692680359,-0.524516046047,0.396219760180,0.042105503380,0.581348180771,0.399174988270,-0.820863902569,0.293046891689,0.433966577053,-0.320084124804,0.435806363821,-0.474092304707,0.364218771458,0.794246435165,-0.229559361935,0.418778926134,0.067689843476,-0.111338801682,0.282711893320,-0.050938189030,0.081103511155,0.523026049137,0.082539953291,0.409736365080,-0.105638302863,0.115298286080,0.781602382660,-0.164483100176,-0.224616184831,0.081136435270,-0.333781808615,-0.441655039787,-0.142936453223,-0.895653605461,-0.041261747479,-0.254513978958,-1.428360342979,0.177909120917,0.426681458950,-0.276768565178,0.779972553253,-0.415724962950,-0.067385271192,0.438296467066,0.410637736320,-0.072093844414,0.123818166554,-0.372224152088,-0.535801768303,-0.301912486553,-0.455089300871,-0.437279850245,0.106967739761,-0.516345977783,-0.242771357298,-0.371051162481,-0.200863406062,-0.379962027073,-0.193092614412,0.015883199871,-0.495898276567,-0.216421455145,-0.277715206146,0.073801934719,0.755071401596,0.019217066467,0.549676418304,0.584764361382,0.439580619335,0.394528150558,0.696160793304,-0.349348068237,0.381937652826,0.206234648824,-0.640123009682,-0.126164227724,0.075213678181,-0.201682478189,0.517099201679,-0.421586006880,-0.470881938934,0.439555943012,0.210642769933,0.042657032609,0.383328825235,0.401274085045,0.454957544804,0.584756135941,0.376603454351,0.630372464657,0.368618637323,-0.362658828497,0.423285841942,-0.695831477642,0.290536195040,0.143290415406,-0.755116701126,-0.015636246651,0.196389451623,-0.229324758053,0.570597469807,0.058021631092,-0.444042265415,0.393104046583,-0.200834602118,-0.458912938833,0.372018367052,-0.567016661167,-0.116446614265,-0.253427386284,-0.594535470009,0.252085596323,-0.112655885518,0.151740327477,-0.216824829578,-0.226027935743,0.472540646791,-0.333003908396,-0.546951711178,-0.212564870715,-0.737879335880,-0.213783189654,-0.394384115934,-0.959704935551,0.141623482108,0.085013605654,0.267009794712,0.343330651522,0.239379867911,0.374368548393,0.915047705173,0.782351493835,-0.078535199165,0.618564009666,-0.215902864933,-0.421236127615,0.598038077354,-0.301780790091,-0.179670721292,0.286395609379,-0.531360745430,0.192602843046,0.480788856745,-0.363128066063,0.024156128988,-0.439679414034,-0.385271519423,0.428636461496,-0.388082683086,0.028630096465,-0.228044733405,-0.472660005093,0.809997916222,0.102744832635,0.272780269384,1.095739126205,-0.060145426542,-0.047806002200,0.422207474709,-0.280752748251,-0.644621670246,-0.200348928571,-0.791287064552,-0.452483892441,-0.431916832924,-0.661323904991,-0.421124994755,-0.458460181952,0.296133786440,-0.156131982803,0.267125070095,0.648758113384,0.631841838360,1.015582323074,0.964253067970,0.172344461083,0.593037247658,0.065615437925,0.358987480402,0.451430261135,-0.644300580025,-0.607903838158,-0.502438426018,0.422623187304,-0.157177418470,-0.384789943695,-0.583225011826,0.316614449024,0.628750801086,-0.090586505830,0.196447074413,-0.435036659241,-0.072258472443,0.094282582402,-0.557653009892,0.094784714282,-0.139865994453,-0.332695215940,0.797403335571,0.443194359541,-0.284469395876,0.140927895904,-0.443918794394,-0.271277964115,0.080375000834,-0.361012488604,-1.025970816612,-0.428447127342,-0.883915066719,0.158165231347,-0.010919443332,-0.146237388253,0.694259226322,0.417375415564,0.156321316957,0.926004111767,0.162104129791,0.751395940781,0.169364541769,-0.415296882391,0.047962408513,0.436629503965,-0.074398733675,0.409016042948,-0.107342280447,-0.273401767015,0.477570235729,-0.537921428680,0.436798274517,0.350381165743,-0.693678915501,-0.033223424107,-0.273212432861,-0.085943788290,0.735130012035,-0.325677633286,-0.561814188957,0.177818581462,0.068850524724,0.389519125223,0.108618207276,0.035511855036,-0.135326176882,-0.199731558561,-0.793340921402,-0.436806499958,0.001033087028,-0.575252532959,-0.165034636855,-0.875514566898,-0.817883968353,0.283946663141,-0.928407847881,0.058120410889,0.241717696190,-0.995887696743,0.001699860557,0.069340310991,-0.041381105781,0.776272356510,-0.124847136438,0.213565036654,0.524919390678,0.148266524076,-0.069332078099,0.393453896046,0.001502297935,0.284843921661,-0.889076411724,-0.045357048512,0.099291615188,0.185535863042,0.136042341590,-0.093200094998,0.174480587244,0.403373181820,0.475475251675,0.633545815945,-0.159634605050,-0.122200623155,0.030078886077,-0.368478715420,-0.259358376265,0.240614637733,-0.001008391730,0.348631918430,-0.272677361965,0.436946481466,-0.223418474197,-0.465523034334,0.187820181251,-0.373989880085,-0.955762028694,-0.190013945103,0.091631941497,-0.736010789871,-0.476228475571,0.537345230579,-0.610138773918,0.565098643303,0.092339880764,0.620852410793,0.181679278612,0.092208161950,0.683236896992,-0.036845400929,-0.056692197919,0.518210530281,-1.041586399078,-0.042875174433,0.713163495064,-0.771641969681,0.013775867410,0.273002505302,-0.124509632587,0.453603446484,-0.398372381926,-0.145772293210,-0.015784418210,0.169072315097,-0.059025902301,0.087293803692,0.225686311722,-0.079654723406,0.226052641869,0.061466623098,0.088211648166,0.688282966614,0.143479749560,0.192170664668,-0.144570454955,0.316704988480,-0.091755419970,-0.531998693943,-0.249023377895,-0.307098507881,-0.887952744961,-0.216244474053,-0.911977171898,-0.534464120865,-0.419219344854,-0.922168135643,-0.310798704624,0.176299825311,0.292458325624,0.278686553240,0.577187001705,0.428196102381,0.564114928246,0.783055305481,0.511382222176,0.438955008984,-0.736245393753,0.080823630095,0.129102960229,-0.669522762299,0.423232316971,-0.546054422855,-0.727676093578,0.590168476105,0.062664344907,0.739060640335,-0.349290430546,-0.081729128957,0.361263573170,0.469161510468,-0.392791241407,-0.361222416162,-0.108605854213,0.542704105377,0.156152561307,0.352348566055,0.194932416081,0.156304851174,0.492692023516,0.339177727699,0.067471697927,-0.073727846146,-0.552783906460,-0.567716360092,-0.468716949224,-0.692444145679,-0.359530776739,-0.827552199364,-0.332188963890,-0.437358051538,0.605845928192,0.186585411429,0.143825471401,0.488810718060,0.463777929544,-0.089434064925,0.054494317621,0.029292752966,-0.053403604776,0.291293501854,-0.585780978203,0.053547665477,-0.155115351081,-0.379538089037,0.040759608150,-0.384135544300,-0.306830972433,-0.131387278438,-0.668197453022,0.303867548704,0.017175588757,-0.044842563570,-0.019669814035,0.131350234151,0.536143422127,0.373524755239,0.833005726337,0.391704648733,0.272665023804,0.905539989471,0.603063583374,0.192825093865,-0.261251688004,-0.085392266512,0.117590837181,-0.391605883837,-0.330814242363,-0.305439829826,-0.952127635479,0.123032033443,-0.799164950848,-0.137482911348,-0.544058263302,-0.676799654961,0.044756129384,-0.303826391697,0.478204071522,0.052337594330,-0.301023483276,0.661286890507,0.142652451992,-0.308008134365,0.000337502570,-0.395112603903,-0.050785902888,0.092463359237,-1.101970553398,-0.057655315846,-0.071344748139,-0.532204508781,-0.001358242007,0.035400725901,0.170084834099,0.094282582402,0.152608782053,0.089623399079,-0.111116543412,-0.598429083824,-0.098336718976,0.266425341368,-0.127765297890,0.590057373047,0.162100017071,0.046320170164,0.828943371773,0.510361492634,0.305118799210,0.652610599995,-1.101867675781,0.079152584076,-0.180819049478,-0.146587237716,0.398874521255,-0.868426978588,-0.326393812895,0.319837182760,0.223340258002,1.200825810432,0.040401525795,0.196216583252,1.048027753830,0.322298467159,-0.069521412253,0.219043284655,-0.106033429503,-0.406505346298,-0.013714129105,0.461069673300,-0.811804831028,-0.400743126869,0.069290921092,-0.366359055042,-0.020365398377,0.022003520280,0.128851890564,-0.104251250625,-0.528631925583,0.009096105583,-0.875847995281,-0.335959106684,-0.223883554339,-0.283584475517,0.166413456202,-0.206065893173,0.215561240911,-0.409382373095,0.152666404843,-0.123151391745,-0.349393337965,0.282110989094,-0.696037292480,-0.302517563105,0.273401767015,-0.557496607304,0.021896507591,-0.307921707630,-0.279015839100,-0.079597100616,-0.041385222226,-0.597210764885,-0.245022743940,0.230905264616,-0.074707426131,0.599988996983,0.428047895432,0.296232581139,1.235716223717,0.382468611002,0.390494585037,0.858544766903,0.403990566730,-0.167611181736,0.081506870687,-0.496132880449,0.363432615995,-0.254530429840,-0.193648278713,0.092891409993,-0.256588369608,-0.163729906082,0.417856991291,0.303106099367,-0.647041797638,-0.419581532478,-0.181547567248,-0.634220838547,0.524841189384,-0.040862504393,-0.368404626846,-0.386275768280,0.503516793251,0.697062194347,0.478389292955,0.207728713751,-0.206111177802,-0.399109125137,0.364054113626,-0.360127568245,-0.771209836006,-0.239877894521,-0.352694302797,-0.447491347790,0.268009960651,-0.086355380714,0.647264063358,0.370767146349,0.768349289894,0.291132986546,0.908573389053,1.011017680168,-0.220636129379,-0.141203656793,-0.442729294300,-0.407270938158,0.053066104650,0.015632130206,-0.171673566103,0.001889191219,-1.046299099922,0.083087369800,0.384110867977,-0.702136993408,-0.144060090184,-0.485127002001,-0.785372555256,0.439732939005,-0.387350052595,-0.336856365204,1.173274159431,-0.617497980595,0.265824407339,0.370158016682,0.497573465109,0.874164581299,-0.254942029715,-0.287963777781,-0.034972671419,-0.612530112267,0.366844683886,-0.853511035442,-0.089499920607,-0.297940671444,-0.037615071982,-0.100201219320,-0.357003629208,-0.444305628538,0.623729407787,-0.574363529682,0.809882700443,0.362634152174,0.517580747604,0.751202523708,0.690624892712,0.720827221870,0.962771296501,-0.046904627234,0.799946963787,0.407163918018,-0.525536775589,0.220792531967,-0.052819151431,-0.539720058441,0.730870068073,0.275727242231,0.166718035936,0.316400408745,-0.203102454543,0.674992740154,0.039870575070,-0.597025573254,-0.191697329283,-0.673634529114,-0.181004270911,0.655742764473,-1.168820738792,-0.081757932901,-0.291696876287,-0.444696664810,0.530977964401,-0.421083867550,-0.638464331627,-0.460172414780,-0.553249001503,-0.360518574715,-0.868571043015,-1.130711793900,-0.689163744450,0.090948708355,-0.367861330509,-0.296903461218,-0.084367409348,0.548453986645,0.346285879612,0.422380357981,0.167882829905,0.179629549384,0.141318917274,1.127019882202,0.088734358549,0.023094229400,0.390741527081,-0.369079649448,0.843628764153,0.995229184628,-0.554327368736,-0.100691013038,0.175896465778,0.136268720031,0.200414776802,-0.242660224438,-0.215795844793,0.439856410027,-0.006865296047,0.241758853197,0.409954488277,-0.109433144331,0.517749488354,0.794637441635,-0.556846320629,0.449038922787,-0.181621640921,-0.324031263590,-0.029313331470,-0.817768692970,0.009030251764,-0.353661507368,-0.313371121883,0.905564665794,-0.341046333313,-0.615588188171,-0.037141747773,-0.285226702690,-0.343198955059,-0.730808317661,-0.685163140297,-0.175497233868,0.043397892267,0.407962411642,0.281621187925,0.474775552750,0.586439490318,0.271561980247,0.659562289715,0.250291079283,0.212783008814,0.116718269885,-0.589213609695,-0.057169638574,-0.401195883751,0.049637570977,0.724992513657,0.171620041132,-0.086520016193,0.592465162277,0.362605333328,0.339325904846,0.065450802445,-0.406991034746,-0.569659054279,0.081712663174,-0.182041481137,0.191693216562,0.200353041291,-0.304357320070,0.119961582124,0.734430253506,0.620428502560,-0.257860183716,-0.052127685398,-0.733944594860,-0.072180271149,-0.735553860664,-0.763039767742,-1.399664282799,-0.230596572161,-0.467856764793,-0.529368698597,0.000164635392,-0.336127847433,0.251995056868,0.353838503361,-0.051353897899,0.866920650005,0.094706512988,-0.064652323723,-0.075349502265,-0.220496177673,-0.184473976493,0.857548713684,0.078810967505,-0.453977972269,-0.332040786743,-0.537872076035,0.069961816072,0.503315091133,0.109482534230,-0.066142268479,-0.485419243574,0.692654013634,0.364885538816,-0.375072360039,0.681755185127,0.205246821046,0.606772005558,0.703766882420,-0.323409765959,0.773205995560,0.724334001541,0.123863436282,0.901469349861,-0.543025195599,-0.009190770797,0.187005221844,-0.460304111242,-0.308703720570,-0.742970764637,-0.808989584446,-0.178913399577,-0.421026229858,-0.261276364326,-0.784895181656,-0.057856991887,-0.211379498243,0.634266078472,0.751972138882,0.300282627344,0.230090320110,0.455908358097,0.118611574173,0.263087362051,0.145517110825,0.059058833867,-1.015318751335,-0.231213942170,-0.100781552494,-0.788377165794,0.573285162449,-0.431163668633,0.013224339113,0.779573321342,-0.085091806948,0.078411720693,0.583883523941,-0.333246737719,0.252986997366,0.005778701976,-0.691958427429,-0.051098711789,0.600795745850,0.314107865095,0.075172521174,0.205271527171,0.114396907389,0.415025264025,0.440103322268,-0.176550894976,-0.464539349079,-0.790521502495,-0.022493312135,-0.764599680901,-0.467070639133,-0.182951077819,-0.644975602627,0.783005952835,0.388280212879,0.022114649415,0.628557324409,0.372878581285,0.432126730680,-0.002004435984,0.041175313294,0.866504907608,-0.161943599582,-0.098542518914,-0.378282755613,-0.346368163824,-0.470289230347,-0.129728585482,0.093838058412,-0.477006345987,-0.143212214112,-0.477191567421,-0.190083906054,-0.214474633336,-0.619415998459,0.187359184027,-0.227703109384,0.233090803027,0.582484126091,-0.044846683741,-0.012405277230,-0.099806092680,1.119747042656,0.247870936990,0.255316585302,-0.245697751641,0.715941667557,-0.556447029114,0.551359832287,-0.451891243458,-0.204328998923,-0.459229856730,0.420569330454,-0.632796704769,-0.434633314610,0.483336597681,-0.592551589012,-0.176744341850,0.270125538111,-0.325846374035,0.630718171597,0.107054166496,0.642884731293,0.557344317436,0.256703644991,0.283135831356,-0.074814438820,0.324932634830,0.432274937630,-0.525252759457,-0.155963227153,-0.245253235102,0.101966932416,0.716295659542,-0.839870989323,-0.488716065884,0.452269881964,0.001222417806,0.294722050428,-0.577166438103,-0.922205209732,0.392153263092,-0.423232316971,-0.217775598168,0.479191899300,-0.426290452480,0.035849358886,0.810141921043,0.035544782877,0.002716484014,0.250072956085,-0.405389964581,-0.282016307116,0.193092614412,-0.224134624004,-0.552903294563,-0.676116406918,-0.094138517976,-0.775354504585,0.003576704068,-0.296747088432,-0.123929291964,-0.056362930685,0.290252208710,0.226694718003,0.295804530382,0.844373822212,0.150859534740,0.106700204313,0.497668117285,0.179930016398,-0.127349585295,-0.197142660618,-0.312140494585,-0.168878868222,0.177036553621,-0.502022683620,-0.864364624023,-0.288984507322,0.199982628226,0.114302240312,-0.048909056932,-0.132342174649,-0.806079626083,0.523437678814,0.175987005234,-0.032087437809,0.603503942490,0.120097398758,0.368351131678,0.453854501247,0.584566771984,0.163548812270,0.577532768250,0.051526766270,-0.337469637394,0.823567986488,-0.294606804848,-0.376261860132,0.143553823233,-0.697543680668,-0.300212651491,-0.247735127807,-0.542193710804,0.141401231289,0.315289139748,-0.370236188173,1.138280987740,0.221529275179,0.518218755722,0.986421227455,0.209584966302,0.770361900330,0.260123938322,-0.237157285213,0.410617172718,-0.908812105656,0.148060724139,-0.169644430280,-0.344466626644,-0.084976561368,-0.048402808607,-0.347228378057,0.455455571413,-0.378636717796,0.192643985152,-0.101617082953,-0.739352881908,-0.302838593721,-0.897221803665,-0.791731655598,0.571210741997,-0.274508953094,-0.194640204310,0.059075295925,-0.188145324588,0.183198034763,0.072534240782,-0.032758329064,0.143331587315,-0.889965474606,-1.113787293434,0.131407856941,-0.796217918396,-0.593831658363,0.270393043756,-0.244195461273,0.890125989914,0.074900873005,0.385201573372,0.500483393669,0.355863511562,1.163297295570,0.934194803238,-0.044908419251,0.520379543304,0.115726336837,-0.208807080984,0.225887984037,0.470865458250,-0.011742619798,0.530928552151,-0.259411871433,-0.076522529125,0.184424579144,-0.182613581419,-0.229616984725,-0.299677580595,0.315219163895,-0.109622478485,-0.329060882330,-0.473421424627,0.508085429668,0.863623797894,0.487143784761,0.078666903079,0.155843868852,-0.450886934996,0.265972584486,-0.523779273033,-0.354567021132,-0.353813827038,-0.486707508564,-0.476076185703,-0.388251423836,-1.101003289223,-0.362358361483,-0.276748001575,-0.503397405148,0.468309491873,-1.100295424461,-0.506978213787,-0.397396922112,-0.641971051693,0.963685095310,0.483344823122,-0.407974749804,1.207678794861,0.572750091553,0.577413380146,1.407105803490,-0.585134804249,0.251122504473,0.107642740011,-0.363119810820,0.094698280096,-0.306040734053,-0.289696544409,0.562814354897,0.292478889227,0.088351584971,0.350875049829,0.053341869265,-0.583496689796,0.399520695210,0.438111245632,-0.167792275548,-0.078642211854,0.070184074342,-0.044883720577,0.366013288498,0.065775960684,0.242610841990,-0.172455579042,0.546243786812,-0.072188504040,-0.590839385986,-0.307975202799,-0.326204478741,-0.801136374474,-0.261313408613,-0.920081377029,-0.744168460369,-0.410164386034,-0.053271900862,0.295878618956,0.130016684532,0.093265950680,0.619448900223,0.228036478162,0.367968350649,1.044529199600,0.189104318619,-0.077045246959,-0.102469071746,-0.519305348396,-0.115923896432,0.203777462244,-0.350615769625,-0.204641789198,-0.445976704359,0.127110883594,0.167923986912,0.040998328477,-0.248418346047,0.361086606979,-0.316194623709,0.365400016308,-0.064528845251,-0.179193288088,0.815484404564,0.386374562979,0.453010767698,0.733137905598,-0.124357342720,0.631426095963,0.781709432602,-0.293796002865,0.221903815866,-0.612900495529,-0.079053796828,0.210375219584,-0.606319248676,-0.666826844215,-0.298887342215,-0.549425363541,-0.088919572532,-0.900473296642,-0.075374200940,0.263198494911,0.292470663786,0.085478700697,0.854540050030,0.258041292429,0.766517698765,0.884355485439,0.048979029059,0.432209074497,-0.131181478500,-0.192611068487,0.447898805141,-0.981790840626,0.253340959549,-0.324389338493,0.275928914547,0.439946949482,-0.009030251764,-0.198809579015,0.083256125450,0.281785845757,0.549734055996,-0.513287901878,0.100810371339,-0.053930439055,-0.119945116341,-0.411193341017,-0.169241070747,-0.141096651554,0.760327398777,0.566753268242,-0.044863145798,-0.261424541473,-0.312864869833,-0.698000550270,-0.091619603336,-0.523610532284,-1.012569427490,-0.453381180763,-0.704462468624,-0.395528286695,0.544132351875,-0.272348105907,-0.429204493761,0.415366858244,0.767283260822,0.505784630775,0.437695533037,0.135276779532,-0.132449179888,0.942031383514,-0.381250292063,-0.068089082837,-0.035993412137,-0.846843302250,0.967027187347,0.013973428868,-0.432925224304,0.562690854073,-0.193166717887,0.667431890965,0.335440516472,-0.456484586000,0.449421703815,0.704676508904,0.406476557255,0.614036500454,0.005634646397,0.505722880363,-0.024645918980,0.722370743752,1.223759531975,-0.445935547352,0.291639238596,0.195718556643,-0.284786313772,0.043364964426,-0.183033406734,-0.200217217207,-0.349088758230,-0.224805518985,-0.720111131668,-0.587369680405,-0.289898216724,-0.212984710932,-0.091627828777,-0.309559822083,-0.474709689617,0.280773311853,-0.085639216006,0.160289019346,0.170739248395,0.270216077566,0.534550547600,0.064907506108,-0.155794486403,-0.077670864761,-0.362975776196,-0.488559633493,-0.444379746914,-0.259835809469,-0.255057275295,0.101925767958,-0.455603778362,0.472293674946,-0.530990302563,-0.636529803276,0.295471131802,-0.427924424410,-0.117858372629,-0.323693752289,-0.038574073464,0.070278733969,-0.086569406092,0.527467131615,-0.058667827398,0.173418700695,0.635340332985,0.200645267963,0.590950489044,0.000201678369,-0.899016320705,-0.163392394781,-0.567185401917,-0.756162106991,-0.367527931929,-0.385378509760,-0.515329360962,0.685731112957,-0.267347306013,0.016866896302,0.440218567848,-0.211144909263,0.448256909847,0.652906954288,0.549651741982,0.570795059204,0.834792077541,-0.270228415728,0.460448145866,-0.233378916979,-0.544749736786,0.320812672377,-0.334061682224,0.311449021101,-0.484661906958,-0.671119689941,0.425179153681,-0.577997803688,-0.188898533583,0.398693412542,-0.741056799889,0.520326077938,0.433674335480,-0.559365212917,0.094192028046,0.761088848114,0.539958834648,0.642892956734,-0.681549370289,0.530755698681,0.516415953636,-0.099670268595,0.278394341469,-0.046624742448,-0.668695449829,0.101650007069,-0.463559776545,-0.839772164822,-0.102551385760,-1.615373611450,-0.021789494902,0.435851633549,-0.769728064537,0.423520445824,0.001572267967,0.285794705153,0.782083988190,0.261720895767,0.706903219223,0.552512288094,0.209622010589,0.909664094448,-0.467128217220,-0.480747699738,0.279415071011,-0.653775393963,-0.650198698044,-0.389338016510,-0.408127039671,0.378307431936,0.288560569286,-0.384645909071,-0.214030116796,-0.066339835525,-0.114001780748,0.468609958887,-0.908309936523,-0.616399049759,0.120204418898,-0.372314691544,0.243779748678,0.320409268141,-0.514456808567,0.590971052647,0.376619964838,0.328896254301,0.097933366895,0.018467975780,-0.408213436604,-0.372919738293,-0.433340936899,-0.495832413435,-0.327406287193,-0.438312917948,-0.124921225011,0.764052271843,-0.308440297842,-0.069529645145,1.172343969345,0.295001953840,0.668901264668,0.266927480698,-0.180827274919,-0.210671573877,-0.026201723143,-0.224241629243,-0.135474354029,-0.042850479484,-0.099892526865,0.223657190800,-0.110478579998,0.119047850370,-0.026234649122,-0.304040402174,0.083807647228,0.270989865065,0.309008300304,-0.473359704018,-0.191285744309,-0.002901698695,0.158877268434,0.380250155926,0.308448553085,-0.282823026180,1.064725875854,0.573202788830,0.101300157607,0.088425673544,0.129086494446,-0.044661469758,0.261659145355,-0.037808518857,-0.333329051733,-0.757236361504,-0.099056996405,0.099439784884,0.228015914559,-0.041187658906,-0.395495384932,-0.034709256142,0.142640113831,0.057334277779,0.540884912014,0.458645403385,0.313325852156,0.485715597868,0.621004700661,0.315746009350,0.532529652119,0.042191937566,0.035902865231,-0.158420413733,0.377216756344,0.329464226961,0.019546337426,-0.490329474211,0.272430419922,-0.188919126987,-0.153403148055,0.344865888357,-0.975987434387,-0.943290829659,0.067076571286,-0.273434698582,-0.532817780972,-0.539119184017,-0.190339088440,0.496886104345,-0.477240979671,-0.492062240839,-0.213824331760,-0.086692884564,0.495289146900,-0.391540020704,-1.297075867653,-0.476319044828,-0.425627768040,-0.953745245934,-0.587587893009,-0.935334861279,-0.739653348923,0.201102137566,-0.363477915525,0.481015264988,0.607018947601,-0.401381105185,0.598922967911,0.928428351879,0.373685300350,1.169874429703,0.217335194349,-0.198204547167,0.924423694611,-0.425808876753,-0.322627753019,0.423705667257,-0.004103537183,-0.277525871992,0.093656964600,-0.387695789337,0.248920485377,0.040483843535,-0.231333315372,-0.186704769731,0.092895522714,0.334065794945,0.167907536030,0.243215873837,0.330443829298,0.174513518810,0.197052106261,0.605360269547,0.555578589439,-0.016290672123,0.531113803387,0.039710059762,-0.129687413573,0.210346415639,-0.783528685570,-0.450063765049,-0.874547302723,-0.541469335556,-0.857285320759,-1.053711771965,-0.249883607030,0.013652390800,-0.747086584568,0.099592067301,-0.446203052998,-0.104782201350,0.952008306980,0.322257339954,0.508781015873,0.335802704096,0.170228883624,0.698815524578,-0.338770270348,-0.787298798561,0.017986416817,-0.291338801384,-0.444433271885,-0.124892413616,-0.460748612881,0.068644724786,-0.086631141603,0.131424322724,0.373088508844,0.495247960091,-0.152452379465,-0.084223352373,0.188462257385,-0.185247749090,0.265355199575,0.261510968208,-0.197653025389,0.071645207703,0.585690438747,-0.214219450951,0.457616448402,-0.193537130952,-0.079646490514,0.283790260553,-1.084535717964,-0.402089029551,-0.114475108683,-0.768559157848,0.059972558171,-0.473367929459,0.072196736932,-0.292483001947,0.014059863053,0.109149150550,0.436370253563,0.469898223877,0.689493060112,0.364305198193,0.684422254562,-0.810940444469,0.103111147881,0.058313857764,-0.833985269070,0.541378796101,-0.678853452206,-0.664937674999,0.210255876184,-0.671778261662,0.416045993567,-0.075036697090,-0.174344763160,0.365284800529,0.327328085899,-0.337119787931,-0.592971444130,0.228588029742,-0.327179908752,0.359658360481,0.090059675276,0.602236270905,0.233099028468,0.056111857295,0.941689789295,-0.131251454353,0.220586732030,0.400389164686,-0.155765667558,0.444272726774,-0.438551664352,-1.011923193932,-0.062470901757,-0.383872121572,-0.314540058374,0.489267557859,-1.017203927040,0.282069802284,0.635681986809,0.034417029470,0.562970757484,0.577244639397,-0.227237999439,0.573025822639,0.317643404007,0.107922621071,0.176917195320,0.183930665255,-0.928502440453,0.181934460998,-0.391585290432,-0.242767244577,0.638060927391,-0.403089195490,-0.209671407938,0.396870106459,-0.339395850897,0.269623398781,-0.194261536002,-0.437209874392,0.198756083846,-0.183568462729,0.233543545008,-0.432892322540,-0.185980379581,0.232683330774,0.111853294075,0.154111072421,-0.041393455118,0.552479326725,0.229053109884,-0.472701132298,-0.577960789204,-0.601100265980,-0.376270085573,-0.602145731449,-0.257991880178,-0.145998671651,-0.484275013208,0.225365281105,-1.156588315964,0.751951634884,0.477117508650,-0.200151368976,0.847645878792,0.134914591908,-0.004486314487,0.138408973813,0.301002889872,-0.439897537231,-0.446153700352,-0.103152312338,-0.141409456730,-0.190495491028,-0.103872582316,-0.301171660423,-0.231452673674,0.176662012935,0.082996822894,-0.453940957785,0.322668910027,0.042541787028,0.080564334989,0.607825696468,-0.341474384069,0.626034319401,0.383966773748,-0.103765569627,0.309724450111,0.949592232704,-0.266198962927,0.678524196148,0.775037586689,-0.765488743782,0.556648731232,-0.082976236939,-0.485830813646,-0.180316910148,0.254546910524,-0.056828022003,-0.851210236549,0.109992906451,-0.126748681068,-0.468589395285,0.357040673494,0.287589222193,-0.213433340192,0.426101118326,0.832581758499,0.295569926500,-0.149435430765,0.727062821388,1.228793382645,-0.274854689837,-0.173673883080,-0.463049381971,-0.043480210006,0.271450847387,0.041018910706,-0.690929472446,0.272776156664,-0.480653047562,0.091574326158,-0.210008919239,-0.613707244396,0.321746945381,-0.057503025979,-0.964141964912,0.303336590528,-0.650009393692,0.163256570697,0.067496396601,-0.061923488975,0.008569272235,-0.078922092915,0.241322562099,0.155625730753,-0.449388772249,-0.812862634659,-0.353369295597,-0.504438757896,-0.936927676201,-0.052349943668,-0.348286181688,-1.219112753868,0.097381837666,-0.049304183573,0.248829945922,0.266985118389,-0.143269836903,0.141899242997,0.668102800846,0.596177697182,-0.014623739757,0.052514575422,0.019892072305,-0.459649652243,0.260576665401,0.429241508245,-0.352052211761,-0.306707531214,-0.294149965048,0.171508923173,0.038137789816,-0.055156975985,-0.022575628012,-0.153555437922,0.338659137487,0.035902865231,0.159902125597,0.410481303930,0.078601054847,0.115236543119,0.395717620850,-0.068957537413,0.433077543974,0.464082509279,0.046686481684,0.757368147373,0.169261649251,0.093644611537,-0.179999992251,0.072414882481,-0.178403034806,0.463506251574,-0.114775568247,-0.618629872799,-0.179119184613,-0.236111849546,-0.460653930902,0.467803239822,-0.754219412804,-0.067726880312,0.630269587040,0.034795690328,0.945739805698,0.685521245003,0.271561980247,0.384695321321,0.420211285353,-0.234049797058,-0.178151965141,-0.405118316412,-0.023230055347,-0.519239485264,-0.154251024127,0.018710812554,-0.165853694081,-0.117697842419,0.227044567466,0.207107216120,-0.286733120680,-0.424043148756,-0.041784465313,-0.992562115192,-0.215680614114,-1.108757615089,-0.271059840918,-0.308814853430,0.202011734247,0.203822746873,0.057910501957,0.335358172655,0.166141808033,-0.239614471793,0.171377211809,-0.660043895245,-0.578141868114,-0.393820226192,-0.315182119608,-0.469844728708,-0.149159669876,-0.630981624126,0.151332855225,0.212177976966,1.177221298218,0.088269263506,0.189322471619,0.375854372978,0.788274288177,0.545321822166,-0.057671781629,0.306505829096,0.309749156237,-0.392396122217,0.469725340605,0.032383780926,-0.092389270663,0.456538051367,0.156251341105,-0.045274734497,-0.257629692554,-0.165409177542,-0.438024789095,-0.228818506002,0.038281846792,-0.342667996883,-0.380213111639,-0.458703041077,0.205872446299,0.177406996489,0.446552932262,0.082523494959,0.390708625317,0.103255204856,0.511007666588,-0.271677225828,-0.796855926514,-0.242174550891,-0.024798206985,-0.674840509892,-0.404196351767,-0.381340861320,-0.296804696321,-0.230308458209,-0.039545420557,-0.498911112547,-0.018920723349,0.783355772495,-0.647045910358,0.690237998962,0.325908124447,-0.031350694597,1.038869857788,0.388218492270,-0.284893333912,1.165639162064,-0.001082477742,0.085910871625,-0.042010836303,-0.203995600343,0.083519540727,0.067940913141,0.029671415687,-0.323702007532,0.268676728010,0.008182378486,0.585608124733,-0.274714738131,-0.190964713693,-0.205041036010,-0.158667370677,0.234683647752,0.114508032799,-0.313198268414,-0.057951658964,0.029169276357,-0.392688363791,0.720144033432,0.399664789438,-0.569823682308,-0.477006345987,-0.004358722363,-0.488522619009,-0.388749450445,-0.366206735373,-0.723074555397,-0.702202916145,-0.061762969941,-0.471861511469,0.050329037011,0.012656345963,0.359374403954,0.403109759092,0.018455628306,1.073999047279,0.715163826942,0.315898269415,0.214779227972,0.276447534561,-0.793110430241,0.350875049829,-0.470532059669,-0.065096832812,0.026267576963,-0.053671140224,-0.449989676476,0.125398665667,0.193491861224,0.320985525846,0.670160710812,-0.291606336832,0.315939456224,0.122377604246,0.431003123522,0.498997539282,0.201336741447,0.077716141939,0.479875117540,0.027745181695,0.261465698481,-0.328143060207,-0.007124596275,0.119652897120,-0.138643577695,-0.163692861795,-0.336535334587,-1.058025240898,-0.267112702131,-0.442136615515,-0.410711795092,-0.553076148033,-0.829367220402,-0.040891315788,0.423195302486,-0.633747518063,0.297961264849,0.595877230167,0.231226295233,1.092923879623,0.010404956527,0.313362896442,0.332032561302,0.331456333399,-0.157798916101,0.081832021475,-0.199793294072,-0.492469757795,0.532188057899,-0.158700287342,0.366750061512,0.382398605347,-0.039323166013,0.292038500309,-0.079642377794,0.268059343100,0.237630620599,-0.057083204389,-0.130111351609,-0.191018223763,0.136169940233,-0.172216847539,0.134301319718,0.662698626518,-0.539802432060,-0.206683278084,0.354896306992,-0.529331624508,-0.452582687140,-0.015891432762,-0.540493905544,-1.074204802513,-0.410736501217,-0.851732969284,-0.423503994942,-0.352229207754,-0.617786049843,-0.234621912241,-0.604405343533,0.811240851879,0.577454566956,-0.007416824345,0.693884670734,0.762813448906,0.694016396999,-0.388877004385,0.591370344162,-0.000921958243,0.038660507649,0.114582121372,-0.264581441879,-0.273467630148,0.266981005669,-0.277525871992,0.436518400908,0.002062058309,-0.161696657538,0.442968010902,0.091376759112,0.461580038071,0.869505405426,-0.573330461979,0.018233370036,0.532928884029,0.588546812534,0.745901226997,0.509954035282,0.222245424986,0.435419440269,-0.100444056094,0.190581932664,-0.081074699759,-0.134963989258,-0.698416292667,-0.658525109291,-1.072513103485,-0.652511835098,-0.294462740421,-0.710644543171,-0.657092809677,-0.096743874252,-0.486946225166,0.078024834394,-0.055403929204,0.107366979122,0.950349569321,-0.094266109169,-0.204584181309,0.005354766268,-0.325216650963,0.407382041216,0.119175441563,-0.838784456253,-0.168701887131,-0.044402167201,-0.721049547195,-0.096381679177,-0.248418346047,0.004885555245,0.562789618969,-0.405809789896,0.219508364797,0.539769470692,-0.469869434834,0.256670713425,0.470260441303,-0.088845498860,0.845250427723,0.582401871681,0.243429899216,0.832087814808,0.540600895882,0.118607461452,0.747531116009,-0.410032689571,-0.098188549280,-0.369207203388,-0.207749277353,-0.503055810928,-0.096319936216,-0.880079090595,-0.607274115086,-0.338601499796,-0.209510892630,0.306201249361,0.316663831472,0.130156636238,0.314428895712,0.515991985798,0.582768142223,0.581204116344,-0.277591764927,0.397734403610,0.495108038187,-0.546795308590,-0.246697917581,-0.315005123615,-0.669547498226,0.447944104671,-0.795053184032,-0.485769063234,0.181156560779,-0.229398846626,0.061363730580,-0.831071257591,0.164182648063,0.276147067547,0.121044054627,0.528800666332,0.332621127367,-0.216215655208,0.663250148296,0.243878528476,0.026028856635,0.737200319767,-0.237214922905,0.576940059662,-0.304369688034,-0.084038138390,-0.113837145269,-0.314346611500,-0.865677595139,0.128856018186,-0.007178103551,-0.742221653461,0.107288770378,-0.276179999113,-0.469667762518,0.441490381956,0.010590171441,0.637069046497,0.399409592152,0.842180013657,0.464238882065,0.094620078802,0.370376139879,0.601845264435,0.317828625441,-0.440984129906,-0.443918794394,-0.624647259712,-0.154543235898,-0.215779393911,-0.303616493940,-0.334399193525,-0.461114943027,0.550203263760,0.011512130499,0.150694891810,-0.151172339916,-0.591522634029,0.210659220815,-0.177127107978,-0.093731053174,0.021069213748,-0.455414444208,0.806668162346,0.132819607854,-0.302134752274,0.593370676041,0.121101684868,-0.030531635508,0.279196947813,-0.543733119965,0.625449836254,-0.423104733229,-1.029485702515,0.191149920225,-0.675713062286,-0.173636838794,0.323788434267,-0.045455832034,0.451479643583,0.254620999098,0.337379097939,0.413876920938,0.440844208002,0.472092002630,-0.122171819210,0.392708927393,0.437497973442,0.098838858306,-0.340231388807,-0.290388017893,-0.403142720461,0.022501543164,0.068286642432,-0.878914296627,-0.254625111818,-0.023250633851,-0.143199861050,0.474088191986,-0.169109359384,0.049193054438,-0.256650120020,0.407007485628,0.159626364708,0.609990596771,0.318631231785,-0.257440358400,0.537201166153,0.183897733688,0.437765538692,0.097114302218,0.137614607811,0.637213051319,-0.682174980640,0.212676003575,-0.285539507866,-0.458542495966,0.138075590134,-0.184107646346,-0.702721476555,-0.275039881468,0.218281850219,-0.234667167068,0.352756023407,-0.274879366159,0.506871223450,1.141338944435,0.283987820148,0.747728645802,0.464189499617,0.043974116445,0.502792358398,0.350656926632,-0.549528241158,-0.015648594126,-0.036314453930,-0.410275518894,0.133893847466,-0.590468943119,-0.402562379837,0.268882542849,-0.123139038682,-0.336226642132,-0.436028599739,-0.431204795837,-0.188462257385,-0.390696257353,-0.792085587978,0.025386778638,0.003346214304,-0.207189530134,0.373677074909,-0.247907981277,-0.018109893426,0.839628160000,0.220121651888,-0.020727597177,-1.157086372375,-0.578771591187,0.125707358122,-0.678297817707,-0.643510341644,-0.757298111916,-0.362922251225,0.360897272825,0.830104053020,0.455286860466,0.727194547653,0.668864250183,0.507068812847,0.899501919746,0.223714813590,0.296565979719,0.572667777538,0.010009832680,0.259033203125,0.107967898250,-0.270290166140,0.252447783947,-0.054391417652,0.118726812303,0.285984039307,-0.662953794003,0.366807669401,-0.139952436090,-0.817188382149,0.293890625238,-0.471491068602,-0.084960095584,0.743316471577,-0.045192413032,0.377076804638,0.536633193493,-0.100324690342,0.568823516369,0.401570439339,-0.215334877372,0.071213036776,-0.553467154503,-0.324685692787,-0.071418836713,-0.285066187382,-0.669263482094,-0.191063493490,-0.673630416393,-0.042385384440,-1.130905270576,-0.669094681740,0.525413274765,-0.225484639406,0.174669921398,0.824193596840,-0.340033829212,0.932774782181,0.321479409933,0.656360149384,0.433485001326,0.054955296218,0.584468007088,0.259539455175,-0.114178761840,0.011186975986,-0.666258871555,0.004716804251,-0.065677173436,0.239709138870,0.003119840520,0.178057298064,0.542761743069,0.008190611377,-0.099608525634,0.162560984492,-0.550038635731,-0.074641570449,-0.275278598070,-0.850621700287,-0.049357689917,0.327229321003,-0.290392130613,0.172220975161,0.092298716307,-0.694864273071,0.072838820517,-0.010334987193,-0.827362835407,0.331275224686,-0.480850607157,-0.735138237476,0.174031957984,-1.107946753502,0.109984681010,-0.130243062973,-0.308288007975,0.415724962950,0.721378803253,0.443704724312,0.192598730326,0.360847860575,0.437436282635,0.374335646629,0.142681255937,0.249809518456,-0.300023317337,-0.325422435999,-0.050152055919,0.270948708057,0.381493121386,0.192800402641,-0.242273330688,-0.551713824272,0.031679965556,0.385720163584,0.176052868366,-0.091524936259,0.002630050527,-0.349533289671,0.138318419456,0.330098092556,0.548993170261,-0.002432487905,0.471585750580,0.169566228986,-0.172249779105,0.465111464262,0.051477376372,-0.764151096344,0.129609212279,-0.043118011206,-0.502730607986,-0.393388062716,-0.475648134947,-0.633113622665,-0.031704660505,-0.385777771473,-0.768929600716,-0.088569723070,-0.131424322724,-0.252624779940,-0.149402499199,0.048592135310,0.881268620491,0.197418421507,0.265400499105,-0.136038228869,0.349043518305,0.770333170891,-0.060042530298,-0.366367280483,-0.045636933297,0.006375506055,0.032182104886,-0.396195083857,0.298216432333,0.238815993071,0.207843944430,0.404632627964,-0.151530414820,0.006927034352,-0.450714111328,-0.085972599685,0.237708806992,-0.273018985987,0.223257958889,-0.579199671745,-0.211251914501,0.583336114883,0.015525117517,0.771370351315,-0.010516086593,-0.544819712639,0.349623858929,-0.825033247471,-0.915195822716,-0.403237372637,-1.086128473282,-0.174830436707,-0.647107660770,-0.877852380276,0.064248964190,-0.383139491081,0.739797353745,0.315832436085,-0.112186677754,1.093512415886,0.386547446251,0.199780941010,0.688826262951,-0.823382735252,-0.025073971599,0.012388813309,-0.431743949652,0.396446138620,-0.180934309959,-0.715665996075,0.343013733625,-0.013771750964,-0.478471606970,0.382155805826,-0.485357493162,0.105992265046,0.413251310587,-0.105835862458,0.263005048037,0.164334937930,0.256061553955,0.751984536648,0.293215632439,0.698885500431,0.284354150295,-0.165001705289,0.451273828745,0.349150508642,-0.226670011878,-0.202950164676,-0.260230928659,-0.707812845707,-0.255131363869,-0.447166204453,-0.249863013625,-0.159704566002,-0.568852365017,0.337852418423,-0.068364851177,-0.294207572937,0.952514529228,0.088071703911,0.062108706683,1.180419325829,0.256036847830,0.480048000813,0.506875336170,0.409966826439,0.368713319302,0.042356569320,0.123110234737,-0.652491271496,-0.700363099575,0.109564855695,-0.154308646917,-0.215260773897,0.148060724139,-0.332098394632,0.282580196857,0.222488269210,-0.238416761160,-0.026609195396,-0.006161479745,-0.118735052645,0.319767236710,-0.830490887165,-0.235663220286,0.201908841729,0.213733792305,0.194138050079,-0.420005500317,0.601565420628,-0.251776903868,-0.656989932060,-0.031033771113,-0.511987268925,-0.513378441334,-0.179637804627,-0.396721899509,-1.340362668037,-0.089133605361,0.426418036222,-0.064726404846,0.244434162974,-0.001510529779,0.163948044181,0.655911564827,0.036890674382,0.290112257004,0.083778835833,-0.831799745560,0.114915505052,0.279085814953,-0.320199370384,-0.246154621243,-0.344046831131,-0.550627231598,0.654923737049,-0.051650237292,-0.027897467837,-0.334728449583,-0.290783137083,0.759384870529,-0.155428156257,-0.536044657230,0.414383172989,-0.083070904016,0.125246375799,0.388185590506,0.016862779856,0.876938700676,0.505237221718,0.361856222153,0.474001765251,-0.213379815221,-0.349405705929,0.724679768085,0.045344702899,-0.258835643530,-0.397717952728,-1.131234526634,-0.236358791590,0.223517253995,-0.878531515598,0.220689624548,-0.690102219582,-0.512555241585,0.546725332737,0.368828535080,0.245368480682,0.870312094688,-0.065977632999,-0.109404332936,0.915936708450,-0.266997456551,0.213593855500,0.124880060554,-0.464782208204,-0.235070541501,-0.680619180202,0.127571851015,0.144451096654,-0.712435007095,0.079852283001,-0.119957469404,-0.478105276823,0.574293553829,-0.472927540541,-0.398051321507,0.113647818565,-0.201966464520,0.114829070866,-0.009096105583,-0.204744696617,0.130452975631,-0.043916493654,0.474709689617,0.178287774324,-0.371145814657,0.442996799946,-0.133543998003,-0.337897688150,-0.052572194487,-0.677441716194,-0.469857096672,-0.213581487536,-0.362309008837,-0.089191220701,0.262552291155,-0.278888255358,0.682800650597,0.137668117881,0.114964894950,0.890150666237,0.470643222332,0.338033497334,0.137684583664,-0.434275269508,-0.399850010872,0.444964200258,-0.490955084562,0.103209935129,-0.758907377720,-0.177616894245,-0.420548766851,-0.467358738184,0.203608706594,0.250068813562,-0.373734712601,-0.183263882995,0.061709463596,-0.315746009350,-0.011882560328,0.253196895123,0.168730705976,0.226616501808,-0.435435920954,0.194055750966,0.270965188742,-0.372767478228,0.508336484432,-0.018953649327,-0.426916033030,0.144780367613,-0.321528822184,-0.408723860979,-0.338753789663,0.233263656497,-0.703750431538,0.011944298632,-0.151394590735,-0.116335481405,-0.136285185814,0.462168604136,-0.045414675027,0.470610260963,0.432118505239,0.527689397335,0.381719529629,0.596766293049,-0.138647705317,0.217154085636,0.191096410155,0.106016956270,-0.183482035995,-0.449421703815,-0.490539401770,-0.235819637775,0.303373664618,-0.042241327465,-0.646910130978,-0.361782193184,0.344478994608,-0.306481122971,0.588711500168,-0.510007500648,-0.377010911703,0.449236482382,-0.383131265640,0.600207149982,-0.015961401165,-0.420585840940,1.019006729126,0.369429469109,0.217154085636,-0.185560554266,-0.258930325508,-0.220327436924,-0.218878641725,-0.046674132347,-0.659323573112,-1.068561911583,-0.410999894142,0.023485239595,-0.261902004480,0.157634273171,-0.174743995070,1.007017135620,0.811245024204,0.115882739425,0.444046378136,0.650359213352,0.262136608362,0.423331111670,-0.038215991110,-0.805569231510,0.293812453747,0.377393692732,-0.229320645332,0.082507029176,-0.454825878143,0.168677195907,0.546033859253,-0.415515065193,0.334292173386,0.157103329897,-0.691966652870,0.137458205223,-0.537909090519,0.404879599810,-0.202258691192,0.162120580673,0.371405094862,-0.037713851780,0.117936566472,0.549203097820,0.689958095551,-0.040553811938,-0.330061048269,-0.210272327065,-0.027127798647,0.274801194668,-0.769600510597,-0.529269874096,-0.363601386547,-0.213445678353,0.196105450392,-0.555138230324,-0.846472859383,-0.125699117780,0.207893341780,0.678017973900,-0.318371951580,0.283831417561,0.554199814796,0.704116821289,0.351418375969,0.506916463375,0.398187190294,0.332962721586,0.055589143187,0.209506779909,-0.801766157150,-0.026074130088,0.273224800825,-0.565543174744,0.118702113628,-0.074357576668,-0.778980612755,0.432336658239,-0.181066006422,-0.133758023381,-0.201221510768,-0.836640000343,-0.008100061677,-0.895563066006,0.169179335237,0.090314857662,-0.128847777843,-0.305596202612,-0.062104586512,-0.143850177526,0.332793980837,0.208663016558,-1.215848922729,-0.018595566973,-0.500462830067,-0.747687518597,-0.254629224539,-0.507048249245,-0.315441429615,0.048489242792,-0.783532738686,0.512715816498,0.407982975245,0.338136404753,0.949337065220,0.477026969194,0.740320086479,0.470651447773,0.024518327788,0.948871970177,-0.034602243453,0.072414882481,0.054029218853,-0.379155308008,0.396684885025,0.369178414345,-0.464889198542,-0.249747782946,0.749572634697,-0.002210230101,-0.084478542209,0.793423295021,-0.895982861519,-0.018418585882,0.736504733562,0.142117395997,0.257786095142,0.267437845469,0.435987442732,0.264836609364,-0.301365077496,0.283185243607,0.063326999545,-0.154370382428,-0.214272961020,-0.298788547516,-0.469235569239,-0.718213677406,-0.054366722703,-0.707281887531,-0.896402716637,0.088454484940,-0.743308246136,-0.636011242867,-0.053761690855,-0.422569662333,0.125238150358,0.518988370895,0.203880354762,-0.488172739744,0.519362926483,-0.291684538126,0.855988860130,0.441465705633,-0.811072170734,0.290449768305,-0.234498426318,-0.573067009449,0.542605340481,-0.416441112757,-0.580895423889,0.623021483421,-0.150336816907,0.418095737696,-0.153827086091,-0.061376076192,0.242005810142,0.156518876553,0.074876174331,-0.138680621982,0.301007002592,0.028440764174,0.473697185516,0.414313226938,-0.519560515881,-0.194734856486,0.176900744438,0.326813608408,0.110877819359,-0.858256697655,-1.427203655243,0.140615090728,-0.411814898252,-0.222916334867,-1.009466052055,-0.846262991428,0.412395179272,0.482480466366,0.129234671593,0.605911731720,0.599379837513,0.758635759354,0.879638671875,0.492440938950,-0.034947976470,-0.127534806728,-0.056539911777,0.000576223887,-0.491634219885,-0.492239236832,0.264359176159,-0.386432200670,0.217092350125,0.184033572674,0.015500422567,-0.067241206765,0.722411870956,0.019068894908,0.428389549255,-0.214989140630,0.103181123734,0.347146093845,0.499483227730,0.419968426228,0.642423808575,-0.060882169753,0.467115879059,-0.361905634403,0.515905618668,0.489193528891,-0.730450212955,-0.343462377787,0.018896028399,-0.823086440563,-0.026337549090,-0.631969451904,-0.529804944992,0.214939743280,-0.486407071352,-0.075588226318,-0.232222333550,-0.461604714394,0.283205807209,0.092986077070,-0.271290332079,0.909001469612,-0.320800304413,0.530018985271,0.280188858509,-0.699482262135,0.515481650829,0.473536700010,-0.824778079987,-0.010627214797,-0.204991638660,-0.670477628708,0.412115335464,0.216837167740,-0.487954616547,-0.071851000190,-0.385530829430,0.252571284771,-0.017508974299,0.136141121387,0.064895153046,-0.132947206497,-0.542774081230,0.124163895845,0.473754823208,0.043488439173,0.103481583297,0.598383843899,-0.227139219642,0.391453564167,0.428434789181,-0.057474218309,-0.130909830332,-0.363543748856,-0.488024592400,0.098863549531,-0.304875940084,-0.578767478466,-0.357781559229,-0.331505715847,0.318976968527,0.179753050208,-0.229349464178,0.293944150209,0.710414052010,1.222249031067,0.680643916130,0.128341525793,-0.303151369095,0.107934959233,0.340182006359,0.171986371279,-0.522079408169,0.050769440830,0.166750952601,-0.304822444916,-0.187684357166,-0.406085550785,-0.068381309509,0.531476020813,0.079407766461,0.206666812301,-0.149937570095,0.002181418939,0.534748136997,0.191141694784,0.811426162720,0.026922002435,0.328529924154,0.437794327736,0.336457133293,0.452204048634,0.328274756670,-0.796744763851,-0.224064663053,0.398767530918,-0.670131921768,-0.908869683743,-0.275990664959,-0.554245054722,-0.283662676811,-0.378887772560,-0.544305205345,0.232827380300,0.292824625969,0.016833968461,0.392038017511,0.052403446287,0.698189914227,0.673897922039,-0.053218390793,0.338169336319,0.595329821110,-0.399343729019,0.073764890432,-0.248562395573,-0.522898495197,-0.320351660252,-0.004655065481,-0.154193386436,-0.158585041761,-0.545963883400,-0.451854199171,-0.160548314452,0.153645977378,0.189709380269,-0.354719310999,-0.414136230946,0.121085219085,0.133358776569,0.804552555084,-0.224747881293,-0.521807789803,0.298957288265,0.443025648594,0.004239361733,0.202629134059,-0.182029142976,-0.736117839813,-0.399656563997,-0.100917384028,-0.883639276028,0.160461887717,-0.088178724051,-0.571634709835,-0.146509036422,0.430587410927,0.192088335752,0.593852221966,0.657759547234,-0.317116588354,0.546515464783,0.512616991997,0.680306375027,0.879140615463,-0.759438395500,-0.167467132211,0.551273405552,-0.808956563473,0.082181870937,0.113392628729,-0.829712986946,0.180493906140,-0.608521282673,-0.524273216724,0.017945257947,0.524672448635,0.430089414120,-0.279958367348,-0.111104205251,0.186824142933,0.441856712103,0.645798802376,0.609175682068,0.094558343291,-0.217672705650,0.910734236240,0.619457125664,-0.214153602719,-0.218141898513,-0.229896873236,-0.157049819827,0.149916991591,0.267055064440,-0.996616303921,-0.447602450848,-0.318009734154,-0.793987154961,-0.253937751055,-0.101053200662,0.144916191697,0.444239825010,-0.338457465172,0.107519261539,0.487374275923,0.973114550114,0.730199158192,0.876514732838,-0.034104220569,0.188696846366,0.255295991898,-0.107383437455,0.162984922528,-0.374277979136,-0.644292354584,0.145298957825,-0.097385950387,0.307966977358,0.285354286432,-0.394388228655,0.091738961637,-0.321438252926,0.087548986077,-0.552964985371,-1.291325926781,-0.087643653154,-0.006474286783,-0.591810762882,0.166092425585,-0.345359772444,0.270681172609,0.670333564281,0.353715032339,0.781725943089,-0.393215179443,-0.229905098677,0.071394138038,-1.229542493820,-0.076860032976,-0.608570635319,-0.458505481482,0.067759811878,-0.220994204283,-0.298191756010,0.182613581419,0.289643049240,1.136099457741,0.124460242689,0.766814112663,0.734545528889,0.062318611890,-0.660422563553,0.400594949722,0.084248051047,0.331114709377,0.127892896533,0.141380637884,0.307069718838,-0.297084569931,0.045221228153,0.511386334896,-1.097834110260,0.392009228468,-0.326360851526,-0.806355297565,0.473565489054,0.128407374024,0.034890357405,0.409612834454,-0.045184187591,0.674939274788,0.572309672832,0.324924409389,0.250447481871,0.839809238911,-0.288083136082,-0.096056520939,-0.388267874718,-0.786109268665,-0.184329912066,0.420972704887,-0.287259936333,0.121558547020,-0.592140018940,-0.076481372118,-0.511834979057,-0.237293109298,-0.005799281877,-0.009594127536,-0.109877660871,0.316206961870,0.141253054142,0.124682500958,0.509307801723,1.059614062309,1.220985412598,0.836047351360,-0.625453948975,-0.011680881493,-0.019970273599,0.115364134312,-0.161334455013,-0.421771168709,-0.453599333763,-0.064006127417,0.121068753302,0.529730856419,0.124723657966,-0.222191929817,-0.057116135955,0.856252193451,-0.201110363007,0.409736365080,-0.620506703854,-0.456299364567,0.379394024611,-0.434094160795,0.209724918008,0.413749337196,-0.565716028214,-0.013928153552,0.015187615529,-0.432134985924,-0.506949424744,-0.218878641725,-1.263251543045,-0.487094402313,-0.812998414040,-0.377455472946,0.222512975335,-0.828284740448,0.177324667573,0.915607392788,-0.203127160668,1.296997666359,0.335794478655,-0.314149022102,1.414946556091,0.091179199517,-0.279390394688,0.344997584820,-0.991479635239,0.472931653261,0.728227674961,-0.501849889755,-0.249846562743,-0.486670434475,0.198970094323,0.525442063808,-0.003255665069,-0.228131145239,0.117483817041,0.150995358825,-0.102530814707,0.437403321266,0.029210435227,0.582751691341,0.510040462017,0.131897643209,0.926773846149,0.045488759875,0.763500750065,0.471931487322,-0.626540541649,-0.617605030537,-0.036079846323,-0.327002942562,-0.691262841225,-0.041825622320,-0.632833778858,-0.353468060493,-0.456916749477,-0.062993623316,0.071488805115,0.090030863881,-0.016035487875,0.282526701689,0.093492329121,0.481060504913,0.788496494293,0.338346302509,0.199999079108,0.832067310810,0.038166601211,-0.116084411740,0.072970524430,-0.239272862673,-0.229053109884,0.261873185635,-0.354435324669,-0.271393209696,0.346182942390,0.689744114876,0.672667324543,0.427158862352,-0.924946367741,0.581488072872,-0.668905377388,0.232461065054,0.619757592678,-1.016520619392,0.106733128428,0.347594708204,-0.230012103915,0.799650549889,-0.183786615729,0.162573337555,0.980292677879,-0.593597054482,0.340227276087,-0.259037315845,-0.662776827812,-0.310765773058,-1.186881303787,-0.013096746057,-0.292771130800,-0.602470874786,-0.331238180399,-0.410999894142,0.258819192648,0.307102650404,0.347936332226,0.369166076183,0.110326290131,0.049468819052,0.190705418587,-0.256571918726,-0.192388802767,0.583434939384,-0.277653485537,-0.752935290337,-0.222381263971,0.382830798626,-0.441737353802,0.534093677998,-0.029325678945,-0.689933419228,0.305328696966,-0.133688062429,-0.081757932901,0.255349487066,-0.246195778251,0.105518937111,0.294746756554,0.100085966289,0.908079445362,0.205806598067,0.766505420208,0.728877961636,-0.006811789703,0.241083845496,0.141759306192,0.235675573349,0.160692378879,-0.131444901228,-0.349883139133,0.152917474508,-0.365552335978,-0.355176150799,-0.264445602894,-0.814422488213,0.093187749386,0.415510952473,0.177020087838,-0.065652482212,-0.543206214905,0.764719128609,0.892558455467,0.010787734762,0.637069046497,-0.637822210789,-0.458793580532,0.379842668772,-0.453883290291,-0.363659024239,-0.606405675411,-0.219944655895,-0.225863307714,0.297343879938,-0.539123296738,-0.134836390615,-0.314581215382,0.070373401046,0.147591516376,-0.044599730521,-0.576507866383,-0.037812635303,-0.084507346153,-0.087931767106,0.399891138077,-0.209622010589,0.302389949560,0.877362668514,-0.106457360089,0.356275081635,0.418577253819,-0.623577177525,-0.370985299349,-0.850704014301,-0.241746485233,0.393548548222,-0.634467780590,0.302752137184,0.024221982807,0.017068574205,0.582558214664,0.707253038883,1.099735617638,-0.127526566386,1.070755720139,0.853021204472,-0.001596963382,0.106477946043,0.055107582361,-0.596420526505,0.172315627337,-0.231888964772,0.149793520570,-0.157235026360,-0.845703244209,-0.091068074107,-0.394622802734,-0.156341880560,-0.221755638719,-0.439765840769,-0.254394620657,-0.196167185903,-0.353015333414,0.305011779070,-0.152608782053,-0.043126240373,0.275583177805,-0.253048717976,0.041274093091,0.735471606255,0.306682825089,-0.645737051964,-0.398454725742,-0.372203588486,-0.121052294970,0.365914523602,-0.941204071045,-1.189091563225,-0.552969098091,-0.169516831636,-0.323726683855,-0.142743006349,0.101501837373,0.244076088071,0.307827025652,-0.180176973343,0.393902540207,0.055049959570,0.199731558561,0.843649387360,0.117121621966,0.233029067516,0.145039662719,0.311465471983,0.281571805477,-0.705660223961,-0.039430178702,-0.828576982021,0.350175350904,-0.125530377030,0.276587456465,-0.110276900232,-0.410917609930,0.248743504286,0.526339352131,-0.156234875321,0.170595198870,0.075629390776,-0.310613483191,-0.604808688164,0.061791777611,-0.357604563236,0.250649154186,0.287930846214,-0.077580310404,-0.117553785443,0.349809080362,-0.011479202658,0.522873759270,-0.238684281707,-0.189845189452,-0.308135718107,-1.316329956055,-0.380472391844,-0.103353992105,-0.322043299675,-0.356925427914,-0.636249959469,0.218508213758,0.661451518536,1.043455004692,0.013652390800,0.491473734379,1.032646656036,0.413214296103,0.069657236338,-0.007639082614,0.137676358223,-0.152472957969,-0.032540187240,0.237593561411,-0.410571873188,0.595844268799,0.462275624275,-0.654800236225,0.266240119934,0.097447693348,-0.398792207241,0.754067122936,-0.394462287426,-0.726984620094,0.075859874487,-0.239836722612,0.383987337351,0.656216084957,0.052312899381,0.472458332777,0.070747949183,0.745646059513,0.616678893566,-0.057638853788,-0.306559354067,-0.358201354742,0.063829146326,-0.816669762135,-1.166367650032,-0.216063365340,-0.258605182171,-0.531401872635,0.220059886575,-0.589287698269,-0.237330153584,0.881894230843,0.850868642330,-0.088775523007,0.821588218212,0.486653983593,0.048950221390,0.504615724087,0.021217387170,0.340832322836,0.025382660329,-0.244314819574,-0.294203460217,-0.103728532791,-0.311897635460,0.145089060068,-0.008573387749,-0.775346279144,-0.007038163021,-0.623140871525,-0.642357945442,0.328616350889,-0.914516687393,-0.343651711941,-0.194475561380,-0.486999750137,0.189429491758,-0.467827916145,-0.127226114273,0.310206025839,0.194726631045,0.519078910351,-0.014080441557,-0.325607657433,-0.327089369297,-0.693382561207,-0.294787883759,-0.376879215240,-0.358213692904,0.388025045395,-0.457254230976,-0.431521713734,0.764183998108,0.257576197386,0.652828752995,0.756005704403,0.327068805695,1.051184654236,0.625626862049,0.579076170921,-0.154621437192,0.000835524639,0.608829915524,-0.045698672533,0.339807480574,0.199472233653,-0.095793105662,0.109066836536,-0.661871373653,0.138174369931,0.391194283962,-0.174982726574,-0.455928921700,0.039948780090,-0.142985850573,0.464703977108,0.434110611677,0.010162119754,0.221018910408,0.494696438313,0.153250858188,-0.131004497409,-0.113141559064,-0.340861141682,-0.147138759494,-0.507929027081,-0.197685956955,-1.065355658531,-0.721024811268,-0.349623858929,-0.721695721149,-1.066582202911,-0.961108505726,-0.143241032958,-0.888615429401,-0.393667936325,-0.035227857530,-1.002666592598,0.167281910777,-0.031202523038,0.432875841856,0.687072873116,0.017986416817,0.106593191624,0.392622500658,-0.190339088440,0.294466882944,-0.371413320303,-0.593551754951,-0.227538451552,-0.174340650439,-0.064228385687,0.355155587196,-0.084054604173,-0.288210719824,0.297924190760,0.121719062328,0.232963189483,0.868200659752,-0.361847996712,-0.120315544307,-0.040282167494,-0.522165834904,0.266911000013,0.480097383261,0.033194612712,0.708245038986,-0.177979081869,0.517444908619,0.209198087454,-0.004280520603,-0.117372691631,-0.292676448822,-0.480805337429,-1.222656607628,0.377739459276,-0.889393329620,-0.390128254890,0.488728404045,-0.732553422451,0.413094878197,0.731960773468,0.195385158062,0.928625941277,0.217026501894,-0.080189786851,0.264482647181,-0.047826584429,-0.542082607746,-0.201513722539,-0.414420247078,-0.390963762999,0.250056475401,0.004827932920,-0.402916312218,0.169031172991,-0.055827863514,-0.541358232498,0.736759901047,-0.140281707048,0.082194216549,0.012215946801,0.342688560486,-0.301377445459,0.141615256667,0.220677286386,-0.153493687510,0.773621737957,0.836780011654,0.128370329738,0.257637917995,0.528874754906,-0.102230355144,0.561583697796,-0.395153731108,-0.293203294277,-0.384929895401,-0.011009992100,-0.331752657890,-0.228629171848,-0.565197408199,-0.498376041651,-0.597614109516,-0.143500328064,0.316737920046,0.272903740406,-0.128473222256,0.268162250519,-0.166425809264,0.241532474756,0.506554305553,-0.003300939687,0.643666803837,0.046525962651,-1.231913208961,-0.038586419076,-0.526396989822,0.038775753230,0.150168061256,-0.491621881723,0.112293682992,0.026234649122,-0.383106589317,-0.126645773649,-0.778741836548,-0.216384425759,-0.092574484646,-0.323249250650,0.050473097712,0.240396484733,0.177250593901,0.152106642723,0.010479043238,0.440276205540,0.485682636499,0.379710972309,0.521597862244,0.072670064867,-0.925263285637,0.252871751785,-0.069871261716,-0.569407999516,-0.308983594179,-0.884384334087,0.031647041440,0.091249167919,0.126086026430,0.693106770515,0.221183538437,0.290532082319,1.210662841797,0.552578091621,0.222751677036,0.303139030933,0.213964268565,0.415408045053,0.019636888057,0.270434230566,-0.193755283952,-0.116216130555,-0.140100613236,-0.140960827470,-0.043484322727,0.164824724197,0.072995215654,-0.788352489471,0.477846026421,-0.279637336731,-0.080132164061,0.686369061470,0.128024592996,0.455031663179,0.626334786415,-0.112100236118,0.657475590706,0.137873917818,0.861166596413,0.259062021971,-0.139215692878,0.209675520658,-0.855688393116,0.110350988805,-0.484188556671,-1.093306541443,-0.375228792429,-0.380883991718,-0.079687647521,-0.010421420448,-0.943846464157,-0.531043827534,0.667201399803,-0.512180685997,0.776461660862,0.222360685468,0.024752931669,0.396956533194,0.634039700031,0.135725423694,-0.054494317621,-0.063088282943,0.158774375916,-0.707051396370,-0.314914584160,-0.332950383425,-0.462440222502,-0.048423387110,0.017537785694,-0.844875931740,-0.179522544146,-0.132906034589,0.195990219712,-0.085301719606,-0.248191982508,-0.477841883898,0.068521253765,0.371116966009,-0.107502795756,0.282028675079,-0.124715432525,0.009828733280,0.597741723061,-0.184420466423,0.337700128555,0.076337315142,-0.110861361027,-0.187577337027,-0.601874113083,-1.080588579178,0.208650678396,0.224241629243,-0.268417418003,-0.085787393153,-0.122319988906,0.103358104825,0.557216703892,0.414259701967,0.254143536091,0.722885251045,0.261984288692,0.792357265949,0.446005493402,0.387695789337,-0.186832368374,-0.194183319807,0.126077786088,-0.155580446124,-1.095434546471,0.020299544558,-0.599104106426,0.111334688962,0.189569428563,-0.726531863213,-0.233473584056,0.723749518394,-0.150328576565,-0.219463095069,0.783483386040,-0.193125545979,0.335930287838,0.465564221144,-0.327216953039,0.552709877491,0.326216816902,0.271957099438,0.544996678829,-0.550989389420,-0.273805141449,0.175925269723,-0.232946738601,0.444931298494,-0.382987201214,-0.763731300831,0.089232385159,-0.908696830273,-0.534007251263,0.255522370338,-0.414539575577,0.544827938080,0.772057712078,0.228575661778,0.036269180477,0.039051514119,0.490226596594,0.615880429745,0.623667657375,0.077790223062,-0.357563376427,-0.006284955889,-0.132593229413,-1.047373294830,0.329929322004,0.094875261188,-0.129337564111,-0.010359682143,-0.094739437103,-0.279785513878,0.151328742504,-0.422664314508,-0.069476135075,-0.617526769638,-0.523413002491,0.185618191957,-0.523026049137,-0.271183311939,-0.045846842229,-0.163100168109,0.581628024578,0.427891522646,0.321364194155,0.623906433582,-0.409509956837,-0.111865632236,0.113964736462,-0.745123326778,0.015689752996,-0.263552457094,-1.057099103928,0.245627775788,0.022682640702,-0.140281707048,0.611048400402,0.280921489000,0.603240549564,1.049176096916,0.431900382042,0.953568220139,0.500894963741,0.566407501698,0.255966901779,0.365058422089,-0.558875441551,0.559719204903,0.212379649282,-0.635504961014,0.196879222989,0.067500509322,-0.353459835052,-0.072826467454,-0.089536957443,-0.038141906261,-0.457645237446,-0.276266425848,-0.059980791062,-0.587875962257,0.251163631678,-0.132671430707,-0.137091889977,0.124468475580,0.181773930788,0.345096379519,0.064030818641,0.053440649062,-0.266820460558,-0.649568974972,-0.450886934996,-0.007741979789,-0.816147029400,-0.828148961067,-0.702256381512,-0.465588897467,-0.616987586021,-0.495898276567,-0.293207406998,-0.348603099585,-0.010273248889,0.708965301514,-0.283333420753,0.517416119576,1.286954879761,0.202155798674,0.583969950676,0.833561360836,0.690661907196,0.678532421589,-0.045077171177,-0.195549815893,0.175756528974,-0.503599107265,0.239054694772,0.487345457077,-0.285720616579,0.253262728453,0.817184209824,0.155765667558,0.260827749968,0.812339842319,0.040817230940,0.015471611172,0.422882497311,0.256798297167,-0.010734228417,0.589337110519,-0.332740485668,0.383061289787,-0.088438019156,0.125871986151,0.344491332769,-0.618098914623,-0.590506017208,-0.452751457691,-0.729005515575,-0.671230852604,-0.323829591274,-0.559801518917,-0.739093542099,-0.121949560940,-0.125653848052,0.110717304051,-0.191643819213,0.358625292778,0.785747170448,-0.198352724314,0.422730177641,0.506809473038,-0.201744213700,0.321207761765,-0.005836324301,-0.510065138340,0.060803968459,-0.118722699583,-0.094274342060,0.320438116789,0.137145400047,-0.401002436876,-0.187606140971,0.186359032989,0.093673422933,-0.189310133457,0.311066240072,-0.098357297480,0.218919813633,0.341762512922,0.126649886370,0.469778865576,0.530990302563,-0.135005131364,0.362683564425,0.165981292725,0.135927096009,-0.423956722021,-0.453072488308,0.011553288437,-0.151991397142,-0.789323806763,0.017257904634,-0.596881508827,-0.435168415308,0.308086335659,-0.653491437435,0.053745228797,0.583212673664,-0.885870158672,-0.195772066712,0.292853444815,0.354352980852,0.358987480402,0.460452258587,0.302385836840,0.703935682774,0.514111101627,0.357937932014,-0.205971226096,-0.449915617704,0.284333556890,-0.607838034630,-0.291100084782,-0.058058675379,0.011405117810,0.444713145494,0.083737678826,-0.050296112895,0.198933079839,-0.273385316133,0.018447395414,-0.111836828291,-0.460769206285,-0.400257468224,-0.141582325101,0.160918757319,0.013030891307,0.136355161667,0.099040545523,0.669872641563,0.711068511009,-0.551660299301,0.382892519236,-0.385238587856,-0.140084147453,-0.474191099405,-0.780034303665,-0.782841324806,-0.839805185795,-0.305727928877,-0.007379781455,-0.243981420994,0.305131137371,0.228258743882,1.042220234871,0.186581298709,0.766653537750,0.372993826866,0.133218854666,0.207531139255,-0.436399042606,-0.312124013901,-0.073205128312,0.056140672415,0.084408566356,-0.106453247368,-0.090640023351,0.004918482620,-0.065845929086,0.176098138094,0.581944942474,-0.287432819605,-0.423413425684,0.331555098295,-0.191899031401,0.519906222820,0.193421900272,0.116689458489,0.565222144127,0.578956842422,1.010507345200,0.232753291726,0.891764044762,0.467581003904,-0.810582339764,0.271500229836,-0.513357877731,-0.095612004399,-0.362086743116,-1.157131671906,-0.306546986103,-0.443470120430,-0.864500522614,-0.123929291964,-0.510563194752,-0.766287207603,0.613649606705,-0.378772526979,0.025341503322,0.413872808218,0.157905921340,0.396075725555,0.514201581478,0.370145648718,-0.225204765797,-0.170895650983,-0.226875811815,-0.516588807106,0.258127719164,-0.755334913731,-0.009384217672,0.335230588913,-0.337951183319,-0.222023189068,0.171545967460,0.119471788406,0.406600028276,0.508599877357,-0.113256804645,-0.130572333932,0.547429144382,-0.035499505699,-0.301924854517,0.546573042870,0.301636755466,0.553018510342,0.709640264511,-0.527450621128,0.043212674558,0.100682772696,-0.349549770355,0.236823901534,-0.324072420597,-0.426944851875,-1.083412051201,-0.023975031450,-0.102901235223,0.349372774363,-0.023102464154,-0.265030056238,0.419264614582,0.559184134007,0.548338770866,0.866187989712,-0.256670713425,0.364362835884,-0.014730752446,-0.214635178447,-0.336049646139,-0.395404845476,0.015953170136,-0.499940067530,-0.159601673484,0.126781612635,-1.034482359886,-0.103707954288,0.073262751102,-0.341182172298,0.335905581713,-0.520684182644,-0.426669120789,0.432884097099,-0.239161729813,0.443692386150,0.308053404093,0.398825109005,0.320536881685,0.685368895531,0.243639796972,0.377537786961,-0.169669121504,-0.109243817627,0.169648543000,0.123460084200,0.277546465397,-0.334991872311,-0.288070797920,-0.065920010209,-0.606212198734,0.630207836628,0.114717945457,-0.115611083806,-0.013417785056,-0.243059471250,0.966562092304,0.260794818401,0.571749925613,0.675157427788,0.085729770362,0.250797331333,0.314749956131,0.575878143311,0.147883743048,-0.042298950255,0.069150984287,-0.337765991688,-0.447841197252,0.132465645671,-0.522989034653,0.090973407030,-0.449915617704,-0.171912282705,0.322895288467,-0.441617965698,-0.342947900295,-0.468408286572,-1.029362201691,-0.147344574332,0.061717692763,0.249192133546,-0.179913565516,-0.427463442087,-0.530335843563,0.679380297661,0.665546774864,-0.323891311884,0.274669468403,-0.663620591164,-0.717588067055,-0.086980991066,-0.932408511639,-0.196105450392,-0.756758987904,-0.641884565353,0.235692039132,-0.099995426834,0.611287117004,0.275270372629,0.961487174034,0.724342226982,0.930914402008,0.767250359058,0.302385836840,0.243940263987,0.228637412190,0.575326621532,-0.206823214889,-0.533031761646,0.094624191523,0.055173438042,0.138367816806,-0.157790690660,0.093644611537,0.074855595827,-0.406945794821,-0.000864335860,-0.330386191607,-0.209305107594,0.067714534700,-0.658134102821,0.362646490335,0.359012186527,0.470766693354,0.791760385036,0.143496215343,0.619280159473,0.286259800196,0.567494094372,0.339889764786,-0.490436494350,-0.020731711760,-0.246549740434,-0.423318773508,-0.519799232483,-1.178991079330,-0.545301198959,-0.252106189728,-0.145266041160,0.068364851177,0.065310865641,0.042517092079,0.282703667879,0.938364148140,0.837574303150,0.425142079592,0.579409599304,0.325924575329,0.429336160421,0.496243983507,-0.106675505638,-0.202567398548,-0.257481515408,-0.123373650014,0.011063498445,-0.902206063271,-0.001568152220,-0.074135318398,0.348434358835,-0.450701773167,-0.312049925327,-0.034869778901,0.499166309834,-0.715439558029,-0.183708399534,-0.711200237274,-0.585147142410,0.633624017239,-0.267454326153,-0.114417478442,0.116129688919,-0.413650542498,0.023016029969,0.561703026295,-0.122295290232,-0.224097579718,-0.641448318958,-1.224381089211,-0.180041164160,-0.026580385864,-0.271994143724,0.056346461177,-0.514991879463,-0.269701570272,0.491716533899,0.520848751068,0.634591221809,0.181810975075,0.770773470402,0.254740357399,0.260251522064,0.510719597340,-0.172846585512,-0.121163420379,0.381472557783,-0.270512431860,0.206399276853,0.194088652730,-0.474866122007,0.090207844973,0.027160724625,0.064199574292,-0.263000935316,0.341762512922,-0.331863790751,-0.023123042658,-0.067212402821,0.147924900055,-0.083828225732,0.199529871345,1.018092870712,0.079041451216,0.231325075030,0.230090320110,-0.633331775665,-0.357184737921,-0.013047355227,0.116895250976,0.051777832210,-0.945822119713,-0.745086312294,-0.329130858183,-0.785932362080,0.002333706710,-0.659677565098,-0.700350701809,0.187383890152,-0.371936082840,0.023365879431,0.135478466749,-0.061516016722,0.376722842455,0.222562372684,0.118307001889,0.624248027802,0.033091716468,-0.103790268302,0.628335118294,-0.499754875898,-0.874753117561,0.630763471127,-0.490004330873,0.453298896551,0.339519351721,0.127575963736,0.051781948656,0.528677225113,0.235770240426,0.402825742960,-0.262169510126,0.359781861305,-0.083540111780,0.176941886544,0.445231735706,-0.165561467409,-0.136684417725,0.164635390043,0.037796173245,-0.060244206339,0.560258328915,-0.488716065884,-0.455933034420,-0.509719431400,-0.169677361846,-0.766093730927,-0.933634996414,-0.384765267372,-0.891216695309,0.416626334190,-0.025292113423,-0.281571805477,0.424467086792,0.338515073061,0.290178120136,0.567173063755,0.435205429792,-0.099316306412,0.558237433434,-0.156539440155,-0.113985314965,0.769201278687,-0.527977526188,-0.576030433178,-0.079975761473,0.289885878563,0.049007840455,0.032951775938,-0.504451096058,0.285901695490,0.074242331088,0.270355999470,-0.084585547447,-0.221545726061,0.069105707109,0.248130246997,-0.126197144389,0.421882331371,0.432394295931,-0.181000158191,1.052678704262,0.036042802036,-0.292244285345,0.305633276701,-0.670144259930,0.325233101845,-0.262511134148,-0.692748665810,-0.497544616461,-0.907729625702,-0.420729875565,-0.383777439594,-1.371260523796,-0.627318501472,-0.257041126490,-0.174044311047,0.643600881100,-0.273578763008,-0.305793792009,1.026900887489,0.736586987972,0.459015846252,0.342342823744,-0.507854938507,0.267437845469,0.331106483936,-0.250175833702,-0.244874566793,-0.629713952541,-0.664941787720,0.512983322144,-0.272792607546,-0.002930509858,0.258131831884,-0.236198276281,0.322870582342,-0.318149656057,0.477516740561,-0.396215647459,-0.272644430399,0.924711763859,-0.127036795020,0.367478549480,0.057334277779,0.473833024502,0.091047488153,0.737418413162,0.544165253639,0.200628817081,-0.242417395115,-0.282847732306,-0.484966486692,0.521898329258,-0.753095805645,-0.654368042946,-0.203127160668,-0.697342038155,0.423396974802,0.136614456773,-0.677952110767,0.501195430756,0.028860585764,0.264165729284,1.025114655495,0.483752310276,-0.249607831240,-0.211824014783,-0.504875004292,-0.145204305649,0.476977556944,-0.162659779191,-0.214738070965,-0.665983080864,0.042204283178,-0.050296112895,0.089746870100,-0.323854297400,-0.226567119360,-0.235473901033,0.058914773166,-0.095315665007,0.053218390793,0.003346214304,0.742785513401,0.327468037605,0.620782434940,0.035660028458,0.610414564610,1.033984303474,0.475660473108,-0.364379286766,-0.351648867130,0.123846977949,-0.318968743086,-0.136877879500,-0.423857927322,-0.893418729305,-0.269783914089,0.179267361760,-0.326299130917,-0.636480450630,-0.061828821898,-0.455146908760,0.475623458624,0.718090176582,-0.641547083855,-0.013961081393,0.108111940324,0.118887335062,0.397322833538,-0.495519608259,-0.031799327582,-0.837117493153,-0.350043654442,0.276953786612,-0.836767613888,-0.123488888144,0.142195597291,-0.488382697105,0.312370955944,-0.163314193487,-0.380217224360,0.214602246881,0.150818377733,-0.349957227707,0.212441414595,-0.284131884575,0.115104839206,0.649437248707,0.360819041729,0.120825923979,-0.091973565519,0.847522437572,0.177575737238,-0.426644384861,0.068607687950,0.042554132640,0.060396492481,-0.239248156548,-0.785430133343,-0.498931676149,-0.497268885374,0.247002482414,0.513374328613,-0.462250888348,-0.050876449794,0.914055705070,0.185614049435,0.978247046471,0.215450108051,0.394174188375,0.502166807652,-0.368104159832,-0.068410120904,-0.486839205027,-0.072052679956,0.065673060715,-0.617596805096,-0.113075710833,-0.088557377458,-0.557015061378,0.182918146253,-0.438362330198,-0.685010850430,0.421923488379,-0.395178467035,0.075044929981,-0.065648369491,0.293269157410,0.100563421845,-0.371051162481,0.184235244989,0.426965415478,-0.020204879344,0.246368631721,-0.480010986328,0.149616539478,-0.118249371648,0.024493630975,-0.010503738187,-0.179934144020,-0.398170709610,-0.298800885677,-0.641534745693,-0.860335230827,0.030848558992,-0.126053094864,-0.528952956200,-0.313659250736,-0.280332922935,0.327435106039,-0.178057298064,0.266487091780,0.848057568073,0.144430518150,0.805511653423,0.780174255371,-0.564691185951,0.952757418156,-0.375459253788,-0.858371913433,0.345335096121,-0.766620576382,-0.360819041729,0.077563852072,-0.809030711651,0.437111079693,-0.485641479492,-0.132210448384,-0.284173041582,0.151830881834,-0.328328251839,-0.705927789211,0.187412708998,0.029593212530,0.187499135733,0.267878264189,-0.219442516565,-0.071863345802,1.077584028244,0.857256472111,0.115537002683,-0.360370427370,-0.095719017088,-0.505731165409,-0.211297184229,-0.422170400620,-0.356201052666,-0.456665635109,-0.059099990875,0.190511971712,0.186054453254,0.263206720352,0.835648119450,0.234037443995,0.864290535450,0.906869411469,0.668148100376,0.514584362507,0.133626312017,0.549277186394,-0.044496830553,-0.395939886570,0.309386938810,-0.676416873932,-0.032803602517,0.177312329412,-0.650009393692,-0.182613581419,0.080757774413,-0.512666404247,-0.589007854462,0.078057758510,0.006922918372,0.145002633333,-0.343400627375,-0.115689285100,0.013635926880,0.222784623504,0.205213919282,-0.037117052823,0.827165305614,-0.451615482569,-0.219722405076,0.018274528906,-0.957062602043,-0.199603959918,-0.221224695444,-0.405270606279,-1.058617949486,-0.260988265276,-0.177863851190,0.028272012249,-0.487226098776,0.201431408525,-0.237947538495,0.021106258035,0.066965445876,-0.279999524355,0.881424963474,1.069738984108,0.625552773476,0.642855942249,0.418692529202,0.078489921987,0.512485265732,0.187560886145,-0.178555324674,0.189223691821,-0.667777657509,-0.142253205180,0.580533206463,-0.587439656258,0.335107117891,0.639666140079,0.099756702781,0.234868869185,-0.035795852542,-0.122476391494,-0.046089679003,-0.183309167624,-0.119249530137,-0.384012073278,0.156638234854,0.221883237362,-0.403578966856,0.100151829422,0.068529486656,0.434003591537,0.004918482620,-0.320236414671,-0.701210975647,-0.552191257477,-0.197541907430,-0.386847913265,-0.859335005283,-0.674033820629,0.135445535183,-0.064565889537,-0.090286046267,0.243594542146,0.877724766731,0.751556515694,0.447046846151,0.949028372765,-0.135309726000,0.851897597313,0.527216017246,-0.021382022649,-0.027485879138,-0.180345728993,0.356554985046,0.320722103119,-0.293779522181,0.299587041140,-0.257847845554,0.204888746142,0.233872815967,0.217874377966,-0.072353139520,-0.523124873638,0.032342623919,0.205382660031,0.144800946116,-0.113252691925,0.477512598038,0.122266471386,0.498544782400,0.206321075559,-0.168895334005,0.049917448312,0.214894473553,-0.280077725649,-0.473507851362,-0.332431793213,-0.113701321185,-0.583064496517,-1.057387351990,-0.220240995288,-0.524602472782,-0.029465621337,-0.145838156343,-0.658199965954,-0.157457292080,-0.425603091717,0.089862115681,0.802025496960,0.063890881836,0.196397691965,0.600746333599,0.680973172188,0.474355757236,-0.363914191723,-0.169142290950,0.322598934174,-0.276085317135,0.170533463359,-0.299047857523,-0.311494290829,0.205337375402,-0.249879494309,0.239869654179,0.296590685844,0.003523197491,-0.363811284304,0.278517812490,0.150855407119,-0.359176844358,0.258329391479,-0.133292928338,-0.106041654944,0.381484895945,0.183531433344,1.104061484337,-0.069953575730,0.322397261858,0.224439203739,-0.462003976107,-0.562398612499,0.354048401117,-1.151945590973,-0.812689721584,-0.165903091431,-0.906095564365,-0.382678508759,0.173188194633,0.104123651981,0.543576657772,-0.244203686714,-0.251608163118,0.630244851112,0.394610464573,0.646095156670,0.213470369577,-0.263947576284,0.302566945553,-0.341622561216,0.345059335232,-0.559867382050,0.055700268596,0.042410079390,-0.320347547531,0.103703841567,0.635974168777,-0.594856500626,0.405007183552,0.353138804436,0.084569089115,0.478981971741,0.655557572842,0.416136562824,0.963005959988,0.077205769718,0.465708255768,0.889632105827,0.668156325817,0.112705275416,0.657549619675,-0.611892104149,-0.110902510583,0.592419922352,-0.400467395782,-0.151505723596,-0.908042371273,-1.092261195183,-0.356880158186,-1.051571488380,-0.305555045605,-0.239359289408,-0.033511534333,-0.260560214520,-0.129987880588,-0.034816268831,0.645255506039,0.940994203091,-0.130481779575,0.282436132431,-0.226949900389,-0.028263783082,0.111906796694,-1.033634543419,-0.409040778875,-0.127831161022,-0.269689232111,-0.142718315125,0.018290992826,-0.257625579834,0.283732652664,0.150369733572,-0.109252043068,0.232399329543,-0.292437732220,-0.078695721924,0.335033029318,0.212618380785,-0.093043692410,0.098176203668,-0.068126127124,0.726836502552,0.471034228802,0.225867420435,0.986952126026,-0.226410716772,0.267219692469,0.039578352123,-1.137478351593,0.030140625313,-0.119891613722,-0.670074284077,0.490498244762,-0.594370841980,-0.018114009872,0.676042318344,-0.150855407119,1.053740620613,0.997855126858,-0.103642098606,0.474960774183,0.304493159056,-0.253452062607,0.676589727402,0.075510025024,-0.492679685354,-0.332555264235,-0.171871125698,-0.633109509945,0.077448606491,-0.554878890514,-0.614942014217,-0.048172313720,-0.488345623016,-0.428019106388,-0.233004361391,-0.148925065994,0.296689450741,-0.071571126580,0.024518327788,0.191689103842,0.649700701237,0.206526875496,0.449866205454,0.193006202579,-0.200468286872,0.793530225754,0.020558845252,0.349055856466,0.084474422038,-0.759273767471,0.681347727776,0.278661876917,-0.726363182068,-0.133667483926,-0.504270017147,-0.335403442383,-0.070130564272,0.016031371430,-0.087293803692,0.358868092299,-0.019262339920,0.489901453257,-0.035548899323,-0.010557244532,1.074990987778,0.014035168104,0.715587794781,-0.313803285360,-0.009009672329,0.131724774837,-0.513012170792,-0.194969460368,0.186655372381,-0.820176541805,0.603985548019,0.199245870113,-0.462250888348,0.473302066326,-0.411094576120,-0.192726314068,0.265729755163,-0.371804326773,-0.174554690719,0.272204041481,-0.398211866617,0.138347238302,0.445803821087,-0.096723303199,0.407859504223,0.559809744358,0.308020472527,-0.011265177280,0.262120127678,0.076127409935,-0.037162326276,-0.180526822805,-1.210407614708,0.251797497272,-0.312045812607,-0.685060203075,0.142207935452,-0.093093082309,0.525413274765,0.327356904745,0.760907709599,0.298714458942,0.812158823013,0.834870159626,-0.164326712489,0.698424518108,0.021419065073,-0.437378615141,0.182378992438,-0.157737165689,-0.247171223164,-0.162717387080,-0.475936233997,-0.229114845395,-0.374648422003,-0.296154379845,0.028498385102,-0.380851060152,-0.120364934206,-0.153897047043,-0.166228249669,0.452459216118,0.213219299912,0.189906939864,-0.043541945517,0.562180519104,0.501709878445,-0.043871216476,0.848279774189,-0.404595583677,-0.317153632641,0.010598403402,-0.183856576681,-0.389733135700,0.127082064748,-0.587871849537,-0.104123651981,-0.156074360013,-0.674478292465,0.405566960573,0.285333722830,-0.087577804923,0.578104853630,0.033898428082,0.379241764545,1.350537061691,0.456941425800,-0.330834835768,0.311354339123,1.200657129288,0.116434261203,0.165623202920,-0.679820716381,-0.164647743106,0.282983571291,-0.445309907198,-0.525298058987,-0.524458408356,-0.189030244946,0.560377717018,-0.298776179552,-0.575182557106,0.083379596472,-0.303085535765,0.266853392124,0.124513752759,-0.344112664461,-0.839508771896,-0.641044974327,0.386460989714,-0.047155693173,-0.332592308521,0.153427839279,-0.062668465078,-0.154835477471,-0.044488601387,-0.627013921738,-0.744621157646,0.071941554546,-0.881445586681,-0.120430797338,-0.493856787682,-0.497227698565,0.175369620323,0.319623172283,-0.120731256902,0.761072397232,1.120306849480,0.798654496670,0.514600813389,0.473779499531,0.642061591148,0.376171290874,0.112594142556,0.388625979424,-0.174974501133,-0.482731580734,0.421544820070,-0.771510303020,0.567481756210,0.229719877243,0.277941614389,-0.425426095724,-0.176509723067,0.537876188755,-0.058371480554,0.595539748669,0.296771764755,-0.448359817266,-0.103086456656,-0.060754578561,0.725169539452,0.318985193968,0.229859828949,0.037615071982,-0.625515699387,-0.097241893411,0.221179425716,-0.501146078110,-0.227015748620,-0.976024508476,-0.563847422600,-0.108453564346,-0.691781461239,-0.131872951984,-1.362407326698,-0.568160891533,0.476841747761,-0.546190261841,0.706475198269,-0.232885003090,-0.027243042365,0.825119674206,0.251328289509,0.675284981728,0.326187998056,0.201373800635,0.687583267689,-0.178682908416,0.091331481934,-0.011796126142,-0.289264410734,0.096780918539,0.512843370438,-0.269685119390,-0.314441263676,0.199245870113,0.369524121284,-0.062894836068,0.219685360789,-0.845168173313,-0.055424503982,0.340330183506,-0.075263068080,0.684175312519,-0.481994807720,-0.162762671709,0.454899966717,-0.120381407440,-0.473726034164,0.648445308208,-0.246492117643,0.064812839031,-0.294203460217,-0.987623035908,-0.170471712947,-0.151328742504,-0.406418919563,-0.655372321606,0.074485167861,-0.397475123405,-0.002206114354,0.246154621243,0.381258547306,0.200982779264,0.779894292355,0.739352881908,0.338597387075,0.228505700827,0.335448741913,-0.136260494590,0.447293788195,0.360242813826,-0.378002852201,-0.325401872396,0.100341163576,0.241557180882,-0.352949470282,0.105420157313,-0.123167857528,0.118772089481,-0.621107637882,-0.209622010589,-0.228320479393,0.556887447834,-0.085700958967,0.416070669889,0.267318487167,-0.134293094277,0.308761328459,1.196014404297,0.144422277808,0.341544359922,0.060581710190,-0.317511707544,-0.126184806228,-0.169142290950,-0.447466641665,-0.790871441364,-1.080991864204,0.519786894321,-0.666065454483,-0.740990996361,-0.445285230875,-0.710883319378,0.011973109096,0.499051064253,-0.048357531428,0.473129212856,0.040142226964,0.737076759338,0.764418661594,0.355472505093,0.430912554264,-0.123320147395,0.281028509140,-0.054704230279,-0.429928869009,-0.623260200024,-0.220179259777,0.276003003120,0.058634895831,0.140479266644,0.053300708532,-0.356233954430,0.845744371414,0.151131168008,-0.380686402321,0.434567481279,-0.344610691071,0.012545217760,0.427335858345,-0.298014760017,0.162342846394,0.217697381973,0.249299153686,0.629874467850,-0.144475787878,-0.533924937248,0.256366133690,-0.303875774145,-0.291511654854,-0.421581834555,-0.503228664398,-0.600392341614,-0.338482141495,-0.736916303635,0.421318441629,-0.089960895479,-0.132951319218,0.135445535183,-0.150225684047,0.523293614388,0.929704368114,-0.361049532890,0.599071204662,-0.186717122793,0.046884045005,0.210194140673,-0.588032364845,-0.242186889052,0.261988431215,-0.736940979958,0.409608721733,0.448071688414,-0.640205323696,0.286206275225,-0.280415236950,0.385629594326,0.475952714682,0.008915007114,0.214067175984,0.196731060743,0.363560259342,0.746201694012,0.086227789521,0.883042514324,1.044274091721,-0.341132760048,0.545959770679,0.278719484806,-0.427055954933,0.246887251735,-0.466457366943,-0.296100884676,-0.274006813765,-0.297796636820,-0.000057622390,-0.345265120268,-1.068508505821,0.253954201937,0.068805247545,-0.339651048183,0.323236912489,0.204341337085,0.385255038738,0.433320343494,0.146690130234,0.127114996314,0.303023815155,0.291178286076,-0.023715728894,-0.371717900038,-0.514613211155,-0.188544571400,-0.409254789352,0.041409920901,0.052177075297,-0.724819660187,-0.530002474785,0.046777028590,-0.667131423950,0.209288626909,0.200003191829,-0.694123387337,-0.072620674968,-0.046455994248,-0.279801964760,0.082070745528,0.333777695894,-0.298278182745,-0.019249994308,0.190853595734,-0.103642098606,0.088051132858,-0.588065266609,0.032441403717,-0.264120429754,-0.414313226938,0.008849152364,-1.057535529137,-0.301253974438,-0.028638327494,-0.473318517208,-0.502652466297,0.385580211878,0.032066859305,0.306571692228,-0.071517616510,0.462563753128,0.662887990475,0.852885425091,0.345326840878,-0.106021083891,-0.434390485287,0.236301183701,0.339297086000,-0.227093964815,0.022575628012,-0.665258705616,-0.618465185165,0.610015332699,-0.383835077286,0.120373167098,0.529290437698,-0.714855134487,-0.363189816475,0.710171282291,0.030498705804,-0.116812936962,0.070505104959,0.531681776047,0.714484691620,0.512625217438,0.305443942547,0.712212741375,-0.368281155825,0.825914025307,0.508208870888,-0.797917783260,0.114195235074,0.377245545387,-1.385863780975,0.192261219025,-1.609689593315,-0.246702030301,-0.246236935258,-0.638863563538,-0.452043533325,-0.038923922926,0.303962230682,0.696341872215,0.791241884232,0.179053351283,0.582167208195,0.381509631872,0.323718458414,-0.041932635009,-0.616909444332,-0.466988295317,-0.355772972107,-0.053621750325,-0.836380720139,-0.619280159473,-0.162857338786,-0.027428258210,0.178028479218,0.024407198653,-0.597276628017,0.198200434446,-0.497248262167,-0.121426843107,-0.051016394049,-0.321253031492,0.234634250402,0.175805911422,0.036964762956,0.101571805775,0.519432902336,0.314540058374,0.210832074285,-0.485937833786,-0.201847106218,0.133720979095,-0.709730863571,0.134239584208,-0.339988559484,-0.735278129578,0.269327044487,0.154526785016,0.329097926617,0.464522868395,0.022637367249,0.086808130145,0.612077355385,0.446137249470,0.453973859549,0.127732381225,0.604170739651,0.253929525614,-0.100435830653,-0.208317279816,-0.365111917257,0.112602382898,-0.299887508154,0.229802206159,-0.092829667032,-0.795477032661,-0.002267852658,-0.346956759691,-0.408773213625,-0.289877653122,0.031778749079,-0.223492547870,0.068434819579,0.906762361526,-0.085779160261,-0.271315038204,0.491988211870,0.164643630385,-0.076078020036,0.595301032066,-0.071760453284,-0.066076412797,0.081552147865,-0.710175335407,0.432793527842,-0.281435996294,-0.131959378719,0.066356293857,-0.651626884937,-0.762982189655,0.024127317593,0.075119018555,-0.306575804949,-0.624593794346,0.002407792490,0.140405178070,0.787940859795,0.086326569319,0.971097826958,-0.227843046188,1.172113418579,0.801803231239,-0.041665103287,0.358119040728,-0.033820226789,-0.497812151909,-0.306900948286,0.143339812756,-0.109268516302,-0.380925148726,0.299652874470,-0.631640136242,-0.390206485987,0.078391142190,-0.369091987610,-0.328962087631,-0.196887478232,0.175509572029,-0.127082064748,-0.478274047375,0.089956782758,0.316301643848,-0.114808492362,0.506932973862,-0.066397458315,-0.328402340412,0.026979627088,-0.580644369125,-0.327517420053,-0.157807141542,-0.690431475639,-0.471462279558,-1.122595191002,-0.872995615005,-0.175682425499,-0.409900963306,-0.042698189616,0.533677995205,0.436230272055,0.525470912457,0.695493996143,0.727807760239,0.777675926685,0.809783875942,0.153139725327,-0.211363032460,0.767974674702,0.178333058953,-0.480410218239,-0.354595839977,-0.602195143700,0.337696015835,-0.110960140824,-0.263688296080,-0.130090773106,-0.064837537706,0.473684847355,0.061347268522,-0.891858756542,0.686426699162,-0.006297303829,0.064413599670,0.113623119891,0.173007100821,0.935573577881,0.072069145739,0.576779544353,0.994739413261,0.236897990108,0.692806303501,-0.541872739792,-0.549565315247,-0.362518906593,-0.477636098862,-0.648342430592,-0.900456845760,-0.965710043907,-0.154506206512,-1.426001787186,-0.424714058638,-0.284634023905,0.233033180237,0.671498358250,-0.503636181355,0.586439490318,0.748379051685,-0.091162726283,0.621869027615,0.232144147158,0.159815698862,0.499396771193,-0.438251197338,-0.166565746069,-0.391914576292,-0.038442365825,-0.073797821999,-0.564378380775,0.266256600618,-0.212182089686,0.064537070692,-0.506085097790,0.647461593151,0.008338782936,0.080498479307,0.535740077496,-0.091195665300,-0.130839854479,0.320487499237,-0.347207814455,0.454196155071,0.002819381189,0.190635442734,-0.077662631869,-0.264210999012,-0.145891651511,-0.705458521843,-0.216779544950,-0.519461691380,-0.304410845041,-0.358888715506,-0.205748960376,-0.662394046783,-0.604158401489,0.605594813824,0.572836518288,0.360555619001,-0.013039123267,0.592736780643,0.177246481180,0.664287388325,0.283806711435,-0.450944572687,0.084750182927,-0.104580521584,0.101275458932,-0.347351878881,-0.575104355812,-0.283144086599,0.303546518087,-0.399685353041,-0.331489264965,-0.075382433832,0.137240067124,0.364572763443,-0.406118452549,-0.313391715288,0.454475998878,-0.210473999381,0.550026297569,-0.156856372952,-0.022098185495,0.472738206387,0.476582407951,0.201834768057,0.196340069175,-0.269899159670,0.158206388354,0.060783386230,-0.152905121446,-0.094002693892,-0.185642868280,-0.620391488075,-0.018241602927,0.098600141704,-0.780536353588,-0.348874747753,-0.409081906080,-0.332970976830,0.554175078869,-0.496490985155,0.312757849693,0.038150135428,0.281226068735,0.071702830493,0.208123832941,0.151114717126,0.356398612261,0.456180006266,-0.148340597749,-0.911244511604,-0.272183477879,0.122982643545,-1.020690083504,0.293725997210,-0.282078057528,0.044155213982,0.966944813728,-0.454904079437,0.186630681157,0.600713372231,-0.696683526039,0.371565639973,0.169755563140,-0.613661944866,0.197591289878,0.860219955444,-0.211297184229,0.349759668112,0.142549559474,0.088487409055,0.717094123363,0.017574828118,0.003453227226,0.078090682626,-0.711397826672,-0.486143618822,-0.364107638597,-0.158235192299,-0.162964344025,0.034717489034,-0.444223344326,0.221558079123,0.853046000004,-0.062244530767,0.645695865154,0.433386206627,0.041669219732,0.349562108517,0.147204622626,0.083046212792,-0.520465970039,-0.355740040541,-0.027296550572,-0.013619462959,-0.356340974569,-0.664423167706,-0.040092833340,0.111725687981,-0.200295418501,0.310983896255,0.063676856458,-0.329826414585,-0.012652230449,0.201670140028,0.220368608832,-0.193895235658,1.195281744003,0.505854606628,0.486407071352,0.507023513317,0.511061191559,0.233029067516,0.478821486235,-0.093936845660,-0.508019566536,-0.675803601742,0.042019069195,0.260107457638,-0.602944254875,-0.653466701508,-0.703462362289,-0.242915406823,0.027786338702,-0.364885538816,-0.258304715157,0.222352445126,-0.558360934258,0.023016029969,0.906474232674,0.183111593127,0.022151691839,0.928197920322,-0.402866929770,0.779145181179,0.172142758965,-0.431480556726,-0.597416579723,-0.534595847130,-0.091685444117,0.506694257259,-0.531562447548,0.114154070616,-0.143722578883,-0.838113546371,1.200899958611,-0.290342748165,-0.580541431904,-0.088824912906,-0.313531637192,0.638176202774,0.133832111955,-0.364021211863,0.103950791061,0.144068315625,0.512966871262,0.880581259727,-0.003613747191,0.069998852909,0.264791339636,-0.145904004574,-0.127110883594,-0.437823116779,-0.424656420946,-0.411139875650,0.209864854813,-0.094928771257,-0.205814838409,0.221595123410,0.702124714851,0.607146561146,0.230966985226,0.781285464764,0.849316954613,0.325089037418,-0.088927812874,-0.634887576103,0.451660752296,-0.174332424998,-0.042294833809,-0.111124776304,-0.349055856466,-0.380768746138,0.379805594683,-0.796806573868,-0.131473720074,0.009606475942,-0.159441158175,-0.332349479198,0.011689113453,-0.740834534168,0.010730111971,0.615719914436,-0.294536828995,0.176769018173,-0.408238172531,0.209955409169,0.296335488558,0.282518446445,0.919184148312,-0.250690311193,-0.420161873102,0.246043488383,-0.162610381842,-0.077127568424,0.021505497396,-0.642304420471,0.119731098413,-0.310572326183,-0.643456876278,-0.023995609954,-0.406278997660,0.016031371430,0.188359364867,-0.450458914042,0.415498554707,0.754202961922,0.006618342828,0.435958653688,0.641221940517,0.748560130596,0.197216734290,-0.131724774837,-0.364379286766,0.131543681026,-0.334337443113,0.001033087028,-0.546754121780,-0.020447716117,0.436185032129,-0.415947198868,0.119331851602,0.224871367216,-0.433081656694,0.028572471812,0.078061871231,-0.776264131069,-0.338058203459,0.259193718433,-0.452809095383,0.455241560936,0.076794177294,-0.076106831431,0.534089565277,0.017015067860,0.567238867283,0.544181704521,-0.304904758930,-0.585546374321,-0.720477402210,-0.198299214244,0.048612717539,-0.515222370625,-0.586785256863,0.251258313656,-0.728165924549,0.296796470881,1.306534171104,0.083964049816,0.722786426544,0.720926046371,0.174945682287,0.921262681484,0.453064262867,0.156835794449,0.001831568778,-0.114470995963,0.138256683946,-0.295211851597,-0.339935034513,0.754013597965,0.101217843592,-0.940796673298,-0.107725054026,-0.356727868319,-0.042027302086,0.257432132959,-0.786417961121,0.052885007113,-0.267063289881,0.332629352808,0.399578332901,-0.707277834415,0.508509337902,0.470223367214,-0.479949235916,0.873728275299,-0.185737535357,-0.485069364309,-0.576870083809,-0.776412308216,-0.562361598015,0.137034267187,-0.866167366505,-0.471416980028,-0.086853399873,-0.635727226734,-0.225612238050,-0.387074261904,-0.148130699992,1.203991055489,0.193697661161,0.330258607864,0.368277043104,0.247780397534,1.221450567245,0.364951372147,0.383571654558,0.588946104050,-0.060256555676,0.303497105837,0.332489430904,-0.113153912127,0.006153247785,-0.184124127030,-0.187293335795,0.043393775821,0.420803964138,0.403134435415,-0.040241006762,-0.268479168415,-0.116232588887,-0.393964260817,0.254048883915,0.364572763443,-0.020768756047,-0.125637397170,0.244150176644,0.439794629812,0.234103292227,0.053572360426,0.781869947910,-0.267944097519,-0.515971422195,0.245640128851,-0.689760565758,-1.052995562553,-0.811368525028,-0.229143664241,-0.864516973495,-0.545309484005,-0.643555641174,0.055428624153,0.759096741676,0.060943905264,0.554446756840,0.459670275450,0.366095602512,1.091545104980,-0.041973795742,-0.403908252716,-0.075114898384,-0.627178549767,-0.287070631981,-0.204086154699,-0.635451495647,0.093471743166,0.034890357405,-0.224052324891,0.124822445214,-0.083540111780,-0.462518453598,0.753256380558,-0.581607460976,-0.025600802153,0.748609483242,-0.293565481901,0.312547951937,0.771720170975,-0.668300330639,0.013537145220,0.731137573719,0.914121568203,-0.094710633159,-0.504603385925,-0.256279677153,-0.374158650637,-0.139664322138,-0.135960027575,-0.977143943310,-0.784644067287,-0.228653877974,-0.586991071701,0.264840722084,0.151847332716,-0.151460453868,0.098764769733,-0.261239349842,0.488370299339,0.524376094341,0.267322629690,0.616094470024,0.832174301147,-0.388428419828,1.027534842491,0.263494849205,0.135247975588,0.870036363602,-0.354237735271,0.101505950093,0.181671038270,-0.351644754410,0.639666140079,0.205148041248,-0.201398476958,0.609500825405,0.779169976711,0.318466573954,0.130983918905,-0.327949613333,0.104411765933,0.629718065262,-0.132992476225,-0.282843619585,0.323208093643,-0.269117146730,0.092718541622,0.484937667847,-0.416502863169,0.545013129711,-0.022674409673,-0.102205656469,-0.637188374996,-1.144257068634,-0.005679921247,-0.922394514084,-0.572145044804,-0.047262705863,-1.409418940544,-0.448890745640,0.698008775711,-0.612949907780,1.060906410217,0.217359870672,-0.521857142448,1.231431603432,0.052901469171,-0.283382803202,0.241240233183,-0.378607898951,0.089368201792,0.524441957474,-0.832705318928,-0.230670645833,-0.164157956839,-0.360703796148,0.932272613049,-0.263350784779,-1.017454981804,0.686784803867,-0.162227600813,0.059799689800,0.495795398951,-0.569222748280,0.538991570473,0.246380969882,0.275875419378,1.076505541801,0.534447669983,0.574799776077,0.289766520262,0.076271459460,0.065557815135,0.242203369737,-0.427023053169,-0.763994693756,-0.840150833130,-0.076370246708,-0.241334900260,-0.283362209797,-1.107757449150,-0.605714201927,-0.412983775139,0.227390289307,0.220804870129,0.162783250213,0.522997260094,0.099876061082,0.191545039415,-0.087680697441,0.003634326393,0.236235335469,-0.206300497055,-0.088236339390,-0.070624470711,-0.539864182472,-0.287185877562,-0.066846087575,-0.557262003422,0.520490705967,-0.420717537403,-0.156267806888,-0.026279924437,-0.034170076251,0.515638053417,-0.226402491331,-0.109354943037,0.316342800856,-0.023180663586,0.166738614440,0.772226393223,0.129292294383,-0.020015548915,0.941615641117,0.300558388233,0.440696030855,-0.168677195907,-0.564995765686,0.168150365353,0.003696064698,-1.030926346779,0.396594315767,-1.079950571060,-0.416437000036,0.220154553652,-0.732129454613,0.166273519397,0.755096077919,-0.025045158342,0.852498531342,-0.601215541363,0.400331526995,0.681351840496,0.195693865418,-0.223797112703,-0.048818510026,-0.323549717665,-0.028815308586,-0.355159699917,-0.091463200748,-0.130008459091,-0.221282318234,-0.415864884853,-0.026123519987,-0.133543998003,-0.084618479013,-0.248582988977,-0.030675690621,-0.218096628785,-0.180329263210,0.822695374489,-0.216133356094,0.005758123007,0.575594127178,0.448573827744,0.269499897957,0.759343743324,-0.281580030918,-0.207794561982,0.126361787319,-0.584011137486,0.210004806519,-0.469976425171,-0.629199445248,-0.197130292654,-0.869846999645,-0.305411010981,0.156712308526,-0.390873223543,0.194170981646,0.343219518661,-0.303283095360,0.216219767928,0.993125975132,-0.057247843593,0.373310744762,0.426780223846,-0.095274500549,0.618251204491,-0.527495920658,-0.429858922958,0.371754974127,-0.668374419212,-0.372923851013,0.145101413131,-0.352941244841,-0.626647591591,0.678548932076,-0.277036100626,-0.124847136438,0.312774330378,0.129847943783,-0.068307228386,-0.061874099076,-0.232662737370,-0.223990559578,0.159239470959,-0.001436443767,0.170862734318,0.014825416729,0.151382252574,0.338087022305,0.431373566389,0.467564523220,0.271022796631,-0.610953748226,0.124822445214,-0.032017469406,0.245380818844,-0.148809820414,-0.143734931946,-0.468885719776,0.417589426041,0.595766127110,0.599532127380,0.014903619885,0.961338996887,0.405229419470,0.154123425484,0.478813260794,0.300451368093,-0.403237372637,0.500108838081,-0.544338107109,-0.249463781714,-0.573672056198,-0.244594693184,-0.320750892162,0.021954130381,-0.353027671576,-0.339288860559,-0.688624560833,-0.064615279436,-0.251155406237,-0.019785057753,-0.103016480803,-0.942377150059,-0.049975074828,0.144903853536,0.303884029388,0.738484442234,-0.377072662115,0.135247975588,0.376352399588,0.491263777018,0.458209127188,0.120068594813,-0.213783189654,-0.117829546332,0.251492917538,-0.586353063583,0.009211350232,-0.353468060493,-0.557735323906,0.038915690035,0.156131982803,0.003082797863,0.241585969925,0.349693804979,0.032313812524,0.429410278797,0.825111448765,0.710570454597,0.046097911894,0.240482926369,0.723482012749,-0.305283427238,0.104745149612,0.483406573534,-0.258263558149,0.032910615206,-0.169294580817,-0.352023422718,0.661114037037,-0.523659884930,0.297607302666,0.038265381008,-0.976419627666,-0.269203573465,0.273117780685,-0.745382666588,-0.193520680070,0.159013107419,-0.616209745407,0.369425356388,0.195965513587,-0.184864968061,0.213153451681,-0.376508772373,0.639287471771,-0.279773145914,-0.868048310280,-0.571009039879,-0.475722223520,-0.664608418941,-0.187396228313,-0.572009205818,0.427113622427,-0.276686251163,-0.112692922354,0.634768247604,0.037199366838,1.041298389435,0.578565835953,0.355361372232,0.128065764904,1.322170376778,0.601804077625,-0.492597341537,0.563295900822,0.319643735886,-0.215293705463,0.359205633402,0.167109042406,-0.533147037029,-0.156119629741,-0.228382214904,0.102934166789,0.179794207215,-0.451969414949,0.263177901506,0.014043399133,-0.060931559652,0.420437633991,-0.317454069853,0.442441165447,0.226546540856,0.382645577192,0.389819592237,-0.191261067986,0.398372381926,-0.234272062778,-0.084083415568,-0.372384697199,0.000909610535,-0.075740508735,-0.925975322723,-0.660274386406,-0.647292852402,-0.611081302166,-0.390601605177,-0.922707259655,-0.541140079498,0.023090114817,0.053584706038,-0.132399782538,0.703989207745,0.418803662062,1.050130963326,0.802453517914,0.596399962902,0.358007907867,0.752474308014,0.101769372821,-0.442836314440,-0.110231637955,-0.848720133305,-0.175900578499,-0.569305062294,0.069657236338,0.486818641424,-0.166434034705,-0.245952934027,0.294392794371,0.368762731552,0.166718035936,-0.459163993597,0.089022479951,-0.288988620043,-0.281168431044,-0.060153659433,-0.459172248840,0.421614795923,0.227904781699,-0.019295267761,-0.382843166590,-0.217993721366,-0.084470309317,-0.308687239885,-0.511061191559,-0.641617059708,-1.215424895287,-0.430237561464,-0.209255710244,-0.126114830375,0.470038205385,-0.105317257345,-0.284666925669,0.743744492531,-0.043541945517,0.686216831207,0.715575397015,0.266832828522,0.045764524490,-0.165479153395,0.449705719948,-0.074867941439,-0.043130360544,-0.589921534061,0.169409826398,0.567210078239,0.528261482716,0.077304549515,-0.122237659991,-0.497643381357,0.735537409782,0.070451602340,-0.385658413172,0.169092893600,0.154300406575,-0.213993087411,0.565394997597,0.079675301909,0.062396816909,0.282609015703,0.596128284931,0.429788947105,0.229765161872,-0.146118029952,-0.142146199942,-0.012812749483,-0.524750590324,-0.608179628849,0.365577012300,-0.869106113911,-0.309423983097,-0.269997924566,-0.774967610836,-0.385510265827,-0.294034689665,-0.190845340490,-0.111025989056,0.282485544682,-0.097863391042,-0.167697608471,0.556796908379,0.526269435883,0.667098522186,-0.150530248880,0.607636332512,-0.760948956013,0.425030976534,0.262778669596,-0.396474987268,-0.368429303169,-0.249011039734,0.487082034349,0.149456009269,-0.069500833750,0.030235290527,0.171150848269,0.303534179926,-0.404772579670,-0.079737037420,0.034120686352,-0.050287880003,0.618683338165,0.307184964418,-0.169702053070,0.329390168190,0.413226634264,-0.037944342941,0.974373996258,-0.226809963584,0.117171011865,-0.022653831169,-0.719078004360,-0.270668834448,-0.964306592941,-1.335781574249,0.138112634420,-0.424660533667,-0.618621647358,0.472092002630,-0.205781891942,0.199509277940,0.473734259605,0.159058362246,0.835355877876,0.214738070965,0.324047714472,0.360971361399,-0.705116927624,0.149447783828,0.120537802577,-0.684916198254,-0.266647607088,-0.610254049301,-0.586464226246,0.185478240252,0.061104428023,0.122011289001,-0.046884045005,-0.872682869434,0.324323505163,0.174888059497,0.111124776304,0.371228098869,0.571042001247,0.260881245136,0.513785898685,0.295981496572,0.561945855618,0.560361266136,0.184490427375,0.132469758391,-0.371586203575,-0.378393858671,-0.061491321772,0.148739844561,-0.868995010853,-0.522128820419,-0.007445636205,-0.922785460949,0.020011432469,-0.313091248274,-1.221462965012,0.844941735268,-0.298397541046,0.076666586101,0.742855489254,0.302509307861,-0.008655705489,1.642591953278,0.382608562708,0.786286354065,0.792295515537,-0.452278107405,-0.311947047710,0.137631073594,-1.303578972816,-0.263074994087,0.008240001276,-0.452615648508,0.121402144432,-0.249587267637,-0.262564629316,0.584253966808,0.260107457638,-0.008149451576,0.045410558581,-0.344684779644,0.323405653238,0.238939464092,0.385802477598,-0.249616071582,-0.065002173185,0.756289720535,0.594658911228,-0.104164816439,0.663575351238,-0.464880973101,-0.671095013618,-0.073797821999,-0.838994324207,-0.363214492798,-0.472906917334,-0.829840600491,-0.444416821003,0.350508779287,-0.038512337953,0.226986929774,0.684998512268,0.022308096290,0.267598360777,0.281547099352,0.001152447774,0.302381724119,-0.206637993455,-0.517749488354,-0.599017620087,-0.405472278595,0.005708732642,-0.390408158302,0.083651244640,-0.542453050613,0.511793792248,0.329641222954,-0.131889417768,0.025888916105,-0.396923571825,0.250122308731,-0.924975156784,0.588295817375,0.159947395325,0.259934574366,0.478912025690,0.519548118114,-0.564604759216,1.082255482674,0.873798251152,0.282777756453,0.174163669348,-0.144866794348,-0.618238866329,0.234588980675,0.047439690679,-0.102979443967,-0.058029860258,-1.424845218658,-0.346380501986,0.185725197196,-0.345067560673,0.044653236866,-0.321524709463,-0.016418265179,-0.093438819051,0.186585411429,0.214083641768,0.439057916403,0.919447541237,0.505661189556,0.095949515700,0.056424669921,0.569288611412,-0.196224808693,-0.416128307581,-0.275262147188,-0.138215526938,-0.500779747963,-0.596593379974,-0.343030184507,0.048900827765,0.086194857955,-0.318935811520,-0.061606563628,0.253719627857,0.266087859869,-0.351784676313,-0.526693344116,-0.230534836650,0.127411335707,0.271549612284,-0.214342936873,-0.085421070457,0.288535863161,0.430513322353,0.296088546515,-0.001613426954,0.255053132772,-0.091475538909,-0.922015845776,-0.128934204578,-0.266174256802,-0.423528671265,-0.028350215405,-0.683553814888,-0.035882283002,0.003004595870,0.615843415260,0.775231003761,0.618975579739,0.657224476337,0.551401019096,0.371660292149,0.139812484384,-0.311539560556,-0.001164795482,-0.723226845264,-0.402582943439,-0.115166582167,-1.062799692154,-0.502911746502,-0.715456008911,-0.566177010536,0.429521381855,-0.258424073458,-0.338523298502,-0.441984295845,-0.245730668306,0.100888572633,-0.371557414532,-0.019451672211,-0.040035214275,-0.069179795682,0.566592693329,0.168891221285,0.483385980129,0.283222258091,0.326451420784,0.003424416063,0.239956095815,-0.063977316022,-0.526298224926,-0.219323173165,-0.169710278511,-0.372919738293,-0.333073884249,-0.149209052324,-0.100542835891,0.606747329235,-0.053164884448,0.126798063517,0.432344883680,-0.133478149772,0.654557406902,0.637468278408,0.151003584266,0.412333488464,-0.063808560371,0.281950473785,-0.526372313499,0.359481394291,0.175801798701,-0.339420557022,0.150978893042,-0.121846660972,-0.097114302218,-0.285016775131,-0.707528829575,0.245730668306,0.201205030084,-0.268096387386,0.197101503611,0.045525804162,-0.533505141735,0.254299938679,0.238042205572,-0.095657281578,0.794151782990,-0.538584113121,-0.030317606404,0.745979428291,-0.154827252030,0.280563414097,0.291425228119,-0.845476865768,0.011553288437,-0.113886535168,-0.257905483246,-0.593185484409,-0.717859685421,-0.709278106689,0.581171154976,-0.148492902517,0.102522574365,1.009766459465,-0.145014971495,0.884968817234,1.081411719322,0.057474218309,0.710212409496,-0.144331738353,0.214873880148,0.036499667913,-0.619177222252,0.067578718066,-0.288494706154,-0.587382018566,-0.038582306355,-0.408649772406,-0.210099473596,0.830091655254,-0.741377890110,0.582755804062,-0.818406701088,-0.103823192418,0.168142125010,-0.479965686798,-0.186630681157,0.206926107407,-0.356604397297,0.041418150067,0.234119758010,0.622247695923,-0.385588437319,0.160070881248,0.019953809679,-0.385193347931,-0.129605099559,-0.266968637705,-0.763430833817,-0.144998505712,-0.923880338669,-0.664287388325,-0.178160190582,0.087404936552,0.164112672210,-0.096822082996,-0.182560071349,0.163013741374,1.269034266472,0.558398008347,0.055198132992,0.071781031787,0.396289765835,1.219651937485,0.314708799124,0.286535561085,0.189211353660,-0.172142758965,0.023415269330,-0.080873019993,-0.079370722175,0.495918840170,0.085170008242,-0.210815623403,-0.127464845777,0.163145437837,0.207296535373,0.008478723466,0.668547332287,0.077246926725,-0.856276929379,-0.284893333912,0.213544458151,-0.276953786612,0.378550291061,-0.378369182348,-0.014430292882,0.331583917141,0.265495151281,0.263671815395,-0.185095459223,-0.543469667435,-0.300179719925,-0.781046807766,-0.525606751442,-0.058252118528,-0.586468338966,-0.570239424706,-0.398952752352,-0.049160130322,0.483032017946,0.045645166188,0.451389074326,1.076789617538,0.224225178361,0.591967105865,-0.113149799407,0.284522891045,0.016858665273,-0.808298051357,-0.080551989377,-0.391461789608,0.293870061636,0.692670524120,-0.150517910719,-0.256802409887,0.257078170776,0.089269429445,-0.436386704445,0.618860304356,-0.445305794477,-0.415683776140,-0.137058973312,-0.159107759595,0.541905641556,0.408575654030,0.136725574732,0.372635781765,0.226517722011,0.416025429964,0.752560794353,-0.452241092920,0.033528000116,-0.559986710548,-1.329381465912,-0.642287969589,-0.674433052540,-0.557932913303,-0.075810484588,-0.847670674324,-0.305760860443,-0.446573495865,-0.093599334359,0.032643083483,0.246413916349,0.121118143201,0.251266539097,0.229814544320,-0.130222484469,-0.051201604307,0.357168257236,0.527166664600,-0.367565006018,-0.078827425838,0.384160220623,0.125122904778,-0.425401419401,0.446520030499,-0.482748031616,0.128761351109,0.322710067034,-0.027506457642,0.662628650665,-0.001588731539,-0.282732486725,0.655244767666,0.142866477370,0.474981337786,0.012545217760,0.040265701711,0.070509225130,0.470206916332,-0.046081449836,0.148875668645,0.263046205044,-0.131350234151,-0.275587290525,-0.327863156796,-0.492531478405,-0.156395405531,-0.607060074806,-0.939495980740,-0.486098378897,-0.140215858817,-0.656570076942,0.127794101834,0.052144143730,0.260996490717,0.775761961937,0.503669083118,0.202995434403,1.104049086571,0.655285954475,-0.481015264988,-0.057005006820,-0.182399556041,-0.766151428223,0.083309628069,-0.217981383204,-0.611694574356,0.009091989137,-0.334329217672,0.239025905728,-0.233905732632,0.146105691791,0.588378071785,0.120389632881,0.181070119143,-0.084235697985,-0.608784615993,0.905947387218,0.097587630153,0.071060754359,0.063117094338,-0.108239546418,0.218125447631,0.902070283890,-0.142965257168,-0.017262021080,-0.279365688562,0.025975350291,-0.599791467190,-0.130930408835,-0.731158137321,-0.486172437668,-0.288552343845,-0.039977591485,-0.415914297104,-0.257366299629,-0.145685866475,-0.755392491817,0.539135694504,0.445820331573,0.838167011738,0.421544820070,0.083857037127,0.144628077745,0.180074080825,0.181288272142,0.411860138178,-0.014780143276,-0.393914878368,-0.756861865520,0.645642399788,0.145245462656,-0.129415765405,0.419062942266,-0.147649139166,0.122324101627,0.389214545488,-0.355266720057,-0.304414957762,0.143105193973,-0.528751254082,0.107235260308,-0.121089331806,0.262050151825,0.368737995625,0.658706247807,0.180498018861,0.430537998676,0.689834654331,-0.071999169886,0.227797776461,0.494614124298,-0.696518838406,-0.647128224373,-0.103716179729,-1.113425016403,-0.385148048401,0.112816400826,-0.462761312723,-0.165569707751,0.100180633366,0.065631896257,0.164005666971,0.382390379906,0.529759705067,0.092199936509,-0.044039968401,-0.190841227770,0.150855407119,-0.904490411282,-0.465737044811,0.387819260359,-0.587892413139,-0.177719786763,0.042698189616,-1.537513494492,0.087318494916,-0.121443293989,-0.238276809454,-0.163705199957,-0.375035345554,-0.442231267691,0.852597355843,0.128884822130,-0.100806251168,0.537361681461,0.152114868164,0.663530051708,1.114404678345,0.077868424356,0.686620175838,0.408431619406,-0.390823841095,0.704026222229,-0.039845883846,-0.510596096516,-0.139470875263,0.107362851501,-0.692983329296,0.167290151119,-0.117669031024,-1.283518075943,0.605224370956,-0.046279005706,-0.041924402118,0.972147285938,-0.222414195538,0.717036545277,1.160111546516,-0.216256827116,0.986157834530,0.377747684717,-0.404628515244,-0.022118765861,-0.070163488388,-0.628116965294,-0.222949251533,-0.719423770905,0.036800127476,0.574795663357,-0.433546751738,0.010935906321,0.039002124220,0.086404770613,0.264116317034,-0.562892556190,-0.124398507178,-0.203032493591,-0.190771266818,0.075267188251,-0.415136396885,-0.233061984181,0.388136178255,0.463065892458,0.746860265732,0.146895930171,-0.085281133652,-0.024452472106,-0.724914312363,-0.007688472513,-0.027234811336,-0.823329329491,-0.409958600998,-0.451903611422,-0.588345170021,0.713612139225,-0.346080064774,0.606376886368,1.072373151779,-0.100830942392,0.725762248039,0.649293184280,0.113417319953,0.165870159864,-0.014162760228,0.032890036702,-0.183506727219,-0.668670773506,0.001374705578,-0.108453564346,-0.490008443594,-0.086305990815,-0.295285910368,-0.373516529799,0.238161578774,-0.273973882198,-0.517243266106,-0.012759243138,0.206222295761,-0.076683051884,0.337486088276,0.299969792366,0.902490079403,-0.089059516788,0.814101457596,0.043912377208,0.066006444395,0.500162363052,-0.500755012035,-0.472421258688,-0.097665831447,-0.246418029070,-0.405785083771,-0.112075552344,-0.636266410351,0.201941773295,-0.010787734762,-0.409584045410,0.145311310887,-0.188054770231,0.054160930216,0.258782148361,0.417605936527,-0.033025860786,0.953201889992,0.416111856699,0.314770519733,0.587254464626,0.015932591632,0.212330266833,0.130901604891,-0.561884164810,0.125106438994,-0.819452106953,0.354608178139,0.037063542753,-0.194339722395,-0.266264826059,0.429760128260,-0.087754786015,-0.059828504920,-0.118920259178,0.069093361497,-0.177328780293,-0.891134381294,-0.869760572910,0.500528633595,-0.543551981449,0.101736448705,0.022987216711,-0.113977089524,0.488111019135,0.045945625752,0.158918440342,-0.452825546265,-0.052448723465,-0.206288143992,-0.439189612865,-0.326690137386,-0.408460408449,-0.496062934399,-0.063187062740,-0.000358082005,0.258753329515,0.210696265101,0.613571405411,0.369277209044,0.742135226727,0.429653078318,0.513674795628,-0.087104469538,0.187416821718,0.306645750999,-0.394993245602,-0.289889991283,-0.262807488441,-0.396092176437,0.715768873692,-0.413189560175,-0.140047103167,0.224422737956,-0.160585373640,0.436131507158,-0.474244624376,0.091845974326,0.249912410975,-0.375364601612,0.102530814707,-0.223356738687,0.325064361095,0.647934973240,0.393157541752,0.533389866352,0.296994030476,0.254044771194,0.312235146761,0.079778194427,-0.803128480911,-0.010586055927,-0.436794161797,-0.491831779480,-0.289157390594,-0.873695373535,-0.315902411938,-0.471602201462,0.134601786733,0.141471192241,-0.571577072144,-0.130979806185,0.125793784857,0.447186768055,0.707545280457,0.051139868796,0.757368147373,0.486337065697,0.274406045675,0.012524637394,-0.242269217968,-0.364683866501,-0.015479842201,0.007305695675,-0.046925202012,0.313725084066,-0.276081204414,-0.171768218279,0.642464935780,-0.496219307184,0.427121847868,0.540880799294,-0.077724374831,-0.415321618319,0.020530033857,0.103160537779,0.184712678194,-0.040985979140,0.157123908401,0.045682210475,0.101896964014,0.348306745291,0.381435513496,-0.153658330441,-0.144755676389,-0.749728977680,-0.142446666956,-0.879095435143,-1.042742967606,-0.264457941055,-0.725589334965,-0.082758098841,0.372298240662,-0.377031534910,0.138153791428,0.193738803267,0.504516899586,0.500862061977,0.884306132793,0.278929382563,0.555438637733,0.017496626824,-0.010153887793,-0.156975731254,-0.477417975664,0.127341359854,-0.391700536013,-0.352537900209,0.165635555983,-0.321224242449,0.041269976646,0.225031882524,0.086853399873,-0.101538881660,0.323541462421,-0.123176090419,0.025320924819,0.167335420847,0.745971202850,0.402558237314,0.166722148657,0.757746815681,0.158317521214,0.169763788581,0.268837243319,0.209926590323,-0.480430781841,-1.038322448730,-0.141623482108,-0.756557226181,-0.794180572033,-0.857100069523,-0.460983246565,-0.641481220722,0.228625059128,0.007499142550,-0.453344136477,0.449327051640,0.630611181259,-0.058429099619,0.552121281624,0.427200049162,0.669526875019,1.015314698219,-0.073254518211,0.369779348373,0.294470995665,-0.115676946938,-0.042953375727,-0.535266697407,-0.174525871873,0.130024924874,0.109503112733,0.445717424154,-0.504018902779,0.390461623669,0.423285841942,0.590851724148,0.172867164016,-0.425899416208,0.399434268475,-0.069916538894,0.473129212856,-0.025967117399,-0.078967362642,0.544885516167,0.026967277750,0.521601974964,0.054695993662,-0.487296104431,0.723000407219,-0.312831938267,0.258135944605,0.097402416170,-0.968673527241,-0.113721907139,0.145397752523,-0.780215382576,-0.532937109470,-0.335280001163,0.076279699802,0.668148100376,0.040562044829,-0.095735482872,0.290235728025,0.401891469955,0.486625194550,0.056033656001,0.004753847141,-0.414675384760,-1.142565608025,-0.119640544057,-0.348850071430,0.096048288047,0.091084532440,-0.799782276154,-0.199945569038,0.243487507105,0.076160334051,0.821637690067,0.481858998537,-1.196216106415,0.164725944400,-0.001280040247,0.292203128338,0.516662895679,-0.362341910601,0.424450606108,1.015652298927,0.497470557690,0.623885869980,0.530397653580,0.400393277407,0.657138049603,0.119780488312,-0.001959161367,-0.578038990498,-0.190306186676,-0.224249869585,-1.001057267189,-0.485373944044,-0.423450469971,-0.319639623165,-0.145323663950,-0.440090984106,0.106992430985,-0.034491114318,0.646156907082,0.282349705696,0.912611007690,-0.500005900860,-0.098369650543,0.719242632389,-0.545844554901,-0.526573956013,0.341215103865,-1.183995962143,-0.254398733377,-0.148818060756,-0.304098039865,0.024575948715,-0.063767403364,-0.185243636370,1.090898871422,-1.063137173653,0.028127957135,0.135865360498,-0.427331745625,0.101736448705,0.415564417839,-0.090677060187,0.289527803659,0.022789653391,0.452644437551,0.074649803340,1.130427837372,0.695004224777,-0.574766874313,-0.007824297063,-0.183901846409,-0.390683919191,-0.441371023655,-0.145739361644,-0.267709493637,0.363840103149,-0.142376691103,-0.114866107702,0.503990113735,-0.214902698994,1.735499858856,0.222883403301,0.435279518366,0.611781001091,0.031272493303,0.513201415539,0.305740267038,-0.072937600315,-0.998645365238,-0.029638485983,0.054247364402,-0.552643954754,-0.643757343292,-0.872419416904,-1.017236828804,0.047719568014,-0.070204645395,-0.374924212694,-0.277595877647,-0.508266508579,-0.498129069805,0.355777084827,-0.040014635772,0.641320705414,-0.149875834584,-0.058087483048,-0.108651131392,0.394211232662,-0.203439950943,0.380077272654,-0.079383075237,-0.755030274391,-0.226682350039,0.037948459387,0.140705645084,-0.587139189243,-0.583640694618,0.339935034513,-0.641542971134,-0.286922454834,-0.120541922748,-0.418754249811,0.333378463984,0.796304345131,-0.302472263575,0.614571571350,0.518049955368,0.700342476368,0.726791203022,0.274369001389,0.190993517637,0.085968486965,0.133943244815,-0.217294022441,-0.023221824318,-0.443647116423,-0.688789248466,0.557780623436,0.091454960406,-0.297664910555,0.659377098083,-0.133972048759,-0.035927560180,0.701025784016,-0.309880852699,0.218557596207,-0.568745315075,0.188791513443,0.412946730852,-0.259062021971,0.299286574125,-0.002654745942,0.354554653168,0.380464166403,0.112540639937,0.311276137829,-0.498153805733,-0.182868763804,-0.082305349410,-0.994356632233,0.119615845382,-0.189450055361,-1.336065649986,-0.174632877111,0.403253823519,0.156955152750,1.298705816269,0.418968260288,-0.039611276239,0.761451065540,0.673939108849,0.343009620905,0.852292716503,-0.933112323284,0.002234925516,0.370079785585,-0.471309959888,0.170377060771,0.141047254205,-0.929095149040,-0.418354988098,0.741793632507,-0.137680470943,0.111231796443,0.241483077407,-1.201657295227,0.259662955999,-0.357538670301,-0.003992408514,-0.323471516371,-0.008762719110,-0.071513496339,-0.075398892164,0.056605763733,0.813311159611,0.031486518681,0.105173207819,0.166569858789,-0.272274017334,-0.470194578171,-0.119282461703,0.044542107731,-0.276875585318,-0.571893990040,-0.743847370148,-0.567152500153,-0.195175260305,-0.263190269470,-0.119517065585,-0.038104861975,-0.016726955771,0.615275382996,1.186963558197,0.574371755123,0.362420111895,0.582722902298,0.683183372021,0.670666992664,0.227637231350,0.073509700596,-0.332324773073,-0.230378419161,-0.027415910736,-0.404579132795,-0.399516582489,0.970500946045,0.014039283618,0.073336839676,0.260835975409,0.191088184714,0.293833017349,0.668534934521,-0.702849030495,-0.520498931408,-0.184930831194,-0.285769999027,0.362222552299,0.256082117558,0.217985495925,0.611562848091,-0.183399721980,0.336572378874,0.281567692757,-0.206539213657,-0.555479824543,-1.219750761986,-0.738373279572,-0.804128706455,-0.785944700241,-0.549301922321,-0.270281940699,-0.166825041175,0.067891523242,0.541440546513,0.466597288847,0.662089467049,0.214425250888,0.976864099503,0.197949364781,0.543486118317,-0.086482971907,-0.133391723037,-0.181008383632,-0.095488525927,-0.279740244150,-0.054803006351,0.388848215342,0.077214002609,-0.141705796123,-0.705219805241,-0.281728208065,0.508023679256,-0.280234158039,-0.165512070060,0.296170830727,0.129580408335,0.152744606137,-0.033943701535,0.202217549086,0.061454277486,0.405966192484,0.290429174900,0.023629294708,0.180526822805,-0.530866861343,-0.022044681013,-0.858388364315,-0.506875336170,-0.401870906353,-1.034902215004,-0.414292603731,-0.401652753353,-0.116919942200,-0.371203422546,-0.395104378462,-0.076016277075,0.201377913356,-0.054638370872,-0.325442999601,0.230950534344,0.665736138821,0.404216915369,0.078666903079,-0.158539772034,1.148159027100,-0.067364685237,0.555290520191,-0.278299689293,-0.851453125477,0.186622455716,0.149349004030,-0.055095236748,0.282884776592,-0.502121508121,0.440173298120,0.152419447899,0.290318071842,0.288988620043,-0.464650452137,-0.161676064134,0.690242111683,-0.628940105438,0.230934083462,0.018875448033,-0.042290717363,0.410012096167,-0.208996415138,0.565477311611,0.136244013906,-0.506381452084,0.567802786827,-0.695387005806,-0.713912606239,-0.452220529318,-0.797016382217,-0.605607151985,-0.488444417715,-0.388288497925,-0.032182104886,0.395215511322,0.126658126712,0.583307325840,0.267594248056,0.599346935749,0.504521012306,0.281382471323,-0.352504968643,-0.066257514060,-0.876860439777,-0.289441376925,-0.614662110806,-0.527129590511,-0.499437928200,-0.506541967392,-0.011326915585,-0.137120708823,-0.302171826363,0.817171931267,-0.042327761650,0.062071662396,0.195767953992,-0.377364903688,-0.058486726135,0.334856033325,-0.274529516697,0.371129333973,0.425944685936,0.236498743296,0.771390974522,0.453595221043,0.038676969707,0.333061516285,-0.062133401632,0.105638302863,0.079724691808,-0.994175553322,-0.393355101347,-0.372034847736,-0.681351840496,-0.712179839611,0.361123621464,-0.379892051220,0.087404936552,0.412897318602,0.025855988264,0.016628174111,0.164590120316,0.713957905769,0.171920523047,-0.136169940233,-0.015850272030,-0.331246405840,0.539588391781,-0.006688312627,-0.076740674675,0.097793430090,-0.610459804535,0.148583441973,0.675931215286,-0.405904442072,-0.192997962236,-0.288782835007,0.347199589014,0.421647697687,-0.112384237349,-0.138129100204,-0.149316072464,0.253686696291,0.519848585129,0.223418474197,0.025868335739,0.584315717220,0.420108377934,0.640612781048,0.273586988449,0.164507806301,0.382843166590,-0.629940271378,0.573754370213,-0.218948617578,-0.442297101021,-0.449808627367,-0.353961974382,-0.194903612137,0.133087128401,-0.310420036316,-0.334851920605,0.408057063818,0.020723480731,0.502376675606,0.472680568695,0.377558350563,0.771337449551,-0.084256283939,0.179855942726,-0.402718752623,0.230329021811,-0.321734607220,-0.824444711208,-0.341943591833,-0.272339880466,-0.936721861362,0.274397790432,-0.919278800488,-0.040022864938,0.098287329078,-0.387098997831,0.393820226192,-0.585464060307,-0.083799414337,0.237412482500,0.279629081488,0.401150614023,0.324504613876,0.311827659607,0.378159284592,0.995644927025,0.774638295174,-0.412675082684,0.351060271263,-0.151254653931,-0.065623670816,0.146118029952,-1.296236157417,-0.905227124691,0.202094063163,-0.881062805653,0.269524604082,0.047756612301,-0.785347878933,0.503236949444,0.555578589439,0.337984114885,1.243058919907,-0.265256434679,0.548750340939,0.342478662729,0.036256831139,0.412082374096,-0.143195748329,-0.627590119839,0.448014080524,-0.531879365444,0.053687602282,-0.051226302981,0.132692024112,-0.221014797688,-0.414037436247,0.013759402558,-0.309366375208,-0.144784480333,0.325866967440,-0.915171086788,-0.432007402182,0.310827493668,-0.230357840657,0.024370154366,0.408707350492,0.225208878517,-0.138869956136,-0.019241761416,0.100361742079,0.088388629258,-0.063862070441,-0.293672502041,-0.188651576638,-0.258946806192,-0.299187809229,0.167504161596,-0.331509828568,-0.181724548340,-0.155317023396,-0.022151691839,0.557541906834,0.207193642855,0.383793890476,0.101411290467,0.170780420303,0.477697819471,0.394750386477,0.360926061869,-0.275332123041,0.074612759054,-0.336786389351,-0.349364548922,-0.266347140074,-0.527368366718,-0.399380773306,0.014459104277,-0.667789995670,0.497219473124,0.002317243256,-0.538333058357,0.214910924435,0.066673219204,-0.215944021940,-0.388749450445,-0.297907739878,0.401475757360,0.258938550949,-0.099225752056,0.069118052721,-0.233889281750,0.517374932766,0.123991034925,0.404052317142,-0.427702188492,-0.224673807621,0.161260366440,-0.224163442850,-0.160330176353,-1.002802371979,-0.736175417900,0.082725174725,-0.483789324760,-0.140421643853,0.345347434282,-0.135873585939,0.125880226493,0.879523456097,-0.020011432469,0.787405788898,0.181646347046,0.532895982265,0.230687126517,0.055412158370,0.001568152220,-0.327007055283,-0.062475018203,-0.142714202404,-0.133745685220,0.283580362797,0.454278439283,0.133062452078,0.130358308554,-0.297022819519,-0.029033450410,-0.111750386655,-0.602145731449,-0.609570801258,-0.228834956884,-0.158000588417,-0.248875200748,0.522001206875,-0.342499256134,0.354756355286,0.632446825504,-0.277818113565,0.214227691293,0.539646029472,-0.285621851683,-0.045418787748,-0.268664389849,0.051884844899,-0.901963233948,-0.784232497215,0.273418247700,-0.101950466633,-0.111989110708,0.171113803983,-0.074205286801,0.260272085667,0.545889794827,0.691649734974,-0.042142543942,0.452829658985,0.831433475018,0.349446862936,0.300492525101,-0.019937345758,-0.178213700652,-0.029062263668,0.203472897410,-0.128218039870,-0.727626740932,-0.300076842308,0.175472527742,-0.264136910439,0.401397556067,-0.313280582428,-0.968451261520,0.317832738161,-0.106556147337,0.475734561682,0.288848668337,-1.048171877861,0.970179915428,0.221768006682,0.444165706635,0.573289275169,-0.689793527126,0.309609204531,0.548186480999,-0.984914779663,0.024703539908,-0.288622319698,-1.197664856911,-0.037096470594,-0.712430834770,-1.138087391853,-0.129720345140,-0.396730124950,-0.668263316154,0.686924755573,-0.436353772879,-0.105321384966,0.798761546612,0.854144930840,1.048052430153,0.692575871944,0.300813555717,0.085972599685,0.442992687225,0.813451170921,-0.304023951292,0.084955982864,-0.288161337376,-0.382448017597,0.082288891077,0.887557625771,0.125674426556,0.496824353933,-0.206300497055,0.208811193705,0.418243885040,-0.073793701828,0.300961732864,-0.197735354304,-0.320075899363,0.834030568600,-0.093290649354,-0.036581985652,0.570292890072,-0.256003916264,-0.170887425542,0.101444214582,-0.428410112858,-0.339803338051,-0.962001681328,-0.788447141647,-0.755923449993,-1.004502296448,-0.905511140823,-0.172118067741,-0.455097526312,-0.804947674274,-0.212787136436,0.409444123507,0.136565059423,0.491617769003,0.065640129149,-0.130572333932,0.302455782890,-0.251879811287,0.093669310212,0.119385361671,-0.370125055313,-0.018821941689,0.047913018614,-0.262700468302,-0.326739519835,-0.236482292414,0.217693269253,-0.219463095069,0.211391851306,0.078798614442,0.032980587333,0.218446478248,0.288247764111,0.481109917164,0.073995374143,0.108972169459,1.250648736954,0.054251477122,0.872221827507,0.595622062683,-0.135091573000,0.388411939144,0.052905581892,-0.114997826517,0.429686039686,-0.572173833847,-0.141207769513,-0.301817864180,-0.621593296528,0.200373634696,-0.401171207428,-0.208469569683,-0.650914847851,-0.187050506473,0.581253468990,0.118500441313,0.924156129360,0.482324093580,0.422100484371,0.670448839664,0.256308495998,0.339305341244,0.325624108315,-0.165894865990,0.231292158365,-0.569156944752,-0.026596847922,-0.561604261398,0.064541190863,-0.002774106571,-0.444379746914,0.508974432945,0.205205664039,-0.154123425484,0.889800846577,-0.588020026684,0.036112774163,0.072859391570,0.270516544580,-0.237112030387,-1.268902659416,0.564699411392,0.441893756390,-0.042434774339,0.797703742981,-0.253205120564,-0.079868748784,0.576260924339,0.209226891398,-0.148295342922,-0.885429739952,-0.783635616302,-0.322413742542,-0.570029437542,-0.567193627357,-0.075180754066,-0.786035239697,0.415930747986,0.311304956675,-0.132840186357,-0.008647474460,0.183288589120,0.955482065678,0.574824512005,0.004321679007,-0.438308805227,0.076625429094,-0.064985707402,-0.188050657511,0.194685459137,-0.720983624458,0.362358361483,0.315165638924,-0.472038507462,0.856182217598,-0.320001810789,-0.357118874788,0.574964404106,-0.265067100525,0.084285087883,0.467996686697,-0.712793052197,0.965216219425,0.424557626247,-0.027354171500,1.543353915215,0.235626190901,0.543099224567,0.548696815968,-0.071213036776,-0.058478489518,-0.039689477533,-0.335843861103,-0.505043804646,-0.659842193127,-0.349858433008,-0.401294648647,-0.792241990566,-0.587505519390,-0.167808741331,-0.483698815107,-0.561468482018,-0.019332312047,-0.304653674364,-0.136984884739,0.466700196266,0.087520174682,0.045529916883,-0.318269044161,0.310033142567,0.535056829453,-0.007935426198,0.295553475618,-0.964001953602,-0.456365197897,0.164985239506,-0.224879607558,-0.491605401039,0.153399020433,-0.299619942904,1.039314508438,0.255703449249,-0.110437422991,0.574429392815,-0.253785461187,0.152415335178,0.665657937527,0.236556366086,0.270216077566,0.620848298073,-0.353126466274,0.730536699295,0.809985578060,0.081836141646,0.546527802944,-0.008017743938,-0.205761328340,0.247446998954,-0.208432525396,-0.675038039684,0.050736512989,-0.470260441303,-0.635249793530,-0.211795210838,-0.043327920139,0.116347834468,0.167195484042,0.774000406265,-0.215804070234,0.496351003647,0.557961702347,0.115310631692,-0.334411531687,-0.355896472931,-0.590613007545,-0.503636181355,-0.558093428612,-0.654545068741,-0.445655673742,-0.178658217192,-0.747448801994,-0.103444531560,-0.284226566553,-0.508114218712,0.169385135174,-0.523326516151,-0.333604812622,0.392285019159,-0.933984816074,0.488139837980,0.330312103033,0.251143068075,0.535740077496,0.595037579536,0.273788660765,1.522659182549,0.201773032546,-0.642246782780,0.627396702766,-0.091668993235,0.279242217541,0.097538240254,-0.471223533154,0.170442909002,-0.679372072220,0.194487899542,0.407015711069,-0.218816921115,0.813055992126,0.654796123505,-0.096044167876,0.618181228638,0.104695759714,0.843468308449,1.111037850380,-0.465630054474,0.667810559273,-0.238585501909,-0.522194683552,1.059651017189,-0.879519283772,-0.544572710991,-0.285621851683,0.053152538836,-0.093286536634,-0.076115064323,-0.240231856704,0.309568047523,0.147607982159,-0.496910780668,-0.598531961441,-0.011191091500,-0.734339714050,0.126563459635,-0.193339571357,-0.564238429070,0.333473116159,0.230864092708,-0.101283699274,0.122258245945,-0.113581962883,-0.133227080107,0.293343245983,0.182358399034,-0.713060617447,-0.570436954498,-0.596173584461,-0.105749435723,-0.151538655162,-0.495054513216,-0.360045254230,0.178217813373,1.133588790894,0.543848335743,0.129510432482,0.902679443359,-0.443548351526,1.113655567169,0.996484577656,-0.765711009502,0.588024139404,-0.162709161639,-0.504043638706,0.262404143810,0.168253257871,-0.656306684017,0.656228482723,-0.005836324301,-0.311111509800,0.213400408626,-0.403624236584,-0.260605484247,-0.066467426717,-0.475092470646,-0.248545944691,-0.577215850353,0.349846094847,0.542967557907,-0.021320283413,0.852757811546,0.348845928907,0.779034078121,0.294265180826,0.200982779264,0.139495581388,-0.248558282852,-0.060952141881,-0.557027399540,-0.890763938427,-0.435468852520,-0.221800908446,-0.495083332062,-0.089635737240,0.056309420615,-0.261338114738,0.615888655186,0.109433144331,0.398516446352,0.728700935841,0.946637034416,-0.059779115021,0.800840079784,0.921719431877,0.194154530764,0.256851792336,-0.148241832852,-0.100501678884,-0.569012820721,-0.234963506460,0.166100651026,0.070517450571,-0.202592089772,0.184202313423,-0.082231260836,-0.068550065160,0.343960374594,-0.063145905733,-0.137096002698,-0.409349471331,-0.541543424129,0.029568517581,-0.031996890903,-0.082498796284,-0.775889635086,-0.349422186613,0.854708790779,0.293388485909,-0.230905264616,-0.199459895492,-0.209440916777,-0.074485167861,-0.165829002857,-0.376504659653,-0.956194102764,-0.753462135792,-0.604438304901,0.270808756351,-0.005358882248,0.113256804645,0.500042974949,0.897053003311,1.024908781052,0.764459788799,0.299591153860,0.576495528221,0.713768541813,0.084441497922,-0.390511035919,0.141331255436,-0.884199082851,1.000744462013,-0.560756385326,-0.091179199517,0.765468120575,-0.564534783363,0.322701841593,0.552870333195,-0.586822271347,0.142487823963,0.209675520658,-0.358732283115,0.366515427828,-0.062668465078,-0.369915157557,0.327533870935,0.049411199987,0.118982002139,0.414823591709,0.216359719634,0.333452522755,-0.692954480648,-0.599622666836,-0.529232800007,-0.702371656895,-0.065780073404,-0.399854123592,-0.868863284588,-0.424154281616,-0.507887840271,-0.235864892602,0.698490381241,-0.793966531754,0.255090206861,0.156374812126,-0.061816472560,0.263165563345,-0.144730985165,-0.218825146556,0.711924612522,0.600273013115,0.200233697891,0.036322683096,-0.109968215227,-0.196233034134,0.556899845600,0.524639487267,-0.815599679947,-0.092064119875,0.446816354990,0.257728487253,0.622716903687,-0.050193220377,-0.265635102987,0.433106333017,0.641592383385,-0.048439849168,0.054609563202,-0.156983956695,-0.002313127276,0.794563353062,-0.126283586025,-0.357341110706,0.538847565651,0.518617987633,-0.170158922672,-0.099431544542,-0.457291305065,-0.387584656477,-0.552129507065,-0.308152198792,-1.208967089653,-0.554792463779,-0.493741542101,-0.167915761471,0.334913671017,-0.112734086812,-0.359045088291,0.711418330669,-0.366186171770,0.771106958389,0.398014307022,-0.366169720888,-0.282222092152,0.592053592205,-0.675091564655,0.103600941598,-0.241264939308,-0.258963257074,-0.038360048085,0.027452953160,-0.500849723816,0.222825780511,-0.247825652361,-0.017171470448,0.183395594358,-0.584735512733,0.002251388971,1.165573358536,-0.345244556665,0.117977723479,-0.238186255097,0.506780683994,0.891249597073,0.867595613003,0.625083565712,-0.272916108370,0.185210704803,0.519782721996,-0.334296286106,0.157111555338,-0.356604397297,-0.635122179985,-0.151727974415,-1.179057002068,-0.996496856213,-0.268602639437,-0.623120307922,-0.492996573448,0.633121848106,-0.534385919571,0.453130125999,0.294927835464,0.277579396963,0.475915640593,1.007165312767,0.036388538778,0.212568983436,0.283069968224,-0.213346898556,0.118578642607,-0.226896390319,-0.708384990692,-0.253624945879,0.075559414923,-0.026061782613,0.293376147747,0.166573971510,0.421985238791,-0.328982681036,0.052123565227,-0.427426397800,0.723691940308,0.096278779209,-0.610340476036,-0.074448131025,-0.220990091562,0.436929970980,0.847975194454,0.155000120401,0.399059742689,0.883779227734,0.610776722431,0.777284860611,-0.298903793097,-0.260222703218,-0.790114104748,-0.765525817871,0.119689933956,-1.086610078812,-0.139676675200,-0.220343902707,-0.037256989628,0.287650942802,-0.656446576118,0.442288875580,0.222142532468,0.697687745094,0.714776933193,-0.163297742605,-0.547025799751,0.107111781836,0.352323859930,-0.830890178680,-0.321644067764,-0.221920281649,-0.776679873466,-0.369841098785,-0.011096426286,-0.290647327900,-0.193866416812,-0.677017807961,0.167693495750,-0.210457548499,0.232724472880,0.560369491577,-0.202357470989,0.129605099559,0.449779778719,0.472087889910,-0.006626574788,0.322742998600,1.125768661499,0.536933600903,0.034639287740,-0.259477734566,0.426500350237,-0.110680267215,-0.117586717010,-0.653668344021,-0.521857142448,-0.501956880093,0.223690107465,-0.407546699047,-0.631421983242,-0.028243202716,-0.220483839512,-0.424146056175,0.407925367355,0.134371295571,0.495350837708,0.320689171553,-0.343054890633,0.421532481909,0.214565187693,-0.510550856590,0.439457148314,-1.122459411621,-0.398479402065,-0.072410762310,-0.621741473675,-0.201867684722,0.287276417017,-0.570008873940,0.284613430500,-0.007597923279,0.299912184477,0.241820588708,-0.434122949839,-0.390231162310,-0.277406543493,0.051106944680,0.273615807295,0.195685625076,-0.206004142761,0.507381618023,0.260613709688,0.650149285793,0.109276741743,0.374224513769,0.221879124641,-0.133441105485,-0.166870325804,-0.509649455547,-0.412078261375,0.145130217075,0.034359406680,-0.080523170531,0.067319415510,0.135305598378,0.542057931423,1.245059370995,0.343849271536,0.099744357169,0.379752129316,0.011948414147,0.459122836590,0.207354173064,-0.005754007492,-0.558447360992,-0.330814242363,0.155049502850,-0.662147104740,0.470630854368,-0.061985228211,-0.988606691360,-0.050287880003,-0.308567881584,-0.327130526304,-0.102444373071,-0.312181621790,-0.531957566738,-0.272681504488,-0.301039934158,-0.041105344892,0.619560003281,-0.280781567097,0.252814114094,0.002642398234,0.273973882198,0.414621919394,0.152044907212,-0.252863496542,-0.316145241261,0.022378064692,-0.574161827564,-0.528063952923,-0.506117999554,-0.508163630962,-0.293590188026,-0.690727829933,-0.211050242186,-0.546618342400,-0.000168751285,0.642785966396,-0.453253597021,0.021266777068,1.116063356400,-0.169627964497,1.190556764603,0.561106264591,0.354534089565,-0.041043605655,0.012228294276,0.148628726602,-0.103102922440,-0.620029270649,-0.196595251560,-0.475203603506,-0.224953696132,-0.115874506533,-0.101016163826,-0.201941773295,0.042768158019,-0.208514854312,-0.121192231774,-0.689690589905,-0.015578623861,-0.444441497326,-0.164952322841,-0.150180399418,-0.268174618483,0.423689216375,0.653684854507,0.321833401918,0.414626032114,0.313144773245,-0.101732328534,0.134943395853,-0.174315959215,-0.575236082077,-0.594630122185,-0.499487340450,-0.502195596695,0.044747903943,-0.208514854312,0.234712451696,0.754845082760,-0.215590059757,1.366037487984,0.495182126760,0.591810762882,1.032387375832,0.168784216046,-0.069912418723,0.122994989157,-0.197019174695,0.166742727160,-0.202987208962,-0.391626447439,-0.130345970392,-0.809660375118,-0.548030078411,0.553187310696,-0.779478669167,-0.557089149952,-0.075933963060,-1.045595288277,-0.417202562094,0.105354309082,-0.184037685394,-0.079374842346,-0.002284316113,0.205287992954,0.032721284777,0.527895152569,0.364214658737,0.174081355333,-0.040310975164,-0.517107427120,0.091512590647,-0.390383481979,0.254958510399,-0.490955084562,-0.781285464764,-0.545087218285,-0.375397503376,0.026843801141,0.000691468653,-0.685257792473,0.302468150854,0.072945825756,0.631125688553,1.077378153801,-0.185523524880,0.598313808441,0.864586889744,0.665978968143,1.372487187386,-0.532274484634,0.022378064692,0.517090976238,0.210823848844,0.392523705959,0.081745587289,-0.075617037714,0.456924974918,0.354558765888,0.362617701292,0.299965679646,0.026354009286,0.378657311201,0.147690296173,0.263079136610,-0.453056037426,-0.598038077354,-0.252542465925,-0.223043918610,-0.007980700582,-0.140100613236,-0.309337556362,-0.767670154572,0.322035074234,-0.439827591181,-0.039710059762,-0.648770451546,-1.118195414543,-0.366523653269,-0.579393088818,-0.677910983562,-0.306900948286,-0.945780932903,-0.488510280848,-0.126641660929,-0.237346619368,0.768275141716,0.156934574246,-0.160717070103,0.401796787977,0.546503067017,0.748745322227,-0.148352950811,0.148110121489,0.103917859495,-0.512975096703,0.377047985792,0.314902245998,-0.097052566707,0.148389995098,-0.054272059351,0.620840072632,0.001584615675,0.243960842490,0.124937690794,0.396413207054,0.006947613787,-0.162585690618,0.342355191708,0.113627240062,0.073032259941,0.765706896782,0.264309793711,-0.242322728038,0.883445858955,0.191820815206,0.103094682097,0.003045754740,-0.823658525944,-0.316108196974,-0.318627119064,-0.211149021983,-0.532624304295,-1.250068306923,-0.461250752211,-0.428578883410,0.293812453747,0.024197285995,-0.905490577221,0.224694386125,0.314317762852,0.152069598436,0.670584678650,-0.317569315434,-0.003066334408,0.806639313698,0.309090614319,0.274545967579,0.330933630466,-0.233732879162,-0.478508651257,0.170628130436,-0.383884459734,0.195702105761,-0.235371008515,0.275393843651,-0.028202043846,-0.800428509712,0.140508070588,0.095533803105,-0.251040160656,0.145973980427,-0.047316215932,0.170582845807,0.513444304466,0.254172354937,0.654676735401,0.117730766535,-0.195512771606,1.229583621025,0.002251388971,0.121385678649,-0.008289392106,-0.682652413845,-0.309238761663,-0.868739843369,-0.911133408546,-0.550046861172,-1.292429089546,-0.834273397923,-0.363000482321,-0.174390032887,-0.044262226671,0.086594097316,0.372866243124,0.482974380255,0.431645184755,0.381085664034,0.142821207643,0.012195366435,-0.185482352972,-0.141623482108,-0.505903959274,-0.375895529985,-0.651429355145,0.041813272983,-0.295047223568,-0.428788781166,0.080173321068,-0.013294308446,0.135169774294,0.356262743473,0.814941048622,-0.171002671123,0.237873449922,0.744106709957,0.125822603703,1.161831974983,0.273154824972,0.783985555172,1.497507095337,-0.250023543835,0.945077121258,0.500359892845,-0.204501852393,0.254143536091,-0.298619776964,-0.485201120377,-0.156238988042,-1.032506823540,-0.211844608188,-0.518543899059,-0.785179138184,0.146327942610,-0.520321965218,0.232753291726,-0.102641940117,-0.002473647008,0.749082863331,0.229300066829,-0.054090958089,0.109490774572,-0.415391564369,0.226777017117,-0.176246315241,-0.487411320210,-0.374467313290,-0.858363687992,-0.432620644569,0.046246085316,-0.188433438540,-0.044896069914,0.086577638984,-0.431369453669,0.436576038599,-0.083560697734,-0.465654760599,0.487436026335,-0.045760408044,-0.178872242570,0.604565858841,-0.533344566822,0.472009658813,0.366507202387,-0.799971640110,0.982144832611,0.609871268272,-0.282617241144,0.709615588188,-0.031165478751,-0.763146817684,-0.343898653984,0.255674660206,-0.224739655852,-0.216100424528,-0.474491566420,-0.608953416348,0.101547114551,0.244829297066,0.145936936140,0.673321723938,-0.011647954583,1.173089027405,-0.101378358901,-0.055708501488,0.607302904129,-0.909260690212,-0.106078699231,-0.192351773381,-0.857849180698,-0.327607989311,-0.477068096399,-0.549413025379,-0.167018488050,-0.338696151972,0.528347909451,-0.419651508331,-0.182399556041,-0.105214364827,-0.175987005234,0.807816505432,0.072283171117,-0.030762124807,0.448639690876,-0.120986439288,0.779515624046,0.547334492207,-0.139857769012,1.057197928429,0.666127145290,-0.434715628624,0.619288384914,-0.493770390749,-0.298113524914,0.327513307333,-0.191125229001,-0.225546360016,0.256444305182,-0.499779552221,-0.478249371052,0.213474482298,0.188454017043,0.412815034389,0.505776405334,0.362045556307,0.260366767645,0.403257966042,0.510044574738,-0.026465140283,0.377253770828,-0.130539402366,0.442745745182,-0.130568206310,-0.322965264320,-0.444713145494,-0.255489438772,-0.224142849445,-0.054679535329,-0.164404913783,-0.058573156595,-0.069410286844,-0.414905905724,-0.129773855209,0.005383577663,-0.988067567348,-0.015092949383,0.024452472106,-0.893208742142,-0.051979511976,0.453537583351,0.060976836830,0.000979580684,0.116030909121,0.599844932556,0.057556532323,-0.045418787748,0.342511594296,-0.851074457169,-0.228830844164,-0.011475087143,-0.146620169282,-0.172821894288,-1.059120059013,-0.036071617156,0.402257800102,-0.281522393227,0.383073627949,-0.000473326741,0.292075544596,1.202381730080,0.104382961988,0.408505678177,-0.082371205091,0.313235312700,0.011359842494,-0.502137959003,-0.413951009512,-0.125024124980,-0.265626877546,-0.132132247090,-0.265285253525,-0.033161684871,-0.415848433971,-0.240499377251,0.560023784637,-0.391577064991,0.071649320424,0.496293395758,-0.875440478325,0.521429121494,0.277867496014,0.708763599396,0.915590941906,0.341523796320,0.841521501541,0.711941063404,0.006820021197,0.539880633354,0.236823901534,0.194590821862,0.140549242496,-0.457908660173,-0.046254310757,-0.536357462406,-0.142067998648,0.409584045410,-0.346228241920,0.265141189098,-0.295569926500,0.640946209431,0.594358444214,0.634126126766,0.499849557877,0.905803382397,0.550174415112,0.321248918772,0.472388327122,0.506648957729,0.100341163576,-0.404842585325,-0.477533221245,0.018537946045,-0.627466678619,-0.102485537529,-0.270969301462,-0.309580385685,-0.302455782890,0.284720450640,-0.536699056625,-0.374829530716,-0.455657273531,-0.474174648523,-0.217010021210,-0.439864635468,-0.496709108353,-0.368190586567,-0.313177675009,-0.146348521113,0.061026226729,-0.321853965521,0.125756740570,-0.147731453180,-0.225291177630,-0.198727279902,-0.960478782654,-0.427191823721,0.133663371205,-0.682244956493,-0.690999448299,0.213268682361,0.124200940132,0.583241462708,-0.253941863775,0.733438372612,0.770234346390,0.380521804094,1.045397758484,0.710006654263,0.361831545830,0.536266863346,0.222245424986,-0.234971761703,0.465831726789,0.574528157711,-0.212737753987,0.223039805889,-0.159506991506,0.442877441645,0.480274379253,0.292417168617,-0.258164763451,-0.288642883301,0.824131846428,-0.228250518441,0.428171396255,0.090878739953,-0.407015711069,0.478681534529,0.052020668983,-0.184346362948,0.162235841155,-0.060552898794,0.321483552456,0.102901235223,-0.490292459726,-0.203477010131,-0.407159805298,-0.663262546062,-0.372364103794,-0.779989004135,-0.243619233370,-0.916438758373,-0.416391700506,-0.007289232221,-1.187605619431,-0.225118324161,0.169669121504,-0.277604103088,0.118204094470,0.137676358223,0.042718771845,0.809141814709,0.649453699589,0.337634265423,0.832927525043,-0.241129115224,-0.253015816212,0.491732984781,-0.866834223270,-0.096184112132,1.114108324051,-0.835528790951,0.379632771015,0.614682674408,-0.042809318751,0.745403230190,0.085886172950,-0.048279330134,0.036351494491,-0.890949130058,0.163174256682,0.493449300528,-0.275566726923,-0.122571058571,0.142891183496,0.300669491291,0.281123161316,0.470482677221,-0.169352188706,-0.408320456743,0.309032976627,-0.071064867079,-0.536382138729,-0.623161435127,-0.182432487607,-0.461201369762,-0.878383398056,0.435427665710,-0.168409660459,-0.171533614397,0.886215865612,-0.622095465660,0.747094810009,0.516477704048,0.417350739241,0.411041080952,0.045641046017,-0.594136178493,0.349096983671,-0.398306518793,-0.114800266922,0.251237720251,0.040706101805,-0.130535289645,-0.282102763653,0.203925639391,-0.048550978303,-0.193779975176,-0.218047231436,-0.581455171108,0.147179931402,0.280143588781,0.072032101452,-0.017694188282,0.342231720686,0.610871374607,1.066611051559,0.722588837147,0.291701018810,0.130107238889,0.162635073066,0.103707954288,0.135272666812,-0.660821795464,-0.508801579475,-0.579113245010,-0.674828171730,-0.096443414688,-0.670938670635,-0.102032788098,-0.354130744934,-0.654746711254,0.134762302041,0.075106672943,0.369684666395,0.363473802805,0.231711968780,0.202522128820,0.440605461597,1.119269609451,0.122534006834,-0.253242164850,0.175303772092,-0.238202720881,-0.017636567354,-0.119784601033,-0.109713032842,0.539868295193,-0.417910516262,0.542938709259,0.023505818099,-0.105020917952,0.703626990318,-0.265342861414,0.503117501736,0.038211874664,-0.316206961870,0.982877433300,0.016150733456,-0.531142592430,0.339379400015,0.140117079020,0.266915142536,0.056939151138,0.289013326168,0.386053532362,-0.723128080368,-0.142413735390,-0.468766361475,-0.768777310848,-0.196599364281,-0.674889862537,-0.878029406071,0.064269542694,-0.636723279953,-0.577211678028,0.706619203091,-0.050897032022,0.541000127792,0.567720472813,0.141841635108,0.170850381255,1.088812112808,-0.545338273048,-0.234395533800,0.233432412148,-0.882853209972,0.335135936737,-0.551927804947,-0.796629488468,-0.155436396599,-0.100600458682,0.279316306114,0.340503036976,-0.031251914799,-0.253201007843,0.245138004422,0.933511495590,0.154769614339,0.093945071101,0.233370661736,0.444383859634,0.318491280079,0.644909739494,0.726573050022,0.571120202541,0.300385504961,0.447133272886,-0.221162974834,0.531537711620,0.432069152594,0.028016828001,-0.440095096827,-0.687344551086,-0.291964411736,0.502977609634,-0.300163239241,-0.661509156227,-0.126625195146,0.361613422632,0.323245137930,0.447939991951,-0.176530301571,0.858573615551,0.592391073704,-0.573322176933,-0.282547265291,0.254518091679,0.241680637002,0.247055992484,-1.072159171104,-1.020451426506,-0.081469826400,0.306024283171,-0.227982968092,0.329949915409,-0.423038870096,-0.560674071312,0.500882625580,0.098579555750,-0.449849754572,-0.368737995625,-1.116902947426,-0.117022842169,-0.259769946337,0.241153821349,-0.273545831442,-0.051596730947,0.438226491213,0.218421787024,0.323335677385,0.536094009876,-0.356217503548,0.665485084057,-0.605454921722,-1.065503835678,0.437226325274,-0.948448121548,-0.395454198122,0.030441084877,-0.731265187263,0.583570718765,0.364906132221,-0.120303206146,0.370898842812,0.112092010677,-0.061623029411,1.137095570564,0.285794705153,-0.080222710967,0.397298127413,0.143031105399,-0.028761804104,0.075226023793,-0.222957491875,-0.146912395954,-0.104494079947,-0.353916704655,0.020254269242,-0.258275896311,-0.167495936155,-0.558142781258,-0.014310931787,-0.005297143944,-0.115767501295,0.228007674217,-0.145455375314,0.423112988472,0.728071272373,-0.445013612509,0.720876693726,0.349018812180,0.859240353107,0.746131718159,-0.338074684143,-0.704174399376,0.103279903531,0.136560946703,-0.085132963955,-0.586789369583,-0.746996104717,-0.847555339336,-0.096505157650,-0.505290746689,-0.035853475332,0.354793399572,-0.861570000648,-0.003864815924,0.854725241661,0.298755615950,1.358797669411,0.361605197191,0.494198411703,1.157053470612,-0.539238572121,0.513905286789,0.047414995730,-1.039779543877,0.290206938982,-1.210494041443,-0.555623888969,0.283436298370,-0.484731882811,0.450133770704,-0.429307371378,-0.464341759682,0.432974636555,-0.404274553061,0.289610147476,0.034861546010,-0.592506349087,-0.571758151054,-0.166590452194,0.160046190023,0.136025875807,-0.104098953307,0.510460257530,-0.044690277427,-0.008462259546,0.788183748722,-0.369557082653,-0.346289992332,-0.038327120245,-1.299306750298,0.422100484371,-0.366951733828,-0.475940376520,0.058038093150,-0.590604782104,0.664476692677,0.420445859432,0.346479296684,0.633348286152,0.181959152222,0.347903400660,0.283572137356,-0.287716835737,0.450882822275,-0.189260751009,-0.364276409149,0.420087814331,-0.504097104073,-0.793567299843,0.546959936619,0.049518208951,-0.070093519986,-0.330324441195,-0.262223035097,-0.354036062956,0.172550246119,-0.311342000961,-0.151299923658,-0.116792351007,-0.196401804686,0.335642188787,0.252295523882,0.431385904551,0.466016948223,0.255645841360,0.330838948488,-0.229032516479,0.319446176291,0.516329526901,-0.446305960417,-0.252126753330,0.175526022911,-0.915426254272,-0.173941418529,0.043854754418,-0.585200667381,0.094183795154,-0.279262781143,-1.050941824913,1.014919638634,0.247414067388,-0.088734358549,0.859178602695,0.007861339487,0.647004783154,0.899407267570,-0.186058565974,0.712229192257,0.736953258514,-0.645658850670,0.810623526573,-0.396100431681,-0.154407426715,0.408423393965,-0.144574567676,0.283041179180,0.343832790852,-0.666962683201,0.717818558216,-0.392581343651,-0.231283932924,0.125192880630,-1.202776789665,0.099328652024,-0.143990114331,-0.548791468143,0.223648950458,-0.493515193462,-0.063438132405,-0.361024826765,-0.039767678827,0.030338188633,0.148447617888,-0.796506106853,-0.490848064423,-0.553796470165,-1.032148718834,-0.491477847099,-0.390585154295,-0.788685858250,-0.039224382490,-0.319977134466,-0.346215873957,0.723436772823,0.174855142832,0.325801104307,-0.012524637394,0.506393790245,0.250715017319,0.256053298712,0.699523508549,-0.079070270061,-0.872168302536,0.687015295029,-0.450998097658,0.237931072712,-0.298973768950,-0.201328516006,-0.544313430786,0.317840993404,-0.539259135723,0.804503202438,0.195809110999,-0.623379588127,-0.326546072960,0.253699034452,-0.537365853786,0.882984936237,0.313790947199,0.140384599566,0.649169683456,-0.143195748329,0.811319112778,0.225418791175,0.420005500317,0.604882776737,-0.241787657142,-0.219199672341,-0.139178648591,-0.911487400532,-0.483328372240,-0.490160733461,-0.642818927765,-0.754573404789,-0.826300919056,0.258642196655,0.165516197681,0.767357349396,0.399981707335,-0.212412580848,0.558916568756,0.775749623775,0.462687224150,0.637855172157,-0.099106393754,-0.301422715187,-0.048715613782,-0.156444787979,0.278822392225,-0.630236625671,-0.330983012915,0.126670479774,0.163450017571,-0.214602246881,0.297096937895,0.179938271642,-0.007075206377,0.065240889788,0.089730404317,-0.293001621962,-0.282868295908,0.263202607632,-0.138145551085,-0.178197249770,0.189285427332,0.094772361219,0.545309484005,-0.450388908386,-0.259914010763,-0.380945742130,0.020851071924,-0.509052634239,-0.581545710564,-0.306509941816,-0.751107871532,-0.961915254593,0.197364911437,-0.083058558404,-0.036948300898,0.273809254169,-0.281547099352,0.378299206495,0.392914712429,-0.246734961867,1.021435022354,-0.387823373079,-0.429673701525,0.447606623173,-0.889767885208,0.506990551949,0.121253974736,-1.044846177101,0.116479538381,0.402591168880,-0.198883682489,0.171233162284,-0.003074565902,-0.634574770927,0.511081755161,0.425067991018,-0.590300202370,0.352377355099,0.061470739543,0.009314247407,0.426467448473,0.665316343307,0.679133355618,0.326011002064,0.505467712879,0.164532497525,-0.000950769463,0.916714549065,-0.477220416069,-0.301159292459,-0.158881381154,-0.837524950504,-0.179279699922,-0.482085347176,-0.923501670361,-0.011775547639,-0.458929389715,-0.276418715715,-0.136174052954,-0.582031428814,0.050386663526,0.121439181268,-0.152044907212,0.521552562714,-0.597013235092,0.386333435774,0.446791648865,-0.088088169694,0.339432924986,-0.869377732277,-0.321891009808,0.093586996198,-0.663986921310,0.215573579073,-0.489839702845,-0.005848672241,0.032568998635,0.488469094038,0.024254908785,-0.207621693611,0.896966516972,0.006009191740,-0.451018691063,0.240194797516,-0.546782970428,0.562205195427,0.242162212729,0.059104111046,0.058951817453,0.106514982879,0.909820437431,0.698778450489,0.298607438803,-0.458937615156,-1.041347742081,-0.185708716512,-0.360584467649,-0.384571820498,-0.481253951788,-0.793172180653,-0.538905143738,-0.027415910736,0.458497226238,0.258214145899,0.346693336964,-0.153147950768,0.655232429504,-0.013500102796,-0.166952639818,0.052226465195,-0.638925254345,-0.470676124096,-0.214021891356,-0.698280394077,-0.455220997334,-0.609225094318,-0.634722948074,0.490617603064,-0.183609619737,0.102016322315,0.031087279320,-0.355521917343,-0.160144969821,-0.122962057590,0.085231743753,0.180843755603,-0.053531195968,0.435942202806,0.118051804602,0.715065062046,0.122542239726,0.683138132095,0.933565020561,0.130580559373,-0.166277632117,-0.079737037420,-0.070743829012,-0.097143113613,-0.373903423548,-0.199023604393,-0.150423243642,-0.550511956215,-0.079737037420,-0.276558667421,0.019496947527,0.280756860971,0.243750944734,0.027671094984,0.399722397327,0.347310721874,0.586682319641,0.680553317070,0.244150176644,0.388732969761,0.467432796955,-0.088561497629,-0.118590995669,0.513448417187,-0.768604457378,-0.561011552811,-0.308662563562,0.003531429218,-0.422277420759,-0.055893715471,0.439024955034,-0.604043185711,0.119788713753,0.282180964947,-0.003646674100,-0.044126402587,0.138042658567,0.174073114991,0.180592685938,0.020398326218,0.665118753910,-0.275854855776,0.389671385288,-0.129230558872,0.216462612152,0.417955756187,-0.603104710579,-0.314321905375,-0.159120112658,-0.518967807293,-0.478850275278,-0.466156899929,-0.573565006256,0.229859828949,-0.762681722641,0.812961339951,0.424034923315,0.442498773336,0.879869222641,0.307007968426,0.395713508129,0.622552275658,-0.198682010174,-0.132119908929,-0.630113184452,-0.668934166431,-0.510089814663,-0.259415984154,-0.427549868822,-0.788735270500,-0.460744500160,-0.074205286801,-0.112079665065,0.100987352431,0.125950187445,-0.669082343578,-0.174809873104,-0.106321543455,-0.399796485901,0.909380137920,-0.411403268576,-0.080251522362,0.793579638004,0.116730608046,0.605479598045,0.534089565277,0.253727853298,0.410835295916,-0.272977828979,-0.312218666077,-0.421993464231,-0.551647961140,-0.306271225214,-0.034198887646,-0.298669189215,0.328822165728,-0.233872815967,0.133309394121,0.548569262028,0.032778907567,0.077057600021,0.574956178665,0.479183644056,0.522182345390,1.555063605309,0.087297916412,-0.260247409344,0.716719627380,-0.146134495735,-0.184984341264,-0.378904223442,0.092434547842,-0.112240180373,0.110371567309,-0.159000754356,-0.023975031450,-0.228106454015,-0.145336017013,0.314819902182,-0.141302436590,-0.230436056852,-0.337798893452,-0.666283547878,-0.269145935774,0.222430646420,-0.712027490139,-0.038504101336,0.134931042790,0.007779022679,0.597190201283,0.189038470387,0.044064663351,0.514880716801,-0.617888987064,-0.076341435313,-0.399763554335,-0.181609302759,-0.429410278797,-0.276793271303,-0.410209655762,-0.160947561264,0.483246058226,-0.163717553020,-0.122937366366,1.067302465439,0.864294648170,-0.146755993366,1.047974228859,-0.120455488563,0.110437422991,0.445696800947,-0.313902080059,0.192903295159,0.191923707724,-0.418922990561,-0.294808477163,0.186042115092,-0.050399009138,-0.460271209478,0.328529924154,-0.757590353489,-0.246660858393,1.022937297821,-0.676779091358,-0.101341322064,0.150312125683,-0.258395254612,0.680689156055,0.554438531399,-0.343832790852,0.907474458218,-0.078123614192,-0.243080034852,0.225756287575,-0.489267557859,-0.243829131126,-0.124797746539,-0.488510280848,-0.888529002666,-0.112614728510,-0.597227215767,-0.821522414684,0.098221480846,-0.887491822243,-0.335156500340,0.519408226013,-0.581438720226,0.580858349800,0.486835092306,0.581595122814,0.596494615078,1.285250902176,-0.262116014957,0.300315529108,0.473878294230,-0.037359889597,0.329163789749,-0.051139868796,-0.916632294655,-0.123204901814,0.314202547073,0.176295712590,-0.377467811108,0.163137212396,0.304427325726,0.075357735157,0.274315506220,-0.280110657215,-0.398981541395,-0.043525483459,0.640283524990,-0.230814710259,-0.097686409950,0.058252118528,-0.306176573038,0.616551339626,0.571544170380,0.280793905258,0.251892149448,-0.286733120680,-0.289223223925,-0.631240904331,-0.291231781244,-0.940574407578,-0.704581916332,-0.053979828954,-0.620403826237,-0.229139551520,-0.526569843292,0.737525463104,1.076661944389,-0.373281955719,0.985836744308,0.820007741451,-0.161445587873,0.327570915222,-0.467050045729,-0.373965203762,0.762126088142,-0.499779552221,-0.243689194322,-0.455826014280,-0.551903128624,0.377879381180,0.481307476759,-0.428241342306,0.236153006554,0.227789521217,0.241845265031,-0.422195136547,-0.080160975456,0.442099541426,-0.103551551700,0.771662592888,0.204049110413,-0.483785212040,0.816155254841,0.219870582223,0.560320079327,0.378011077642,-0.005951569416,-0.200949847698,0.194080427289,-0.502142071724,-1.063783407211,-0.268738478422,-0.651087701321,-0.100258834660,-0.093796901405,-0.136412769556,-0.039635971189,-0.806116640568,0.593267798424,0.179259136319,0.438625723124,0.758034884930,-0.198282763362,0.438419938087,1.312983751297,0.156362459064,0.804474353790,0.091866552830,-0.199743896723,0.157984122634,0.244137823582,0.414901763201,-0.153736531734,-0.325866967440,0.232349932194,0.513003885746,0.128930091858,0.556405901909,0.000300459593,-0.453278273344,0.230641841888,0.376298874617,-1.116668462753,0.500018239021,-0.185255974531,-0.380933374166,-0.020032012835,0.158239319921,-0.537662148476,0.271669000387,0.384814679623,-0.293409079313,0.198414459825,-0.030441084877,-1.412337183952,-0.090520657599,-0.271726608276,-0.957601726055,-0.223179742694,-0.579784095287,-0.736093103886,0.073015801609,-0.222858712077,0.333164423704,0.394532263279,-0.338531523943,1.012067317963,0.119788713753,-0.060972716659,0.692629337311,-1.039046883583,-0.050440166146,0.685414195061,0.018768435344,-0.139248624444,0.363189816475,-0.600198924541,0.367964237928,0.624285101891,0.025995928794,0.054992340505,-0.096562772989,-0.194800719619,0.922859609127,-0.044768478721,0.316606223583,0.635434985161,0.506043970585,0.486073642969,1.114561080933,0.947176277637,0.494239568710,1.062400460243,0.200694665313,-0.235893711448,0.538357734680,-0.833355605602,-0.225472286344,0.215223729610,-1.224644541740,-0.476656526327,0.049197174609,-0.699943304062,-0.019385818392,-0.602442085743,-0.252209067345,0.319018125534,0.158609732985,0.423030644655,-0.407324403524,0.380649387836,0.040368597955,0.192553445697,0.315206825733,-0.310580551624,-0.302636891603,-0.752145051956,-0.318520098925,-0.261420428753,-0.084750182927,-0.455389767885,-0.552434086800,-0.117496170104,-0.020797565579,0.492259830236,-0.160371333361,-0.138458371162,0.223393768072,-0.038277730346,0.413946896791,0.103555664420,-0.205230370164,0.291458159685,0.246916040778,0.359473168850,0.258168876171,0.193664729595,1.286234617233,-0.064537070692,-0.487180799246,0.075810484588,-0.374170988798,-0.044484481215,-0.433135122061,-0.625215291977,-0.422960668802,-0.549330711365,0.735628008842,-0.124423198402,0.373323082924,0.437378615141,-0.068747624755,1.214548230171,0.341523796320,0.719670712948,0.210980251431,-0.597894012928,-0.150814265013,-0.076921768486,-0.700317800045,0.410086184740,-0.194846004248,-0.509130835533,-0.372076004744,-0.048703264445,-0.153028607368,0.269261181355,-0.386345773935,-0.623449563980,-0.677454054356,0.326891809702,0.390881478786,-0.070410445333,0.203090101480,0.330102205276,0.211840495467,0.481529742479,0.421886444092,0.832087814808,0.022756727412,-0.238560810685,-0.294413357973,-0.033655591309,-0.444881886244,-0.002975784708,-0.017508974299,-1.261983752251,-0.633430540562,-0.280551075935,-0.173476323485,0.380571186543,-0.382489174604,0.404887825251,-0.049164246768,0.305847287178,0.990170776844,0.642905294895,-0.052172955126,0.291849166155,0.502619504929,0.026131754741,-0.062149863690,-0.377253770828,-0.843612313271,0.002127912594,0.007746095303,-0.540798425674,-0.417317807674,0.135075107217,0.026967277750,0.076234422624,0.455986559391,-0.264400333166,0.479759901762,0.339091300964,-0.706388711929,-0.035713531077,-0.127995789051,0.126094251871,0.394803911448,-0.086026109755,-0.184325799346,0.510435581207,-0.059141151607,0.601865887642,0.082231260836,0.342705041170,0.190108612180,-0.491045653820,0.108334206045,0.026057668030,-1.194734454155,0.257736712694,-0.064714059234,0.207786321640,0.532879531384,-0.203065425158,0.423442244530,0.755017876625,0.447400778532,0.656483650208,-0.312617927790,0.070426903665,0.117590837181,-0.700000882149,-0.371100515127,-0.280444055796,-0.320693284273,-0.148114234209,-0.142895296216,-0.816620409489,-0.103074103594,0.466852486134,-0.441552132368,-0.373561829329,-0.175266727805,-0.344557195902,-0.149414852262,0.355254352093,-0.315556675196,-0.475327104330,0.337617814541,0.511081755161,0.496429204941,0.465074419975,-0.194771900773,0.568732976913,0.079234898090,0.536163985729,-0.151802062988,0.098814159632,-0.189038470387,-0.787183523178,0.054881211370,0.102419681847,-0.305431574583,-0.282497882843,0.230485454202,0.275673747063,0.258053630590,-0.160910516977,0.649005115032,0.515531063080,0.116310790181,0.662233531475,0.289017438889,1.017693758011,0.172216847539,0.223990559578,0.327529758215,-0.152172490954,0.080053962767,-0.276356995106,-0.068089082837,0.085087686777,-0.110565014184,-0.753803730011,-0.258296459913,0.272730886936,-0.510493218899,0.146912395954,-0.399018555880,-0.134667634964,0.218425899744,-0.683220446110,-0.197451353073,-0.652931630611,0.183564350009,0.356550872326,-0.638851225376,0.396651923656,-0.314050257206,-0.315313816071,0.153106808662,-0.578294157982,-0.146813616157,-0.284008413553,-0.806429445744,-0.313062429428,-1.020546078682,-0.012038962916,0.554940640926,0.226414829493,0.343684613705,0.041562207043,0.391972213984,1.188614010811,0.702515661716,0.841027557850,-0.032021585852,-0.116117350757,0.423388749361,0.221780344844,-0.268565595150,-0.123455964029,0.003288591979,-0.283806711435,0.501775741577,0.277077257633,-0.070690318942,0.533838510513,-0.126604616642,-0.549367725849,0.197776496410,-0.387638151646,0.349911957979,0.099744357169,-0.135527849197,0.723366796970,0.447026282549,0.489996105433,0.490654617548,0.725725173950,0.155407577753,0.140627443790,-0.376352399588,-0.304530203342,-0.849584519863,-0.268384516239,-0.905288875103,-0.843632936478,-0.596902072430,-0.530023097992,-0.625857353210,-0.133967936039,-0.145410105586,0.248525351286,0.340354889631,0.237161397934,0.503710210323,0.605459034443,0.067080691457,0.416161239147,0.630845785141,0.207922160625,0.004790890031,-0.243429899216,-0.086812242866,-0.051152214408,-0.781256735325,0.303151369095,-0.233658775687,0.664542555809,0.125974893570,-0.193668842316,0.047513779253,0.323360383511,-0.151238188148,0.183198034763,-0.107708588243,0.009046714753,-0.245936483145,-0.098262630403,0.046986941248,0.138326659799,-0.133148878813,0.335638076067,0.284601092339,-0.396532565355,0.408127039671,-0.131403744221,-0.270211935043,-0.307337224483,-0.352233320475,-0.616654217243,0.193817019463,-1.206822752953,0.109671868384,-0.256711870432,-0.209086939692,0.550981163979,0.630384802818,-0.262058407068,0.903235018253,0.482044219971,-0.399619489908,0.101460680366,-0.382555037737,-0.322887063026,0.569794893265,-0.358674705029,-0.165293946862,-0.089709825814,-0.114088207483,0.567765772343,0.506459653378,-0.599021792412,0.530891537666,-0.317668110132,-0.065331436694,0.237585335970,0.080593146384,-0.313795059919,-0.047657832503,-0.177522227168,1.113931298256,0.394281208515,-0.032099787146,0.561135053635,0.103481583297,0.167018488050,0.094154991210,-0.563658118248,-0.219821184874,-0.412296414375,-0.380048453808,-0.099797859788,-0.058540228754,-0.766003191471,0.379562795162,-0.500261127949,-0.191211670637,-0.296026796103,-0.723366796970,0.384691148996,-0.111412890255,0.086322456598,0.460645705462,-0.470532059669,0.566403388977,1.158428192139,-0.541662812233,0.537826776505,0.373668849468,-0.952189385891,0.753276884556,-0.993023097515,-0.953403532505,0.553899347782,-0.330122768879,0.468334168196,0.457941591740,-0.332044899464,1.080436229706,0.066294558346,0.208329632878,-0.000325154891,-0.704083919525,0.339795112610,-0.138520106673,-0.318585962057,0.217298150063,-0.349212259054,0.524816513062,0.573330461979,0.130675226450,0.084511466324,0.308584362268,-0.398360043764,-0.570465743542,-0.931758105755,-1.198912024498,-0.602935969830,-0.350673377514,-0.047345023602,-0.116561852396,0.108013175428,0.242828980088,0.895340800285,0.178213700652,0.386629760265,0.279616743326,0.430739700794,-0.558155119419,-0.381217390299,-0.882025897503,-0.315136849880,-0.134309560061,-0.015154687688,-0.363728970289,-0.536394476891,0.106811329722,0.163816332817,0.031692314893,0.336267799139,-0.764953672886,0.078831538558,-0.124863602221,-0.134416565299,0.303558856249,-0.235321611166,0.360958963633,0.507624447346,0.593070209026,0.902374804020,0.636653304100,0.391013175249,-0.020649395883,-0.562616765499,-0.248500674963,0.125098198652,-0.620453178883,-0.758088409901,-0.611735761166,-0.476351946592,-0.124419085681,-0.110025830567,-0.324730962515,0.393918991089,0.145233109593,0.137952119112,0.504763901234,0.536991298199,0.924604713917,-0.214622810483,0.222488269210,0.950431883335,0.308753103018,0.646395564079,-0.116002097726,-0.500010013580,-0.048682685941,-0.569379150867,-0.409497618675,0.007433288265,-0.320520430803,-0.179646030068,-0.283123493195,-0.346318781376,0.256139755249,-0.153629526496,0.429504930973,-0.320339322090,0.208111494780,0.314544171095,-0.015134108253,-0.039965242147,-0.358600586653,0.361140072346,0.111108317971,0.044179908931,0.215565353632,-0.322566032410,-0.000086433582,0.033914893866,-0.544008851051,-0.387559950352,-0.474627405405,-0.298191756010,-0.476088523865,-0.332686990499,0.269067764282,-0.107465758920,-0.059219352901,-0.190433755517,0.466901868582,0.504504561424,0.349228739738,0.147891968489,-0.019591612741,-0.615896880627,-0.177514001727,0.002094985452,-0.576931834221,-0.781816422939,0.032960005105,-0.263182014227,-0.163878068328,0.268228113651,0.201456099749,0.697724819183,0.165516197681,-0.365951567888,0.320870280266,-0.314931064844,-0.197154998779,0.666530489922,0.003572588321,-0.261869072914,0.267038613558,0.504632234573,0.624799549580,0.271236807108,0.645963430405,0.389506787062,0.538328886032,0.522491037846,-0.223978221416,-0.303534179926,0.058717217296,-0.289527803659,-0.612209081650,-0.759043276310,-0.580413877964,-0.422590255737,-0.223842397332,0.430468082428,-0.399244934320,0.142154425383,0.582628190517,0.364799112082,1.010025858879,-0.040920127183,0.224752023816,0.105284333229,-0.194380894303,0.330324441195,-0.717345237732,-0.380830496550,-0.344466626644,-0.373623549938,-0.065989978611,0.022929595783,-0.366354942322,-0.268071711063,-0.328789234161,0.079605333507,-0.212219133973,-0.133988514543,-0.034013673663,-0.117800742388,-0.723650813103,0.391033768654,-0.239779099822,0.553709983826,0.272504508495,-0.061874099076,0.413522958755,-0.341614335775,0.458690702915,0.365214824677,-1.157053470612,-0.297582596540,-0.185609936714,-0.401887357235,-0.290754348040,0.507891952991,-0.150522023439,-0.328908592463,1.031675338745,0.475730448961,0.222179576755,0.262111902237,0.740225434303,0.987063288689,0.245183259249,0.236790969968,0.180205792189,-0.373380720615,0.084857195616,-0.086832828820,-0.598585486412,0.062639653683,-0.403377294540,-0.384699434042,0.210292920470,-0.529405713081,-0.266347140074,-0.078650444746,-0.262408256531,0.253674328327,0.153909400105,-0.031074931845,0.261523336172,-0.253102213144,0.140742689371,0.343264788389,0.091870665550,-0.067385271192,0.216392651200,-0.195269927382,-0.721440553665,0.058503184468,-0.306662231684,0.050226140767,-0.178468883038,-1.089742302895,0.067068345845,-0.282584309578,-0.371487408876,-0.067685723305,-0.293713659048,0.016788695008,0.270821124315,0.228349298239,0.311095058918,0.372878581285,0.230366080999,0.030613951385,0.354628771544,0.061404887587,0.336292505264,0.041076529771,-0.042669378221,-0.620696067810,-0.159305319190,-0.261218756437,-0.109466075897,-0.456990838051,0.207728713751,-0.501944541931,0.294215798378,0.070233464241,0.340515404940,-0.488851875067,0.140487492085,-0.132420361042,-0.196665212512,0.201546654105,-0.087581917644,-0.177509889007,0.211527660489,-0.059425145388,0.330307990313,0.395347207785,0.027329476550,-0.181683406234,-0.057268422097,-0.723535537720,-0.179205626249,-0.475442349911,-0.540279865265,-0.460197091103,-0.915512740612,-0.169743210077,-0.458546608686,0.378850758076,0.578689277172,0.397742629051,0.641106665134,0.155872687697,1.123434901237,0.172212734818,-0.077814921737,0.213857263327,-0.389893680811,-0.794715642929,-0.139302119613,-0.435036659241,0.368663936853,-0.123501241207,0.352517306805,0.236593410373,0.068529486656,-0.165989533067,0.847254931927,-0.020534150302,-0.652355372906,0.432316094637,-0.811973512173,-0.245792418718,0.497701048851,-0.522095918655,0.726021528244,-0.052337594330,0.556640505791,1.475334763527,-0.016714608297,-0.186424896121,0.257353931665,-0.312239259481,0.493251740932,-0.778914749622,-0.590942263603,-0.249011039734,-0.825979888439,-0.471128851175,0.197578936815,-0.454603612423,0.433633148670,0.338037639856,-0.058326203376,0.254818558693,0.566728532314,0.444437384605,0.869048535824,0.522371649742,0.050777669996,0.572145044804,0.726132690907,0.022324560210,0.204135537148,-0.109844736755,-0.528096854687,0.197677716613,0.013837604783,0.296265512705,-0.363873064518,-0.516584694386,0.008882080205,0.601367831230,-0.334687292576,-0.633372962475,0.123497128487,-0.180444508791,-0.195566266775,0.009787574410,-0.240540534258,-0.261560380459,-0.410942316055,0.208461344242,0.047188617289,-0.097772851586,0.166495770216,0.084659636021,-0.545502901077,-0.701803624630,0.099505633116,-0.152118995786,-0.707216084003,-0.560056686401,-0.680335223675,-0.331781476736,0.548713326454,-0.211544141173,0.366507202387,0.164791792631,0.328546404839,1.217791557312,-0.201069205999,0.143055811524,0.597976326942,-0.189367756248,-0.309810876846,-0.156358346343,-0.748831748962,0.075674660504,-0.129255250096,-0.044060546905,0.875880897045,-0.138730019331,0.205226257443,0.359518438578,-0.374738991261,0.535480737686,0.229118958116,0.073011681437,0.172756031156,0.499129235744,0.557216703892,0.208424299955,0.745823025703,0.616892933846,0.445359319448,0.525602638721,-0.101901076734,-0.151970818639,-0.140364021063,-0.877502501011,0.022608555853,-0.191923707724,-0.675778925419,-0.492457389832,-0.025991812348,-0.278159737587,-0.078827425838,-0.424298346043,-0.195858493447,0.001810989343,0.441939026117,-0.527956902981,0.149480700493,0.888195633888,0.425195604563,-0.202847272158,-0.030918527395,-0.496688544750,0.257522702217,0.569329738617,-0.700943410397,-0.520449519157,-0.435353636742,-0.366083264351,-0.021155647933,0.000539180939,-0.022818466648,0.685418307781,-0.530582845211,0.117706075311,-0.004976104945,0.019307615235,0.136178165674,0.343392401934,0.059511579573,0.267022162676,-0.272212296724,-0.054807126522,0.397298127413,0.303974568844,0.319557309151,-0.581488072872,-0.321606993675,0.001757482882,-0.762331902981,-0.949810445309,-0.262601703405,-0.371796101332,-0.414453148842,0.256518423557,-0.181823328137,0.080309145153,0.662389934063,0.718053221703,1.430599212646,-0.187474444509,0.800185680389,0.667036771774,-0.727857232094,0.550376117229,-0.652042627335,-0.758043110371,0.270977526903,0.004371069837,-0.062359772623,-0.147994875908,-0.450487703085,0.150365620852,0.596292972565,-0.033688515425,0.317161858082,-0.519807457924,0.133683934808,-0.244895160198,0.417984545231,0.165565595031,-0.241112664342,0.630335390568,0.561637163162,0.086972765625,0.247109502554,0.320277601480,-0.071846887469,0.150377973914,-0.122484616935,-0.273088961840,-0.244681119919,-0.495704829693,-0.399109125137,-0.189606472850,-0.084416799247,-0.501318871975,0.117994189262,-0.016866896302,-0.521968305111,0.110001139343,-0.485970735550,0.284074276686,0.909532368183,-0.244582340121,0.468037843704,0.262457638979,0.231193378568,0.485197007656,-0.512197136879,-0.038347698748,-0.412782073021,-0.058326203376,-0.089339397848,0.223492547870,-0.195121750236,-0.327241659164,0.266890436411,0.384370118380,0.134408339858,-0.071044288576,-0.530488193035,-0.306773364544,0.342919081450,-0.440329730511,-0.423466920853,0.190158009529,-0.557875275612,0.218644037843,1.026016116142,0.179493740201,0.637266576290,0.251052498817,-0.134651169181,0.490000218153,0.157337933779,-0.499335020781,-0.191030561924,-0.699733316898,-0.347109049559,-0.195418089628,-0.887076079845,0.011977224611,0.535390198231,-0.231275677681,0.462851822376,0.591497957706,0.430533885956,0.179473161697,0.549515902996,-0.360465049744,0.318849354982,-0.044896069914,-0.586739957333,-0.290211051702,-0.276064753532,-0.229328870773,-0.120813570917,-0.759701788425,-0.016319483519,-0.160478353500,-0.012722199783,0.271850079298,-0.251517593861,-0.054148580879,-0.173525705934,0.558649063110,0.134972214699,-0.282522559166,0.259465396404,0.779552698135,0.905860960484,0.808631420135,-0.087454326451,0.151201143861,-0.018286876380,0.500820875168,0.108914546669,-0.685447096825,-0.297035187483,-0.264482647181,-0.467054158449,0.024094391614,-0.447561323643,-0.532640755177,0.456789165735,0.372178882360,0.216232135892,0.658784449100,-0.180189326406,0.639769017696,0.692933917046,0.302151232958,-0.125048816204,0.026588616893,0.068422466516,0.236292958260,-0.019999084994,-0.450722336769,-0.119179569185,0.247282370925,-0.798020660877,-0.281028509140,-0.281036734581,-0.184889674187,0.396400868893,-0.188050657511,-0.841179907322,0.077926047146,-0.483855187893,0.232695668936,0.276941418648,0.242092221975,0.202159911394,-0.336078464985,0.055165201426,-0.278554856777,-0.163960382342,0.242635518312,-0.721543431282,-0.123159624636,-0.295726329088,-0.301850765944,0.125719711185,-0.213334560394,-0.572264432907,0.230843529105,0.089676901698,0.119183681905,0.540144026279,0.527586460114,-0.285654753447,0.202978983521,0.461349517107,1.381772518158,0.698453307152,-0.457842797041,0.114108793437,-0.132342174649,-0.082651086152,0.670901596546,-0.668983578682,-0.755824625492,0.065533116460,-0.512966871262,0.054185625166,-0.389230996370,0.281596511602,0.080877140164,0.300727128983,0.768456280231,-0.180432155728,0.116405457258,0.578730463982,0.400648474693,0.186515450478,0.053197816014,-0.132124021649,0.337202101946,0.661056399345,-0.188894420862,-0.305518031120,-0.099715545774,0.468873381615,0.142393156886,0.144825637341,-0.957066714764,-1.131020426750,-0.293170362711,0.259782314301,-0.121323943138,-0.564604759216,-0.269973248243,0.262786924839,0.219183221459,0.549688756466,0.378529727459,0.208428412676,0.693909406662,0.568770051003,0.778844773769,0.432468384504,-0.675054550171,0.105099126697,0.015994329005,-0.509311914444,0.846497595310,-0.330077499151,-0.136264607310,0.477376788855,-0.672868967056,0.301155179739,0.289124459028,-0.888545453548,0.395005583763,-0.560970425606,-0.624935388565,0.271253257990,-0.629676878452,-0.404525607824,-0.034437611699,0.334794312716,0.159198313951,-0.175180286169,-0.037771478295,-0.179917678237,0.439819335938,0.059865549207,-0.467103540897,-0.063450478017,-0.809211790562,-0.447100341320,-0.133589282632,-0.733228445053,-0.306728094816,-0.322710067034,-0.301072865725,0.049197174609,0.044747903943,0.599050581455,0.956708610058,-0.121780805290,0.691028237343,0.570539891720,-0.093002535403,0.274257868528,-0.608739376068,0.249002799392,-0.287292867899,-0.245364367962,0.082848645747,-0.150596112013,0.188882067800,-0.361181259155,-0.393021732569,-0.248652949929,-0.346466958523,0.394952058792,-0.199217051268,0.109424911439,-0.829852938652,-0.066059954464,0.655722200871,0.178337171674,0.723399698734,0.177538692951,0.402899861336,0.053930439055,-0.228406921029,0.086985111237,-0.191351607442,0.073509700596,0.015545697883,-1.031634211540,-0.364757984877,0.002856424078,-0.251550525427,-0.286856591702,-0.842863202095,-0.577903151512,-0.037306379527,0.387856274843,-0.005568792578,0.138153791428,0.513353765011,-0.085803851485,0.352138638496,1.263049840927,0.473417282104,0.158790841699,0.611213028431,-0.093508794904,-0.325117856264,-0.202690869570,0.115985631943,0.072155579925,-0.128102809191,-0.193524792790,0.062647886574,0.301616162062,-0.047209199518,0.393511533737,0.146830081940,0.024300185964,-0.086429469287,-0.210350543261,-0.021373789757,0.259667068720,-0.943755924702,0.380661725998,-0.060771040618,0.570198237896,0.984778940678,-0.765377640724,-0.392857074738,0.564547121525,-0.938026607037,0.429558455944,-0.837813079357,-0.740488886833,-0.355069130659,-0.556080758572,-0.294182866812,0.314877539873,-0.554150402546,0.388802975416,0.358053177595,0.465263754129,0.804494976997,0.089405253530,0.463950753212,-0.178715839982,-0.531405985355,0.020583540201,-0.620247364044,-0.008388173766,0.498454272747,-0.670893371105,0.438893258572,-0.007589691784,-0.386456876993,0.549236059189,-0.078708067536,0.425125628710,0.281678825617,0.013458943926,0.256748884916,-0.230156168342,-0.301916599274,0.374031066895,0.368412852287,0.288589388132,0.408822625875,0.488975346088,-0.076357893646,-0.301850765944,-0.114092327654,-0.492305129766,-0.409826904535,-0.566744983196,-0.320524543524,-0.922065198421,-0.080457314849,-0.147348687053,-0.640217661858,-0.327690303326,0.048411041498,0.091010443866,0.387127786875,0.361098945141,0.328863322735,-0.034367639571,0.864681541920,0.202649712563,-0.035396609455,0.402838110924,0.045571081340,-0.139129251242,0.150447934866,-0.944710850716,-0.276994943619,-0.066660873592,0.001732787467,0.631105065346,0.128658443689,-0.183498501778,0.506085097790,-0.064261309803,-0.055424503982,0.782125115395,-0.587711334229,-0.460983246565,0.475162446499,-0.158585041761,0.507542133331,0.055568564683,0.046122606844,0.534842789173,0.450804650784,0.243042990565,0.191936060786,-0.025868335739,-0.295269459486,0.041623942554,-0.361815094948,-0.377731233835,-0.501800477505,-0.303233712912,-0.663723468781,0.565897107124,-0.028045639396,-0.334954828024,0.144661009312,0.001234765514,0.976197361946,0.278291463852,-0.426327466965,0.771864235401,-0.371573865414,-0.042941026390,0.137886255980,-1.076600193977,-0.129658609629,0.477619647980,-0.162223488092,0.042990416288,-0.361053645611,-0.064689368010,0.300657153130,-0.709771990776,0.379834443331,0.645358383656,-0.558270394802,-0.101798176765,0.038108978420,0.104584634304,0.727449715137,0.560221314430,0.621708512306,0.492132246494,-0.073571443558,0.804243862629,0.210041835904,0.104897446930,0.425705969334,0.066306911409,-1.006877183914,0.150612577796,-0.701544344425,-0.492111653090,-0.505097270012,-0.491123855114,-0.624700784683,-0.430682092905,-0.852753758430,0.318643569946,0.068175517023,0.035540666431,0.146303251386,-0.110651448369,0.636616230011,0.291984975338,0.149554789066,-0.097274824977,-0.747321248055,-0.311395525932,-0.083289049566,-0.481377422810,-0.648618221283,-0.140294060111,-0.537024199963,0.534620523453,-0.077798455954,0.233086690307,-0.486748665571,-0.433135122061,0.366589516401,0.315754234791,0.068463630974,-0.189223691821,-0.286514997482,0.441062361002,0.466823667288,0.161988884211,0.164548963308,0.224628537893,1.198912024498,-0.284502297640,-0.237396001816,-0.381369650364,-0.435687005520,0.122534006834,-0.555825591087,-0.219862326980,0.074773281813,-0.244668781757,0.892570793629,0.380748182535,0.208716526628,0.265359342098,0.767789542675,1.296149730682,0.960791587830,-0.150032237172,-0.132338047028,0.107284650207,0.069406166673,-0.189511805773,0.043821826577,-0.922810196877,-0.320845574141,-0.032564882189,-0.934190630913,-0.047056913376,-0.410464853048,-0.066463306546,0.111902683973,-0.298619776964,-0.054971758276,-0.229662254453,-0.015961401165,0.470910727978,0.238890066743,0.168500214815,-0.027444720268,-0.335374653339,0.461880505085,-0.041488118470,0.113507874310,-0.262721031904,-0.891821742058,-0.236371159554,0.050855875015,-0.639410912991,-0.800066292286,-0.263400167227,-0.240799829364,-0.526257038116,-0.598140954971,-0.050448402762,0.272352218628,0.016887474805,-0.057482447475,0.710253596306,0.115837462246,0.355793565512,0.185350641608,0.028379024938,0.462098628283,0.603676855564,-0.301052272320,0.011339262128,-0.692616999149,-0.158107593656,-0.583842396736,-0.248167276382,0.100645735860,0.018171630800,-0.158819645643,0.052465185523,0.643473327160,-0.020188415423,-0.324866801500,0.241388410330,0.211939275265,-0.660537779331,0.712500810623,0.127872303128,-0.231880739331,0.069665469229,-0.005317723379,0.386819094419,-0.128856018186,0.239626824856,0.746531009674,-0.583204448223,-0.172517314553,-0.098188549280,-0.846028387547,0.201929435134,-0.426035225391,-0.804556727409,0.274747669697,-0.102432034910,0.298800885677,0.247315287590,0.218080163002,0.331118822098,0.970710933208,0.155477553606,0.185626417398,0.398438215256,-0.417186081409,-0.081045888364,0.212914720178,-0.638756513596,0.332839280367,0.097624674439,-0.273191869259,0.434402823448,-0.544638574123,-0.291100084782,0.256337314844,-0.303945749998,0.293800115585,-0.357345223427,-1.037738084793,0.637476503849,-0.250616222620,-0.168109208345,0.498771190643,0.109815925360,-0.001526993350,0.872674584389,-0.220113426447,0.194557875395,0.982988595963,-0.604228377342,0.237939298153,-0.588966667652,-0.630747020245,0.205493777990,-0.290289252996,-0.599832594395,-0.309333443642,-0.599746167660,-0.010577823967,0.226974591613,-0.433233916759,0.529035270214,-0.063820913434,0.624976575375,1.006156802177,0.244969233871,0.833631336689,0.356526196003,-0.031334232539,0.545375347137,-0.058544348925,0.215454220772,-0.539353787899,-0.559941411018,-0.194450870156,0.345726102591,-0.171459540725,-0.547717273235,-0.128168657422,0.868110060692,-0.208531305194,-0.783771514893,-0.310395359993,-0.174752250314,0.014669013210,0.196455299854,-0.170475840569,-0.353299349546,-0.020999245346,0.497120678425,0.276175886393,-0.331324607134,0.215771138668,-0.223303213716,0.151748552918,-0.548676252365,-0.700544238091,-0.332633465528,-0.907951891422,-0.288902193308,-0.177180603147,-0.366980522871,0.336926341057,0.161927148700,-0.065775960684,0.787932634354,-0.126098364592,0.764533817768,0.912154138088,0.188610434532,-0.135165661573,0.192244738340,0.350232988596,-0.077674984932,0.128403261304,-0.646794855595,-0.029173392802,0.034083642066,-0.202666178346,0.069290921092,0.194298580289,0.505261898041,0.219339624047,0.316803783178,0.159177735448,0.023032492027,0.578615248203,0.645794689655,-0.377410173416,-0.049094274640,0.578701615334,-0.149418979883,0.444178074598,-0.127818807960,-0.237984582782,-0.323138117790,0.036479085684,-0.605302631855,-0.405007183552,-0.915138185024,0.081774406135,-0.764982461929,-0.396520227194,-0.963043034077,-0.524750590324,-0.123163737357,-0.294195234776,0.248669415712,0.130485892296,-0.362465411425,0.453525245190,0.272413969040,0.017875287682,0.432966411114,-0.007676125038,-0.272903740406,0.346454620361,-0.345359772444,-0.355102092028,0.299146622419,-0.151653885841,0.171019136906,0.441037654877,-0.239663869143,0.207596987486,0.166137695313,-0.026621542871,0.504212379456,0.099056996405,-0.262099564075,-0.072945825756,-0.101728208363,0.071377672255,0.170080721378,0.093459405005,0.213585630059,0.008919122629,0.603837370872,0.241190850735,-0.320442229509,-0.150279194117,-0.291149467230,-0.316174060106,0.028411954641,-0.753400385380,-0.449512273073,-0.070488646626,-0.278237938881,-0.007692588959,0.207012549043,0.192318841815,0.604178965092,0.524293780327,0.474368095398,-0.310033142567,0.538275420666,-0.641213715076,0.346561610699,-0.006750051398,-0.933116376400,-0.289021551609,-0.177423447371,-0.142598941922,0.437465071678,-0.319540828466,-0.794966697693,-0.042603526264,-0.002996364143,-0.245002165437,0.267314374447,-0.395092040300,-0.136478632689,0.161149233580,-0.532179832458,0.062709622085,0.783310472965,0.255909264088,0.805993199348,-0.085104152560,0.347034960985,0.748127937317,-0.194533169270,-0.036281526089,0.311951160431,0.148402348161,-0.447248518467,0.212457865477,-0.363222718239,-0.424199581146,-0.278476655483,-0.886890888214,0.082325927913,-0.598490834236,0.085964374244,-0.025032810867,-0.512365937233,0.574182391167,0.097159579396,0.311280250549,0.983536005020,0.131794750690,0.325607657433,0.494013190269,-0.511316418648,-0.187054619193,0.162799715996,-0.061721812934,-0.396495550871,-0.484163880348,0.059338711202,0.458698928356,0.618267655373,0.237931072712,-0.368725657463,-0.141343608499,-0.488382697105,0.035750575364,0.348623692989,-0.703931570053,0.002794685774,-0.159391760826,0.340165555477,0.583171486855,0.524425446987,0.380196630955,0.626511752605,0.777416586876,0.245804771781,-0.643020629883,-0.003103377065,-0.454867005348,-0.425730675459,0.062252759933,-0.869521856308,0.036269180477,-0.209181606770,-0.072892323136,0.477932453156,0.535723567009,0.242680802941,0.310704052448,0.017381383106,0.535163819790,-0.301649093628,-0.107420481741,-0.603112936020,0.132687896490,-0.626334786415,-0.256991744041,-0.172035753727,-0.770781815052,0.186614230275,0.083107948303,-0.713533937931,-0.429097473621,-0.563975036144,-0.281032621861,0.000938421756,-0.324195891619,0.694539129734,-0.039627742022,-0.034972671419,0.500166475773,0.120504878461,1.112210869789,0.534604072571,0.104053691030,0.518729090691,-0.195286378264,-0.241742372513,0.608558297157,-0.326533734798,-0.161330342293,0.174266576767,-0.598511397839,0.426899582148,-0.451199769974,-0.743242383003,0.611999154091,-0.022760843858,-0.349582672119,0.311798870564,0.297047525644,0.164162069559,1.199998617172,0.345384478569,0.587596118450,0.576425552368,-0.005778701976,0.608266055584,0.029704341665,-0.852210462093,0.154432117939,-0.383184760809,-0.416807442904,0.174550577998,-0.541436433792,-0.035972833633,0.061721812934,0.082107782364,0.177649825811,-0.595568537712,-0.106379158795,0.173208788037,-0.179217979312,-0.171574786305,-0.167306602001,-0.321569979191,0.251826316118,0.373582392931,0.327994883060,-0.296845853329,-0.110445655882,0.154823124409,0.261770278215,-0.217051193118,-0.780310034752,-0.043002765626,-0.731652081013,-0.244002014399,-0.142405495048,-0.402298927307,0.165989533067,0.046896394342,0.635542035103,0.481295108795,0.102069832385,0.781071484089,0.565679013729,0.010857704096,0.385094553232,0.403414338827,-0.318573623896,-0.550520181656,0.085314065218,-0.512007832527,0.118912033737,-0.457171887159,-0.503763735294,0.088615000248,-0.460621029139,-0.342186421156,0.140433996916,-0.375854372978,0.076744787395,0.202764943242,0.059639170766,-0.105111464858,0.409913301468,0.340313702822,-0.423569798470,-0.224323958158,0.782750785351,0.019686277956,0.069381467998,0.173686221242,-1.216091632843,0.186416670680,0.486407071352,-0.568523049355,-0.467342257500,-0.883112490177,-0.315186232328,0.062540866435,-0.645243167877,-0.685315430164,-0.136330455542,0.285946995020,0.157218575478,0.284061908722,0.106638461351,0.173476323485,0.825794637203,0.457340657711,0.211346581578,0.081177599728,0.172883629799,0.224513292313,-0.349059969187,-0.363086909056,-0.219335511327,-0.148875668645,1.030905723572,-0.054296754301,0.061544824392,0.036363843828,-0.390823841095,0.446606427431,-0.091644294560,-0.256608963013,-0.213725551963,-0.258913844824,-0.338222831488,-0.541304707527,0.267713606358,0.617942512035,0.307168483734,0.295849800110,0.284983873367,0.477240979671,0.113561376929,0.384160220623,-0.155543401837,-0.916656970978,0.001695744577,-0.247780397534,-0.172723114491,-0.216540828347,-0.404550343752,0.383596390486,0.321792215109,1.016957044601,-0.047390300781,-0.267141520977,0.799819350243,0.685414195061,0.285457193851,0.687007069588,-0.327118188143,-0.223089188337,0.970229327679,0.071101911366,-0.331242293119,-0.078448764980,-0.360510349274,-0.019221182913,0.304744243622,-0.425640106201,-0.364259958267,-0.619280159473,-0.258210033178,0.129407539964,-0.433320343494,0.324060082436,-0.112075552344,-0.474351614714,0.866035699844,-0.276101797819,-0.193714126945,0.195327550173,0.039660666138,0.310988008976,-0.396944165230,-0.485871970654,0.007713167928,-0.379184126854,-0.206971392035,-0.030655112118,-0.809285879135,-0.457246005535,-0.600742220879,-0.692119002342,0.006272608880,-0.536361575127,0.076333202422,0.262502908707,-0.238770723343,0.191565632820,0.821378350258,0.602100431919,0.690995335579,0.592205882072,0.027057826519,0.446301847696,0.405319988728,-0.421334892511,-0.143125772476,-0.062042847276,0.123085536063,0.436518400908,0.399249047041,0.218681082129,-0.083741791546,0.138919338584,0.366610109806,0.580599069595,0.525833129883,0.112347193062,-0.591185152531,-0.009495345876,0.930255830288,-0.100637502968,0.135297372937,0.376833975315,-0.298323452473,0.126394703984,0.089829191566,-0.728301703930,0.036384422332,-0.256320863962,-0.800095140934,-1.148101449013,-0.900160491467,-0.028370793909,-0.359522551298,-0.713443338871,0.145574733615,-0.044365122914,0.615374147892,-0.168487861753,-0.127851724625,0.407065123320,0.384135544300,-0.093624033034,0.216890677810,-0.226126715541,-0.344133257866,0.337564319372,-0.105247296393,-0.303439497948,0.323166936636,0.221619829535,-0.353805601597,-0.131243228912,0.369182527065,-0.394536375999,0.079239018261,-0.061211440712,0.144261762500,0.212988823652,0.421174377203,0.240211278200,0.652334809303,0.434406936169,0.677178323269,0.017566597089,0.217343419790,0.257209897041,0.440868884325,-0.021007476375,-0.616670668125,-0.304357320070,-0.105667106807,-0.549441814423,0.278908818960,-0.349656760693,-0.257629692554,-0.166261166334,-0.584879577160,0.260749548674,0.133152991533,-0.459929555655,0.176147535443,0.091166853905,0.069204486907,0.557624220848,0.085454002023,0.152942165732,0.469939410686,0.288972169161,0.100674547255,-0.158399835229,-0.807808279991,-0.175768867135,-0.226204931736,0.117347992957,0.035557128489,0.420655786991,-0.164162069559,-0.548795580864,-0.003790730145,0.286004602909,-0.287766218185,0.107148833573,-0.168631926179,-0.534760475159,-0.343458265066,0.277982741594,-0.406991034746,-0.008775066584,0.274620085955,0.299364775419,0.171731188893,0.920678198338,-0.356476783752,0.385991811752,-0.276924967766,-0.211832240224,-0.537221729755,-0.507706761360,-0.384938150644,-0.203345283866,-0.580315113068,-0.023172432557,-0.493663340807,0.039623625576,0.284806877375,0.366750061512,0.765496969223,0.371882557869,0.050810597837,0.426578551531,-0.006190291140,0.316680312157,0.506686031818,-0.426216334105,0.113281503320,-0.012944458053,-0.600314140320,0.578335344791,-0.116109110415,-0.365716934204,0.400059908628,-0.057112019509,0.013339583762,0.539818882942,-0.053535316139,-0.625095903873,0.815068721771,-0.460958510637,1.057695984840,0.958474338055,-0.194294467568,0.544897854328,0.455640792847,0.418791323900,0.627968788147,-0.188042432070,0.180773779750,-0.107087090611,-0.629907369614,-0.604977488518,0.157037466764,-1.218738198280,-0.397903174162,-0.786862552166,-0.847040891647,-0.185404151678,-0.523919224739,-0.086577638984,0.554253280163,-0.052934393287,0.874016344547,0.075563527644,-0.415477991104,0.316178172827,-0.053144305944,-0.265322268009,0.070270508528,-0.603508055210,-0.334399193525,-0.351340174675,-0.183646664023,-0.150106325746,0.127226114273,-0.145866960287,0.419141143560,0.203390568495,0.261235207319,0.137705162168,-0.252805888653,-0.388383150101,0.769612908363,-0.062026385218,-0.154362142086,0.519572854042,0.254583954811,0.640151798725,0.420161873102,-0.493227064610,0.848510265350,0.393404513597,-0.453982084990,0.070863187313,-0.568440794945,0.020221341401,0.046159651130,-0.038940384984,-0.238746017218,-0.573659718037,0.161128669977,0.521050453186,0.250665605068,0.277908653021,-0.018780782819,0.009120801464,0.401150614023,-0.179518431425,-0.352064549923,-0.290449768305,-0.656598925591,-0.407805979252,0.102748945355,-0.985482752323,-0.080770127475,-0.555969595909,-0.327299296856,0.088870190084,-0.772436380386,-0.367692589760,-0.184589207172,-0.690205097198,-0.031157247722,-0.244191348553,-0.019254108891,0.328892141581,0.631874799728,-0.134342491627,0.360218137503,0.422158062458,0.129991993308,0.643053531647,-0.139837190509,0.053827542812,0.147138759494,0.333987593651,-0.058289162815,0.308716058731,-0.013866417110,-0.661612033844,0.495482593775,0.158333972096,-0.069698393345,0.091792464256,0.167738780379,0.041356410831,0.473100394011,0.014166875742,0.274653017521,1.282629132271,0.154580295086,0.449483424425,0.845789670944,-0.031906340271,0.020015548915,0.067093044519,-0.152172490954,-0.466671377420,0.265943795443,-0.482081234455,0.033050555736,-0.132646739483,-0.061157930642,0.353398114443,-0.617382705212,0.117376804352,0.140104725957,-0.639246344566,0.536163985729,-0.359197407961,-0.790562748909,0.209375068545,-0.380929261446,0.306230068207,0.525647878647,-0.069369122386,0.212564870715,0.057819955051,-0.265890270472,0.060425307602,-0.571737587452,-0.712410330772,-0.301044046879,-0.570432841778,0.205452620983,-0.484427303076,-0.629660427570,0.253649622202,0.267713606358,0.888438463211,0.535842955112,0.220545575023,0.700535953045,0.213169902563,0.617728471756,-0.065463148057,-0.169117599726,0.623239636421,-0.016936866567,-0.831606328487,-0.264898359776,-0.551540911198,-0.376862764359,-0.119290694594,-0.378912508488,0.140923783183,-0.379093557596,-0.261733233929,-0.168685436249,-0.197303175926,-0.003667253302,0.065989978611,-0.660776495934,0.158066451550,0.717209398746,0.401615679264,0.176954239607,0.272743225098,-0.043002765626,0.597577095032,0.180205792189,-0.394589900970,0.146463766694,-0.511065304279,-0.550763010979,-0.108667597175,-0.631763637066,-0.643621504307,-0.193882867694,-0.779005348682,-0.125900804996,0.468293040991,-0.460851490498,1.079333186150,0.785635948181,0.867274522781,1.204600214958,0.187951877713,0.610772609711,1.192972779274,0.345084011555,-0.197480142117,0.091393224895,-0.588419258595,0.398623436689,-0.137272983789,-0.208329632878,0.260045737028,-0.085762694478,0.587303876877,0.067368805408,0.016154848039,0.052415795624,-0.233913958073,0.336597055197,-0.204534783959,-0.379196465015,-0.409003704786,-0.077156379819,0.270117312670,0.245496079326,-0.705203354359,0.368351131678,-0.028955250978,-0.052008319646,-0.128353878856,-1.170224308968,-0.066088765860,-0.439041465521,-0.424886941910,-0.531945168972,-0.544580936432,-0.383501708508,0.183687835932,0.428866982460,-0.022464498878,0.188577502966,0.336506515741,0.946665883064,0.868262350559,0.157560184598,0.489625662565,0.597955763340,0.079839929938,-0.340079098940,0.361502289772,-0.149727657437,0.395380139351,-0.171797037125,-0.642333269119,-0.065915897489,-0.361197710037,-0.071184232831,0.109112113714,-0.569881320000,-0.010170351714,0.321639925241,0.042698189616,0.580866575241,-0.106086932123,0.605705976486,0.277554690838,0.098904713988,0.341013401747,-0.103679142892,-0.074884414673,-0.067360572517,0.074851483107,-0.499804258347,-0.566370487213,-0.418943583965,-0.342836737633,-0.159749835730,-0.369820475578,-0.420511752367,-0.979605317116,-0.645996332169,-0.097040213645,-0.310160756111,-0.053177233785,-0.085268788040,-0.056498751044,0.698955476284,0.219496026635,0.527216017246,0.231646120548,0.711076736450,0.300369054079,-0.267693042755,-0.250632703304,0.505377173424,-0.167261332273,-0.377204358578,0.733224332333,0.137927427888,0.199517518282,0.602211594582,-0.174501180649,0.720473349094,0.238746017218,0.124649576843,0.282942384481,-0.037833213806,-0.336988061666,0.897555172443,-0.182317227125,0.200867518783,0.748498380184,0.040726680309,0.589954495430,0.504475772381,-0.587830662727,-0.005128392484,-0.304805964231,-0.620399713516,-0.106103397906,-0.488613158464,-0.621943116188,-0.051489721984,-0.740534126759,-0.201447874308,0.240762814879,0.530965626240,0.125839069486,0.498417198658,0.370400816202,-0.122649259865,-0.066874898970,-0.167541205883,-0.360934287310,-0.076180912554,-0.022209314629,-0.642934143543,-0.078810967505,-0.507179915905,-0.043278530240,0.258506387472,-0.343841046095,0.076036855578,-0.518177568913,-0.266964524984,-0.000712048146,-0.280332922935,-0.119121938944,-0.431101888418,0.177209421992,0.940574407578,-0.223249703646,0.393672049046,0.741386115551,-0.235617950559,1.085474133492,-0.318244338036,-0.254987299442,0.334102839231,0.235292792320,-0.875617504120,0.088409207761,-0.188116520643,-0.917052090168,0.190771266818,-0.256197363138,-0.974118828773,-0.208107382059,-0.463769704103,-0.009371870197,-0.094644770026,-0.491955250502,0.332884550095,0.678976953030,0.725568771362,1.215626597404,0.330394446850,0.429002791643,0.285535395145,0.002737063449,-0.041088879108,-0.346100658178,-0.401183545589,-0.139442056417,-0.473240345716,-0.207444712520,0.083947591484,-0.129827365279,0.654133498669,0.475257128477,0.173142939806,-0.427512854338,-0.172500848770,0.513781785965,-0.076036855578,-0.264659643173,0.284173041582,0.153468996286,0.659224808216,0.769291818142,-0.340803503990,0.998242020607,0.445491015911,0.294981360435,-0.237906366587,-0.766818165779,-0.526392877102,-0.449166506529,-0.413683474064,-0.771551430225,-0.808009982109,-0.323878973722,0.272697955370,0.310609370470,-0.339609891176,0.165244549513,0.542848169804,0.791690409184,-0.463135808706,0.119286581874,-0.560949802399,-0.533023536205,0.209663182497,-0.195936709642,-0.213071122766,-1.120463252068,-0.041949097067,-0.113849498332,0.064166650176,-0.469145029783,-0.637562930584,-0.140318751335,0.102716021240,-0.055049959570,0.219837650657,-0.234782427549,0.540572106838,0.716172218323,0.543823659420,0.787051916122,0.780071377754,0.246356293559,-0.021151533350,0.480105608702,0.088701441884,0.098489008844,0.143430352211,0.334304511547,-0.258012473583,-0.354591727257,0.571412384510,-0.029091075063,-0.741682469845,0.283498048782,-0.395808190107,-0.477236866951,0.201460212469,-0.425063878298,0.720012307167,0.033346898854,-0.313531637192,1.080111026764,-0.043097428977,-0.173056498170,0.748724699020,-0.712834179401,-0.000592687400,-0.083461910486,-0.706281781197,-0.459830760956,0.073143392801,0.183910086751,-0.058025743812,-0.556895732880,0.071776911616,0.348775953054,-0.176567345858,-0.114495687187,-0.509797632694,-0.296537160873,-0.049641687423,0.173324033618,-0.836014389992,0.063792102039,0.213482707739,0.413922220469,0.243001848459,0.859668374062,0.315494924784,-0.496585637331,0.733796417713,0.237605914474,-0.713645040989,-0.678400695324,-0.272973716259,0.139380320907,0.086927488446,-0.026049435139,-0.021406717598,-0.081321649253,0.640723943710,0.668049275875,0.248035579920,0.204403072596,0.625540435314,0.109643056989,0.758253037930,-0.547112226486,-0.267902940512,-0.241944059730,0.292194902897,0.125526249409,0.237663552165,-0.061808247119,-0.454434841871,0.187342733145,-0.074999652803,-0.217417493463,-0.385341495275,-0.861100733280,0.492687910795,-0.371907234192,-0.361078351736,0.174414739013,0.049983307719,0.306761026382,0.037396930158,-0.111157707870,-0.038631696254,0.148995041847,0.400656729937,-0.119401820004,-0.440440863371,0.553924024105,-0.177773296833,-0.415358632803,0.180329263210,-1.271919488907,0.525738418102,0.214170068502,-0.817138910294,-0.078650444746,-0.786652624607,-0.224077001214,0.822646021843,0.026954930276,0.127650052309,0.427401721478,0.572033941746,0.946069121361,0.421166151762,0.501928031445,-0.313288807869,-0.239598006010,0.146760106087,-0.678322553635,-0.202999562025,0.159737497568,-0.599882006645,0.305497437716,-0.305369853973,-0.256259113550,0.261852592230,-0.262581110001,-0.274080902338,-0.623696506023,-0.257493853569,-0.655195355415,-0.256872385740,0.031301304698,-0.754165947437,0.310753434896,0.463576257229,0.558352708817,1.011371731758,0.252958148718,-0.620132148266,-0.054617796093,-0.109758310020,-0.146809503436,0.039796493948,-0.896229803562,-0.930531620979,0.072122648358,-0.392630726099,-0.271282076836,0.860009968281,0.398956865072,0.304139196873,0.760623812675,0.144496366382,0.628252744675,0.673737466335,0.640579879284,0.117516748607,-0.526800334454,-0.054996453226,0.239746168256,0.107161179185,-0.190705418587,-0.397396922112,-0.696625888348,-0.274887591600,-0.019941462204,-0.973645508289,-0.301966011524,0.004568632226,-0.647848546505,0.122994989157,-0.163100168109,-0.173797354102,0.287622153759,-0.005589371547,0.226147308946,0.176176339388,-0.162453979254,0.416255891323,-0.188178256154,-0.510801851749,0.367614358664,-0.781240165234,0.166903242469,0.499779552221,-0.788459539413,-0.193343698978,-0.316305756569,-1.003098845482,0.395952224731,-0.034326482564,-0.699980258942,-0.075349502265,0.277447700500,-0.053539428860,1.550544500351,0.234453141689,0.191985443234,1.120817184448,0.440798908472,0.610142886639,1.099727392197,-0.243981420994,-0.022303979844,0.088664390147,-0.752367258072,0.422771334648,0.829223215580,-0.213227525353,0.248521238565,-0.150398552418,0.302344679832,0.332719892263,0.158782601357,0.049032535404,-0.649890005589,-0.518140494823,-0.080901838839,-0.151843219995,-0.498874068260,0.017702421173,-0.346672743559,0.257135778666,-0.736344158649,-0.021007476375,0.191746726632,-0.297072231770,-0.633537590504,-0.462794214487,-0.578746914864,-0.772699773312,-0.398434102535,-0.887018501759,-0.894900381565,0.483530044556,-0.508542299271,0.128086343408,0.245154455304,-0.258868575096,0.804659605026,0.204152002931,-0.115125417709,0.544980168343,-0.042023185641,0.666411161423,-0.176061093807,-0.022390414029,0.258778035641,-0.480776518583,0.405904442072,0.635290920734,-0.193051472306,0.120805338025,0.614069461823,-0.292676448822,-0.158696174622,0.284601092339,0.059087641537,0.600853383541,0.022085838020,-0.043311458081,0.741641283035,0.243635684252,0.704820632935,0.842241764069,0.120356708765,0.034668099135,0.490197777748,0.042624104768,0.059688560665,-0.400162816048,-0.173505127430,-0.802741587162,-0.105560101569,0.329349011183,-0.712599635124,-0.237498894334,-0.711916327477,-0.507278680801,0.304098039865,0.566596806049,-0.064100787044,-0.012890951708,0.662389934063,0.554813086987,0.145772293210,0.304554909468,0.064166650176,0.478903770447,-0.154333338141,0.548449873924,-0.460431694984,-0.310321241617,0.009948093444,-0.284247130156,0.032453753054,0.061701230705,0.054469622672,0.571972191334,0.223965883255,-0.790212810040,-0.182210221887,-0.449672758579,0.315980613232,-0.008943817578,-0.558352708817,0.406867563725,-0.107408128679,0.368787407875,0.253740191460,-0.074937917292,0.430723220110,-0.273368835449,0.170492291451,-0.301105797291,-0.820876181126,-0.935758769512,-0.709977805614,-0.716184556484,-1.075456023216,-0.236206516623,-0.164059177041,-0.363243281841,0.529973685741,-0.963211715221,0.285543620586,0.214791581035,0.417272508144,0.368174135685,-0.192672803998,-0.233951017261,-0.095628470182,-0.445227622986,0.252855271101,-0.407723695040,0.194105133414,-0.660887658596,0.010590171441,0.295001953840,-0.262334138155,0.204559475183,-0.110573247075,0.127242580056,0.616431951523,0.105802938342,0.299928665161,0.578689277172,0.364803224802,0.989919662476,0.396960645914,0.315647214651,0.822250902653,0.053284246475,0.326406151056,0.433098107576,-0.147011175752,0.471528112888,-0.088384509087,-0.248286649585,-0.168491974473,-0.581825613976,-0.541329443455,-0.261617988348,-0.613509714603,-0.391642898321,-0.039166763425,-0.471046566963,-0.923752784729,0.819406807423,0.123213127255,0.299673467875,0.378542065620,-0.261531561613,0.114252850413,0.636369347572,-0.711010932922,-0.140129417181,-0.070233464241,-0.905399978161,-0.681998014450,-0.143516793847,-0.455336242914,0.467305213213,-0.441115826368,-0.174266576767,0.731413364410,-0.580051660538,0.359378516674,-0.101230181754,-0.529035270214,0.345779597759,-0.028831774369,-0.218417659402,0.380032002926,-0.041154734790,0.801296949387,0.385683089495,0.144652783871,0.197566583753,0.478117674589,0.313453435898,0.472334861755,-0.960482895374,-0.515843868256,0.599396348000,-0.548132956028,-0.126086026430,0.364568650723,-0.882816135883,0.630561828613,0.626367747784,0.000806713477,0.535402536392,0.610344588757,0.641254901886,0.304834783077,-0.552034854889,0.046616513282,-0.691098272800,-0.054996453226,-0.087425515056,-1.040104746819,-0.405101835728,0.323549717665,-0.530977964401,-0.474001765251,-0.312819600105,-0.259506553411,-0.131457254291,0.196422368288,0.036277409643,-0.463580369949,-0.470182240009,-0.210095360875,0.120850615203,0.231255114079,0.667798221111,0.653528451920,0.159214779735,-0.660105645657,0.863632023335,0.256242632866,0.017101502046,-0.123488888144,-0.293207406998,0.123097889125,0.165030524135,-0.011606794782,-0.693650066853,-0.589370012283,0.017858823761,-0.358040809631,0.403760075569,0.244380652905,-0.301912486553,0.579364299774,-0.028778266162,0.089240610600,0.683957159519,0.143241032958,0.061330799013,0.333275556564,-0.186857044697,0.013380742632,0.155926182866,-0.088503874838,-0.032688356936,0.131650701165,-0.703326523304,0.275299191475,0.393964260817,-0.064401254058,0.252135008574,-0.144780367613,-0.375747382641,0.058861270547,-0.872201323509,0.028700066730,0.228983134031,-0.345536768436,-0.366449594498,0.301393896341,0.046266660094,0.900535047054,0.748008608818,0.024415427819,-0.415482103825,0.535949945450,-0.154930144548,-0.134050250053,-0.088890761137,-0.577582120895,-0.311025083065,-0.559348762035,-0.157218575478,0.400039285421,0.145574733615,-0.001226533670,0.390799164772,0.016093108803,0.886816740036,0.222496494651,-0.061816472560,0.888096809387,-0.418828338385,-0.227752491832,0.171866998076,-0.678153753281,-0.018591452390,0.040405642241,-0.753774940968,-0.220582619309,-0.421915262938,-0.403080970049,0.292853444815,-0.856758475304,-0.184387534857,-0.148254171014,0.434275269508,-0.030173551291,0.266898661852,-0.282946497202,0.020188415423,0.387679308653,0.581072390079,0.873810589314,0.311012715101,-0.172504961491,-0.208243191242,0.140627443790,0.495215028524,-0.124526098371,-0.295055449009,-0.671543657780,0.198377415538,0.312934845686,-0.269615173340,-0.397796154022,0.041825622320,-0.052815034986,0.497375905514,0.439560055733,-0.209099307656,0.793554961681,0.547457993031,0.471803873777,0.407295614481,-0.011396884918,0.503693759441,-0.027222463861,-0.370520174503,0.096735641360,-0.658636271954,0.275274485350,-0.395227849483,-0.097875744104,0.281929880381,-0.257942497730,-0.057066742331,0.324072420597,-0.481439173222,-0.409036666155,0.233667016029,-0.391482412815,-0.364358723164,-0.361543446779,-0.992228746414,0.565436124802,-0.091792464256,-0.224879607558,0.035318408161,-0.700787007809,-0.215964585543,0.025633731857,-0.335160613060,-0.472565323114,-0.114388667047,-0.898283660412,0.162005349994,-0.524059176445,0.330995351076,0.666740417480,-0.506537854671,0.201110363007,0.055543866009,0.862829387188,0.791188359261,-0.031774632633,0.841686129570,0.138898774981,0.721061885357,0.532089233398,-0.475154221058,0.012141860090,0.383802175522,-0.515193521976,0.229044884443,0.405785083771,-0.072542473674,0.203608706594,0.084169849753,-0.351838201284,0.805750310421,0.471202969551,-0.114026479423,0.342100024223,0.215664133430,-0.106436781585,0.127176716924,-0.135108038783,0.023374110460,0.302414625883,-0.357135325670,-0.132358625531,-0.391577064991,0.272467464209,-0.363914191723,-0.399742960930,-0.109618365765,-0.255040794611,-0.852206289768,-0.047604326159,-0.797345697880,-0.340375453234,-0.793180406094,-1.128238081932,0.145257815719,0.172171592712,0.332855731249,0.034915052354,0.165952473879,0.680648028851,0.757384598255,0.149678274989,0.416992634535,-0.137923315167,0.398265391588,-0.002008551732,-0.329476565123,-0.420338869095,0.259704113007,0.277036100626,0.181909754872,-0.316507428885,0.008449911140,0.931264221668,-0.242931872606,-0.156967505813,-0.109416685998,-0.697881221771,-0.123834624887,0.294981360435,0.284901559353,0.311020970345,-0.141014337540,0.137491136789,0.380801647902,0.906046211720,-0.047410875559,-0.320870280266,0.666925609112,-0.930095314980,-0.357147663832,-0.393445670605,-0.559686303139,-0.495392024517,-0.288037866354,-0.417305469513,-0.517095088959,0.171513035893,0.362053811550,-0.202303975821,-0.390683919191,0.670440614223,0.588818490505,0.429422616959,-0.187318041921,0.163091942668,-0.128316819668,0.257267504930,0.200867518783,0.038434132934,-0.416120082140,0.151588037610,-0.242561444640,-0.150567308068,-0.570655107498,-0.052407562733,0.259864628315,-0.226159647107,0.070900231600,-0.004757963121,0.247360572219,0.486514061689,0.070200532675,0.548923254013,0.693456590176,0.396413207054,0.378418594599,0.626231908798,0.262511134148,-0.078349985182,-0.035857588053,-0.259769946337,-0.641209602356,0.152172490954,-0.817283034325,-0.132276311517,-0.648721098900,-0.397322833538,-0.236897990108,-0.696848094463,0.018949534744,-0.247043654323,-0.042681727558,0.549956321716,-0.039874691516,0.850679337978,0.628265142441,0.099464476109,0.785426080227,0.447318494320,0.091138035059,0.182897582650,-0.516963362694,-0.309168815613,-0.060145426542,-0.160667687654,-0.030675690621,-0.263610064983,-0.034548737109,0.839607596397,0.002700020559,0.350833922625,0.007886035368,0.220813125372,0.421351373196,-0.160577133298,-0.016533510759,0.599906682968,-0.719452619553,0.027531154454,0.398401200771,-0.147472158074,0.565160393715,0.050440166146,0.069570802152,0.214791581035,-0.658220529556,-0.457130759954,-0.707903444767,-0.458258479834,-0.269989699125,-0.689291357994,-0.249994739890,-0.724465727806,0.241269066930,0.002300779801,0.141339495778,0.917504787445,0.029654949903,-0.263564795256,0.241688877344,0.467762112617,-0.287688016891,-0.580175101757,-0.838348090649,-0.251719295979,-0.116792351007,0.117907747626,-0.792711138725,-0.178283661604,-0.053164884448,0.010071570054,0.491979956627,-0.074011839926,0.189750522375,0.080786585808,0.109618365765,-0.113940037787,0.389696121216,0.621774375439,0.990261375904,0.463580369949,0.532196283340,0.007248073351,0.542029142380,0.735549807549,0.039191454649,-0.059713255614,-0.543646693230,0.246833741665,0.175661861897,-0.050806485116,-0.092553898692,-0.291087716818,-0.201583698392,0.416190028191,0.316326349974,0.116183198988,0.029091075063,-0.716662049294,0.264186322689,0.716369807720,0.015191731043,0.299928665161,1.004209995270,-0.501368284225,0.512102484703,0.566045284271,-0.581039488316,0.175781205297,-0.040162805468,-1.005946993828,0.042825784534,-0.308337390423,-0.291758626699,-0.379229426384,-0.176476791501,0.035046759993,0.364778548479,-0.493663340807,-0.353558629751,0.348187416792,-0.531862914562,-0.067825667560,0.157053932548,-0.408744424582,-0.334366261959,-0.022341022268,0.269895046949,0.733812868595,-0.208510741591,0.454216718674,-0.182148486376,-0.399092674255,0.232596889138,-0.016010792926,-0.394808024168,-0.409493505955,-0.686155021191,-0.375488042831,0.161034002900,0.109223239124,0.057330161333,0.849518597126,0.115174807608,0.494474202394,0.714353024960,-0.316079378128,0.510649621487,0.519432902336,-1.044553875923,0.694526731968,0.142989963293,-0.245603084564,-0.102090410888,0.035894632339,-0.594053864479,0.490189552307,-0.581619799137,-0.091524936259,-0.080708384514,-0.409345328808,-0.094558343291,-0.034054830670,-0.256938219070,0.589481174946,0.009659982286,0.574775099754,0.815858960152,0.333678901196,0.797189295292,0.358962774277,0.324977934361,0.321730494499,-0.293120980263,-0.246232807636,-0.076905310154,-0.459468603134,-0.201476693153,-0.380472391844,-0.659056067467,-0.526141762733,-0.366264373064,0.404867261648,0.110445655882,-0.077489763498,-0.040780186653,0.329554796219,0.179110959172,0.749852478504,0.953490018845,0.455229222775,0.614168226719,0.284535229206,-0.094229072332,0.285325497389,-0.689320147038,-0.458929389715,0.015767954290,-0.982889771461,-0.710977971554,0.281847566366,-0.151122942567,0.060104269534,-0.124880060554,-0.382657945156,0.612213194370,0.012141860090,0.090903431177,-0.130251303315,-0.803379595280,-0.107609808445,0.033787298948,-0.458328485489,-0.245063900948,-0.055070541799,0.374265640974,0.161997109652,-0.052374638617,0.260412037373,-0.483196675777,-0.528240859509,-0.263692408800,-0.002856424078,0.148566991091,-0.406348973513,-0.508476436138,0.126777485013,0.007034047041,0.662138879299,0.592864394188,0.432723551989,0.587888300419,0.347681164742,0.280382335186,-0.297990083694,-0.527458846569,0.317079544067,-0.688068926334,0.340869367123,-0.502677142620,-0.586764633656,0.242623180151,-0.208839997649,-0.130288332701,-0.335942625999,0.022620903328,0.175110325217,-0.003259780817,-0.342873781919,-0.855647206306,-0.577487468719,0.282798349857,0.519988596439,0.494478315115,-0.603022396564,0.287902027369,0.448384493589,0.885191023350,0.637579381466,-0.259646505117,-0.274130284786,0.199892073870,0.064961016178,-0.126588165760,-0.140726223588,-0.528730690479,-0.184527471662,0.102946512401,-0.077106989920,-0.533085286617,0.858581840992,0.342680335045,-0.179115071893,0.309638023376,-0.067101269960,0.140380486846,1.063515901566,0.340079098940,0.543210327625,0.739402234554,0.187606140971,-0.006503098644,0.807573676109,0.255991578102,0.047991219908,0.331970810890,0.161877751350,-0.505401849747,0.383485198021,0.371878445148,-0.436057448387,-0.487720012665,-0.228785574436,-0.453883290291,-0.062055196613,0.227554932237,-0.516012609005,-0.588983178139,-0.140162333846,-0.499841272831,0.589452326298,0.011244597845,-0.707051396370,0.094994619489,-0.612896382809,-0.883223652840,-0.030317606404,-0.595980167389,-1.082901597023,-0.230407238007,-0.931754052639,-0.842295289040,0.053206041455,-1.106884956360,-0.118541598320,0.274854689837,0.190713644028,0.278456091881,0.217034727335,0.281670570374,0.668016314507,0.710405826569,0.065368480980,0.073744311929,0.292203128338,-0.210943222046,0.436094462872,0.142899408937,-0.513123273849,-0.142475470901,0.877852380276,0.219652429223,-0.527886927128,0.064973361790,-0.288165450096,0.725902140141,0.337428480387,-0.184762060642,0.610410392284,0.947554945946,0.009231929667,0.614308178425,0.087396696210,0.363593161106,1.148850560188,0.985626816750,-0.053469460458,-0.231683164835,-0.330740183592,0.192438185215,0.095916576684,-0.863380968571,-0.916833877563,-0.751000821590,-0.392659515142,-0.168784216046,-0.924522399902,-0.641567647457,0.400339752436,0.061660073698,0.056544024497,0.124028071761,0.259136110544,0.687970161438,0.654067575932,-0.072472497821,-0.032955892384,0.180551528931,0.186416670680,0.250286966562,-0.281983405352,-0.819592058659,-0.307444244623,0.458509594202,-0.462431997061,-0.195035308599,0.240948006511,-0.798831522465,0.917010962963,0.224221065640,-0.543420314789,0.251830428839,0.041875012219,0.170426458120,0.376027256250,0.316606223583,-0.227526113391,-0.266252487898,0.230995818973,-0.010026295669,-0.025497907773,-0.224027618766,-0.051275692880,-0.248924598098,-0.089215919375,-0.650688469410,-0.960972726345,-0.316351026297,0.144661009312,-0.691740274429,-0.018965996802,-0.247356444597,-0.427706301212,0.460826814175,0.063047125936,0.895727694035,-0.544490396976,0.003107493278,0.589732229710,0.209910139441,-0.049341227859,0.106650814414,-0.693230271339,0.067805089056,-0.149628877640,-0.615357697010,0.157498449087,-0.434114724398,0.395606517792,0.012751012109,-1.076427340508,-0.239787340164,0.468140721321,-0.027321245521,-0.143533259630,0.056280609220,-0.465819388628,0.593691706657,0.691834986210,-0.219623625278,0.503549695015,0.412267595530,0.087157979608,0.698922574520,0.092483930290,0.073830738664,0.485830813646,-0.424648195505,-0.570058286190,-0.293713659048,-0.620115697384,-0.014101021923,0.120237343013,-0.979617595673,-0.314223110676,-0.019126517698,0.058186266571,0.318429559469,0.061334919184,0.042743466794,0.567909777164,0.536052882671,-0.012071890756,-0.090055562556,0.047982987016,-0.217878490686,0.122653372586,-0.351426601410,-0.395688831806,0.310761660337,-0.309065908194,-0.012763359584,0.339618116617,-0.252480745316,0.611171841621,-0.352023422718,-0.408653885126,0.315231531858,-0.639855504036,0.183103367686,0.435127228498,0.031700544059,0.385234475136,0.008807993494,-0.007927194238,0.495696604252,0.263482511044,0.265400499105,0.159099534154,-0.316054672003,-0.052004206926,-0.364062398672,-0.634772360325,-0.199352890253,-0.811068058014,-0.269405245781,-0.061734158546,-0.450376570225,-0.278279095888,0.089462868869,-0.522989034653,0.304147422314,0.352002829313,-0.476973444223,0.029148697853,0.148031920195,0.211758166552,-0.113964736462,-0.500121176243,-0.273228913546,-0.344635367393,-0.113758943975,-0.080687806010,-0.303303658962,-0.594288527966,-0.600404679775,0.008079482242,-0.213733792305,-0.015278165229,-0.359147995710,0.108671709895,0.579919993877,-0.249863013625,0.687579154968,0.474833190441,0.201945886016,1.071010828018,0.481068730354,0.402681708336,0.517897725105,-0.099748469889,0.329587727785,-0.131988197565,-0.233769908547,0.382349252701,-0.411382675171,-0.290614396334,-0.127773523331,-0.629030704498,0.079029105604,0.302669823170,-0.368651598692,0.043056271970,0.298578649759,0.208914086223,0.393984854221,0.660319626331,0.866998851299,0.475866258144,0.026078246534,0.494148999453,0.116166740656,0.105465434492,0.203481122851,-0.404500931501,-0.356941878796,-0.581121802330,-0.134519472718,-0.384098500013,-0.061664186418,0.160791158676,-0.321981549263,0.027090756223,0.100007764995,-1.063820481300,0.410189092159,-0.634871125221,-0.441054105759,0.161429122090,-0.205415591598,0.042463585734,-0.174340650439,-0.359501987696,0.570325791836,-0.585501134396,0.062409162521,-0.164199113846,-0.625717401505,-0.171751767397,-0.509937584400,-0.412975549698,-0.185976266861,-0.353476285934,0.041216470301,0.022419225425,-0.063964970410,0.961380124092,0.115874506533,-0.010120960884,0.652388334274,0.312119901180,0.399463117123,0.138594195247,-0.342544525862,0.195463374257,-0.196368858218,-0.257358044386,-0.751404166222,0.260510832071,-0.383283525705,0.196813389659,-0.062759011984,-0.147348687053,-0.524730026722,0.305221676826,-0.363144516945,0.062565565109,0.015784418210,-0.214355289936,0.052975554019,0.124369695783,0.081103511155,0.378871321678,0.042023185641,0.434036523104,0.825415968895,0.400273919106,-0.289803594351,0.319158047438,-0.190417304635,0.411341547966,-0.066195778549,0.142137974501,-0.714422941208,-0.589431762695,-0.158152878284,-0.355620682240,-0.258403480053,-0.122999109328,0.141096651554,0.099946036935,-0.178748771548,0.730092108250,0.311453133821,0.896131098270,1.049900531769,-0.373137921095,0.249513164163,0.329336643219,-0.554191589355,0.655862152576,-0.347631752491,-1.237284421921,0.637517631054,-0.015471611172,-0.258201807737,0.653104543686,-0.607146561146,-0.236967965961,0.721790373325,-1.128118753433,0.020620582625,-0.237745851278,-1.086811780930,0.261058241129,-0.365577012300,-0.514349818230,0.850424170494,-0.438037186861,0.122636906803,0.345178693533,-0.134996905923,0.551672637463,0.148912712932,-1.067117333412,0.089265309274,-0.616761207581,-0.794777393341,0.186626568437,-1.018055915833,-0.096566885710,0.352706640959,-0.617798447609,0.114363975823,0.323718458414,-0.634690046310,0.648400068283,1.151204705238,-0.201805949211,0.305818498135,0.052205882967,-0.173270523548,0.202439799905,0.134626477957,0.343635231256,-0.542136132717,0.220833688974,0.215853467584,-0.719040989876,-0.358604699373,-0.248274281621,-0.251789271832,0.486048966646,-0.270969301462,-0.278567194939,0.419503360987,-0.841657280922,0.418848901987,0.292985141277,-0.070854954422,0.896517992020,0.391148984432,0.047114536166,0.384361892939,-0.344651848078,-0.097793430090,-0.576009869576,0.223109781742,-0.179012179375,-0.380159586668,-0.152781650424,-1.023665785789,-0.516457140446,0.564205527306,-0.180037051439,-0.880326032639,0.010256784968,0.656672954559,0.305386304855,0.556549966335,0.248554170132,0.216664284468,1.014429807663,0.176110491157,0.586410701275,0.904198169708,-0.185791045427,0.295524656773,0.276249974966,-0.495964139700,0.219319045544,0.077349826694,-0.146920636296,0.428397774696,-0.214733958244,-0.233300700784,-0.007182219066,0.065714217722,0.268507987261,-0.309218198061,-0.459624975920,0.291170060635,0.035808198154,0.263005048037,0.048637412488,-0.631681323051,0.450524777174,0.488909512758,0.218812778592,-0.539711833000,-0.444017559290,-0.567950963974,-0.558060467243,-0.711871147156,-0.419766753912,-1.022431135178,-0.201937660575,-0.644531130791,-0.266063153744,0.103172883391,0.095797218382,0.684204161167,0.161075145006,0.359646022320,0.354081332684,0.382793754339,-0.011355726980,-0.068582989275,-0.383843302727,0.084585547447,0.050477210432,-0.492856621742,-0.040570277721,0.083247885108,-0.166285857558,-0.163013741374,-0.060915097594,0.427829772234,0.035997528583,0.231246873736,0.103016480803,0.019710972905,0.321343600750,0.164343178272,0.329200834036,0.407163918018,-0.133704513311,0.255851626396,-0.105712383986,0.294376313686,0.352200418711,-0.133008927107,-0.267359644175,0.345277458429,-0.455846607685,0.022122880444,-0.287729173899,-1.146138072014,-0.066397458315,-0.644358217716,-0.250859051943,0.121871359646,-0.650412738323,0.044146981090,0.680800259113,-0.042089041322,-0.174501180649,0.770608901978,0.518724977970,0.515152394772,0.224900186062,-0.312173396349,0.394857406616,0.562666177750,-0.314095526934,-0.359390854836,0.027341824025,0.306859821081,0.603783845901,-0.345199286938,0.149632990360,0.474009990692,0.070093519986,0.094101473689,0.639896631241,-0.374953001738,0.418186247349,-0.115285933018,-0.522198796272,0.527973413467,-0.080951228738,-0.134906351566,0.277213066816,-0.039524842054,0.546519577503,-0.239338710904,-0.167339533567,-0.316647380590,-0.382871955633,-0.732397019863,-0.216919466853,-0.779655635357,-0.807915329933,-0.558476209641,-0.535003304482,-0.364848494530,0.285469561815,-0.501915693283,0.650235712528,0.052625704557,0.030408157036,1.298644065857,-0.724268198013,0.016936866567,0.413679361343,-0.719040989876,0.264663755894,-0.286391496658,-0.650564968586,0.137824520469,-0.771395027637,0.727560818195,0.124604299664,-0.072616554797,0.398549348116,-0.520124375820,0.556278347969,-0.233362436295,0.283399254084,0.654335141182,0.757285773754,0.214832738042,0.455891877413,0.534011363983,0.465712368488,1.606310486794,0.051506184042,0.396796017885,0.629318773746,-0.454941093922,0.410625398159,-0.029457386583,-0.209650844336,-0.160198464990,-0.707224309444,-0.106440894306,-0.777354836464,-0.519251823425,0.706545174122,-0.960202991962,-0.456624507904,0.051493838429,-0.354641109705,1.317762255669,-0.000255184859,-0.281905174255,0.488452643156,-0.919394016266,0.708759486675,0.651458144188,-0.846176564693,0.032733634114,-0.640246510506,-0.183333873749,0.102625466883,-0.761907935143,-0.591259181499,0.068615920842,0.251427054405,0.039981704205,-0.398166596889,0.314856976271,-0.110054641962,0.175900578499,-0.199328199029,0.309539228678,0.036903023720,0.410789996386,0.789418518543,-0.301332175732,0.416564583778,0.491469562054,0.308370321989,0.111906796694,0.186836481094,-0.019052430987,-0.335399329662,-1.008223056793,-0.143483862281,-0.435884565115,-0.461995750666,-0.295294165611,0.122089490294,-0.713184118271,0.720131635666,0.396190971136,0.064837537706,1.385390400887,0.005346534308,0.237486556172,0.491654783487,-0.521083414555,0.537769198418,0.391371250153,-0.660397827625,0.198188096285,0.132313340902,-0.784574091434,0.388765901327,-0.087088011205,-1.108272075653,0.292293667793,0.258983820677,-0.729906916618,-0.008342899382,0.369713455439,0.202530354261,0.597029685974,0.322088569403,-0.154469162226,0.437600880861,0.395972847939,0.455101639032,0.616855919361,-0.499067515135,-0.257123440504,0.606241047382,0.179658383131,-0.307473063469,0.207127794623,-1.193997621536,-0.578335344791,0.233930438757,-0.860709726810,0.257884889841,-0.626618802547,-0.015076486394,0.544358730316,-0.091249167919,-0.171183764935,0.687542080879,0.209045782685,0.715661823750,0.454154968262,-0.220780178905,0.327072918415,0.050909381360,-0.215746462345,-0.549565315247,-0.657891273499,-0.032066859305,-0.190273240209,-0.206111177802,0.680347561836,-0.646745443344,-0.280765086412,0.853095352650,-0.464329421520,-0.357493430376,0.277097851038,-0.644345879555,-0.161902457476,0.163342997432,-0.391453564167,-0.189627051353,0.010433768854,0.448582053185,0.230901151896,0.257823139429,0.118521019816,0.390696257353,0.077806688845,0.219179108739,-0.273352384567,0.043817710131,-0.014150412753,-0.195504531264,-0.668477356434,0.068595334888,0.228534504771,0.671053886414,-0.369993358850,0.447758883238,0.922929584980,0.272981941700,0.168138012290,0.018698465079,-0.296039134264,-0.030037727207,-0.166499897838,-0.329665929079,-0.277291297913,-0.730816543102,0.303542405367,-0.394038349390,-0.569305062294,0.202711433172,-0.512448251247,-0.059779115021,0.045830376446,-0.069908306003,0.048501588404,-0.240919202566,0.316770851612,-0.117409735918,0.132659077644,-0.017463698983,0.107766218483,0.587456107140,0.158358663321,0.744559407234,-0.544893741608,0.028259664774,0.409427672625,0.294977247715,0.296063840389,-0.149719431996,-0.792563080788,0.031647041440,0.148138925433,-0.342976689339,0.302990853786,-0.359353780746,-0.735372781754,0.870139241219,0.406513601542,0.335835635662,0.446824580431,0.213704973459,0.627491354942,1.347771167755,0.412242919207,-0.118245258927,0.091138035059,0.093072503805,0.353505134583,-0.465045571327,-0.605533123016,0.101551227272,0.108317747712,0.374109238386,-0.281271338463,-0.327521532774,-0.154888972640,-0.524087965488,0.278122693300,-0.064170762897,-0.335823297501,-0.905955612659,-0.415128171444,0.075032584369,-0.080263867974,-0.186095625162,0.279456228018,-0.183551996946,0.070649161935,0.151217609644,-0.325619995594,0.012611071579,-0.402134299278,-1.221150159836,-0.047888323665,-0.482155323029,-0.298755615950,-0.110918983817,-0.673050105572,-0.654857873917,0.981288731098,0.705059349537,0.596062481403,0.427747428417,-0.247290596366,1.426989555359,0.393350988626,0.422059297562,0.215939909220,-0.291561067104,0.593321263790,0.444186300039,-0.096258200705,0.011631490663,-0.062363889068,-0.242302149534,0.141553506255,0.398413538933,-0.591242730618,-0.337210327387,0.395314276218,-0.065314978361,-0.160655334592,0.253221601248,0.229962721467,0.485777288675,0.109869435430,0.619391322136,0.389889568090,0.181185379624,0.725877463818,0.193961083889,0.017636567354,0.139347404242,-0.600429415703,-0.256267338991,-0.402949273586,-0.497330605984,0.068138472736,-0.458007454872,-0.528331458569,0.122764497995,-0.651388168335,-0.206596836448,0.397364020348,-0.204398959875,0.274743527174,0.653808355331,-0.070715017617,0.636776804924,0.195027083158,0.313490509987,0.219788253307,0.180798485875,-0.285444855690,-0.025168636814,0.034120686352,-0.230234384537,-0.146385565400,-0.177571624517,-0.179152131081,0.505632340908,0.424413591623,0.182140260935,-0.214235931635,-0.172451466322,0.324628084898,-0.579734742641,-0.192755132914,0.122217081487,-0.479072540998,0.803873419762,-1.062079429626,-0.182609468699,0.534822165966,-0.364906132221,0.489160567522,-0.065187387168,-0.162927299738,0.140401065350,-0.605800628662,-0.601902902126,-0.314988672733,-0.275924801826,0.278620719910,0.032367318869,-0.564168453217,0.254229992628,0.470684379339,0.010359682143,0.802667558193,0.648877501488,-0.153460770845,0.045439369977,0.273356497288,0.291886210442,0.082000777125,-0.309020638466,-0.231432095170,0.325159043074,-0.229020178318,0.428681761026,0.178427726030,0.006379621569,0.031128438190,-0.287000656128,0.324257642031,-0.241215556860,-0.154045224190,0.032717168331,0.062318611890,0.178230151534,-0.005379461218,0.151814416051,0.529953062534,-0.333501905203,0.498400747776,0.203641638160,0.249241530895,0.237675890326,-0.359139770269,-0.404953688383,-0.337712466717,-0.364387542009,0.229975059628,-0.612575352192,-0.783812642097,-0.609138607979,-0.268022328615,-0.670514702797,0.207148358226,-0.482966154814,-0.584780812263,1.037054777145,0.410835295916,-0.069780714810,1.160658955574,0.021307935938,0.656821131706,0.659265935421,0.122167691588,0.417107909918,-0.019505178556,-0.236856818199,-0.391848683357,0.116236701608,-0.078860357404,0.154160469770,0.309605091810,-0.056387625635,0.481076955795,0.196735188365,-0.462485522032,0.402043759823,-0.722662985325,-0.027634052560,0.138548925519,-0.362872898579,0.599486887455,-0.090635895729,0.394256472588,0.671362578869,0.055432736874,0.460518121719,-0.663974583149,0.024789974093,-0.340593576431,-0.744230210781,-0.541650474072,-0.365564674139,-0.861117243767,-1.206670522690,-0.570391654968,0.283860236406,0.290190458298,0.322014480829,-0.079391300678,-0.369631141424,0.661764323711,0.274969935417,0.823362231255,0.200365379453,-0.482311755419,-0.191133454442,-0.281892836094,-0.167635887861,0.068327806890,-0.456640958786,-0.781618833542,-0.124439671636,0.035285484046,-0.428801119328,-0.309115320444,0.233514726162,-0.233621731400,0.225311771035,0.004478082526,-0.047987103462,0.150620803237,0.313490509987,0.891010880470,0.230563640594,0.721259415150,0.712175667286,-0.415897816420,0.326295018196,0.493227064610,-0.691003561020,0.151394590735,-0.167055532336,-0.528203845024,-0.276970237494,-0.335831522942,-0.659261822701,-0.370528399944,-0.210268214345,-0.620951175690,-0.023633411154,0.146904170513,0.175908803940,0.395310163498,0.367474436760,0.889245212078,0.584764361382,0.572400212288,1.123356699944,0.020369514823,0.838204085827,0.226962238550,-1.342737436295,0.411584377289,-0.445441663265,-0.128024592996,0.479805141687,-0.922921299934,0.186992883682,0.174237757921,-0.280139476061,1.006930589676,-0.350121885538,0.146735414863,0.241351380944,-0.910232007504,0.729347109795,-0.095607891679,-0.485197007656,0.341219216585,-0.441420406103,0.463814944029,0.395178467035,-0.369655877352,0.054461389780,-0.036639608443,-0.332390636206,-0.687933146954,-0.846382379532,-0.318915218115,-0.429891824722,-0.046698831022,-0.637023746967,-0.023221824318,0.020110214129,-0.026411633939,0.631969451904,0.045254152268,-0.296936422586,0.641361892223,-0.083198495209,0.038141906261,-0.581899702549,-0.059511579573,-0.280950307846,-0.354748100042,-0.178180769086,-0.489395201206,0.175402566791,0.196924507618,-0.062763124704,0.169191673398,-0.420696973801,-0.019134748727,0.514127552509,-0.079012639821,-0.458172082901,0.267059177160,-0.318269044161,0.823337554932,0.703618764877,-0.497701048851,0.330048710108,0.999884247780,0.332654058933,0.672967791557,0.189528271556,-0.557476043701,0.125472754240,0.987392544746,-0.331015914679,-0.387350052595,-0.085519857705,-0.617773711681,-0.271434366703,-0.255193084478,-0.085540436208,-0.447059184313,-0.408151745796,0.222838118672,0.400002270937,-0.038339469582,-0.022131113335,0.317297697067,0.600240051746,0.807717740536,0.020941622555,-0.224134624004,0.038454711437,-0.689871668816,0.106597304344,-0.393095821142,-0.526421666145,-0.190721869469,-0.481352746487,-0.109453722835,0.454192042351,-0.085268788040,-0.509962260723,-0.373648285866,-0.473940044641,-0.483962208033,0.160042062402,0.026852032170,-0.103728532791,0.043241485953,-0.353101789951,0.113890647888,0.964220166206,-0.254987299442,0.271730720997,0.449911504984,-0.213437452912,0.099699079990,-0.388436645269,-0.601771175861,-0.072777077556,-0.884544849396,-0.678462445736,0.329369574785,0.020287195221,0.369124889374,0.237717062235,-0.199406385422,0.570753872395,0.293273270130,1.062762618065,0.748794674873,-0.163499414921,0.147612094879,-0.001119520632,-0.454249620438,0.214108332992,-0.034338828176,-0.818324327469,-0.264359176159,-0.310761660337,-0.354237735271,0.270199596882,-0.768818497658,-0.255896896124,-0.118821479380,-0.414679497480,0.222891628742,-0.298681557178,0.013833489269,-0.109029784799,0.526380538940,0.181214183569,0.172039866447,0.151723861694,0.598350882530,0.114343389869,-0.334637910128,-0.416066557169,-0.441181689501,0.084881894290,0.381818294525,-0.711167335510,-0.717867910862,-0.851218461990,-0.402047872543,0.775650799274,0.097863391042,-0.501504123211,-0.176217496395,-0.188441663980,0.652783453465,0.118055924773,0.205242708325,0.409464687109,0.324755668640,0.144331738353,-0.139738410711,0.163766935468,0.492033451796,-0.176703169942,0.100695125759,-0.363477915525,-0.222607642412,0.316972523928,-0.717765033245,0.322364330292,0.158198148012,-0.294240504503,0.274784713984,0.288856923580,-0.018163399771,-0.301603823900,-0.190203279257,0.190125077963,0.511695027351,0.326430827379,0.120587192476,-0.161071032286,-0.029885441065,0.240532308817,-0.577009975910,-0.175542488694,0.232856184244,-0.233745217323,-0.634545981884,-0.409555256367,-1.025077581406,0.049596413970,-0.325574725866,-0.776272356510,0.392997056246,-0.098550751805,0.383308261633,0.933359205723,0.209000527859,-0.330386191607,0.664344966412,0.189985126257,-0.295043110847,0.387518793344,-0.580627918243,-0.487510114908,0.285082668066,-0.365926861763,-0.379031866789,0.048394571990,-0.140277594328,0.033606201410,0.455035775900,0.276900291443,-0.526672780514,-0.175851196051,-0.196146622300,0.231074005365,0.039043284953,-0.140351682901,0.351858764887,-0.040393292904,-0.052897356451,0.559653341770,0.356550872326,-0.128913626075,0.714776933193,0.365107804537,0.113215640187,0.087660118937,-0.309271693230,-0.766233682632,-0.016768114641,-0.168512567878,-0.213816106319,-0.204925790429,-0.476092636585,-0.238507285714,0.219282001257,-0.128275662661,-0.039343744516,0.496272832155,-0.058453794569,0.807413101196,0.334045231342,0.487271368504,0.228201121092,0.288186013699,0.140590399504,-0.133420526981,-0.488646090031,0.024366037920,0.179217979312,-0.129642143846,-0.643020629883,-0.307958751917,0.006140900310,0.037915531546,0.149962276220,-0.207971543074,-0.553812921047,0.291272938251,-0.469836473465,-0.314935177565,-0.084733724594,-0.022917248309,-0.149809971452,-0.361889183521,0.113355584443,0.441626250744,-0.101691171527,-0.330962419510,-0.553018510342,-0.570976138115,0.039244960994,-0.204419553280,-0.577475130558,-0.849230527878,-0.233428299427,-0.348697751760,-0.607899725437,0.497923284769,-0.368984967470,0.241022109985,-0.204736456275,0.629289984703,1.119878768921,0.405645161867,0.287733286619,0.299377143383,-0.015706216916,0.214252397418,-0.240882158279,-0.211218982935,-0.026621542871,-0.008692748845,-0.239766761661,0.402899861336,-0.519671618938,0.837759554386,0.411502033472,-0.473075687885,0.675791263580,0.119903966784,-0.127559512854,0.956799209118,0.102514348924,0.306172460318,0.418807774782,-0.078790381551,0.607064187527,0.938080132008,0.084420911968,0.523721635342,-0.284440577030,0.091520816088,0.060186583549,-0.346318781376,0.323977768421,-0.682627737522,-0.740089595318,-0.659817516804,-0.900744915009,-0.123085536063,0.122064799070,0.139660209417,0.136573284864,-0.214005440474,0.194483786821,0.600375890732,-0.017047995701,0.124003380537,0.193779975176,-0.913356065750,0.713920831680,0.544951379299,-0.730684757233,-0.735574483871,-0.613575518131,0.093286536634,0.067990303040,-0.187597915530,-0.441284596920,-0.359814763069,0.071970365942,0.002605355112,-0.378636717796,-0.592247009277,-0.127287864685,0.648342430592,-0.159758076072,0.109766535461,0.282152146101,0.056305304170,0.609381437302,0.292211383581,-0.145932823420,0.017159122974,-0.123476549983,-0.164458408952,-0.520894050598,-1.022031903267,-0.890109479427,-0.319121032953,0.108465917408,-0.690394401550,-0.675581336021,-0.163474723697,0.405756294727,1.502108693123,0.049966841936,-0.046073216945,0.935199081898,0.270150214434,1.146850109100,0.156802862883,-0.704762935638,0.323109328747,0.136178165674,0.058729559183,-0.079983994365,-0.567926228046,0.177456378937,0.151658013463,0.168858304620,-0.312243372202,-0.623173773289,0.356830745935,0.293137431145,0.032976470888,0.063372276723,-0.050415471196,0.005914526992,0.354731649160,0.222694069147,0.820522189140,0.221274092793,0.071147188544,0.080638416111,0.016158964485,-0.400224506855,-0.385637849569,0.219187334180,-0.384633570910,-0.300500750542,-0.401875019073,-0.690641343594,0.154222205281,-0.080263867974,-0.959305763245,-0.123517706990,-0.036977108568,-0.543284475803,0.190244421363,-0.066508583724,-0.367709040642,0.910050928593,0.606508553028,0.248574748635,0.863800764084,0.019748015329,-0.001230649650,0.733989834785,-0.313198268414,-0.581286430359,0.363584935665,-0.245784178376,-0.473940044641,0.168035119772,0.124200940132,0.495396137238,0.142681255937,-0.131370812654,-0.291268825531,-0.241199076176,-0.227756604552,-0.087326735258,0.068817593157,-0.306822746992,-0.396351456642,0.353496909142,0.106235101819,0.747691690922,0.783668637276,0.165051102638,0.016002560034,0.183165103197,0.550470769405,-0.251986831427,-0.731672585011,-0.617588520050,-0.376768112183,-0.481916636229,-0.394709259272,-0.580022871494,-0.442803353071,0.167565912008,0.126538768411,0.529611468315,-0.228900834918,0.258683353662,0.292536526918,-0.005148972385,0.145298957825,-0.408929646015,-0.131971731782,0.100316464901,-0.137408822775,-0.645078539848,-0.366256147623,-0.053860470653,-0.248620018363,-0.002712368267,-0.098962329328,-0.105691805482,-0.214207112789,-0.108157217503,0.375792622566,-0.027827497572,0.769522309303,0.263589501381,0.433900713921,0.435864001513,0.657434403896,0.712171614170,0.745296239853,-0.075794018805,0.666905045509,0.011236364953,0.010717764497,0.226702943444,-0.457698762417,-0.228390470147,-0.145076721907,-0.563147723675,-0.210161209106,-0.514958918095,-0.616695404053,-0.605961143970,0.104946836829,0.089639849961,0.582961559296,0.204818785191,0.172895982862,0.689213156700,0.287902027369,0.433801919222,0.319499671459,-0.399195551872,0.161285072565,-0.252414852381,-0.407295614481,-0.326266199350,-1.125982642174,0.225834488869,0.093562297523,-0.473684847355,0.439107298851,-0.295450568199,-0.299294799566,0.427183598280,-0.254336982965,-0.356662005186,0.047563161701,-0.398076057434,0.151007696986,0.612600088120,-0.186651259661,-0.495182126760,0.165631443262,0.502611279488,0.601520121098,0.083334319293,-0.450607091188,-0.013516565785,-0.549408912659,-0.254509866238,0.108642898500,-0.967537522316,-0.157416135073,0.321631699800,0.011178743094,0.668905377388,0.468342453241,0.571260154247,0.416095376015,0.391227215528,0.822296202183,0.460497558117,-0.237655296922,0.176225721836,-0.073427386582,-0.661241590977,0.404373347759,0.034289438277,-0.459126949310,0.020217226818,-0.282621353865,-0.173867329955,-0.195167034864,-0.834878385067,0.462654262781,-0.161976546049,-0.648231327534,0.901144206524,-0.302052438259,-0.187923073769,0.841789066792,0.467531591654,0.680610954762,0.588456273079,0.549589991570,-0.212198570371,0.187091663480,-0.326825946569,-0.323973655701,-0.376854538918,-0.186161458492,0.287173539400,-0.395754665136,-0.557385504246,-0.088808447123,-0.639061093330,-0.072731800377,0.422619074583,-0.225912690163,0.433353304863,-0.316067039967,0.229057222605,0.495153278112,-0.157144486904,0.801951348782,0.250348687172,0.009738183580,0.439123749733,0.438967376947,0.208379015326,-0.392429053783,0.092920221388,-0.289416670799,-0.293948262930,0.236041888595,-0.601972877979,0.278464317322,0.336757570505,0.357110649347,0.162474557757,-0.631891250610,-0.162408709526,0.362675338984,-0.882849097252,0.155531063676,-0.249356761575,-0.790035843849,0.337975889444,-0.420351207256,0.318421334028,0.739640951157,0.097204856575,0.233934551477,0.392976462841,0.254781514406,0.031268376857,-0.080679580569,-0.831499278545,-0.130391225219,-0.118055924773,-0.822670698166,0.327488601208,-0.354567021132,0.107375204563,0.705051124096,-0.063466943800,0.644922137260,0.426323354244,-0.378072828054,0.778581380844,-0.012137744576,-0.438740998507,0.499804258347,-0.499684900045,0.414741277695,-0.067265905440,-0.493029505014,0.586525976658,-0.523359417915,0.464732795954,0.274397790432,-0.463942527771,-0.379793256521,-0.717147648335,0.203217715025,0.122163578868,0.305069386959,-0.351578861475,-0.120389632881,-0.015311091207,0.467013001442,0.612632989883,0.026782063767,0.507645010948,-0.266528248787,0.149875834584,-0.091689571738,-0.694251000881,0.120965853333,-0.839854538441,-0.048620946705,-0.205761328340,-0.260910063982,-0.340165555477,-0.555055856705,0.270104944706,-0.554413795471,-0.511596262455,0.802136600018,0.292219609022,0.599219322205,0.602343320847,0.533254086971,0.568292558193,0.425273835659,0.414128005505,0.650511503220,-0.265272885561,0.448289811611,-0.562600314617,-0.046805843711,-0.044743783772,-0.179884761572,0.253731966019,0.099316306412,0.116137921810,0.598597824574,-0.631426095963,0.274381339550,-0.103168770671,-0.175147354603,-0.049616992474,0.133943244815,-0.062693163753,-0.323755502701,0.502652466297,0.005107813049,-0.131185591221,0.797419786453,-0.280546963215,-0.378945410252,-0.231493830681,-0.652540624142,-0.728968441486,-0.221134155989,-1.057613611221,-0.167380690575,-0.037516292185,-0.249274447560,-0.674400091171,0.035219628364,0.651087701321,0.085268788040,0.498318403959,0.438765674829,-0.454652994871,-0.135338529944,0.575137317181,0.034367639571,-0.246739074588,0.419536262751,-0.087548986077,0.094377234578,-0.001465254929,-0.240906864405,-0.202435687184,0.311395525932,0.286325663328,-0.023102464154,0.053082566708,-0.216989457607,0.381283223629,0.139693140984,0.318022102118,0.636640965939,-0.193179056048,0.389403879642,1.315333962440,-0.285354286432,0.354567021132,-0.017278485000,0.043546061963,0.139701366425,-0.501343607903,-0.486205369234,-0.240647554398,-0.516115546227,0.085807964206,-0.859446167946,-0.561427295208,0.141211897135,-0.111877985299,-0.872798085213,0.217281684279,-0.380760520697,0.415235161781,0.582356572151,0.255403012037,0.841089308262,0.179946497083,-0.337000429630,0.864294648170,0.125003531575,0.185844555497,0.401689797640,-1.005918145180,-0.568790614605,0.182045593858,0.067039534450,-0.126464679837,0.127571851015,0.375883191824,0.177789747715,0.225427016616,-0.057774677873,-0.316326349974,-0.538855791092,0.424582362175,-0.039479568601,-0.358464747667,0.347808748484,0.029938947409,-0.485036462545,0.739142954350,0.323232799768,0.373833507299,0.464506417513,-0.202048793435,-0.368984967470,0.033927239478,-0.024283720180,-0.081799097359,-0.505673527718,-0.667341351509,-0.351603597403,0.367947787046,0.034840963781,-0.155950874090,-0.108498841524,0.702194690704,-0.043274413794,0.500792086124,-0.189861655235,-0.024267256260,0.059408683330,-0.494301319122,-0.302200615406,0.401451081038,-0.862574219704,0.041706260294,-0.040101066232,-0.879597485065,-0.204748809338,0.700441300869,-0.737587213516,-0.078148305416,-0.281777620316,-0.212429046631,0.031354811043,-0.192113041878,0.498355478048,-0.118113555014,0.238980621099,0.953848123550,-0.267779469490,0.770254969597,0.843369543552,0.321360081434,0.790126442909,0.012705736794,0.323002278805,0.543276250362,-0.132523268461,-0.221228823066,-0.793135106564,-0.649556577206,-0.210235282779,-0.195520997047,-0.506566643715,-0.171875238419,-0.626985132694,-0.230979338288,0.412037134171,0.641715824604,0.084873661399,0.256917655468,-0.021316168830,0.905395925045,0.193886980414,-0.634838163853,0.659245371819,-0.485958397388,0.363066345453,-0.491588950157,-0.357472807169,-0.177604556084,-0.469869434834,0.045604001731,0.060548778623,-0.269290000200,0.134494766593,-0.211004957557,-0.173533931375,0.150674313307,0.150637269020,0.125876098871,-0.186684191227,0.335135936737,0.645062088966,0.345610857010,0.158700287342,0.165730223060,0.447548985481,0.271306782961,-0.126826867461,-0.005980380811,-0.635097503662,-0.483451843262,-0.244421824813,-0.103983715177,-0.205073967576,-0.503718435764,-0.198965981603,0.407974749804,0.659480035305,0.909166097641,0.182765856385,0.707726359367,0.060297712684,0.398281842470,0.834084093571,-0.353587448597,-0.034071296453,0.170422330499,-0.462143898010,0.502084434032,-0.618938565254,-0.442395865917,0.215301945806,-1.002987742424,-0.056519329548,0.249908298254,-0.607105374336,-0.310654640198,-0.562275171280,-0.380093723536,0.142121508718,0.185963898897,-0.251978605986,-0.214338824153,0.028609516099,0.473260909319,0.306814521551,0.031025540084,0.257127553225,0.007643198129,-0.265849113464,-0.135424956679,-0.737344324589,-0.170459374785,0.114149957895,-1.200233221054,-0.152151912451,-0.119360662997,-0.712640762329,0.626717567444,-0.059914939106,-0.765068948269,0.935005545616,-0.105860561132,0.310909837484,0.402689933777,-0.140816777945,0.066903710365,1.449495315552,-0.144693925977,0.555734992027,0.433172196150,-1.019327640533,0.140989646316,-0.076748907566,-0.345001697540,0.614061236382,-0.630351841450,0.441049993038,-0.441107600927,0.154600873590,0.322100907564,-0.327961951494,0.072686523199,0.219545409083,-0.520124375820,0.080864794552,0.451590746641,-0.444939523935,0.165388599038,-0.272627979517,0.106272153556,0.767612576485,-0.532842457294,0.448569715023,-0.010232090019,-0.504792690277,0.534604072571,-0.655281841755,-0.473672509193,-0.013598884456,-0.651437580585,0.510307967663,-0.372981488705,-0.473466694355,0.033371597528,-0.102469071746,0.127547159791,0.855157434940,0.114734403789,0.423042982817,-0.092496283352,0.122620448470,0.191289857030,-0.192767471075,-0.335218250751,0.245096832514,0.215244323015,-0.307254940271,0.048526283354,-0.701696693897,0.056704547256,0.136363387108,-0.614382266998,-0.050925843418,-0.180263414979,-0.704754710197,0.086174286902,-0.078473463655,-0.374450862408,0.169549763203,0.173027679324,0.131802976131,0.386662691832,0.565798342228,0.214478746057,0.019789176062,0.782100439072,0.056531678885,-0.649474263191,0.374199777842,-0.417276620865,-0.692699313164,0.400858402252,-0.693016231060,-1.213247537613,-0.141602903605,0.081107623875,0.347919851542,0.427006602287,0.122303523123,0.345446228981,1.087054610252,0.578582286835,0.698556184769,0.372368216515,0.105531290174,0.546112120152,0.126168340445,-0.147706761956,-0.463053494692,-0.401858538389,-0.193594768643,0.356275081635,-0.045649278909,-0.382900804281,0.031609997153,-0.155193552375,-0.152086064219,0.394775122404,-0.634167313576,0.060536433011,-0.522474527359,-0.442107766867,-0.055029384792,-0.048839092255,-0.288951575756,0.129600986838,-0.292540639639,-0.343059003353,0.233778148890,0.042303066701,-0.798815071583,-0.430694431067,-0.114923737943,-0.568300783634,-0.482826232910,-0.537876188755,-0.398322999477,-0.470416814089,-0.289079189301,0.289531916380,0.228094115853,0.237988695502,1.058807253838,-0.210107699037,0.905577063560,0.738286852837,0.048921406269,0.162639185786,-0.167779922485,0.438979715109,0.360074102879,0.002934626071,-0.114129371941,-0.334333330393,0.273800998926,0.562694966793,-0.616489589214,0.291005432606,0.325142562389,0.113491408527,0.450882822275,-0.142096817493,0.517115652561,0.399586588144,0.592625677586,0.043048039079,0.013166715391,0.845061182976,0.476751178503,-0.103304602206,-0.187515601516,-0.393663793802,-0.315536081791,0.301426827908,-0.627470791340,-0.119772247970,-0.850078403950,-1.606845617294,0.164627164602,-0.518157005310,-0.755610585213,-0.449862092733,-0.874646127224,0.150727823377,0.317470550537,-0.436839461327,0.231189265847,0.141837507486,-0.229571700096,0.832577645779,-0.345894843340,-0.504130005836,-0.440095096827,0.225180059671,0.348858296871,-0.614254653454,-0.540580332279,0.397479236126,-0.071698717773,0.167261332273,0.589563429356,-0.793443799019,0.657245099545,0.009038482793,-0.528512537479,0.636348724365,-0.461987525225,-0.226505383849,0.562048733234,-0.344388425350,0.889541506767,0.419244021177,-0.451841831207,0.285897582769,0.258971482515,-0.351780563593,0.278773009777,-0.220566168427,-0.735734999180,-0.278056830168,-1.059260010719,-0.076740674675,0.398895114660,0.121155187488,-0.564658284187,0.061944063753,-0.269969135523,0.340354889631,0.849860310555,-0.052325244993,0.000391009060,0.355892360210,-0.333378463984,-0.009022019804,-0.212408468127,-0.271031022072,0.114701479673,-0.866698384285,-0.194965347648,-0.183782503009,-0.156922236085,0.373557716608,-0.186157345772,-0.407023966312,-0.132535606623,-0.525903105736,0.876745164394,-0.056828022003,0.183794841170,-0.287280529737,-0.485192894936,0.596218824387,0.083177916706,0.206242874265,0.438098907471,-0.027160724625,0.638311982155,0.408872008324,0.165232196450,0.440424352884,-0.339531689882,-0.196619927883,-0.184663280845,-0.497054815292,-0.654849648476,0.104481741786,-0.593605279922,-0.522976636887,-0.646864831448,-0.531829953194,-0.011754967272,0.406229615211,0.284115403891,0.372314691544,0.450409531593,0.126444101334,1.051723837852,0.366309642792,0.191285744309,-0.315070986748,0.272389262915,-0.192252993584,-0.927913904190,0.377237319946,-0.067578718066,0.072361372411,-0.005745775066,-0.616736531258,0.215746462345,0.268121093512,0.011433928274,-0.339037775993,-0.458744168282,-0.109206773341,-0.039224382490,0.414029210806,0.142520740628,-0.287976115942,-0.055379234254,0.673774480820,0.221204116940,0.832203090191,0.031824022532,-0.647679746151,0.286691963673,-0.303628832102,-0.504224717617,-0.370528399944,-0.686850607395,-0.036425583065,-0.092607408762,-0.778161525726,-0.184774428606,0.303048491478,-0.195570379496,0.843402445316,0.208576574922,0.044780828059,0.005552328657,0.672440946102,0.235021159053,0.157852411270,-0.226793497801,-0.625511586666,0.121961899102,-0.236046001315,0.132996588945,-0.707940399647,-0.533122301102,0.240190684795,-0.133865043521,-0.563353478909,-0.037989620119,0.265042424202,-0.036705464125,-0.157716602087,0.824543416500,-0.103329293430,0.716081619263,0.980580747128,0.355682432652,0.431081324816,0.301295131445,0.973324418068,0.064174875617,-0.376809239388,0.262951552868,0.382522135973,-0.424018472433,0.446030229330,-0.160754129291,-0.496655583382,-0.319557309151,-0.782783687115,-0.730096220970,-0.000893147080,-0.217285797000,0.066467426717,0.257432132959,-0.111367613077,-0.010886515491,0.842599809170,0.318606525660,0.314087301493,-0.005391809158,-0.183914199471,0.399516582489,-0.027098987252,-0.976958811283,-0.276616275311,-0.288918673992,-0.741283237934,0.385806590319,0.048271097243,-0.986248314381,0.614657998085,-0.471133023500,-0.550503730774,-0.211679950356,-0.027773991227,-0.417630612850,0.057099673897,-0.864451050758,0.180078193545,0.332407087088,-0.059923168272,0.026938466355,0.218619346619,0.381163865328,0.441313385963,-0.434098273516,-0.886734485626,-0.347763448954,-0.064261309803,-0.443819999695,-0.216643720865,-0.333880603313,0.002391329035,0.146611928940,0.080840095878,0.710455179214,0.393783181906,0.470589697361,1.177694559097,0.512962758541,0.286222755909,-0.111960299313,0.645827651024,0.651462256908,-1.028489589691,-0.058330319822,-0.647955536842,0.011837285012,0.601577758789,-0.038417667150,-0.386909663677,0.011051150970,0.506743669510,-0.055535633117,-0.207955092192,-0.195953160524,-0.214075401425,0.737727046013,0.144858568907,-0.334382712841,0.242544978857,0.337181538343,-0.092977836728,0.221932634711,0.556780457497,0.061306104064,0.403126209974,-0.161466166377,0.059062946588,-0.790044128895,0.323636144400,0.199254095554,-0.887059628963,0.343240082264,-1.047327995300,-0.426841944456,0.072435453534,-0.711640596390,-0.069381467998,-0.485867857933,-0.096377566457,0.354089587927,0.671383142471,0.078531078994,0.435411214828,0.367429137230,0.169862568378,0.189594119787,0.298644483089,-0.393157541752,0.191861972213,-0.479562342167,-0.615983307362,-0.055301029235,-0.482147097588,0.060989182442,0.462518453598,-0.648153066635,-0.115590520203,-0.471449941397,0.053629979491,-0.423442244530,-0.211437121034,-0.176999524236,-0.203534632921,-0.082663431764,-0.118582762778,-0.109210893512,0.943113863468,0.373709976673,0.315194457769,0.341639012098,-0.342984914780,0.322035074234,-0.021925320849,-0.147225201130,-0.702951967716,-0.006663618144,-0.569276273251,0.012199483812,-0.576697170734,0.048135273159,0.378842532635,0.782487332821,0.411452680826,0.475030750036,0.584747910500,0.786800801754,0.187326267362,0.817180156708,0.306160092354,0.112384237349,-0.079844050109,-0.445606261492,-0.030309375376,0.202468618751,-0.243207648396,0.159704566002,-0.561184465885,-0.540950775146,-0.029708458111,-0.157337933779,-0.292367756367,-0.390642732382,-0.277521759272,0.659072577953,0.050160288811,0.141681104898,0.189124912024,-0.441930800676,0.800305008888,0.810318946838,-0.089277662337,-0.726951718330,-0.139075756073,-0.262251853943,-0.157868877053,-0.315108031034,-0.241894662380,-0.275311559439,-0.391165465117,-0.342478662729,-0.487921684980,-0.514037013054,-0.330768972635,0.018978344277,-0.214758634567,0.203258857131,0.791818022728,-0.009133148938,0.347738772631,1.399030447006,0.588106453419,0.253629058599,0.788648843765,0.360465049744,0.016648754478,-0.239116460085,-0.463386923075,0.316886097193,-0.012615187094,0.066973678768,0.752799451351,-0.326805382967,0.861253082752,0.534422934055,-0.359008073807,0.415757864714,0.385514378548,0.136482745409,0.038495872170,-0.558237433434,-0.248035579920,0.194627851248,0.045743945986,-0.095644928515,-0.247591063380,-0.126563459635,0.141652300954,0.181378811598,-0.297570228577,-0.806252419949,-1.033033609390,-0.632533311844,-0.221533387899,-0.357715666294,-0.904782652855,-0.676820218563,0.520704746246,0.059400450438,0.377200245857,0.176246315241,0.217680931091,0.740785181522,1.006547927856,-0.174883946776,-0.229073688388,-0.156642347574,-0.030362883583,0.158461570740,-0.160762354732,-0.247167110443,0.183305054903,-0.030054191127,0.247726872563,-0.045369397849,0.097999222577,0.354414731264,0.213021740317,-0.183243319392,0.506492555141,-0.093204207718,-0.212001010776,0.749704301357,0.074205286801,0.370141535997,1.022929072380,-0.214931517839,0.385032802820,0.952539265156,-0.195541590452,0.113355584443,-0.846744477749,-0.733323097229,0.289264410734,-0.840986430645,-0.372310578823,0.392511367798,-0.986462354660,-0.375829696655,0.016718724743,-0.759886980057,-0.175921157002,0.338379234076,-0.005437084008,0.152909249067,-0.140541017056,0.016743419692,1.077637434006,-0.069323852658,0.206732660532,0.306118935347,0.178699374199,0.039426062256,-0.185161307454,-0.532764256001,-0.193010315299,-0.488349735737,-0.068887569010,0.262963891029,0.218578189611,-0.576902985573,0.120064474642,0.161330342293,-0.151172339916,0.518477976322,0.030198246241,0.015780303627,-0.219537183642,-0.133486390114,0.051312733442,0.377867043018,0.531068503857,0.245059788227,0.149554789066,0.261700302362,0.035499505699,0.228867888451,-0.063372276723,-0.456468075514,-0.499750763178,0.280230015516,-0.523462355137,-0.771094560623,0.048670336604,-0.483213126659,-0.227941825986,-0.047414995730,0.192034840584,0.005708732642,1.082918047905,0.900115251541,0.072991102934,0.349175214767,-0.089845657349,0.603969097137,0.168570175767,-0.621218740940,0.325862854719,-0.520680010319,-0.278991162777,0.288313627243,-0.230057388544,0.451936513186,0.047686640173,-0.265548676252,0.514452695847,-0.679981231689,0.160346642137,0.251797497272,0.003687832970,0.154312759638,-0.116491891444,0.566292285919,1.102509737015,0.688188314438,0.528627812862,0.504002451897,-0.108527652919,0.275826036930,-0.087009809911,-0.472828775644,-0.066158734262,-0.562937796116,-0.938397049904,-0.806911051273,-1.446630716324,-0.040376830846,-0.570663332939,-0.572375535965,0.022336907685,0.325237214565,0.105103239417,0.378216922283,-0.415403932333,0.098921179771,0.112470664084,-0.054235015064,0.142582476139,0.116747073829,-0.569737255573,-0.389712572098,0.050316691399,0.177254706621,-0.422042846680,0.355299651623,0.169413939118,0.047439690679,0.121253974736,-0.098600141704,-0.419314026833,0.238206833601,0.242594361305,-0.182099103928,-0.014043399133,0.149085581303,0.396129220724,1.420577168465,0.237062633038,-0.080564334989,0.758890926838,0.483966320753,0.605249106884,0.436872363091,-0.285358399153,-0.082136601210,0.178489476442,0.344133257866,-0.464864522219,-0.370540797710,0.059330482036,-0.225855067372,0.257958978415,0.736673414707,0.079337798059,0.223089188337,0.656319022179,0.085659794509,0.119694046676,0.032457869500,-0.036108657718,0.025378547609,-0.077522687614,-0.259778201580,-0.912244737148,-0.527993977070,-0.242149859667,-0.321376532316,-0.050032697618,-0.463423937559,-0.761105298996,-0.049913335592,-0.661924839020,0.172447353601,-0.117109268904,-0.395697057247,-0.262387663126,0.177756845951,-0.640760958195,0.353377521038,0.228164076805,0.386127620935,0.350397646427,0.176801964641,0.058844808489,0.659484148026,-0.176530301571,-0.307061493397,0.225303545594,-0.156189590693,0.029156928882,0.071871578693,-0.342112362385,-0.358728170395,-0.009491230361,0.052148260176,0.770131409168,0.734092831612,-0.231358006597,0.682212054729,0.736698091030,0.495754212141,0.631047427654,0.242866024375,0.366733551025,0.354756355286,-0.155279994011,-0.210597485304,-0.050444286317,-0.168121546507,0.187408581376,-0.190203279257,-0.753095805645,0.179703652859,0.129094719887,-0.351356625557,0.603536903858,-1.089330673218,-0.394985020161,0.424730509520,-0.417671769857,-0.466016948223,-0.216804236174,-0.842492878437,0.406842887402,-0.420429408550,0.376994460821,-0.041615713388,0.063075937331,0.303480654955,-0.201855331659,-0.203785687685,-0.021764799953,-0.807137370110,0.003659021808,-0.335419923067,-1.021225094795,-0.577009975910,0.328217118979,-0.302809745073,0.412646263838,0.205374434590,-0.032778907567,1.472630739212,0.758187115192,0.242717847228,0.755594134331,-0.111890330911,0.494486540556,0.159823924303,-0.218438252807,0.036606680602,-0.319384425879,-0.188898533583,-0.072937600315,-0.147929012775,-0.132967785001,-0.010088033974,-0.199916750193,-0.307382524014,-0.354990988970,0.019480483606,0.373388946056,-0.506780683994,0.150933623314,-0.226620629430,-0.338362783194,0.708454906940,0.555134117603,0.552997946739,0.447034507990,-0.555693864822,0.891163170338,-0.494363069534,0.033503305167,0.565987706184,-1.095216393471,-0.264618456364,-0.510863661766,-0.945447564125,-0.264161616564,-0.773436486721,-0.304052770138,0.066932521760,-0.321080178022,0.842863202095,0.777572989464,0.417836397886,0.925794243813,0.219179108739,0.469861209393,1.246578097343,0.328237712383,0.270668834448,-0.011405117810,-0.335391104221,0.198356837034,0.048032376915,0.247858583927,-0.086791664362,-0.353702694178,0.383419394493,0.067496396601,-0.112400703132,-0.352060437202,-0.466453254223,-0.103432193398,-0.286963611841,-0.159140691161,-0.044517409056,-0.507229328156,0.193339571357,0.197360798717,0.425623655319,-0.302439332008,-0.045019548386,-0.200139015913,-0.272385150194,-0.415943086147,-0.479512959719,-0.613970637321,-0.598149180412,-0.303015559912,-0.305386304855,-0.292647659779,-0.194389119744,0.041772115976,-0.187556743622,0.452681481838,0.508381724358,0.378426820040,0.599219322205,0.507550358772,-0.265935570002,0.704869985580,0.973880171776,-0.222776383162,0.235539749265,0.085083574057,-0.244047284126,0.261638581753,0.089734524488,0.069883614779,0.307728260756,-0.515164732933,-0.297800749540,0.797127544880,-0.089606933296,0.178987503052,0.142961144447,0.571490585804,0.166660413146,0.428677648306,0.135671913624,0.048024144024,-0.285333722830,0.525199294090,-0.041648641229,-0.587205052376,0.587945938110,-0.338264018297,-0.232827380300,-0.283460974693,-0.260683685541,-0.426533252001,-0.227867737412,-0.389387428761,-0.600375890732,-0.733463048935,-0.871991395950,0.169578582048,-0.750346422195,-0.214515805244,0.594535470009,-0.351488322020,0.289828270674,1.239235281944,-0.695366442204,0.330653727055,1.000411152840,-0.428200215101,-0.181415855885,-0.422812521458,-0.117714308202,0.618226468563,-0.121990710497,0.010450231843,0.508813917637,0.153695374727,0.592148244381,0.970208704472,-0.203320607543,-0.456875562668,0.000016463540,-0.171850547194,0.632619738579,-0.166491657495,-0.029803123325,0.116660639644,-0.332081943750,1.108074426651,0.637908637524,-0.338272243738,0.638357281685,0.331250548363,-0.311189711094,0.100258834660,-1.245446205139,-0.887174904346,-0.504150629044,-0.549528241158,0.012458783574,-0.352908343077,0.000325154891,0.455694317818,0.294870227575,0.216433808208,0.318948149681,0.403883546591,0.377809405327,-0.363440841436,-0.273006647825,0.006214986555,-0.665073513985,0.190919443965,0.181926220655,-0.689805865288,0.028630096465,-0.349446862936,0.470511496067,0.166680991650,-0.296705901623,-0.344483107328,-0.144784480333,0.027115451172,-0.142940565944,0.265528082848,0.109260283411,-0.206407517195,0.586464226246,0.471466392279,0.235642641783,0.365066647530,0.321158379316,-0.251546412706,0.280765086412,0.270162582397,-0.507097601891,0.160428956151,-0.597873449326,-0.816538035870,-0.123933404684,-1.207530617714,0.219384893775,-0.501759290695,-0.913207888603,-0.845411002636,-0.443696498871,-0.736315369606,0.432122617960,0.439913988113,0.286338001490,0.901193559170,0.511180579662,0.566720306873,0.689390182495,-0.110388033092,0.406003236771,0.278600126505,-0.455336242914,-0.677067160606,-0.473079800606,-0.233881056309,0.671053886414,0.039722405374,-0.869455933571,0.622260034084,0.571379482746,0.430896103382,-0.054103307426,-0.025349734351,-0.365992724895,0.337156832218,-0.073308028281,0.089063629508,0.271903574467,0.176468566060,0.431077212095,0.344186753035,0.260424375534,0.362844049931,0.153016254306,0.111334688962,-0.753935515881,-1.125167727470,0.139417365193,-0.411456793547,-0.397709727287,-0.650243937969,-0.836944639683,-0.115602858365,0.466749608517,0.297195702791,-0.174739882350,-0.141611129045,0.033914893866,0.437897235155,0.219471335411,0.217067644000,-0.454257845879,-0.620691895485,-0.500886738300,-0.438107132912,0.127012088895,-0.698634386063,-0.207918047905,0.048711501062,-0.346380501986,-0.066903710365,-0.236675739288,-0.295561701059,0.046768803149,-0.024259025231,0.570325791836,0.328048378229,0.301278650761,0.467786788940,0.882787346840,0.414905905724,0.697819471359,0.953053712845,0.245314970613,0.358773469925,0.130461201072,-0.229275360703,0.110984839499,0.359119176865,-0.274397790432,-0.190956488252,-0.441811412573,-0.042508859187,0.068792901933,-0.234905898571,-0.267548978329,0.258452892303,-0.655376434326,0.041660986841,0.298504561186,-0.167080223560,0.445622771978,0.640151798725,-0.704697132111,0.972739994526,-1.100147247314,-0.677886247635,0.622058391571,-0.849086523056,-0.158416301012,-0.438658684492,-1.228579282761,0.264589667320,0.207415908575,0.010557244532,0.061779431999,-0.238531991839,-0.262198328972,0.115228310227,-0.455570816994,-0.374006330967,-0.159560516477,-0.151378124952,0.323315113783,-0.008902658708,0.200324237347,0.010116845369,-0.046509500593,0.669921994209,-0.384304314852,0.295693397522,-0.482710987329,-0.964808702469,0.185165420175,-0.458542495966,-0.079955182970,-0.100526370108,-0.655574023724,0.084313899279,0.538522362709,0.038965083659,0.844172120094,0.583093285561,0.879321753979,0.498182594776,-0.328834503889,0.127658292651,0.965006232262,-0.468651145697,-0.462884783745,-0.047818351537,-0.509859383106,0.357909113169,0.785203814507,-0.787940859795,0.379365235567,0.291849166155,-0.645436644554,0.209333896637,-0.163017854095,-0.145702332258,0.185725197196,-0.492844283581,0.617094635963,-0.539715945721,-0.325990408659,0.630413651466,0.117446772754,0.295034855604,0.450870484114,-0.568790614605,0.479632318020,-0.012495826930,-0.578047215939,-0.300039768219,-0.820876181126,0.054712455720,0.049139548093,-0.539180934429,-0.680619180202,-0.500528633595,-0.296257287264,-0.263490736485,-0.330587893724,-0.286646693945,0.116742961109,0.216289758682,0.675799489021,0.441704392433,0.670345962048,0.719975292683,0.408789694309,0.115800425410,0.411098688841,-0.265836775303,-0.255662322044,-0.166096538305,-0.290252208710,-0.352126300335,-0.160947561264,-0.740962147713,-0.094146750867,0.032301466912,0.099382154644,-0.437958985567,-0.057642966509,-0.328925043344,-0.410333156586,0.198933079839,-0.085581593215,0.078382909298,0.226048529148,-0.383081853390,0.521688401699,0.634965777397,-0.116183198988,0.329822301865,-0.528228521347,0.238350883126,0.240902751684,-0.604549407959,-0.468511164188,-0.456324040890,-0.999604403973,-0.023085998371,0.237881690264,0.146439060569,0.504850327969,0.189375981688,0.167504161596,0.869311928749,1.021093487740,0.794345200062,0.198393881321,0.074073582888,-0.428204327822,-0.359053313732,0.003613747191,-0.398746907711,-0.362329572439,-0.511530399323,-0.223459631205,0.152398869395,-0.577429831028,-0.061244364828,0.175217345357,-0.720810770988,-0.392770677805,0.033717330545,-0.197492510080,0.312848418951,0.132309228182,-0.618955016136,-0.090150229633,0.375829696655,0.612616539001,0.166409343481,-0.398475289345,0.427315294743,0.069546103477,-0.074369922280,0.234967634082,-0.664184451103,-0.384098500013,0.333740651608,-0.960993230343,-0.435304224491,-0.164939969778,-0.128884822130,0.029181623831,-0.307946383953,-0.246335715055,0.449429929256,0.534731626511,0.923546969891,1.230731844902,0.017537785694,0.946126699448,0.257300406694,0.021167995408,0.769686937332,-0.673272311687,-0.496289283037,0.685224890709,-0.173299342394,0.108210727572,0.316635042429,-0.300920575857,0.806771039963,-0.131267920136,-0.405752182007,0.071542315185,0.043727163225,0.053284246475,-0.414049804211,-0.740859270096,-0.108354784548,-0.648663461208,0.000732627464,0.289363175631,-0.631467282772,-0.394556939602,0.043611913919,-0.447269082069,0.501553535461,-1.008025527000,-0.841002881527,-0.036750737578,-0.473182708025,-0.395462483168,-0.288404166698,-1.555438280106,0.230473086238,0.455756038427,0.183370888233,-0.058071020991,-0.050934076309,0.523215413094,1.116153955460,0.359168559313,-0.317688703537,0.562122881413,0.148245945573,0.573565006256,0.013430133462,-0.481550306082,0.482147097588,0.389218658209,-0.082869224250,0.386843800545,0.123390108347,0.561040401459,0.394589900970,0.176036387682,0.356727868319,-0.161256253719,0.309539228678,0.999542653561,-0.099649690092,0.342906713486,-0.002374865580,-0.508756279945,0.665695011616,0.634401917458,-0.296870529652,-0.170977979898,-0.074015960097,-0.346590429544,0.544663310051,-0.435510009527,-0.583702445030,-0.502792358398,-1.103625178337,-0.781441926956,-0.151110604405,-0.637274801731,-0.736467659473,-0.007219261955,-0.523075461388,0.349018812180,0.616493701935,0.120969966054,0.028815308586,0.556587040424,-0.687640905380,0.914804816246,0.470066994429,-0.243088275194,0.228682667017,-0.957787036896,-0.513658344746,1.303731203079,0.067401729524,-0.582689940929,0.144994392991,-0.575882256031,0.581813275814,0.588736176491,-0.559336423874,-0.334329217672,-0.252270817757,0.626561164856,0.344857662916,0.155633956194,-0.582138419151,0.131411969662,1.514110565186,0.248953416944,0.488987714052,-0.223578989506,-0.245306745172,0.146307364106,-0.911067605019,-0.660183846951,-0.182049706578,-0.799514770508,-0.470375686884,-0.708018600941,-0.126571685076,-0.468996852636,-0.085976719856,0.048604484648,0.593094885349,-0.218746930361,0.305645614862,0.366478413343,0.417894035578,0.241042673588,0.142508387566,-0.455793112516,-0.271792441607,0.327694416046,-0.247772142291,-0.237478330731,-0.446532368660,0.000555644452,0.004902018700,-0.677495241165,0.409616947174,0.405110061169,0.061676535755,0.863808989525,0.179621323943,0.225550502539,1.066759109497,0.423771500587,0.265548676252,0.638386070728,0.311638355255,0.836973369122,1.130493640900,0.145632356405,-0.409621119499,-0.275908350945,0.493334084749,0.700675845146,-0.318483054638,-0.394355267286,-0.875687479973,-0.562587976456,0.041072413325,-0.301521509886,-1.191581606865,-0.588308155537,-0.733500123024,0.453035444021,0.293433785439,-0.327484488487,0.897563397884,0.309049457312,-0.459196954966,0.651330530643,0.065491959453,-0.301093459129,0.072842933238,-1.381373286247,-0.868883907795,-0.472676455975,-0.210173547268,0.616888821125,-0.567897439003,0.092607408762,-0.010800082237,-0.634406030178,0.704190850258,0.337753623724,-0.311432540417,0.007791369688,-0.895023882389,0.318507760763,-0.074073582888,0.116244941950,0.817122459412,0.492288649082,0.520754098892,0.244730502367,-0.112738199532,-0.246986031532,0.212737753987,0.588229894638,-0.191285744309,-0.712208569050,-0.981906116009,-0.033071134239,0.231168672442,-0.227394416928,0.561587810516,-0.233597055078,0.127168491483,1.106600880623,0.039302583784,0.237453624606,0.204740568995,0.869377732277,0.331752657890,-0.013211990707,-0.382530361414,-1.144483566284,-0.055366884917,-0.021892391145,-0.387226581573,-0.357448130846,-0.509674131870,-0.350479930639,-0.378764301538,-0.178884580731,-0.740027844906,0.280291765928,0.341548472643,-0.397359907627,-0.026045320556,0.527294278145,-0.357419341803,0.548441648483,0.803062677383,-0.409962713718,0.722749412060,0.544539809227,-0.326558440924,0.797654390335,-0.141709908843,0.149262562394,0.391363024712,-0.152295976877,-0.388304948807,-0.086371846497,-0.304958283901,-0.011610912159,0.018821941689,-0.455595552921,-0.042068459094,0.370730072260,-0.073777236044,0.099888414145,0.492659062147,0.228320479393,0.446260690689,0.684339940548,0.129234671593,-0.108449451625,0.405587524176,0.051592618227,-0.145307198167,0.356563210487,-0.490498244762,-0.466235071421,0.606640279293,-0.341807782650,0.077246926725,-0.123085536063,0.094212606549,-0.140310510993,-0.549680531025,-0.380990982056,-0.961569488049,-0.211679950356,0.124452009797,-0.270146101713,-0.174636989832,0.584402143955,0.573515594006,0.645477771759,0.351587116718,-0.225661620498,-0.024123201147,-0.087388470769,-0.394021898508,0.045073058456,-0.782981276512,-0.531192004681,0.023275328800,-0.339914470911,0.187947764993,-0.022715568542,-0.305653840303,0.065339677036,0.328143060207,0.816081225872,0.375327557325,0.313054203987,0.401677459478,0.594020962715,-0.087927654386,0.051913660020,-0.125089973211,0.200410664082,-0.247533440590,-0.394659847021,-0.261128187180,-0.661056399345,-0.764900207520,0.114479221404,-0.110346876085,-0.357456356287,-0.278163850307,-0.229695200920,0.004992568400,0.198616132140,-0.124587841332,-0.454624176025,0.147834345698,-0.315033942461,0.769036650658,0.375965505838,-0.100374087691,0.424652308226,-0.068056158721,0.125135242939,0.321438252926,-0.144150629640,0.161585524678,-0.269911497831,-0.934742152691,0.150468528271,-0.288037866354,-0.801338136196,-0.077786110342,-0.129012405872,0.089191220701,0.653281450272,0.653396725655,0.474400997162,0.842023611069,0.689192593098,0.468692272902,0.340116143227,0.066833741963,0.829247891903,-0.505825757980,-0.560921013355,-0.140178814530,-0.181897416711,0.508587539196,-0.314449489117,0.012006036006,0.316108196974,-0.005716964137,0.342346966267,-0.425989985466,-0.328348845243,0.154242783785,-0.909075498581,-0.168574288487,-0.625865578651,-0.483423054218,0.223163291812,0.169121712446,-0.354912757874,0.117800742388,-0.283333420753,0.122488729656,0.214626923203,-0.523112535477,-0.822530806065,-0.939948737621,-0.504047751427,0.565814793110,-0.369305998087,-0.246265739202,-0.136301636696,-0.300755947828,0.331563323736,1.132222294807,-0.106049895287,0.184634491801,1.165009498596,0.712504982948,0.156971618533,0.721551656723,0.202303975821,0.127839386463,0.452899634838,0.227184489369,-0.282967090607,0.427698075771,-0.068430699408,0.336399495602,0.044253993779,-0.444420933723,0.168314993382,-0.059540394694,-0.009355406277,0.091129809618,0.258555769920,0.111046575010,-0.137964457273,0.316466271877,0.212972342968,0.079724691808,-0.160243749619,-0.154432117939,-0.183967694640,-0.126370012760,-0.188067138195,0.162676244974,-1.076600193977,-0.865443050861,-0.354163646698,-0.269578129053,-0.211346581578,-0.979514718056,-0.877304971218,-0.924728214741,-0.385954767466,-0.185992717743,0.085532203317,0.074588067830,-0.094916418195,0.340622395277,0.548865616322,0.415568530560,0.835944414139,0.155296459794,0.288498818874,0.930795013905,-0.449396997690,0.107585109770,0.035590056330,-0.136260494590,0.374533206224,-0.032223261893,0.403776556253,0.070817910135,-0.292697042227,0.508912682533,0.010713648051,-0.129810899496,0.184486314654,-0.219133824110,0.227810114622,0.055708501488,-0.414498388767,0.252484858036,-0.023905059323,0.167343646288,0.336148440838,0.315354973078,-0.013162599877,0.571848690510,-0.110490933061,-0.217578023672,-0.421779394150,-0.799453020096,-0.135457888246,-0.283078223467,-0.752704799175,-0.140676826239,-0.546367228031,0.006618342828,0.460526347160,-0.427051842213,0.052938513458,0.091549627483,0.393330425024,1.088746309280,0.128893047571,-0.073415040970,-0.185758113861,-0.004601559602,0.045818027109,-0.249381467700,-0.002078521764,-0.197208508849,-0.668345630169,0.203542858362,0.318124979734,-0.064154297113,0.260181546211,-0.411201596260,-0.224151104689,-0.161429122090,0.466095149517,0.085960261524,-0.234687760472,0.096134722233,0.540090501308,0.639192819595,0.798205971718,1.045175433159,0.077349826694,0.265754461288,0.486164212227,-0.088635578752,-0.391519427299,0.082453519106,-0.950366020203,-0.378142803907,-0.780133008957,-0.817521750927,-0.256765365601,-0.728828608990,-0.626799881458,0.129798546433,-0.141965106130,0.371384531260,-0.031301304698,0.379208803177,0.846135377884,0.376298874617,-0.442124247551,0.436341434717,0.259222537279,0.553039133549,0.026037085801,-0.553586542606,0.358007907867,-0.096398144960,0.078131839633,0.405196517706,-0.436925858259,0.019204718992,0.577639758587,0.213569149375,0.494577080011,-0.417527705431,-0.363803058863,0.199447557330,0.408900797367,0.287173539400,-0.010055107065,-0.048102349043,0.346845626831,0.323438584805,0.076724208891,0.103905513883,-0.479574680328,0.290532082319,-0.183807179332,-0.379949688911,-0.802190124989,-0.897847414017,-0.481476217508,-0.143475621939,-0.365976274014,-0.409596383572,0.117907747626,-0.279410958290,0.204625338316,-0.302192389965,0.063676856458,1.036091685295,0.385205686092,0.154164582491,-0.448112875223,-0.309008300304,0.072188504040,-0.568580687046,-0.029683763161,-0.111548706889,-0.126230075955,-0.553808808327,-0.483892232180,-0.308823078871,-0.196068406105,0.716913044453,0.114166408777,0.322372585535,-0.193191394210,0.067331761122,0.790274560452,0.469149172306,0.810154318810,0.329386055470,0.448520332575,0.891595363617,0.524404883385,0.601400732994,0.330921262503,-0.337667196989,1.222232580185,0.435254842043,-0.186264365911,-0.206127628684,-1.100888013840,-0.049748700112,0.118578642607,-0.394635140896,-0.099888414145,-0.097505316138,-0.258193582296,-0.366861194372,0.563942074776,0.714859247208,0.058149222285,0.294178754091,-0.332357704639,0.310037255287,-0.408279329538,-0.589341223240,-0.181564033031,-0.231851905584,-1.164976477623,-0.060622867197,-0.392198562622,-0.200126677752,0.020126678050,-0.153547197580,-0.130679354072,-0.354171872139,-0.033939588815,-0.363556087017,-0.881227374077,-0.530887424946,0.033038206398,-0.211231321096,0.073439732194,-0.050127360970,0.141323029995,0.009614706971,0.403834134340,0.242668464780,-0.015035327524,0.031490635127,-0.612575352192,-0.053029060364,0.020735828206,-0.447812408209,-0.795687019825,-1.225941061974,0.425751239061,0.158457443118,-0.464395284653,0.510587871075,0.218932151794,0.227682515979,0.954535484314,-0.076646007597,0.170467600226,0.829433143139,0.599408686161,0.058499071747,-0.111968532205,0.242997735739,0.234613656998,0.437156379223,-0.390803277493,-0.435633480549,0.291161805391,-0.305802017450,-0.222661152482,0.358374238014,-0.664497256279,-0.022435689345,0.441774398088,0.153987601399,0.806050777435,-0.041628062725,0.663299560547,0.182226672769,0.910561323166,0.584579110146,-0.179333209991,0.594613671303,0.123250171542,0.022110532969,-0.050366081297,-0.172064572573,-0.054222669452,0.215837016702,-0.706627428532,-0.290947765112,-0.194253310561,-1.089882135391,0.615999817848,-1.240309596062,0.036203324795,0.768760859966,-0.586204946041,0.845880210400,0.231650233269,0.906042039394,1.023443579674,0.483892232180,0.401389330626,0.356768995523,-0.395602405071,-0.179851830006,-1.068623661995,-0.181432336569,-0.260280311108,-0.495939433575,-0.500894963741,-0.329130858183,-0.008947934024,-0.000596803322,0.107803255320,-0.481208711863,0.282061576843,-0.060141310096,-0.715443670750,-0.901317059994,0.164166182280,-0.347607046366,0.011495666578,0.472734093666,-0.209502667189,1.007329940796,0.063586302102,-0.025102782995,0.273599326611,-0.361284166574,-0.246739074588,-0.436312586069,-0.674947500229,-0.715279102325,0.156049668789,-0.240836888552,-0.183613732457,0.700186073780,0.185017243028,0.601396620274,0.327500969172,-0.159313559532,1.382476329803,0.220648467541,-0.355859398842,0.921715378761,-0.217783823609,-0.119825750589,0.427068352699,-0.500252902508,0.182700008154,0.421804130077,-0.228674441576,0.082848645747,-0.295491725206,-0.586525976658,0.024851713330,0.030227059498,-0.186219111085,-0.430249899626,0.741974711418,0.120731256902,0.174801647663,0.242746666074,-0.070986665785,-0.090611204505,0.858248472214,0.378060489893,-0.493136495352,0.217462778091,-0.129049465060,-0.057544186711,-0.049802206457,-0.273064285517,-0.030897948891,-0.262725144625,0.480805337429,-0.170224756002,-1.393877267838,0.163557037711,-0.100954420865,-0.749300956726,-0.053893394768,-0.217343419790,-0.043916493654,1.119520664215,-0.160132616758,0.801214635372,0.955181598663,0.305275171995,0.944159328938,0.290437400341,-0.107580997050,0.858219623566,-0.530479967594,-0.223546043038,-0.010302060284,-0.039755333215,0.449965000153,0.435802221298,-0.248714685440,-0.198216900229,-0.700778782368,-0.166804462671,0.117718428373,-0.534912765026,-0.118944957852,-1.158345818520,-0.222665265203,0.021526077762,0.167360112071,0.405620425940,-0.663011431694,0.128497928381,0.474722057581,-0.952588617802,0.241528362036,-0.708228588104,-1.219779610634,-0.488345623016,-1.037075400352,-0.456484586000,-0.429867148399,-0.702540397644,-0.491029173136,0.214511692524,0.117903634906,0.997052550316,0.019188255072,0.319582015276,0.648951590061,0.245594859123,0.722148478031,-0.057564765215,-0.016689913347,0.258650451899,-0.014520842582,-0.443819999695,-0.315490812063,-0.051761366427,0.131527215242,0.405044257641,0.169981926680,-0.314782887697,-0.016208354384,0.814661204815,-0.666365921497,0.639900743961,0.410501867533,-0.249011039734,0.775424480438,0.556554079056,0.583439052105,0.981058239937,0.733347773552,0.997785151005,-0.171447187662,-0.118656851351,0.186145007610,-0.164886459708,0.219710037112,-0.778791308403,-0.612344920635,-0.272261679173,-0.649136781693,-0.607208251953,-0.663797557354,-0.392651289701,-0.030922643840,-0.340058535337,-0.389016985893,-0.338461577892,0.383357644081,0.840208530426,0.326513141394,0.213420972228,-0.023719845340,0.357950270176,0.212437286973,0.051987744868,-0.700572967529,-0.937936127186,-0.050868224353,0.783466935158,-0.574030160904,0.018793130293,0.057898152620,-0.059223465621,0.786784350872,0.173558637500,-0.578146040440,0.096151188016,0.073880136013,-0.102790109813,0.222220748663,-0.505537688732,-0.064886927605,0.427768051624,0.262404143810,-0.007787254173,0.289354950190,-0.283802598715,0.188379943371,0.248648837209,-0.432134985924,-0.407954186201,-1.192338943481,-0.257893115282,-0.190680712461,-0.514230430126,0.063746824861,-0.192434072495,-0.524816513062,0.521441459656,0.270640015602,0.479216605425,0.657920062542,0.325973957777,0.516341865063,-0.298726826906,0.104559943080,-0.493918538094,0.204975187778,0.092232860625,-0.502796471119,-0.498199045658,-0.074534557760,0.435349524021,0.052728600800,0.126444101334,0.070101752877,0.005111929029,-0.359086275101,0.113717779517,-0.122435227036,-0.183910086751,0.291746258736,0.217512160540,0.249167427421,0.596194148064,0.354081332684,0.751778721809,0.254501610994,-0.054128002375,0.186861172318,0.063355818391,-0.084597900510,0.570029437542,-0.517593145370,-0.766912817955,0.189203098416,-0.228275209665,-0.341050475836,0.012001920491,-1.088293433189,-0.377224981785,0.160486593843,-0.602487325668,0.624178051949,0.204501852393,-0.548709213734,1.174628257751,-0.440226852894,0.102983556688,0.926621556282,0.160865247250,-0.005062538665,-0.117936566472,-0.616757094860,0.189902797341,-0.378439158201,0.615044891834,0.087520174682,-0.476405441761,0.438415825367,-0.244594693184,-0.196228921413,0.684977889061,-0.807573676109,-0.238787174225,0.502566039562,-0.191582098603,0.236461699009,-0.284481734037,-0.067899748683,0.619000315666,0.011693228967,0.452109396458,0.284572303295,-0.065356135368,-0.001584615675,-0.266853392124,-0.461975157261,-0.465741157532,-0.033416870981,-0.490053713322,-0.430727332830,-0.525927782059,-0.176061093807,-0.096373446286,-0.084206886590,0.846287727356,0.074534557760,0.086170166731,0.518523275852,0.333592474461,-0.321940392256,0.065076254308,-0.106432668865,-0.139223933220,-0.274595379829,-0.721860349178,-0.375035345554,-0.619786441326,-0.420264750719,0.791665732861,-0.773506462574,-0.433571428061,0.179979413748,-0.169216379523,0.806754589081,0.135231524706,-0.471750378609,0.564403057098,0.089265309274,0.689435422421,1.112766504288,0.245426088572,-0.234247356653,0.837232708931,0.179283827543,-0.574894428253,0.372117131948,-0.244977459311,0.242405042052,0.007647314109,-0.329949915409,-0.528228521347,-0.108301281929,-0.688867390156,0.096451647580,-0.360782027245,-0.580776035786,0.110988952219,-0.065516658127,0.339222997427,0.599672079086,-0.142314955592,0.742542624474,0.204707637429,0.344655960798,0.256110936403,-0.503545582294,-0.515016555786,-0.214614585042,-0.025427937508,-0.519914448261,-0.196389451623,0.259852290154,-0.551989555359,0.644004285336,-0.527841627598,0.013582419604,0.411246865988,-1.137445330620,-0.097851052880,-0.083441331983,-0.287597447634,0.928469538689,-0.238894179463,-0.395939886570,0.044225186110,0.498396635056,0.535764753819,0.382480949163,-0.298891454935,-0.151131168008,-0.095188073814,-0.488267421722,0.097941592336,-0.003123956732,-0.933042347431,-0.212733611465,-0.303258389235,-0.321462959051,0.616143882275,0.111524015665,0.454920530319,0.520482420921,0.898789882660,0.331620961428,0.438872694969,0.359995871782,0.285782366991,-0.218660488725,-0.131535440683,-0.254341095686,0.237420707941,-0.630639970303,0.088602654636,-0.308580249548,-0.673066556454,0.110350988805,-0.222665265203,-0.639291584492,-0.188223540783,-0.602446198463,0.390782713890,0.192804515362,-0.636249959469,0.406665891409,-0.444527924061,0.173665657640,0.606376886368,-0.588682711124,-0.091397345066,0.551042914391,-0.060878053308,0.566234648228,-0.333637744188,-0.137026041746,0.462024539709,0.196628168225,-0.270228415728,0.226410716772,-0.511489212513,-0.326089203358,-0.193619459867,0.146406143904,-0.614896714687,-0.102123335004,0.624626696110,1.584125876427,0.034087758511,1.202937364578,0.144504606724,0.479438871145,0.889459192753,0.585007190704,-0.393721431494,-0.331369876862,-0.144875034690,0.041776232421,-0.607706248760,0.027313010767,0.081811442971,0.148052498698,-0.180238723755,-0.070348702371,-0.438457012177,0.004745615181,0.063969083130,-0.987157940865,-0.739822089672,-0.065936475992,-0.106696084142,0.141565859318,-0.245446681976,-0.086421236396,0.077065832913,-0.390371084213,0.983778834343,0.212079197168,-0.286597281694,-0.402809292078,-0.680903196335,-1.340337991714,0.227345034480,0.034458190203,-0.811298549175,-0.239038243890,-0.032536070794,-0.342762678862,1.007634401321,0.491523087025,0.323689639568,0.431299477816,0.410324931145,0.214487001300,0.279806077480,0.748165011406,0.737438976765,-0.078119494021,-0.041879128665,0.418309748173,0.640538692474,0.434040635824,0.063586302102,-0.490366518497,-0.385287970304,0.015060023405,0.105280220509,-0.052815034986,-0.584476232529,-0.020262502134,0.309205859900,0.537390530109,0.275348603725,0.112487137318,0.061096195132,0.101934008300,0.075254835188,0.335317045450,-0.138269037008,-0.652511835098,-0.192310616374,-0.501783967018,-0.339399963617,-0.388617753983,-0.327916651964,-0.144698053598,0.112314268947,-1.125126600266,-0.774531364441,-0.503500282764,-0.588806152344,-0.129724457860,-0.224237516522,0.125040590763,0.146282672882,0.228999614716,0.963611006737,0.341383844614,0.940932452679,0.508427023888,0.149604186416,0.167619407177,-0.414523124695,-0.072698876262,0.123089648783,-0.023806277663,-0.538905143738,0.193109095097,-0.122315861285,0.440860658884,0.362926363945,-0.515576303005,-0.112211368978,0.396907120943,-0.220240995288,-0.005918642506,-0.330345034599,-0.984935402870,0.735928475857,-0.291877985001,0.090833462775,0.752182126045,-0.293878287077,0.821394801140,0.171941086650,-0.788760006428,-0.097373612225,-0.744506001472,-0.775078773499,-0.661221027374,-1.009408473969,-0.585566937923,-0.270936369896,-0.139812484384,-0.257971316576,0.902979850769,0.081996656954,0.473446130753,0.166117116809,0.722280144691,0.482776820660,-0.255859881639,-0.344956427813,-0.060676377267,-0.135713070631,0.349092870951,-0.352533787489,-0.621074676514,0.397606819868,-0.398207753897,0.530986189842,-0.137198895216,-0.295565813780,0.776309430599,-0.164215564728,0.009676445276,0.120097398758,0.090500079095,0.386720329523,0.589003741741,0.134688213468,-0.156860485673,0.449919730425,0.570231139660,0.225406438112,0.649885833263,-0.711307227612,-0.120986439288,-0.051440332085,0.381225615740,-0.473289728165,-0.549322485924,-0.205810710788,-0.615724027157,-0.025991812348,0.221043601632,-0.345495611429,-0.453121900558,0.032877687365,-0.845151722431,0.735208213329,0.453088968992,0.407423198223,0.571651160717,0.112116701901,0.408686786890,0.932536065578,0.554125726223,0.201015695930,0.139931857586,-0.756577849388,-0.397536844015,0.269475221634,-0.033643241972,0.055498592556,0.253048717976,0.189581766725,0.117763705552,0.464580506086,0.427344083786,-0.152876302600,-0.395495384932,-0.308349758387,0.076201491058,-0.387580513954,-0.039928201586,-0.550985276699,-0.186482518911,0.153390794992,0.429509043694,0.287963777781,0.294759094715,0.073159851134,-0.116512477398,-1.022702693939,-0.474973112345,-0.841323912144,-0.905165374279,-1.059782743454,-0.840031504631,-0.748218476772,-0.422750771046,0.389646708965,0.306394696236,0.325171381235,0.026864379644,0.047649595886,0.501100778580,0.070216998458,0.398726344109,-0.378155171871,-0.962767243385,0.229695200920,0.035182584077,-0.046748220921,0.148122474551,-0.588324606419,0.061972878873,0.427743315697,-0.504685699940,0.224661469460,0.190795958042,-0.290437400341,0.155675113201,0.248780563474,0.165660247207,0.694609105587,0.678791701794,0.731199264526,1.068845868111,0.671461343765,0.829918801785,0.505430698395,0.405649274588,0.261646807194,-0.397722065449,-0.122233547270,-0.829762399197,0.529459238052,-0.994673550129,-0.093788668513,-0.677268862724,-1.255291461945,0.312910139561,-0.267902940512,-0.215112611651,0.274085015059,-0.486230075359,-0.324751555920,0.232255265117,0.002123796614,0.525820732117,-0.097237780690,0.407056897879,0.338597387075,-0.274657130241,-0.223854750395,-0.642012178898,-0.327941358089,-0.602014005184,-0.736405909061,0.113462597132,-0.330357372761,-0.214219450951,0.039286121726,-0.560287177563,0.426615595818,0.441515058279,-0.005313607398,0.141520589590,0.377192020416,-0.680759131908,0.431846857071,0.356550872326,0.346549272537,0.641995728016,-0.087392583489,-0.005169551354,0.429990619421,0.231271564960,0.455970048904,0.129749163985,-0.700433075428,-0.486670434475,-0.701939463615,-0.312263965607,-0.032280884683,-0.304349094629,0.251793384552,-0.169191673398,0.390601605177,0.828457653522,0.184255808592,0.813858628273,0.711430728436,-0.185795158148,0.300332009792,-0.427611619234,-0.530784547329,0.341684281826,-0.164968788624,-0.218619346619,-0.430410444736,0.013450711966,-0.421948164701,-0.248068496585,0.077156379819,-0.555352210999,-0.021447876468,-0.347746998072,-0.114129371941,0.245598971844,0.124641343951,-0.092343993485,0.160996958613,0.055926647037,0.937639713287,0.096266426146,0.563460528851,0.439317196608,0.009557085112,-0.304320305586,-0.246179297566,0.118060044944,-0.177081823349,-0.726198494434,-0.361205935478,-0.798761546612,-0.027020784095,0.447236180305,-0.227686628699,0.197739467025,-0.342692673206,0.001354126143,0.458542495966,0.106790743768,0.509888172150,0.551750838757,-0.111729815602,0.039528958499,1.060190200806,-0.707298338413,0.600927412510,-0.424928069115,-1.194713830948,0.310642302036,-0.087997615337,-0.505714654922,0.299385368824,-0.052053596824,-0.012154208496,0.194142177701,0.609455525875,-0.001345894416,-0.195047676563,0.035182584077,-0.409020185471,-0.270380705595,-0.001642238116,-0.159638717771,0.044443324208,-0.301579117775,0.050205565989,0.624178051949,0.501746952534,0.225682199001,0.024040883407,0.287103533745,-0.216260939837,0.254563361406,-0.666135370731,-0.731816709042,-0.182745292783,0.201044514775,0.145920470357,0.466523200274,-0.374998271465,0.782894849777,0.618436396122,0.359193295240,0.298607438803,0.184626251459,0.202509760857,0.022139344364,-0.160042062402,-0.778276801109,-0.671691834927,0.003181579057,-0.393042296171,-0.471495181322,-0.497581690550,-0.163915112615,0.064520612359,-0.454755872488,-0.007145176642,-0.219319045544,-0.337889462709,0.020649395883,-0.164911150932,-0.649622499943,0.588057041168,0.378579080105,0.486081868410,0.801819682121,0.101102590561,0.141405344009,0.803647100925,0.424672901630,-0.039109136909,0.222216635942,-0.377006798983,0.010433768854,0.506583094597,-0.397837311029,-0.433377981186,-0.485061138868,0.128687262535,0.035853475332,0.328764528036,-0.424397140741,-0.245207965374,0.953444778919,0.392840623856,0.616752982140,0.486032515764,-0.101374246180,0.878786742687,0.435238331556,0.384670585394,-0.161947712302,0.302603960037,-0.420824527740,-0.397137612104,-0.533167600632,-0.186173826456,-0.332217752934,-0.029687877744,-0.231345668435,-0.205716043711,-0.342025905848,-0.484694868326,-0.275476187468,0.272788494825,-0.090668834746,-0.799156665802,-0.102197423577,-0.531636476517,0.443313717842,0.399734735489,-0.501829266548,0.253024041653,-0.228785574436,0.001119520632,0.251834541559,-0.966763734818,0.017768274993,-1.008836269379,-0.555088818073,-0.521556675434,-0.387539386749,-0.154144003987,-0.112927533686,-0.192997962236,0.967969715595,0.758137762547,0.044698510319,1.160815358162,0.686015129089,0.183663129807,1.283184766769,-0.234181508422,0.029498547316,0.279320418835,0.036820705980,0.337412029505,0.183654904366,-0.069225072861,0.091800697148,-0.522630929947,0.016381222755,0.300920575857,-0.401138246059,-0.042916331440,-0.092496283352,0.256724208593,0.387304782867,-0.463234603405,0.240120723844,0.226015582681,0.400343865156,0.681183040142,0.521832466125,-0.093475855887,-0.088289842010,0.225760400295,-0.053786385804,-0.214659854770,-0.276620388031,-0.666781604290,-0.739949643612,-0.322561919689,-0.521317958832,0.070192299783,-0.853305220604,-0.691847324371,0.119636431336,0.393717318773,-0.351990461349,0.396450251341,0.490485906601,0.285337835550,0.472161978483,0.580319225788,0.098880015314,0.370861828327,0.443194359541,0.340182006359,-0.414325565100,-0.050999928266,-0.013796445914,0.243919685483,-0.185708716512,0.043484322727,-0.369240164757,0.440099209547,0.386028856039,0.140660360456,-0.397380471230,-0.392478466034,-0.066681452096,0.206353992224,0.043587218970,-0.252723574638,-0.345442116261,0.315301477909,0.221381098032,-0.011462739669,0.245508417487,-0.399195551872,0.330851286650,0.682726562023,-0.847826957703,-0.338531523943,-0.392848849297,-0.613950073719,-0.064191341400,-0.361411750317,-0.654322803020,0.107420481741,-0.246084630489,0.384176671505,0.462502002716,0.002407792490,0.759808778763,0.242647886276,0.718234241009,0.268392741680,-0.212910607457,0.642296195030,-0.648482322693,-0.199661567807,0.171871125698,-0.282127469778,0.283415704966,0.149126738310,-0.250299304724,0.180860206485,-0.049139548093,0.214536398649,0.030486358330,0.026070015505,0.191051155329,0.048369877040,0.418182134628,0.253843069077,-0.299422383308,0.422285705805,0.492547929287,0.390630394220,0.048983145505,0.307040899992,0.482336431742,0.138919338584,0.061981108040,-0.321187198162,-0.257440358400,-0.324035376310,-0.866858899593,-0.883149564266,-0.170434683561,-0.630837559700,-0.148060724139,-0.226781129837,-0.504492223263,0.036219786853,0.444441497326,0.159486427903,0.617810785770,-0.430682092905,0.482015401125,0.756437897682,0.483295410872,-0.053140189499,0.045134793967,-0.008153568022,0.245133861899,-0.335551619530,-0.100567534566,0.422055184841,-0.157465532422,0.468066662550,0.211276605725,-0.104140117764,0.284522891045,-0.387514680624,0.208864703774,0.027452953160,-0.386633872986,0.069171562791,0.420976817608,0.130362421274,0.828535854816,-0.090709984303,0.567708134651,0.753527998924,-0.087890602648,0.043381426483,-0.018686117604,-0.151909083128,-0.770864069462,-0.741303801537,-0.482023626566,-0.633582890034,-0.939989924431,0.171278432012,-0.359950572252,0.369956314564,0.538415372372,0.038228340447,0.222805202007,0.029445039108,0.256427854300,0.428245455027,0.219282001257,-0.082531720400,-0.037433970720,-0.330085754395,0.168718352914,-0.405925005674,-0.365951567888,0.084626711905,-0.358324825764,-0.227110415697,-0.376014888287,-0.716987192631,-0.291347026825,0.194331496954,-0.057235497981,0.161050453782,-0.407711297274,0.558130443096,0.016109574586,0.168055698276,1.219952464104,-0.238313853741,0.473347365856,0.289132684469,-0.141944527626,0.267087996006,-0.315754234791,-0.455410331488,-0.153831198812,-0.381398469210,-0.080519057810,-0.428862869740,-0.416321754456,-0.335308790207,-0.034256510437,-0.377842366695,-0.153493687510,0.315243870020,0.114458642900,-0.143372729421,0.777511239052,0.739772677422,0.912561655045,0.241112664342,0.779067099094,0.743468821049,-0.008371709846,-0.014990052208,0.100703351200,-0.343474715948,-0.400121629238,-0.603787958622,0.021966477856,-0.001304735430,-0.190989404917,0.030181784183,0.145307198167,0.512579977512,0.309905558825,-0.190487265587,-0.235403910279,-0.249027505517,-0.355311989784,0.160778805614,-0.124707192183,-0.243302315474,0.198509126902,0.584286868572,-0.258107155561,0.666225910187,0.289400219917,-0.711229026318,-0.043825943023,-0.283086448908,-0.477916002274,0.066323369741,-1.057494282722,-0.466901868582,-0.256790041924,-0.440486103296,0.667530655861,0.079164929688,0.342536270618,-0.024555370212,0.510024011135,0.159568741918,-0.241330787539,-0.188795641065,-0.231197491288,-0.641781687737,-0.270878732204,-0.209967747331,-0.029889557511,-0.799885213375,0.616316735744,0.101452447474,-0.155955001712,0.348467260599,0.276192337275,-0.292108476162,-0.153938204050,-0.556471765041,0.122953832150,-0.211749941111,-0.003712528152,0.542391300201,-0.268779635429,0.630133748055,0.669399261475,0.481562644243,1.570317029953,0.838339865208,0.019110053778,0.364420443773,-0.007338623051,-0.149488940835,0.329752355814,-0.091401457787,-0.209951296449,-0.756322622299,-0.401356428862,-0.177176490426,-0.046921089292,-0.252587735653,-0.129370495677,0.187709033489,-0.468630522490,0.172891855240,0.304974734783,0.048732075840,0.680615067482,0.114178761840,0.333090335131,0.672885417938,-0.668407380581,0.055210478604,-0.030288796872,-0.303904592991,-0.214733958244,-0.771596729755,0.305555045605,-0.244092568755,-0.631957113743,0.268709659576,-0.208440750837,-0.303365409374,0.455644905567,-0.740900456905,-0.238589614630,0.040973637253,-0.581916153431,0.450174897909,0.024740582332,0.413592904806,0.251550525427,-0.190384373069,0.697708368301,0.213881969452,-0.289091527462,-0.166298210621,-0.322356104851,-0.304316192865,-0.402249574661,-0.560649335384,-0.024600643665,-0.231020495296,-0.523071348667,0.469486653805,0.583360850811,0.327233433723,0.708446681499,0.395079702139,0.677721619606,0.539798319340,0.570259988308,0.664373815060,-0.300484299660,-0.453364700079,0.569642603397,-0.708389043808,0.031786978245,-0.126011937857,-0.573285162449,-0.023744540289,-0.380735814571,-0.232288196683,0.492218673229,-0.275529682636,-0.857178270817,0.194282114506,-0.307246685028,0.519177734852,0.479352414608,-0.316820234060,0.215268999338,0.204164370894,0.428426563740,0.206485718489,-0.124464362860,-0.397973150015,-0.325480043888,-0.486711621284,-0.602577924728,0.061042688787,-0.497890383005,-0.265161752701,0.064216040075,-0.294104665518,-0.247772142291,0.126460567117,0.345310389996,0.273866862059,-0.018871331587,-0.167430073023,0.470713168383,0.718942165375,0.514448583126,0.443272560835,0.214203000069,-0.222591161728,0.212239727378,0.567596971989,-0.375372827053,-0.523149549961,0.216228023171,-0.599355161190,-0.631561994553,0.218878641725,-0.343268930912,-0.064372435212,0.031622342765,-0.556998610497,-0.181300610304,0.202254578471,-0.333596587181,0.302352905273,-0.521338582039,0.284732818604,0.161610215902,-0.282362043858,0.242701396346,-0.076501958072,0.285815298557,0.185404151678,-0.179102733731,-0.673235297203,-0.167224287987,-0.138470709324,-0.547890126705,-0.642975330353,-0.921287357807,-0.526693344116,0.476697653532,-0.653248548508,-0.048822630197,0.647910296917,-0.357485204935,0.467342257500,1.174578905106,0.365877479315,0.110161662102,0.232172936201,-0.604681134224,0.549684643745,-0.184276401997,-0.459550887346,-0.266256600618,0.336753457785,-0.130057841539,0.108914546669,-0.019003041089,-0.070356935263,-0.172719001770,0.234025105834,-0.338338077068,0.337160944939,-0.329163789749,0.129164695740,0.202493309975,-0.301204562187,-0.022439803928,0.711587131023,0.478755623102,0.236844480038,0.428150802851,0.083610087633,0.593494176865,-0.091825388372,-0.103670902550,-0.256806522608,-0.006544257049,-0.770884692669,-0.469523668289,0.071250081062,-0.418725430965,-0.315803617239,0.039397250861,-0.321553498507,-0.185124278069,-0.300484299660,0.464177161455,0.915813148022,-0.280357629061,0.370639562607,0.995788991451,-0.267668336630,0.449923843145,0.430476307869,-0.371314555407,0.224727317691,-0.092990189791,-0.004564516246,0.471651613712,-0.213742032647,-0.817949831486,-0.055383346975,0.209901899099,-0.161511436105,0.520540058613,-0.454315513372,-0.600980937481,-0.005330070853,-0.372594594955,-0.196517035365,-0.327624440193,-0.137519940734,-0.124275028706,-0.014640202746,0.201402589679,0.031910456717,0.567839801311,0.200793445110,-0.818912923336,0.162960231304,-0.686834156513,-0.475965052843,0.083988748491,-0.742015898228,-0.504397571087,-0.168566063046,-0.883680522442,0.210638627410,0.318812310696,0.512444138527,0.005280680489,0.508760392666,1.076892495155,1.054304480553,0.370310276747,0.134704679251,-0.105547755957,-0.342289328575,0.025823062286,-0.039096791297,-0.067492283881,0.320343434811,-0.400689631701,0.433612585068,0.150686666369,-0.223266184330,0.185560554266,-0.220553800464,0.009853428230,0.217627421021,0.024625340477,0.092829667032,-0.180386900902,0.542909920216,0.592736780643,0.527150154114,0.285243183374,0.505508840084,0.528689563274,-0.359588414431,-0.041360527277,-0.299537658691,-0.801490366459,0.142113283277,-0.069941230118,-1.118454694748,-0.463835507631,-0.049036655575,-0.295520544052,-0.245508417487,-0.343680500984,-0.156206056476,-0.100460521877,-0.029650833458,0.092537447810,-0.365223050117,0.408419251442,0.240943893790,0.109943516552,0.153473109007,0.215178474784,0.157815381885,-0.559924960136,-0.279493272305,-0.219035044312,0.008980860934,-0.323064029217,-0.273743391037,0.136338680983,-0.450755238533,0.406945794821,0.072423107922,-0.406678229570,0.682627737522,0.182967543602,-0.219664782286,0.247286483645,-0.120681867003,-0.607125997543,0.440082758665,-0.150497332215,0.575199007988,0.063442252576,-0.417363077402,-0.121068753302,0.027243042365,-0.088866069913,-0.541971504688,-0.366000950336,-0.362654715776,-1.258493542671,0.186070933938,-0.308654338121,0.185552313924,0.245426088572,0.370347350836,0.548882067204,0.966483891010,0.943685948849,0.570609807968,-0.034820385277,-0.184412211180,0.308493793011,-0.371178746223,-0.481216937304,-0.052839729935,-0.254221767187,-0.349022924900,0.475648134947,-0.349109381437,-0.050917614251,0.348771840334,-0.004712688271,-0.278394341469,0.124188587070,-0.614032387733,0.236029535532,-0.353311687708,0.549943983555,-0.155897378922,-0.042475935072,0.545568764210,0.127448379993,0.583578944206,0.456122368574,-0.529817283154,0.025925960392,-0.175517797470,0.050962883979,-0.692287743092,-0.294639736414,-0.885614931583,-0.237601801753,0.140680938959,-0.225484639406,-0.498273164034,-0.164647743106,-0.520371317863,0.062890715897,0.500894963741,0.209704339504,-0.067529328167,0.391844570637,0.051065787673,0.074135318398,0.809557497501,0.469416648149,0.177686855197,-0.026922002435,-0.427344083786,0.015183499083,0.042134314775,-0.199653342366,0.043986465782,-0.417350739241,-0.621667385101,0.574906766415,-0.274117946625,-0.263313740492,0.248410120606,-0.736932754517,-0.394170075655,-0.503031075001,-0.758606970310,0.364391654730,0.083470150828,0.178732290864,0.334156334400,-0.366754174232,0.548511624336,1.506146311760,-0.443955808878,-0.352751910686,0.288140743971,-1.062005281448,-0.018311571330,-0.235177546740,-1.387983441353,-0.296142041683,-0.242363885045,0.347463011742,0.129596859217,-0.205094546080,-0.370351463556,1.121360540390,0.664192676544,0.498997539282,0.483171939850,-0.193895235658,-0.294660329819,0.822703599930,-0.400253355503,-0.161540254951,-0.478887319565,0.538271307945,-0.016903940588,-0.328155398369,-0.183309167624,-0.023217706010,0.016126036644,0.021752452478,-0.524738252163,0.151374012232,0.131374925375,0.131115630269,0.501215994358,0.258782148361,0.534060776234,0.691921412945,0.971480548382,0.676206946373,0.341071039438,-0.171628281474,0.562587976456,0.160260215402,-0.242343291640,-0.083597742021,0.000823176932,-0.492206335068,-0.669773817062,-0.588715612888,0.022040562704,-0.353999048471,-0.402138411999,-0.369441837072,-0.478850275278,0.222368925810,0.269203573465,0.174645215273,0.068525373936,0.542551815510,0.442692220211,0.529916048050,0.302027761936,-0.105782359838,-0.251315921545,-0.332497656345,-0.179888874292,-0.343268930912,-0.643901348114,-0.571708738804,-0.442325949669,-0.242631405592,0.217730313540,-0.048262868077,-0.131671279669,-0.017558366060,0.342104136944,-0.024827016518,0.196484118700,-0.824481666088,0.325241327286,-0.017508974299,0.731182813644,0.415811389685,-0.392634838820,0.214285328984,0.183412060142,0.046814072877,0.209321558475,-0.337206214666,-0.554722487926,-0.978790402412,-0.444717258215,0.292890489101,-0.270747005939,-0.334938377142,0.164186760783,0.669786155224,0.199525758624,0.457999229431,0.472680568695,0.580977737904,0.429311484098,0.284761607647,-0.764904260635,-0.267849445343,-0.187906593084,0.138203188777,-0.679462611675,-0.858939886093,0.286095172167,-0.023736307397,0.268845498562,-0.537575721741,-0.766357183456,0.091331481934,0.085787393153,-0.328641057014,0.398829221725,0.000938421756,0.230868205428,0.009277204052,0.629294097424,0.582142531872,0.220701977611,0.312021106482,0.645502448082,0.284012526274,-0.561859428883,-0.211947500706,-0.466210395098,-0.238272696733,0.207403570414,-0.283460974693,-0.289840608835,-0.162198781967,-0.139845430851,0.449948549271,-0.700046181679,-0.048452198505,0.698107600212,-0.525277495384,0.566107034683,0.631524920464,-0.255810499191,0.667394876480,0.237984582782,0.433382093906,1.242972612381,-0.428920477629,0.110223397613,-0.264285087585,-0.359329104424,0.556512892246,-0.193598881364,-0.466646701097,-0.107630386949,-0.058894198388,-0.365148931742,0.235004678369,0.531331896782,-0.113775409758,-0.318730026484,-0.571103692055,-0.517926514149,-0.330410897732,-0.101114943624,0.141495898366,-0.750720977783,0.123525939882,0.031622342765,0.209737256169,0.583932936192,0.429245620966,0.158259883523,-0.060573477298,-0.192631646991,-0.312790811062,-0.716604351997,-0.553117334843,-0.836796462536,-0.046982824802,-0.495778918266,-0.123443625867,0.617642045021,-0.364498645067,1.045146584511,0.429504930973,0.139236271381,1.025900840759,0.316248118877,0.091014571488,0.197455465794,-0.558093428612,0.309547483921,0.167524740100,-0.481163412333,0.048867899925,-0.199575155973,-0.369112551212,0.220323324203,-0.031589418650,-0.378719061613,0.316351026297,-0.320421636105,-0.228332817554,0.043928839266,0.032005120069,-0.036878328770,0.710788667202,0.065294399858,0.397170573473,0.695119440556,0.022513890639,0.524598360062,0.398310631514,-0.146002784371,0.321841627359,-0.318190842867,-0.535768866539,-0.366782963276,-0.721831560135,-0.512032568455,0.043068621308,-0.719423770905,-1.084934830666,-0.022098185495,-0.074180595577,-0.369363635778,0.910639524460,-0.489432215691,0.355044454336,0.794707417488,0.081325769424,0.773140192032,0.594576656818,-0.005021379795,0.659821629524,0.139207452536,-0.168636038899,-0.243899121881,0.151625081897,-0.501158416271,0.406278997660,-0.279946029186,0.060231860727,0.109437264502,0.155839741230,-0.118088856339,0.336288362741,0.090034976602,0.524721801281,-0.354571133852,0.108309507370,0.254106491804,0.284708112478,0.104024879634,-0.225060701370,0.098579555750,0.347899287939,-0.107375204563,-0.038067817688,-0.217380464077,-0.952740967274,-0.536098122597,-0.831458151340,-0.373816996813,0.025156287476,-0.840558350086,-0.485954284668,-0.281452447176,0.033877849579,0.775136351585,0.216297984123,0.273426473141,0.286580830812,0.260037481785,0.697658956051,0.088829033077,0.463806718588,-0.065648369491,-0.419137030840,0.799580574036,-0.648309528828,0.108231306076,-0.072460152209,-0.552907407284,0.421577721834,0.175711244345,-0.176896631718,0.157066285610,0.112524181604,0.508394122124,0.312276303768,0.093467630446,0.065681286156,0.398969203234,0.212721273303,0.814377188683,0.114438064396,0.307201415300,0.294195234776,0.269495785236,-0.122768618166,-0.607500493526,-0.115034863353,-0.262342393398,-0.874901294708,-0.459394514561,-0.014487914741,-0.908178269863,-0.344639509916,-0.170920342207,-0.579512476921,0.110350988805,0.021406717598,0.043574873358,0.498408973217,0.551734387875,0.465695917606,0.372816830873,0.114824958146,1.002707719803,0.125135242939,-0.211239546537,-0.202250465751,-0.001592847519,0.359201520681,-0.281629443169,-0.693189144135,0.305637389421,-0.014018703252,0.546943485737,-0.054868862033,0.102637819946,-0.094488367438,0.531052052975,-0.339050114155,-0.668971240520,0.361218303442,-0.612974643707,0.413506507874,0.375315189362,-0.440605461597,0.317626953125,0.419161707163,0.685883402824,0.462567865849,-0.414095044136,-0.273570537567,-0.222356572747,-0.020801682025,0.141730487347,-1.178052663803,-0.516490042210,-0.398290067911,-0.150336816907,0.134330138564,-0.780190706253,0.145920470357,0.198348611593,0.510246276855,0.343647599220,-0.329279005527,0.373652398586,0.143590882421,-0.404961913824,-0.043755970895,-0.927037239075,0.313115954399,-0.379447549582,0.196093112230,-0.342906713486,-0.287140578032,-0.187104001641,0.348047465086,0.241458401084,0.347034960985,-0.130189552903,-0.577199339867,0.594086825848,0.214783340693,0.033560924232,0.590106785297,0.823267579079,0.778260350227,1.116594314575,0.228612706065,0.788060247898,0.991039216518,-0.360242813826,0.486621081829,-0.042191937566,0.217890828848,0.598033964634,-0.988014042377,-0.575326621532,0.172402068973,-0.410929977894,-0.053477693349,-0.397495716810,-0.147998988628,-0.489823222160,-0.287239372730,0.046439528465,0.055794935673,0.267758876085,0.423434019089,0.130403578281,0.037870254368,0.043862987310,-0.244285985827,-0.282678991556,0.000851988152,-0.376846313477,-0.922044694424,0.027053711936,-0.586727619171,-0.081934921443,0.021649554372,-0.140121191740,-0.038956850767,-0.085071220994,-0.094969928265,0.448158115149,-0.531327784061,0.309222310781,-0.245491966605,0.082210689783,0.496174067259,0.465827614069,-0.426821380854,-0.257543265820,0.307300180197,0.323813140392,0.496062934399,0.003576704068,-0.469433128834,-0.317165970802,0.371948421001,-0.556097209454,-0.473388493061,0.045192413032,-0.317589908838,0.454883515835,1.052213549614,-0.110420957208,0.397022366524,0.957935214043,0.928210318089,0.833680748940,0.506262063980,-0.214845076203,0.461382478476,-0.136017650366,-0.008923238143,0.035137310624,-0.687381565571,-0.133301168680,-0.466025173664,0.155880913138,-0.450981616974,-0.333431959152,-0.164800032973,0.157066285610,-0.332748711109,0.115833349526,-0.463144063950,-0.425339668989,0.190725997090,0.144125938416,0.408089995384,0.234132125974,0.052259389311,-0.113195061684,0.468412399292,-0.196154847741,0.459497392178,-0.302056550980,-0.330797791481,0.108873389661,-0.828021347523,0.090672947466,-0.099530324340,-0.474615007639,-0.288437098265,-0.560435354710,0.359304398298,0.332509994507,0.397285789251,0.330596119165,-0.116339609027,0.641666471958,0.549231946468,0.365655243397,0.089088328183,0.413835763931,0.321841627359,0.166528701782,-0.626906871796,-0.649799466133,0.046583585441,0.348977625370,-0.429710716009,-0.047373834997,-0.168273836374,-0.297125726938,0.594350218773,-0.112005576491,-0.130424171686,-0.430266380310,-0.127279624343,0.143438592553,-0.162404596806,0.008770950139,-0.004441040102,-0.099118746817,0.231732562184,0.456015348434,-0.041002444923,-0.046538308263,0.277632892132,0.385967105627,-0.229415312409,-0.229674607515,-0.543523192406,0.035882283002,-0.227731898427,0.008408753201,-0.372368216515,0.157658964396,-0.119809292257,-0.267594248056,0.401158839464,0.131086811423,0.095295079052,0.659792840481,0.590917587280,0.339642822742,0.208222612739,0.385362058878,0.072719454765,0.070426903665,-0.211634680629,0.118957310915,-0.573622643948,0.108692288399,-0.124427318573,-0.214248269796,-0.340083211660,-0.168100968003,0.386403411627,-0.512616991997,-0.503841936588,-0.254439890385,-0.104181282222,0.602289795876,-0.254139423370,0.357419341803,-0.350656926632,-0.094229072332,1.076065182686,-0.205102771521,0.426294565201,0.327023506165,-1.114145278931,0.747271835804,-0.088092282414,-1.199294805527,0.226007357240,-0.289391964674,-0.772901475430,-0.142586603761,-1.131267428398,-0.029366839677,0.152752831578,-0.329661786556,0.817229509354,0.258300602436,0.398578196764,0.850057840347,0.948464572430,0.666987359524,0.732598721981,0.184210538864,0.084700793028,0.208811193705,-0.480488389730,-0.164145603776,-0.444853067398,-0.049505863339,0.328937411308,-0.382287502289,0.320318758488,-0.084947749972,-0.112548865378,0.922896623611,-0.594354331493,-0.784397125244,0.673506915569,-0.542350172997,-0.068657077849,0.212671890855,-0.915747344494,0.333810597658,0.716081619263,-0.415552079678,-0.380855172873,0.149579480290,-0.245948821306,0.287033587694,-0.783709764481,-0.842295289040,-0.133840352297,-0.938520550728,0.268952488899,-0.394330590963,-0.578845739365,0.195492193103,0.188593953848,0.263766467571,0.872415363789,0.760907709599,0.641896963120,0.962903022766,0.405266493559,-0.283860236406,-0.138540685177,0.267935872078,0.166606903076,0.108490616083,-0.147146999836,-0.529228687286,0.046316049993,-0.057177871466,0.188836798072,0.846300005913,-0.204695299268,0.282658398151,0.469898223877,-0.490658730268,0.371298074722,0.848469138145,-0.302348792553,0.517115652561,0.756096303463,-0.121373333037,-0.124970614910,0.232284083962,0.327455699444,-0.571992754936,-0.627450168133,-0.443515390158,-1.132732748985,0.075065508485,-0.879630446434,-1.114919066429,-0.299570560455,-1.101077318192,-0.466185718775,0.244532942772,-0.756446123123,-0.277262479067,-0.285560101271,0.002144376049,-0.200081408024,0.008845036849,0.442506998777,0.038734592497,-0.138647705317,-0.027662862092,-0.003605515230,-0.263037979603,0.537814438343,-0.443490713835,-0.117393270135,-0.362584769726,-0.642609000206,0.688962101936,-0.149019733071,-0.019192371517,-0.116508349776,-0.170451149344,0.460456371307,0.343787521124,0.281489491463,0.087627194822,-0.458427250385,0.352472037077,0.597939252853,0.364840269089,-0.192508175969,0.451158612967,0.255728155375,0.026028856635,0.422849535942,0.324084758759,-0.482064783573,0.296948760748,-0.708780109882,-0.664398491383,-0.054218553007,-0.675350844860,-0.054481972009,-0.086166054010,-0.382456243038,0.274327844381,0.240487039089,0.210770353675,1.108309030533,0.337852418423,0.028053870425,0.159832164645,-0.169055864215,-0.224447429180,-0.413831651211,-0.485279291868,-0.411427974701,-0.542737066746,-0.256621301174,-0.697786569595,-0.004864975810,0.293446153402,-0.278480768204,-0.287198215723,0.003165115602,0.217705607414,0.242409169674,-0.416564583778,-0.004790890031,-0.049514096230,0.353130578995,0.246706143022,0.654392778873,0.429241508245,0.141903355718,0.493482261896,0.476063817739,-0.314153134823,0.180214017630,0.194603160024,-0.116364300251,-0.759010314941,-0.135960027575,-0.750622153282,-0.203571677208,0.127460733056,-0.776309430599,-0.412374615669,-0.348113298416,-0.273652851582,0.766859292984,0.217717960477,0.234165027738,0.331271111965,-0.059556856751,0.810187220573,0.277171909809,0.092739120126,-0.036223903298,-0.215326622128,0.113940037787,-0.309349924326,-0.581854403019,-0.008548692800,-0.222541779280,0.409711629152,-0.036277409643,0.293660163879,-0.279801964760,-0.120694205165,0.263128519058,-0.200591772795,-0.162606269121,-0.502952933311,-0.202690869570,0.060166005045,0.105749435723,0.157761856914,0.580730795860,0.202480956912,0.609895944595,0.489284068346,0.222998633981,0.250822037458,-0.468223065138,-0.591938316822,-0.689785301685,-0.605718314648,-0.226431280375,-0.597601771355,-0.156983956695,-0.275496780872,0.503619670868,0.698794901371,0.297125726938,0.142397269607,0.107852645218,0.633097171783,0.798605144024,-0.285955220461,0.119932770729,-0.431369453669,-0.210173547268,-0.323129892349,0.258094787598,-0.712258040905,0.032297346741,0.326216816902,-1.096163034439,-0.284872740507,-0.047011636198,-0.102596662939,-0.099032305181,-0.263770580292,-0.335444629192,0.104300640523,0.625618636608,0.179217979312,0.554644286633,0.421273142099,0.389601439238,0.621737360954,-0.010631331243,-0.131309077144,0.135124504566,-0.310848087072,-0.078897401690,-0.572663664818,-0.640641629696,-0.231913641095,-0.577331066132,-0.408950209618,0.190425530076,-0.758969128132,-0.196121916175,-0.178230151534,-0.104292407632,0.630170822144,0.102843612432,0.473293840885,0.565098643303,0.465391337872,0.049806319177,0.206255227327,0.910532474518,-0.527030825615,-0.540012300014,-0.095015205443,-0.830709040165,-0.046270780265,-0.381521970034,-0.532945334911,0.235724970698,-0.399965256453,0.172644913197,0.546404302120,-0.262939184904,0.276064753532,-0.141586437821,-0.132222801447,0.003980060574,-0.281625300646,-0.110013492405,-0.011413348839,0.036787778139,0.099690854549,0.688904464245,-0.286667287350,0.419437497854,0.081823796034,-0.207646384835,-0.591415643692,-0.509838819504,-0.446054905653,-0.356036394835,-0.417157292366,0.284592866898,-0.658323466778,0.274237304926,0.604940414429,0.199237644672,0.587419092655,0.720242857933,0.125962540507,0.064211919904,-0.024217868224,-0.416601657867,-0.602269232273,0.370195031166,-0.980222702026,-0.152102515101,0.057585347444,-0.852984249592,0.559525728226,0.187840759754,-0.525429725647,0.264371514320,-0.325788736343,-0.262070745230,0.510024011135,-0.183058097959,-0.085338756442,-0.129547476768,0.557208478451,0.484904766083,0.874456822872,-0.346866190434,0.287733286619,0.439510643482,0.425775974989,0.180127575994,0.399047374725,-0.420684605837,-0.281320720911,-0.089454643428,0.111939720809,-0.462304413319,-0.273965656757,-0.530068397522,-0.439922213554,-0.256189137697,0.286115735769,-0.178382441401,0.623169660568,-0.614275217056,0.115874506533,0.769872128963,0.303962230682,0.089269429445,0.274747669697,-0.227126866579,0.840377271175,-0.148147165775,-0.298344045877,-0.257399201393,-0.610035896301,-0.034281205386,0.113709554076,-0.847106695175,-0.030387578532,-0.121517382562,-0.209539696574,0.331674456596,-0.302608072758,-0.182313114405,0.047357372940,-0.331909060478,-0.537958502769,-0.027988018468,-0.536044657230,0.268228113651,0.272953122854,-0.011281640269,0.129506319761,0.210593372583,0.183745443821,0.468033730984,0.176509723067,-0.275739580393,-0.517539620399,-0.130926296115,-0.532426714897,-0.785187363625,0.184251695871,-0.046023823321,-0.004218781833,0.845806121826,0.764677882195,0.518864929676,0.510740160942,0.515008330345,1.128065228462,0.606331586838,0.152390643954,-0.070282854140,-0.472972810268,0.189898684621,0.124517872930,-0.312370955944,-0.184593319893,-0.258082449436,-0.159465849400,0.028996407986,-0.618424057961,0.214363515377,0.251143068075,-0.118130005896,-0.149530097842,-0.477059870958,0.179967060685,0.420211285353,0.731594383717,0.147081151605,-0.416782736778,0.467626243830,0.614164113998,0.113075710833,0.388025045395,-0.612369596958,-0.685319542885,-0.259728789330,-0.068146705627,-0.509159684181,-0.649214982986,-0.683072268963,-0.086100198328,-0.002918162150,-0.816155254841,-0.597210764885,-0.015788534656,0.452059984207,0.608512997627,0.020353050902,0.353982537985,0.475553452969,0.265388160944,1.016191482544,-0.150768980384,0.675519645214,0.175480753183,-0.345223963261,0.055473893881,-0.671346127987,0.115993872285,0.236325889826,-0.286317437887,-0.087339073420,0.074094161391,-0.176608502865,0.712282717228,-0.548544585705,0.474413335323,0.208165004849,0.067710421979,0.278583675623,0.036413233727,-0.245631888509,0.279822558165,0.272035300732,0.058778949082,-0.037240523845,-0.263959914446,-0.426796704531,-0.809195339680,-0.084890127182,-0.585900366306,-0.894073069096,-0.082165412605,-0.564226090908,-0.029708458111,-0.752935290337,-0.613703131676,0.494317770004,0.132642626762,-0.119591154158,0.511563360691,0.182321339846,0.065137997270,1.171928286552,0.004161159508,-0.541913866997,0.562480986118,-0.436403155327,-0.179654255509,0.161066919565,-0.242158100009,0.407608419657,-0.588361620903,-0.165347442031,0.245421975851,-0.452298730612,0.173480436206,0.192858025432,-0.185091346502,0.642715990543,0.020492989570,0.136503323913,0.715596020222,0.040747258812,0.626351237297,0.711673557758,0.156197831035,0.564510047436,-0.013158483431,0.221344053745,0.067101269960,-0.657121598721,-0.084038138390,-0.038364164531,-0.692110717297,-0.106226876378,-0.697568356991,-0.671230852604,0.201196804643,-0.221405789256,-0.342972576618,0.541732788086,-0.191030561924,0.546556591988,0.404171675444,0.295368254185,0.362897574902,0.539292037487,0.374043405056,0.801263988018,-0.329632967710,-0.498594194651,-0.077489763498,-0.291005432606,-0.157148599625,-0.318906992674,-0.180613264441,-0.584114074707,-0.028531314805,-0.276048302650,-0.146418482065,0.162231728435,0.273772209883,-0.670638203621,-0.197006836534,-0.465934634209,-0.227978855371,-0.205160409212,0.130284219980,0.200715228915,-0.317116588354,0.545712828636,0.076551347971,0.968801081181,0.104794539511,0.096204698086,-0.563386440277,-0.621408104897,-0.187993034720,-0.561048626900,-0.806017875671,-0.638991117477,-0.675177991390,-0.377937018871,0.180950760841,0.296870529652,-0.045320011675,1.097167372704,-0.125732049346,0.289219111204,1.195520520210,-0.385699599981,0.311337858438,0.564394831657,-0.764550268650,0.427039504051,0.010565476492,-0.733981609344,0.250665605068,-0.040706101805,-0.671872913837,0.340939313173,-0.344548970461,-0.242396816611,0.262523472309,-0.033729676157,-0.025777786970,0.904535710812,0.264182209969,0.168372616172,0.558031678200,0.276336401701,0.800300955772,0.978016614914,0.574655711651,0.275035768747,0.093718700111,-0.058564923704,0.269063621759,0.158737331629,-0.275509119034,-0.496910780668,-0.238466143608,-0.149904638529,-0.776856839657,-0.605500161648,-0.696806967258,-1.087857127190,0.302616328001,0.353426933289,-0.394614577293,0.467317551374,-0.118977881968,0.609965920448,0.560398340225,0.089676901698,0.662608087063,-0.082342393696,-1.210177183151,-0.137256532907,-0.043163284659,-0.652462422848,-0.161359161139,0.060194816440,-0.304130971432,0.448466807604,0.116146154702,-0.446532368660,0.507356882095,-0.037862025201,0.083902314305,0.404402136803,-0.362605333328,-0.164931744337,0.604878664017,-0.140417531133,0.550174415112,0.738455593586,-0.089602813125,0.549478828907,0.030358767137,0.464938580990,-0.223031565547,-0.507591485977,0.290025830269,-0.056539911777,-0.782524406910,0.041833855212,-0.290243953466,-0.507727324963,0.233185470104,0.329241991043,-0.032136827707,0.839809238911,-0.110770806670,0.906424880028,0.546770632267,-0.111404657364,0.325932800770,-0.586678206921,-0.314326018095,0.138071477413,-0.581521034241,-0.315346747637,-0.041257631034,-0.268845498562,-0.397627413273,0.294388651848,-0.807347297668,-0.430142879486,0.408592104912,-0.738068699837,-0.276233494282,0.572536051273,-0.937001824379,0.574182391167,0.367622584105,0.107165299356,0.689476609230,0.394758611917,0.299344182014,0.516210198402,-0.307962864637,-0.112989269197,0.118335813284,0.230538949370,-0.081729128957,-0.171052068472,0.047843046486,-0.200414776802,0.031029656529,-0.159004867077,-0.244323045015,0.223080962896,0.196183636785,0.305522143841,0.324739187956,-0.192145958543,0.621654987335,0.964318871498,0.439815223217,0.390815615654,0.632216393948,0.305131137371,0.669090569019,-0.301385670900,-0.022575628012,-0.148369416595,-0.703466415405,-0.257535040379,0.461184918880,-0.629047155380,0.015060023405,0.021402601153,-0.099921338260,-0.073308028281,-0.054667185992,-0.381377875805,-0.596041858196,-0.112836986780,-0.363687843084,-0.678882300854,0.268112838268,-0.064759328961,-0.320750892162,0.696436524391,-0.107671551406,0.486155956984,0.341268599033,-0.353620380163,-0.282781869173,-0.738686144352,0.354274779558,-0.540152251720,-1.134181499481,-0.240626975894,-0.896410942078,-0.016875127330,0.627079784870,0.465292572975,0.150571420789,-0.056457594037,0.725700497627,1.148233056068,0.939125537872,0.327044099569,0.259630024433,-0.088063471019,0.057000890374,0.418614327908,0.032832413912,-0.656051456928,0.160712957382,0.199673920870,-0.298730939627,0.122023642063,-0.298920243979,-0.068846404552,0.362996369600,-0.659467697144,-0.554389119148,0.312490344048,-0.295788079500,0.181173011661,0.088553264737,0.094941116869,0.641736447811,0.358983367682,0.659908056259,0.447503685951,-0.075333043933,0.650618493557,-0.262646973133,0.202962502837,-0.533760309219,-1.040166378021,-0.344129145145,-0.518761992455,-0.839611709118,0.114285774529,-0.467338144779,-0.497260659933,1.157551407814,-0.417988657951,-0.284312963486,1.294363498688,0.574211180210,0.963466882706,0.984219193459,-0.449413478374,0.562225759029,0.317433506250,0.061672423035,-0.140553355217,-0.755960464478,-0.646165132523,0.534566998482,0.089483454823,-0.407789528370,0.108671709895,-0.473783612251,-0.078712180257,0.754565179348,-0.310613483191,-0.075448289514,0.108749911189,-0.777684152126,0.669683277607,-0.196866884828,-0.748370826244,0.908001244068,-0.073435619473,-0.467157065868,0.772349953651,-0.692501783371,0.122155345976,0.190660148859,-0.491226732731,-0.201167985797,-0.806783437729,-0.532887756824,0.155382886529,-0.758467078209,0.539431989193,-0.382834911346,-0.752692401409,1.153760790825,0.009322479367,0.524302005768,0.408127039671,-0.223216786981,1.401878714561,0.166388764977,-0.627022147179,0.421721816063,0.109750069678,0.349068194628,0.129333451390,0.286008715630,-0.379019498825,-0.407143354416,0.148698687553,0.085824437439,-0.120764181018,-0.053580589592,-0.033811993897,0.300825923681,0.143257498741,-0.011063498445,0.100999698043,0.623922884464,0.538168430328,-0.067825667560,0.596585154533,-0.302472263575,0.114697366953,0.240775153041,-0.368235856295,-0.304122745991,-0.038446482271,-0.271063953638,-0.469610124826,-0.249340310693,-0.967755675316,0.149949923158,-0.185301244259,-0.274661242962,-0.751124322414,-0.776078939438,0.284909784794,0.137096002698,-0.219656541944,0.874609053135,-0.002152607776,0.213733792305,0.870727777481,-0.123678222299,0.053271900862,0.515996098518,0.154119312763,0.025765439495,-0.051983624697,0.121500924230,-0.126263007522,0.168990001082,0.299817502499,-0.007816065103,0.210934981704,0.158313408494,0.440177440643,0.418585479259,-0.050156176090,-0.376056075096,-0.226340740919,0.345298051834,0.541465222836,-0.798675119877,0.452035307884,0.067418195307,0.146249741316,0.350549906492,-0.515267610550,0.214355289936,-0.245751261711,-0.419116467237,-0.111803904176,-0.480986416340,-0.960770964622,-0.464868634939,-0.632051765919,-0.575997471809,0.001267692540,0.231390938163,-0.617028772831,0.553928136826,0.464103072882,0.193133771420,0.875020623207,-0.300406098366,-0.011108773760,0.121575012803,-0.857157766819,0.395664155483,-0.340334296227,-0.352113962173,0.134173735976,0.174587607384,0.285127937794,-0.103950791061,-0.338305145502,0.401232898235,-0.010211510584,0.331847339869,0.315412610769,-0.524269044399,-0.654528617859,0.291297614574,0.245372593403,0.898032546043,0.936602532864,-0.009059062228,0.667695283890,0.695703923702,0.506031632423,0.724803209305,-0.624700784683,-0.243619233370,0.329834669828,-0.802725136280,-0.334851920605,0.024353690445,-1.161119937897,-0.643168747425,0.016772231087,-0.333650082350,-0.017290832475,-0.426418036222,-0.288959830999,0.341585516930,0.543276250362,0.406427145004,0.307946383953,0.522956073284,0.582562327385,0.689542412758,-0.073377996683,-0.090055562556,0.910392582417,-0.863916039467,0.051765486598,-0.572782993317,-0.652330696583,0.326941192150,0.133235305548,-0.731812536716,0.001494066208,-0.323574393988,0.405842721462,0.294298112392,0.093455277383,-0.250826150179,-0.081206411123,0.012458783574,-0.079140231013,0.059099990875,-0.016434729099,0.831491053104,0.059449840337,0.392169713974,0.004951409530,0.355781227350,0.009709373116,-0.223690107465,-0.905091345310,-0.292030274868,-0.404714941978,-0.536900699139,-0.606948971748,-0.214960321784,-0.819559156895,0.508933305740,0.624696671963,0.055671457201,0.736035466194,0.613999485970,0.277624666691,0.308839529753,-0.126345321536,-0.035721767694,-0.135070994496,-0.413625866175,-1.007387518883,-0.326562553644,-0.458097994328,-0.343293637037,-0.166409343481,-0.683549702168,0.248496547341,-0.175081506371,-0.076629549265,0.146455541253,-0.218380630016,0.385197460651,-0.540469169617,0.423289954662,0.535703003407,0.981111705303,0.348220318556,0.819892525673,0.494478315115,0.347784042358,0.652635276318,0.514930129051,-0.286967724562,-0.276077091694,0.003016943578,-0.316001176834,-0.487501889467,-0.245109185576,-0.455945372581,-0.159544050694,-0.567584633827,0.441778510809,0.021752452478,0.178958684206,0.030021265149,0.409542918205,0.744337201118,0.072303749621,-0.347672909498,-0.052345823497,-0.637558817863,0.403430789709,-0.078205928206,-0.467737376690,-0.296722382307,-0.793641388416,0.498561263084,-0.318618893623,-0.297644346952,0.342421054840,-0.361123621464,-0.223558411002,0.111589871347,-0.966607391834,-0.836948692799,0.008877963759,-0.344347298145,0.130831629038,0.543226838112,-0.251711040735,-0.129193514585,0.775976061821,-0.377200245857,0.172912433743,0.267034500837,-0.312634378672,0.550083875656,-0.533669769764,-0.410049170256,-0.652729928493,-0.370347350836,0.397915512323,0.399648338556,-0.131864711642,0.300702422857,0.053094912320,-0.016582898796,0.546902298927,0.282539039850,0.249624311924,0.158099368215,-0.291556954384,0.398891001940,0.327546238899,-0.152398869395,0.076238535345,0.271343827248,-0.429776608944,0.267421394587,0.092833787203,-0.044521525502,-0.225978538394,-0.141569972038,0.006346694659,-0.274097353220,-0.253476768732,-0.155621618032,-0.240207165480,-0.098233826458,0.403546065092,-0.220800757408,-0.022925479338,0.546424865723,-0.099707305431,-0.330472618341,-0.019760362804,-0.407489061356,-0.051465027034,-0.482402324677,0.191680878401,0.380221337080,-0.344170302153,0.069500833750,-0.397685050964,-0.984820067883,0.332135468721,-0.637497067451,-0.914718389511,-0.172307401896,-0.722086727619,-0.019142979756,0.857705116272,-0.316194623709,0.514950692654,0.301933079958,1.189079165459,0.824230670929,0.100588113070,0.249249756336,0.450442433357,-0.604039072990,0.099279262125,-0.812413930893,-0.675606012344,0.102061599493,0.166113004088,0.080210365355,-0.643876671791,-0.382036447525,0.605475485325,0.033659707755,-0.343993335962,-0.368766844273,-0.199710965157,-0.198253944516,-0.121253974736,-0.183432653546,0.439354270697,-0.223743617535,0.366383731365,0.852412104607,-0.118619799614,0.199274674058,0.114224039018,-0.743633389473,-0.116969332099,-0.522025942802,-0.270508289337,-0.629252910614,-0.548935592175,-0.102823033929,-0.279406845570,0.495070993900,-0.204460710287,0.909445941448,1.106670856476,0.225982651114,0.587596118450,0.540395081043,-0.228966668248,0.398656398058,0.177283510566,-0.202682644129,-0.195084705949,-0.725470006466,-0.782841324806,0.202254578471,0.462238550186,-0.398792207241,-0.102143913507,-0.670934557915,-0.591580271721,-0.091492012143,-0.225143015385,0.251093685627,-0.273558169603,0.059758532792,0.388720631599,-0.199151203036,0.613760769367,-0.079671181738,0.656508326530,0.385238587856,0.473828911781,-0.129304647446,-0.715040326118,-0.444774866104,-0.072456039488,-0.424718171358,-0.413259536028,-0.772835552692,-0.667061507702,-0.206135854125,-0.005272448529,-0.669415712357,-0.325179606676,0.459283381701,0.283308714628,0.097776964307,0.819460332394,0.028053870425,0.793703138828,0.714855134487,0.118529252708,0.958791255951,-0.004255825188,-0.492103427649,0.700614213943,-0.368268817663,0.127506002784,0.001403516741,-0.730318486691,0.046739988029,0.844633042812,-0.339593440294,-0.020196646452,-0.177114754915,-0.586970448494,0.460802137852,-0.099126972258,-0.350088924170,-0.117203935981,0.228168189526,-0.127962857485,0.005099581555,-0.505323648453,-0.001918002381,0.042228978127,0.037310495973,-0.357151776552,-0.549038469791,-0.233930438757,-0.750441014767,-0.302571058273,0.192359998822,-1.182530760765,-0.423627465963,-0.044336315244,-0.597754120827,0.655483484268,0.096496917307,-0.102197423577,0.198805466294,0.925514280796,0.337568432093,0.461699396372,0.185264199972,0.533509254456,0.217380464077,0.313988506794,0.298994332552,-0.414333790541,0.060054875910,0.219660654664,-0.279361575842,0.197369024158,-0.195381045341,0.160568907857,0.101757027209,-0.329797625542,0.307806462049,0.380196630955,-0.307827025652,0.293096303940,-0.029198087752,0.499874234200,-0.108535878360,0.519474029541,0.441268146038,-0.148464083672,-0.089071869850,-0.186252012849,-0.834433913231,0.144743323326,-0.621976017952,-0.007128712721,-0.696506500244,-0.118541598320,-0.411823123693,-0.853255867958,-0.954057991505,-0.033988978714,-0.556640505791,-0.211091399193,0.041442845017,0.005231289659,0.403122097254,0.321553498507,0.592638015747,-0.167640000582,0.522980809212,0.033338665962,0.265960246325,0.151267006993,-0.500742673874,-0.526335239410,0.118924371898,0.007672009524,-0.448989510536,0.348047465086,0.022847278044,-0.071167767048,0.832322478294,0.117887176573,-0.107498683035,-0.279513865709,-0.379204690456,-0.325780510902,0.552257061005,0.297973603010,0.313976168633,-0.086133122444,0.517786562443,0.008993208408,0.150908932090,0.355497211218,-0.184185847640,-0.394927382469,0.031540028751,-0.706783890724,-0.664933562279,-0.836310803890,-0.954165041447,-0.467239350080,-0.049744587392,-0.747580528259,-0.089174762368,0.235313355923,0.201143294573,0.324331730604,0.610159337521,-0.389963626862,0.413876920938,0.081161133945,0.378657311201,0.105597145855,-0.472923398018,0.008001280017,-0.524413108826,-0.063820913434,0.394750386477,-0.206070020795,-0.207000195980,-0.220648467541,0.266182512045,-0.250731468201,0.247780397534,0.537427544594,0.076403170824,0.773876905441,0.470075219870,0.776128292084,0.665254592896,0.673737466335,0.689612388611,1.100772857666,0.307637691498,0.164162069559,0.166388764977,-0.277772843838,-0.118833832443,0.207918047905,-0.812306880951,-0.829869449139,-0.174167782068,-0.455459684134,-0.601767063141,-0.638427257538,-0.772024810314,-0.307189077139,0.299961566925,-0.299356549978,-0.168055698276,0.418601959944,0.226567119360,0.647947311401,0.015862619504,0.013162599877,-0.181555792689,0.229892760515,-0.813459396362,-0.817480623722,-0.213462144136,-0.341774851084,-0.034293550998,-0.861347734928,-1.118339419365,0.745362043381,0.062059313059,0.153946444392,0.499870121479,-0.360917836428,-0.179341465235,0.389296859503,-0.252958148718,0.650297462940,0.146974131465,-0.085499279201,0.253394454718,0.699387609959,0.370215594769,0.422166287899,0.674387753010,-0.068936958909,-0.022629136220,0.195940822363,-0.202974870801,0.051193378866,-0.472190767527,-0.499112784863,0.022320443764,0.160206705332,0.467646867037,0.001810989343,-0.497264772654,1.244326710701,0.708611309528,0.665666222572,0.744617104530,-0.061668302864,-0.299644649029,0.331620961428,-0.127090290189,-0.808623194695,-0.059281092137,-0.059989023954,-0.719666600227,-0.320026516914,-0.236996769905,-0.341733694077,0.413708180189,-0.608467757702,-0.288083136082,0.075695239007,-0.338469803333,0.217187017202,-0.197422534227,-0.202707320452,0.761689722538,0.061310224235,0.974135279655,0.513222038746,0.016455307603,0.781322538853,0.253065198660,-0.073871903121,0.266260713339,-0.326076865196,-0.033075250685,-0.428862869740,-0.461452424526,-0.591596722603,-0.377661257982,0.639044642448,-0.776478171349,-0.446145474911,-0.091668993235,-0.079378955066,0.255781680346,0.653269112110,-0.071398258209,-0.376195997000,0.694489717484,0.101312510669,0.110231637955,-0.155391111970,0.223764210939,0.125456288457,-0.098863549531,-0.209313333035,-0.588180482388,-0.339889764786,0.196895703673,0.184922605753,-0.794575691223,-0.050641849637,-0.049625225365,0.126546993852,0.049711659551,-0.738500893116,-0.443638890982,0.128427967429,0.576392650604,0.025427937508,0.233148410916,-0.226830527186,0.342400461435,0.497054815292,-0.371022313833,0.367536157370,0.179324984550,-0.043813597411,0.301624387503,0.012578143738,-0.465453088284,-0.488757193089,0.268623232841,-0.290136963129,-0.225711017847,-0.120735369623,-0.492482095957,0.522556841373,0.697473704815,-0.391330093145,0.302912652493,0.781388401985,0.751107871532,0.255855768919,-0.090557694435,-0.041257631034,0.009404797107,-0.451722502708,0.654055237770,-0.684088885784,-1.106465101242,-0.092767931521,-0.479364752769,-0.131650701165,0.324208259583,-0.427681624889,-0.448470920324,-0.109815925360,-0.332135468721,-0.092204049230,0.462637811899,0.207321241498,0.171928748488,0.297376781702,0.302068918943,0.838315188885,0.307971090078,0.294252842665,0.313165336847,0.017364917323,0.274525403976,0.622478246689,-0.429295033216,-0.733825266361,-0.261441022158,-0.175093844533,-0.507542133331,0.349998414516,-0.227530226111,-0.876934528351,0.068360731006,0.947526097298,0.650630831718,0.523655772209,0.463588595390,0.784368276596,0.481850773096,0.711899876595,0.200587660074,-0.008857384324,-0.344948202372,-0.391387730837,-0.001107173041,-0.328237712383,-0.444202750921,-0.084202773869,-0.595601499081,0.375660926104,-0.017846476287,-0.736150741577,0.279110491276,0.166804462671,-0.737434864044,-0.499051064253,-0.626071393490,-0.759652435780,-0.170722782612,-0.413909882307,-0.184963747859,-0.231061667204,0.013878764585,-0.092479817569,0.111684538424,-0.032511372119,-0.414481937885,-0.295940369368,-0.692991554737,-0.471610426903,-0.658932566643,-0.174106046557,-0.028695948422,-0.132634386420,0.651437580585,0.471153587103,0.071040168405,0.008643358015,1.064462542534,0.637250125408,0.899361968040,0.866801261902,-0.019986737520,0.136993110180,-0.284354150295,0.116689458489,0.686916530132,0.199834451079,0.549207210541,-0.193644165993,-0.443186134100,0.862372517586,0.448800235987,0.004873207770,0.145401865244,-0.572046279907,-0.008915007114,0.597910463810,-0.197410181165,0.437963098288,-0.359674841166,0.022970752791,0.661994814873,0.242256879807,0.059071179479,0.231736674905,-0.163795754313,-0.038022544235,-0.305048793554,-0.923011898994,-0.480755925179,-0.495593696833,-0.675449669361,-0.317577570677,-0.724725067616,-0.672864854336,-0.486295938492,-0.403636634350,0.024193173274,-0.424561738968,-0.191503897309,0.703231871128,0.198797240853,0.030021265149,0.475532889366,0.163310080767,1.086033940315,0.531014978886,-0.186112076044,0.635200381279,0.020966317505,-0.402825742960,0.481360971928,-0.723457336426,0.649145007133,0.324718624353,-0.522774994373,0.239923164248,-0.176505610347,0.265577495098,0.395289599895,0.034334711730,-0.186424896121,0.087507829070,-0.120566613972,0.324121832848,0.207596987486,0.286436766386,-0.296335488558,-0.115141883492,0.888693630695,0.238033965230,-0.268507987261,-0.103465117514,-0.521457910538,-0.148274749517,-0.065557815135,-0.626013755798,-0.885557353497,-0.595049917698,-0.042677611113,0.123036146164,-0.500886738300,0.146879464388,-0.196088999510,1.024698972702,0.460892677307,0.533138811588,0.401582777500,0.330468505621,0.350401759148,-0.508706867695,-0.017307296395,0.063866190612,-0.185618191957,-0.105498366058,-0.567498207092,-0.073847211897,-0.875090599060,0.086454160511,0.423018306494,-0.307090282440,-0.278439611197,0.666464686394,-0.368198841810,0.191734373569,0.797469139099,-0.432114392519,0.912392914295,0.672543823719,0.063100628555,0.964495837688,0.444235712290,-0.047925367951,0.572733640671,-0.359658360481,-0.329665929079,-0.024563601241,-0.080844208598,-0.729680538177,-0.432320207357,-1.365440726280,-0.329546570778,-0.442140728235,-0.353756189346,0.163079589605,-0.527129590511,-0.105321384966,0.764097571373,0.142636001110,0.864730954170,0.352570801973,0.010878283530,0.967010736465,0.175406679511,-0.476360172033,0.110412731767,-0.321121335030,-0.262255966663,0.256246745586,-0.689262509346,0.036705464125,0.341960072517,0.020953970030,0.437135815620,-0.237490668893,-0.043048039079,0.539086282253,-0.108540005982,-0.472573548555,0.046163763851,-0.630211949348,0.852584958076,0.152016088367,0.334872514009,0.428134351969,-0.198747858405,0.512534677982,0.382871955633,-0.329357236624,0.086655840278,-0.391346544027,-0.863932490349,-0.246784359217,-1.060321927071,0.002889350988,-0.194080427289,-0.818731844425,0.450940459967,-0.232061818242,-0.288350671530,0.922410964966,-0.122686296701,0.302221208811,0.457007288933,-0.529236912727,0.626882195473,-0.119298920035,0.012705736794,0.158391594887,-0.844122707844,-0.128390908241,0.299842208624,-0.203127160668,0.525116920471,-0.387115448713,-0.666472911835,0.382802009583,-0.338996618986,-0.089075982571,0.470746129751,-0.174188360572,0.174394145608,0.567263603210,0.134371295571,0.560571193695,0.904412209988,0.563666343689,0.758845746517,0.293532550335,0.426409780979,0.185832202435,-0.305423349142,0.441519200802,0.082535840571,-0.459662020206,-0.059877894819,-0.356114596128,-0.213388055563,-0.296170830727,-0.376327723265,-0.560748159885,0.127209663391,-0.166495770216,-0.176563233137,0.210432842374,0.747070133686,0.349512726068,-0.075069628656,0.214421138167,0.229427650571,0.150604337454,0.089318811893,-0.378204524517,-0.613209247589,-0.777836382389,-0.472557097673,0.033951934427,-0.697370827198,-0.450825214386,0.260630160570,-0.624692559242,-0.265890270472,0.662122428417,-0.771337449551,-0.480714797974,-0.206691503525,-0.194697827101,-0.138396635652,-0.051176909357,-0.333625406027,-0.196624040604,0.585682153702,0.555068194866,0.137495249510,0.474384546280,0.083149105310,-0.220636129379,0.184478089213,-0.480212658644,-0.247611626983,-0.428706467152,-0.712961852551,-0.734319150448,-0.283547431231,0.091018684208,0.395503610373,0.639217495918,0.305694997311,0.476277858019,0.673354685307,0.554154515266,0.487810581923,0.903971791267,-0.166775658727,-0.482455790043,0.796456634998,-0.301673799753,0.009087873623,0.203036606312,-0.146085098386,-0.020295428112,0.402171343565,-0.564119040966,0.082963891327,-0.075781673193,-0.319824844599,-0.340774685144,0.375628024340,-0.347697615623,0.279962480068,0.409279465675,0.470762580633,0.725140690804,0.300805330276,0.888862371445,0.429743647575,0.170899778605,0.175028011203,0.035660028458,-0.141438275576,-0.894291222095,-0.038323003799,-0.157000437379,-0.859738349915,-0.080844208598,-0.622507035732,-0.199089467525,-0.010367914103,-0.337202101946,0.026592733338,0.058013398200,0.185873374343,0.548116505146,0.554405570030,0.300825923681,0.580854237080,0.426948964596,0.525450289249,-0.204979300499,-0.292845219374,-0.390622168779,-0.125653848052,-1.007087111473,-0.392396122217,-0.149110272527,-0.498182594776,0.208992272615,-0.336576491594,-0.278513699770,0.081856720150,-0.158547997475,-0.142051532865,-0.527125477791,-0.159869208932,0.014504377730,-0.736833930016,0.767028093338,0.103547431529,-0.647708594799,-0.083700634539,0.290947765112,-0.109585441649,0.247912093997,-0.174567028880,-0.325718790293,0.212215021253,-0.426187545061,-0.295388847589,-0.143611460924,-0.392544269562,0.194014579058,0.615785777569,-0.071455881000,0.506167411804,0.519264161587,0.703787505627,0.480068564415,1.036108136177,0.641921639442,-0.210712730885,0.145545914769,-0.295676946640,0.038228340447,0.250068813562,-0.657426178455,-0.026987858117,0.060396492481,-0.065866507590,0.007161639631,0.075901031494,-0.334312736988,-0.172484382987,0.225229457021,0.239548608661,0.135931223631,-0.241339027882,0.138030320406,0.002901698695,0.264252156019,0.658566236496,0.352204531431,0.251888036728,0.217038840055,0.050234377384,-0.182132035494,-0.260741323233,0.121723182499,-0.423779755831,-0.209873080254,-0.469927012920,-0.678186714649,-0.005618182477,-0.659821629524,0.034919168800,-0.484460234642,-0.595272243023,0.096159420907,0.287091195583,0.233251318336,0.452883154154,0.413407742977,0.294911384583,0.253468543291,1.275348067284,0.126843348145,0.545852780342,-0.376488208771,0.130115464330,0.419791460037,0.174534097314,-0.241544812918,-0.143146365881,0.196146622300,-0.572536051273,0.263585388660,-0.140075907111,-0.041636291891,0.475318819284,-0.789521396160,-0.430714994669,-0.105436623096,-0.350833922625,0.687348663807,-0.302488744259,-0.216046914458,-0.200241923332,-0.108556464314,0.609570801258,-0.269676893950,-0.606685519218,-0.090117305517,-1.139700889587,-0.178312480450,-0.389193981886,-1.404817461967,-0.634072661400,-0.402130156755,-0.404480367899,0.268273383379,-0.179263249040,-0.285625964403,1.102003574371,0.505891621113,0.400475621223,0.582982182503,0.025473210961,0.501660525799,0.228094115853,-0.073904827237,-0.684249401093,-0.203439950943,0.199126526713,-0.010536665097,-0.508678078651,-0.026354009286,-0.462275624275,0.158885508776,0.435435920954,-0.435950428247,-0.636953771114,0.400191605091,-0.145644694567,0.339774519205,-0.585768640041,0.448318660259,0.615777552128,0.167269557714,1.060807585716,0.593806922436,-0.127975210547,0.884499549866,0.317528188229,-0.210560441017,-0.199455782771,-0.173953756690,-0.043056271970,-0.348327338696,-1.403026938438,-0.502541363239,-0.356662005186,-0.951748967171,0.085503391922,-1.000629186630,-0.479463547468,0.595745503902,0.027284201235,0.748708248138,0.378710776567,-0.058289162815,0.815879523754,-0.158264011145,0.340667694807,0.276003003120,-0.320903182030,0.429192125797,-0.722658813000,-0.720876693726,-0.049386505038,-0.513267278671,0.403299093246,-0.436991721392,0.090203732252,0.250480413437,-0.205205664039,0.376706361771,0.659883379936,-0.358522385359,0.354357093573,-0.046682368964,-0.308432072401,0.809833228588,0.287305235863,-0.029996570200,-0.028835890815,-0.284983873367,0.047118652612,-0.238169804215,-0.423615098000,-0.330526143312,-0.433736056089,-0.335839748383,-0.248648837209,-0.738624393940,-0.332357704639,-0.324652791023,0.153324946761,0.725190103054,-0.184395760298,-0.033811993897,0.624877750874,0.610463917255,0.620387375355,0.548873841763,-0.247434660792,-0.149999305606,0.369812250137,0.259543567896,-0.698827922344,-0.539785981178,-0.047674294561,-0.269586354494,0.175295531750,-0.305715590715,-0.001082477742,0.010256784968,0.213873714209,-0.308222144842,0.119747549295,0.075971007347,0.186630681157,-0.209617897868,0.682944655418,0.395697057247,0.399545401335,0.497034251690,0.200517669320,-0.076226189733,0.389152795076,0.178267210722,-0.162919074297,-0.041130039841,-0.293886512518,-0.768213510513,-0.414111554623,-0.750173568726,-0.006264376454,-0.676244020462,-0.848625481129,-0.006811789703,-0.171694129705,-0.180843755603,-0.001547572785,0.257218122482,0.110951907933,0.102683097124,0.311617761850,0.250513315201,0.077831380069,0.170430570841,0.014981821179,-0.234967634082,-0.217664450407,-0.260173320770,-0.202666178346,-0.081235215068,-0.392737716436,-0.518239319324,-0.122916780412,0.192372336984,0.074653916061,0.057766444981,0.174336537719,-0.219228506088,0.178835183382,0.396281540394,0.091920055449,0.466251581907,0.111375838518,0.279760807753,0.426113456488,0.542280197144,0.257115215063,0.154296293855,-0.204547122121,0.107819721103,-0.168096855283,-0.431982696056,-0.462621331215,-0.909832835197,-0.216668412089,-0.765073001385,-0.269413471222,0.147990748286,-0.028379024938,0.277464151382,0.007367433980,0.443066775799,0.201937660575,0.323434472084,0.533896148205,-0.358876377344,-0.420635193586,0.183757796884,-0.997097790241,0.433460325003,-0.372322916985,-0.883425295353,0.208016827703,-0.534776926041,-0.553664684296,0.204909339547,-0.681874513626,0.054844167084,0.449409365654,-0.073456197977,-0.033886078745,-0.164343178272,0.071101911366,0.537588059902,0.712628424168,0.229110732675,0.572210907936,0.402558237314,0.765517592430,0.156963378191,0.257588535547,-0.007441519760,0.216125130653,-0.403681874275,-0.560167849064,-0.886376440525,-0.486378222704,-0.226246088743,-0.580133974552,-0.117973610759,-0.340091437101,-0.081226989627,0.582150757313,-0.188470497727,0.351788789034,0.671642482281,0.022415108979,0.282197415829,0.440477877855,-0.036437928677,0.458353161812,0.665221631527,0.366939365864,-0.181078344584,-0.763764202595,-0.445116519928,0.150567308068,0.261749714613,-0.831009507179,-0.190437868237,0.081762053072,-0.325171381235,0.015306975693,0.064578235149,-0.194673120975,-0.382057011127,0.176834866405,0.335024803877,-0.326558440924,0.266133129597,0.464868634939,0.366766512394,0.191656187177,0.146879464388,0.291046559811,0.013014428318,-0.544140577316,0.172011062503,-0.706915616989,-0.444746077061,-0.264890134335,-0.438514590263,-0.502891182899,0.441609740257,-0.512201309204,0.295660465956,0.819328606129,-0.220240995288,0.751852810383,0.038026660681,0.358460634947,1.206361770630,-0.651363492012,-0.108062565327,0.390297025442,-0.742567420006,-0.306810408831,-0.218722254038,-0.523141324520,-0.249665454030,-0.621745586395,-0.112244293094,-0.481743752956,-0.725214779377,0.232115328312,-0.009030251764,-0.096727415919,-0.163878068328,-0.054728917778,-0.344182640314,0.743822693825,0.596255898476,0.151159986854,0.120080947876,-0.088298082352,0.848164498806,0.443663597107,0.151937887073,-0.120525464416,0.042994532734,0.400751382113,-0.192664578557,0.527253091335,-0.416239440441,-0.314433038235,0.254608631134,-0.757981359959,-0.221698015928,-0.126596391201,0.071278892457,0.313206493855,0.838389337063,0.258934438229,0.737735331059,0.895139098167,0.146233275533,1.017088651657,0.070801451802,-0.246710255742,0.154333338141,-0.500014126301,-0.046826422215,-1.086704730988,-0.501730442047,-0.127094402909,-0.106502637267,-0.041516933590,-0.152975097299,-0.515135943890,-0.037853792310,0.061540711671,-0.406332522631,-0.767447888851,-0.763492524624,-0.273545831442,0.333835303783,-0.593465328217,0.181407630444,-0.048629179597,-0.006972309202,0.302867412567,-0.040669061244,-0.017286716029,0.427084803581,-0.539296150208,-0.535991132259,-0.338436871767,-0.371726125479,-0.336461246014,-0.029564402997,-0.348924160004,0.359057426453,0.292087882757,0.308325052261,0.825049698353,0.760973632336,0.330645501614,0.686937093735,0.869530081749,0.339437037706,0.052757412195,0.195405751467,-0.165882512927,0.444972425699,0.388794720173,0.037080008537,-0.015467494726,-0.241787657142,-0.479430645704,0.835211873055,-0.183794841170,-0.820571660995,0.294158190489,-0.507752060890,0.152888655663,0.273883312941,-0.003798961639,0.048946101218,0.388304948807,0.295092493296,0.121566772461,0.377052098513,-0.024596527219,0.150888338685,-0.272627979517,0.027420023456,-0.449162393808,-0.528092741966,-0.808997809887,-0.264988899231,-0.624717235565,-0.579504251480,-0.369878113270,-0.189388319850,-0.726379632950,-0.178658217192,-0.062285687774,0.412333488464,0.327007055283,0.717213511467,0.751770496368,-0.005033727270,1.054423809052,0.345018178225,0.316902548075,0.396660208702,0.257777869701,-0.552709877491,-0.156646460295,-0.435049057007,0.207181289792,0.723848342896,-0.168590769172,0.161824241281,0.650009393692,-0.037372235209,-0.196936875582,0.220920130610,-0.363807171583,-0.007914846763,-0.402858704329,-0.209864854813,-0.131490170956,0.433427363634,0.403661310673,-0.043591339141,-0.120352596045,0.592168867588,0.794958472252,-0.534402370453,-0.499940067530,-0.012664577924,-0.596412301064,-1.080189228058,-0.529611468315,-0.370800077915,-0.659356534481,0.021641323343,0.047151576728,-0.325545936823,0.817723393440,0.748576581478,0.688801586628,0.304015725851,-0.477277994156,0.843982756138,0.220899537206,0.323212206364,0.249723076820,-0.784512341022,-0.453303009272,0.258135944605,0.138507753611,0.450051426888,-0.746831417084,-0.283909618855,0.305587977171,-0.021995289251,0.007976585068,-0.375940829515,-0.030815629289,0.743905067444,-0.412514597178,0.554738938808,-0.175307884812,0.344141483307,0.872510015965,-0.014648434706,0.881033957005,0.190639555454,-0.734952986240,0.700762331486,-0.881145119667,0.163248345256,-0.233111366630,-1.049612402916,0.328735709190,-0.592185318470,-0.986166059971,-0.036158051342,-0.831318199635,-0.840496599674,0.336452990770,-0.252188503742,-0.049086045474,0.067105390131,0.586447715759,0.363778382540,0.652273058891,0.553253114223,0.206728547812,1.033811569214,0.608405947685,0.050366081297,-0.366918772459,-0.060334756970,-0.258852124214,0.211712881923,-0.198476195335,0.115327097476,0.236811548471,0.592415750027,0.633817434311,0.548536360264,-0.260757774115,0.188318207860,-0.373648285866,0.184770315886,-0.072896435857,-0.039467219263,0.086960420012,-0.174785166979,0.321195423603,0.151217609644,-0.011676765978,0.667596518993,0.049530558288,-0.785199701786,-0.050304342061,-0.727943658829,-0.718580007553,0.024106739089,-1.402319073677,-0.905597567558,-0.324162989855,-1.069854378700,0.456916749477,0.140808537602,-0.389432668686,0.385670751333,0.674251914024,-0.063882648945,0.601557195187,0.195195853710,-0.084779001772,0.345232188702,-0.233325406909,-0.335300564766,0.180255174637,-0.332958608866,0.425347894430,-0.017488393933,0.090191394091,-0.265684485435,-0.181230649352,0.767382025719,-0.089063629508,0.050110898912,0.060631100088,-0.382760822773,1.465617179871,0.229077801108,0.087153866887,1.064314365387,0.623214960098,0.723021030426,0.631162762642,0.171480119228,0.708928227425,-0.057050280273,0.194566115737,-0.108856916428,-0.529282212257,-0.894459962845,0.004585096147,-0.472906917334,-0.679512023926,-0.421853512526,-0.519626379013,-0.246990144253,0.011429812759,-0.620473742485,0.390350520611,-0.499092221260,0.760714292526,0.326846539974,-0.878934860229,0.419812053442,0.498791754246,-0.487538903952,-0.201139181852,-0.689986944199,-0.545395910740,-0.430933147669,-0.158967822790,-0.353295236826,-0.536081671715,-0.359662473202,0.067648686469,-0.169553875923,0.198258057237,-0.115541122854,-0.154979526997,-0.239421024919,0.636850893497,0.010289711878,-0.339165389538,0.453237116337,0.288054317236,0.288626432419,0.898806333542,0.419737935066,0.055597372353,-0.274858802557,0.488670766354,-0.520005047321,-0.043718930334,0.175554841757,-0.689176082611,-0.485958397388,-0.327303409576,-0.887681126595,0.006515445653,0.665546774864,0.846987366676,0.079103194177,-0.116874665022,0.557401955128,1.535315513611,0.589456439018,0.174579367042,-0.368635088205,-0.424973368645,0.295792192221,0.388593047857,-1.048447608948,0.149126738310,-0.334905445576,0.146430835128,-0.172574937344,-0.621753811836,0.316342800856,-0.414580732584,-0.362465411425,-0.070595659316,-0.047205086797,-0.260140389204,-0.176810190082,0.887113153934,0.161861285567,0.163170143962,0.564180791378,0.501051366329,0.922863721848,-0.162128821015,-0.615419447422,0.028889395297,-0.291972637177,-0.081375159323,0.216314435005,-1.044356346130,-0.912487566471,-0.026436330751,-0.079403646290,0.270096719265,-0.173319920897,-0.230481311679,0.490280121565,-0.088121093810,0.369363635778,0.395985186100,0.456060618162,0.215495392680,0.654154062271,0.444124579430,0.271022796631,-0.256275564432,0.057494793087,-0.374265640974,-0.451578408480,0.195747375488,-0.375302821398,-0.477459102869,0.029737267643,0.163342997432,-0.275834262371,0.463156402111,0.144722744823,0.132893696427,-0.009717604145,-0.552318811417,0.026860266924,0.304546654224,-0.639538586140,0.282045125961,-0.257617354393,0.020143140107,0.542769968510,0.154506206512,0.625606298447,0.279472708702,-0.095328018069,0.483476519585,-0.443375468254,-0.575622975826,0.414263814688,-0.364720910788,-0.392363160849,0.457781076431,-0.760310947895,0.417655289173,0.518136382103,0.219985812902,1.252089262009,-0.274430751801,0.603594541550,0.713270545006,-0.658068239689,0.620626032352,-0.683084607124,-0.508122503757,0.318017959595,-0.170249462128,-0.596251785755,0.028934668750,-0.519437015057,-0.558204531670,-0.260469645262,-0.148130699992,-0.182136148214,-0.466037511826,-0.369281321764,-0.606969535351,-0.120986439288,-0.421499550343,0.129354029894,0.527759313583,0.545136630535,0.027938628569,0.607204139233,0.208025053144,0.459225744009,0.069229185581,-0.118924371898,-0.174789279699,0.218792214990,-0.544280469418,-0.328110128641,0.163758710027,-0.808973073959,-0.034548737109,-0.106214523315,-0.569115757942,0.109210893512,0.067459352314,0.753927171230,0.327200502157,-0.022567396984,0.526368200779,0.843632936478,0.667958736420,0.665513873100,0.203304126859,-0.166709795594,0.893986642361,0.358291924000,-0.311284363270,-0.162560984492,-0.276019483805,0.080646649003,0.019533989951,-0.453459382057,0.137886255980,0.021419065073,-0.015512770042,-0.321849852800,-0.467181742191,-0.137635186315,-0.186145007610,-0.100773327053,0.025897147134,-0.140450462699,-0.182420134544,-0.640155911446,0.351220816374,1.282983064651,-0.484040409327,-0.577372193336,-0.636760354042,-0.347607046366,0.061886444688,-0.210683912039,-1.058564424515,-0.279822558165,-0.873036801815,-0.528076291084,0.567144274712,0.140907317400,-0.030856790021,1.045537710190,-0.138388395309,0.816579222679,0.732841491699,0.709574460983,0.354546427727,0.471729785204,0.067397616804,0.205485552549,-0.186729475856,-0.025563761592,0.465358436108,-0.064331278205,-0.232498109341,-0.078333526850,-0.043969996274,0.235930755734,-0.302591621876,-0.370804190636,0.106251567602,0.140862047672,0.072163805366,0.122706875205,0.404953688383,-0.265651553869,0.906836450100,0.360045254230,0.015969634056,0.605166792870,-0.041125923395,-0.064763449132,-0.448014080524,-0.039458986372,-0.195714443922,-0.861071944237,-0.429986506701,-0.726461887360,-0.264947742224,-0.784841656685,-0.950510084629,-0.337370872498,0.143520906568,-0.057684127241,-0.120965853333,0.118549831212,0.545136630535,0.873580098152,0.774152696133,-0.076506070793,0.004161159508,0.331246405840,0.181156560779,-0.039533074945,-0.299624085426,-0.064236611128,-0.500540971756,-0.452879041433,0.502635955811,0.692345321178,0.273920387030,-0.100279420614,-0.402681708336,0.189865782857,0.049806319177,0.413029074669,-0.157424360514,-0.782351493835,-0.025666657835,0.116022683680,0.662838578224,0.142685383558,0.004115884658,-0.025205679238,-0.536587893963,0.327978402376,0.199492827058,-0.411823123693,0.101946353912,-0.691740274429,-0.918505012989,0.655783951283,-0.285848200321,-0.054239131510,-0.093006648123,-0.357398748398,0.356287479401,0.352336227894,0.512777507305,0.174842789769,0.324446976185,0.125839069486,0.216363832355,0.684776246548,-0.103308714926,0.484534323215,0.025905378163,-0.781557202339,0.686978220940,-0.327595621347,-0.221339941025,0.198175728321,-0.519733369350,0.111639261246,0.433143347502,-0.599363386631,0.253727853298,0.486057192087,0.486069530249,-0.249595493078,0.324940860271,-0.268162250519,0.206082358956,0.646403849125,-0.061738274992,0.472203105688,-0.476002067327,0.418663680553,0.476035028696,-0.173422813416,-0.447791785002,0.272747337818,-0.477985948324,-0.721839845181,-0.375323444605,-1.139445662498,-0.745847702026,-0.076683051884,-0.597079098225,-0.694160461426,0.021196806803,0.156848147511,0.291840940714,0.059202887118,-0.256678938866,0.279954254627,0.775478005409,0.201863572001,0.075913377106,-0.463469237089,-0.515843868256,0.029482083395,0.360049366951,0.153831198812,0.179267361760,0.157119795680,-0.873287856579,0.380719363689,0.674058496952,-0.048670336604,0.138767048717,-0.498997539282,-0.138754710555,0.548614561558,0.514757275581,-0.141853973269,0.265067100525,1.193524360657,0.411111027002,0.676445662975,0.151229947805,0.006252028979,0.546943485737,-0.040171038359,-0.404480367899,-0.624149262905,-0.390346407890,-0.404303371906,-0.467704474926,-0.673848569393,-0.417638838291,-0.138017967343,-0.018908375874,0.031058466062,0.421944051981,-0.068899914622,-0.174834549427,1.168075799942,-0.306662231684,-0.438189446926,0.798115372658,-0.169627964497,0.011425696313,0.321096628904,-0.404089331627,-1.020965814590,0.485880196095,-0.186976417899,-0.274443089962,-0.946497142315,-0.457571148872,0.548515737057,-0.159881547093,-0.424298346043,-0.067928567529,0.405208855867,0.324430495501,1.166252493858,0.127378404140,0.039257310331,0.296351939440,0.191882550716,0.387918055058,0.258716285229,0.265322268009,-0.373652398586,-0.473248571157,0.501310646534,0.020834609866,-0.700420677662,-0.017698304728,-0.655582308769,-0.198101654649,-0.072871737182,-0.834421634674,-0.723482012749,-0.073715500534,0.573157548904,0.279616743326,-0.081062354147,1.022855043411,0.933478593826,0.786471486092,0.677351176739,0.490967422724,0.086487092078,0.612468361855,-1.024028062820,0.186103850603,-0.465292572975,-0.908429265022,0.645440757275,-0.354126632214,-0.313395828009,0.548972606659,-0.239717379212,0.703116595745,0.464333534241,-0.950798213482,0.255859881639,-0.145722895861,-0.645420134068,0.365778714418,-0.182189643383,0.278711259365,-0.148332372308,0.301447421312,-0.225702792406,0.374907702208,0.415420383215,0.170611664653,-0.315593719482,-0.738175749779,-0.678923487663,-0.671062111855,-0.438123583794,-0.406217247248,-0.922369837761,0.086116656661,0.159951522946,0.671197950840,0.403381407261,-0.312724918127,0.297253310680,0.440074533224,0.085371680558,0.083972282708,-0.747090756893,-0.095904238522,-0.305155813694,-0.614061236382,-0.493815630674,-0.470206916332,-0.352459669113,0.439667075872,0.109651289880,0.404155224562,-0.692505896091,-0.630347728729,0.581866741180,-0.064672894776,-0.088071703911,-0.206419870257,0.227089822292,-0.078749224544,0.772996127605,0.703857481480,-0.158626198769,1.054222106934,0.227538451552,0.587468445301,0.214799806476,-0.109795346856,0.167273670435,-0.190190926194,-0.513950526714,0.099801979959,0.533575117588,-0.386362224817,-0.106469713151,0.090928129852,-0.721868574619,-0.164491340518,-0.078559897840,-0.550985276699,0.129852056503,0.510900676250,-0.706874489784,0.331826746464,0.513851761818,0.375031203032,0.335103005171,0.300941169262,0.037483364344,0.335156500340,-0.251089572906,-0.972781181335,-0.107144720852,-0.504837989807,-0.575059115887,0.268652021885,-0.676441550255,-0.242446213961,0.764974236488,-0.283934324980,-0.223616033792,0.096114143729,-0.320545107126,0.229888647795,0.048575673252,-0.691707372665,0.144241183996,-0.000119360666,0.419149369001,0.772415757179,0.171743527055,0.399718284607,-0.501285970211,0.170035436749,0.212647199631,-0.626713454723,-0.523198962212,-0.061557173729,-0.657990098000,-0.462860077620,0.340918749571,-0.648124277592,0.497026026249,0.966611444950,0.720963120461,0.555652678013,0.482254117727,0.609220981598,0.731244564056,0.069764249027,0.121365092695,-0.267083883286,0.423668593168,-0.317556977272,-0.162478670478,-0.438419938087,-0.757203459740,0.205156266689,-0.109223239124,-0.432723551989,-0.122439339757,-0.231567904353,-0.606722593307,-0.344273179770,0.037911415100,0.022793769836,0.194076314569,0.750206470490,0.292577683926,-0.642263233662,0.520136713982,0.144957348704,0.043743625283,-0.205263301730,-0.178831070662,-0.666493475437,-0.068941071630,-0.174361243844,-1.241766571999,-0.413761675358,-0.525796055794,-0.032165639102,0.231781944633,-0.455747812986,-0.004667413421,-0.107996702194,-0.135791271925,0.404459774494,0.017842361704,0.219343736768,0.635542035103,0.276307582855,0.635825991631,-0.029313331470,-0.025798365474,1.336678862572,-0.033857267350,-0.566139936447,-0.500388681889,-0.821757018566,0.060696952045,-0.075304225087,-0.365564674139,-0.561941742897,0.332756936550,-0.062178671360,-0.119776360691,0.250356912613,-0.295347660780,-0.162227600813,-0.121245734394,0.264774858952,0.035054992884,-0.220310956240,0.477492034435,0.444976538420,0.409073680639,0.567181289196,0.318231999874,-0.299912184477,0.094410173595,-0.601622998714,-0.019315848127,-0.280905038118,-0.752338528633,-1.053584218025,-0.021262662485,-0.450384795666,-0.102526687086,0.619238972664,0.380192518234,0.870048642159,1.020685911179,0.106095172465,0.339272409678,0.141269519925,0.325463593006,-0.030725080520,-0.481858998537,-0.306184798479,-0.470211029053,0.059742070735,-0.179189175367,-0.373487740755,-0.152378290892,-0.084684334695,0.344553083181,0.488522619009,-0.616283774376,0.027041364461,0.091191552579,-0.123896367848,0.130930408835,0.320343434811,0.053695835173,0.137836873531,-0.001049550716,0.210741549730,0.353760302067,1.065833091736,0.154814898968,-0.771823048592,0.232876777649,-0.345042884350,-0.062787823379,0.503578543663,-0.465889364481,-1.189112067223,-0.068640612066,-0.813784539700,0.363638430834,0.192915648222,-1.209358096123,0.277735799551,-0.029198087752,0.169928431511,1.021027565002,-0.164289653301,1.042812943459,1.158963203430,-0.171702370048,0.650206923485,0.118800900877,-0.446417123079,0.300290852785,-0.313037753105,-0.492045789957,-0.001234765514,-0.324870914221,-0.072793543339,0.017480162904,0.444717258215,-0.183416172862,0.395376026630,-0.178991615772,-0.120661281049,-0.096920855343,-0.942352414131,-0.331419289112,0.033635012805,-0.375483930111,0.284358263016,-0.099559135735,0.442334175110,-0.292808175087,0.203798040748,0.147669717669,-0.411975383759,-0.368766844273,-0.366939365864,-0.771621406078,-0.553882837296,-0.279180467129,-0.137355312705,-0.246545627713,-0.019052430987,0.205888912082,0.068422466516,0.622054278851,0.521108090878,0.299838095903,0.857688665390,0.350368797779,-0.248537719250,0.070040009916,-0.254234105349,-0.553903460503,0.573079347610,0.055934876204,-0.225764527917,-0.326706588268,-0.221632167697,0.144854456186,0.439881086349,-0.349055856466,-0.237782910466,0.002757642651,0.022719684988,0.184021204710,-0.312095224857,-0.033297508955,0.465827614069,0.679030478001,1.118466973305,0.761199951172,0.195916116238,0.572873532772,-0.318585962057,0.122941479087,-0.049975074828,-0.706750929356,0.254197061062,-0.966047585011,-0.726260244846,-0.248187869787,-0.811442613602,0.199274674058,-0.196014896035,-0.232670962811,0.064734637737,-0.265392273664,-0.464226543903,-0.205337375402,0.491963475943,-0.072867624462,0.427875071764,0.532747805119,-0.189515933394,0.506537854671,-0.132646739483,-0.232522785664,-0.410061508417,-0.214795693755,-0.510945975780,-0.209313333035,-0.326241493225,-0.719691276550,0.128958910704,-0.143203973770,-0.404756128788,0.308744877577,-0.013574188575,0.057243727148,0.408028274775,-0.293507874012,0.236362919211,0.360835492611,0.327241659164,-0.183198034763,-0.001572267967,0.556475877762,0.445355206728,0.171690016985,-0.526726245880,-0.210622176528,0.241071492434,-0.918344497681,0.046595934778,-1.088260531425,-0.937339246273,-0.229563474655,-0.307695329189,0.496840804815,0.782853722572,0.236321777105,0.824946820736,0.731968998909,1.148356556892,0.990709900856,0.643506228924,0.134013220668,0.326266199350,-0.709471523762,-0.175097972155,-0.069649003446,-0.148488774896,0.155728623271,-0.179419651628,0.174875721335,0.243841469288,-0.023300023749,0.637945711613,-0.340803503990,0.085849128664,0.594387292862,-0.285839974880,-0.176822528243,0.971496999264,-0.466255694628,0.085165888071,0.255242496729,0.484028071165,0.777079045773,0.291235893965,-0.241948187351,-0.004926714115,-0.609739542007,0.045818027109,-0.102127447724,-0.572404325008,-0.435868114233,-0.925744891167,-0.345343321562,-0.082749865949,-0.497013688087,-0.042434774339,-0.500606834888,-0.415177524090,0.526685118675,0.304028064013,-0.400776058435,0.564444184303,0.647930860519,-0.001115404768,0.233337745070,-0.093722812831,0.080868907273,0.533229351044,-0.570893824100,-0.578434109688,-0.210494592786,-0.252332568169,0.140973180532,-0.610677957535,0.230654194951,-0.152707561851,0.396244466305,0.251719295979,-0.298216432333,-0.459559112787,0.011792010628,-0.115532889962,-0.029058147222,-0.181469365954,0.218549370766,-0.098427273333,0.876992225647,0.432855278254,-0.158346325159,-0.119463562965,0.451142132282,0.372220039368,0.231255114079,-0.285127937794,-0.428920477629,-0.571663498878,0.125707358122,-0.172430887818,-0.138968735933,0.027819264680,0.196624040604,0.644119560719,0.374520808458,0.521791338921,0.426916033030,0.208885267377,0.666884481907,0.794962584972,-0.196451187134,0.025818943977,-0.223990559578,-0.510073363781,0.239392206073,-0.784491777420,0.057474218309,-0.006486634724,-0.276678025723,-0.488963007927,-0.719662487507,-0.241417229176,0.234543696046,-0.190273240209,0.061968762428,-0.245269700885,0.227567270398,-0.055654995143,0.472157865763,0.534781038761,0.641291916370,0.470721393824,0.265013605356,0.371322780848,-0.426323354244,-0.372388809919,-0.179979413748,-0.712998867035,-0.373244911432,-0.547453880310,-0.226682350039,-0.098933525383,-0.113524340093,-0.786751449108,-0.497252374887,-0.277855157852,0.291202992201,0.069607846439,0.964030802250,-0.534422934055,0.299759894609,1.029724478722,0.407744258642,0.398676961660,0.923036575317,-0.510394394398,-0.303204894066,-0.089055404067,-0.451315015554,-0.343989193439,-0.105420157313,-0.581475734711,-0.263017386198,-0.609463751316,-0.043307341635,0.094574801624,0.000333386677,-0.503459155560,0.056852716953,-0.593173146248,0.557891726494,-0.128794267774,0.557080924511,0.149176135659,-0.633150696754,0.077872544527,0.521709024906,0.256929993629,0.723436772823,-0.650243937969,-0.483855187893,-0.346409350634,-0.439839929342,-0.296430140734,-0.673906147480,-0.845147550106,0.233477696776,0.037154093385,0.042792852968,0.442313551903,0.138034433126,0.935820519924,0.557430744171,0.111421115696,0.981906116009,0.468305379152,0.394882112741,0.059400450438,-1.029135823250,0.045188300312,0.920250177383,-0.329476565123,-0.324286460876,-0.489094734192,-0.455249786377,0.518926680088,-0.339671641588,-0.217923760414,0.124727778137,0.046941667795,0.252019762993,0.051864266396,0.099472709000,0.119298920035,0.931070744991,0.500845611095,0.371116966009,0.252624779940,0.258432298899,0.447898805141,0.266231894493,0.229337111115,-0.466062247753,-0.238696619868,0.230012103915,-0.546297252178,-0.306987375021,-0.605187356472,-0.420244187117,-0.029268058017,0.049637570977,-0.677108347416,-0.016043718904,0.153102695942,0.237741738558,0.723169207573,-0.406670004129,0.935849368572,0.680034756660,0.445980817080,0.815916597843,-0.255419462919,-0.154967173934,-0.018426816911,-0.516214311123,0.127456605434,-0.756524324417,0.152707561851,-0.183358550072,0.174616426229,-0.103868469596,0.434518069029,-0.204102605581,0.055424503982,-0.264861315489,-0.618082404137,0.132086977363,-1.179661989212,-0.206312850118,-0.423248797655,-0.542531251907,0.382081687450,0.453739255667,-0.268919587135,0.449911504984,0.034404680133,-0.089932084084,-0.042126081884,-0.425512522459,-0.060166005045,-0.781808197498,-0.671753585339,0.153604835272,0.194170981646,-0.514979481697,0.020122561604,-0.162717387080,0.438695698977,1.040816783905,0.152193069458,1.024118542671,0.075612917542,-0.076777718961,0.704808235168,-0.168701887131,-0.506093323231,0.832787573338,-0.192075997591,0.069101594388,0.476788222790,-0.735549807549,0.596955597401,-0.299829870462,-0.136182293296,0.266873985529,-0.777910470963,-0.139433830976,0.273126006126,-0.542304873466,0.598536074162,0.040792535990,-0.232247039676,0.851922273636,0.094821751118,0.437037020922,0.629051268101,-0.372026592493,0.146249741316,-0.444828391075,-0.131823569536,-0.406756460667,-0.750276446342,-0.675264418125,-0.602787792683,-0.540654420853,-0.178826957941,-0.029724920169,-0.773070216179,-0.280843287706,-0.779523849487,-0.533295214176,0.875321090221,-0.140759140253,0.808388650417,0.468692272902,0.076543115079,0.898197233677,0.100876219571,0.521416783333,0.613871872425,-0.073345065117,0.089290000498,0.149188473821,-0.517021000385,-0.473693072796,-0.105506591499,0.149027958512,0.185486465693,-0.108046099544,0.830206930637,0.391700536013,0.314507126808,0.437329202890,-0.332526475191,0.664209127426,0.333580136299,-0.070122331381,0.085367567837,0.089417591691,-0.028988176957,0.816945552826,0.238210961223,-0.098052725196,-0.092463359237,-0.894377708435,0.122340559959,-0.691250503063,-1.505607128143,-0.383995622396,-0.905317723751,-0.828778684139,0.706075906754,-0.917294919491,-0.383048951626,0.143854290247,0.356727868319,0.339902102947,1.077131152153,0.153995826840,-0.146784797311,0.284477621317,-0.215273126960,-0.291791528463,-0.564695298672,-0.739496886730,0.352319747210,-0.121258087456,0.118977881968,-0.696708202362,0.005416504573,0.473153918982,-0.404179900885,0.584821999073,-0.394861519337,-0.299187809229,0.897946119308,-0.253061056137,0.004424576182,0.606179296970,0.542630076408,0.553578257561,1.105341434479,-0.279929548502,0.599174082279,0.460234135389,-0.099818445742,-0.155572220683,-0.158449217677,-0.801486253738,-0.456188231707,-0.896225750446,-0.498890519142,-0.350426435471,-0.256843566895,-0.328011333942,-0.024707656354,-0.054897673428,0.243792101741,0.164701253176,0.399878799915,0.965162694454,0.449236482382,0.883388280869,0.516041398048,0.394314110279,0.471063047647,0.110482700169,-0.181028962135,0.071097798645,-0.228044733405,0.102370284498,-0.039203803986,-0.384386599064,0.232271730900,0.626771092415,-0.351430714130,0.823119342327,-0.234218537807,-0.413716405630,0.800226807594,-0.082823954523,-0.091788351536,0.210152968764,-0.062182791531,0.575865805149,-0.130107238889,0.221047714353,-0.072690643370,0.422396808863,0.358962774277,0.145434796810,-0.699774503708,0.222595274448,-0.986026108265,0.020797565579,-0.270607084036,-1.414926052094,0.163087815046,-0.543251514435,-0.224970147014,0.685846388340,-0.506187975407,0.318264901638,0.851074457169,-0.319413244724,0.254011839628,-0.014290353283,-0.721156537533,0.232193529606,-0.430768519640,-1.021998882294,-0.399598926306,-0.341404438019,-0.083161458373,-0.126868039370,-0.331773251295,0.367960125208,-0.871690928936,-0.382723808289,-0.161050453782,0.301472127438,-0.430286973715,0.244763448834,0.168664842844,0.281221956015,0.234992340207,0.359753012657,1.135070443153,0.290709078312,0.605862379074,1.260839581490,0.200229570270,-0.242384463549,1.154662132263,0.252830594778,-0.684912085533,-0.183873057365,-0.720654428005,0.110849007964,0.280616909266,-0.988528609276,-0.632846117020,0.359678953886,-1.007947325706,0.958577275276,-0.407855391502,-0.271858334541,1.080860137939,0.580257475376,-0.094517178833,0.905461788177,-0.189832836390,0.173698574305,0.375154674053,-0.207592874765,-0.543988287449,0.127917587757,-0.814336061478,-0.676787316799,-0.101423636079,-0.165573820472,-0.311185598373,0.416560471058,-0.449343502522,0.329402506351,0.108947470784,-0.322047412395,0.313560456038,0.213762596250,-0.149637103081,0.443589478731,-0.128765463829,0.198743730783,0.895163774490,0.212453752756,0.083305507898,0.488111019135,-0.080609604716,-0.064833417535,-0.841616153717,-0.504109442234,0.109284982085,-0.508838653564,-0.421104431152,0.099995426834,-0.681372404099,0.642148017883,0.367371559143,0.902712345123,1.056531190872,0.355196774006,1.053798198700,0.621441006660,-0.162602156401,0.275422662497,0.172373265028,-0.121278665960,-0.003897743067,-0.496293395758,-0.796296119690,-0.449874430895,-0.454475998878,0.015759723261,-0.420976817608,-0.955663204193,0.047892436385,-0.533439218998,0.099089935422,-0.363342076540,-0.768966674805,0.353813827038,-0.045459948480,-0.241314336658,0.572050392628,-0.273912131786,0.131831794977,0.591086387634,-0.507970154285,-0.410312533379,0.019509295002,-0.850654602051,0.123974569142,-0.525721967220,-0.892027556896,-0.336144328117,-0.266429483891,-0.151295810938,0.248496547341,-0.679182708263,0.174805760384,0.376554071903,0.403216779232,0.369005531073,0.529220461845,0.320368140936,1.027258992195,0.694753110409,0.407250344753,0.565263271332,-0.027000205591,-0.101518303156,0.379233539104,-0.361127734184,-0.197513088584,-0.541086554527,0.189404785633,0.295837461948,-0.107700362802,0.210268214345,0.301081091166,0.133457571268,0.916335880756,-0.518445074558,0.261441022158,0.284177154303,0.369989246130,0.542580664158,-0.024143781513,-0.387543499470,0.642296195030,0.085647448897,0.371252834797,0.338646769524,0.388333737850,0.147262245417,-0.247401729226,-0.431464105844,-0.074308186769,-0.493840336800,-0.167565912008,-0.033437449485,-0.313190042973,-0.309572160244,0.065825350583,0.352056324482,0.051049318165,0.694452643394,0.402014940977,1.002534866333,0.310798704624,0.009853428230,0.407526135445,-0.304773062468,0.054868862033,-0.068253718317,-0.587217450142,-0.281205475330,-0.344462513924,0.328266501427,0.091405570507,-0.519095420837,0.213396295905,-0.286272138357,-0.257238686085,-0.147784963250,-0.494445353746,-0.218718141317,-0.124896526337,-0.268989533186,-0.147850826383,0.503928363323,-0.134465962648,0.293437898159,0.420429408550,0.023699264973,0.545029580593,0.072250239551,0.072476617992,-0.232506334782,-0.694316864014,-0.307530671358,-0.609229207039,-0.607990264893,-0.438564002514,-0.738603770733,-0.092051766813,0.001020739437,-0.969402015209,0.540407419205,0.695638060570,0.327179908752,0.972674131393,0.488831311464,0.688538134098,0.842682182789,0.585760354996,0.856260478497,0.950909376144,-0.407838940620,0.331818521023,0.494363069534,-0.763122141361,0.081021189690,0.867591559887,-0.823732674122,0.937907278538,0.054584864527,-0.016652870923,0.865064382553,-0.430447459221,-0.403743624687,0.242651998997,-0.528413772583,0.383518159389,0.109042137861,-0.661188125610,0.099596187472,0.438111245632,-0.020805798471,0.555545687675,0.015693869442,-0.615847527981,-0.195319309831,-0.847892880440,-0.834380388260,-0.337453156710,-1.479763507843,-0.457295417786,-0.735965490341,-0.491708308458,-0.488670766354,0.014249192551,0.547482669353,0.453673392534,0.510270953178,0.444079279900,-0.143372729421,0.654351592064,-0.311037421227,0.399459004402,-0.506237387657,-0.735051810741,0.797419786453,-0.390350520611,-0.147879630327,-0.101555339992,-0.182831734419,-0.198175728321,0.237342506647,-0.451520800591,0.156444787979,-0.567135989666,0.672482073307,0.604125440121,-0.016903940588,0.306505829096,0.631339669228,-0.427833884954,0.666328847408,0.539263248444,-0.015677405521,0.379167675972,-0.145620003343,-1.413810610771,0.279275119305,-1.223327517509,-0.564814627171,-0.229859828949,-1.294914960861,-0.086063154042,-0.190487265587,-0.864158809185,-0.157416135073,-0.373767614365,-0.220150440931,0.440407902002,-0.124982960522,0.089738637209,-0.001436443767,0.141347721219,0.849000036716,0.024386618286,0.149349004030,-0.083581276238,-0.514460921288,0.541243016720,-0.272212296724,-0.226336613297,-0.540642082691,0.290902525187,0.153617173433,0.430258154869,0.332221865654,-0.364000618458,0.209362715483,0.317240059376,0.278097987175,0.803750038147,0.277785181999,-0.384888738394,0.269709825516,0.648774564266,-0.060750462115,0.501092553139,0.511789679527,-0.025111014023,0.981403946877,0.513913512230,-0.758323013783,0.144257649779,-0.332349479198,-0.396610796452,0.323623806238,-0.820151865482,-0.536715507507,-0.084861315787,-0.180642083287,0.405632823706,0.511172294617,0.032655432820,1.505170941353,0.080296799541,0.512777507305,0.247315287590,-0.194796606898,-0.169278115034,0.193026766181,-0.126300036907,-0.977580308914,-0.233255431056,-0.463419824839,-0.470243990421,-0.108922779560,-0.354748100042,0.159745723009,-0.107008889318,0.178752884269,-0.191993668675,-0.189030244946,0.027074290439,0.111659839749,0.517918288708,0.002333706710,0.204662382603,0.609854757786,0.858215451241,-0.352587252855,1.147916197777,0.325541794300,-0.097579397261,0.633208334446,-0.326105684042,-0.201558992267,-0.089170649648,-0.621630311012,-0.438905596733,-0.149645343423,-1.069084644318,-0.380575299263,-0.530661046505,-0.774008631706,0.034017786384,-0.403381407261,-0.074456356466,0.331505715847,0.492893695831,-0.257543265820,0.224990725517,0.448211640120,-0.179678946733,0.708467245102,-0.421433687210,-0.921822369099,-0.463032931089,-0.287181764841,-0.241219669580,0.060273017734,-0.571433007717,0.072875857353,-0.073579676449,0.114372216165,-0.067784510553,0.184449270368,0.007848992012,-0.145056128502,-0.217549204826,0.260901838541,-0.024106739089,0.726540088654,0.448594391346,0.557735323906,0.286078691483,0.485711485147,0.836685299873,1.060021400452,-0.140322864056,0.319726049900,-0.488345623016,0.073476776481,-0.211659386754,-0.252241998911,-0.168228566647,-0.386983722448,-0.147315755486,0.589501738548,-0.093191869557,0.187774911523,0.540934324265,0.059672098607,0.508126616478,0.762821674347,0.068142592907,-0.452249318361,0.000160519514,-0.464757502079,0.301933079958,-0.192368224263,-0.984260380268,-0.310806930065,-0.170624002814,-0.343186587095,-0.130144283175,-0.994010925293,-0.490168958902,0.242623180151,0.189985126257,-0.587744235992,-0.793505549431,0.228501588106,0.309292286634,-0.071830421686,0.695658683777,-0.644403517246,0.322113275528,0.688455820084,-0.148175969720,0.434213489294,-0.016163080931,-0.739348709583,0.527779936790,-0.747728645802,-0.839698135853,0.365593492985,-0.334724336863,-0.480311453342,0.215993404388,-0.982399940491,-0.214935630560,0.477245092392,0.145348355174,0.092282250524,0.868929207325,0.426434487104,0.695222318172,0.424607038498,0.837607324123,0.389667272568,-0.161330342293,0.230654194951,0.079728804529,-0.461600601673,-0.482719212770,-0.078576356173,-0.287774443626,-0.598136842251,0.000823176932,-0.387983918190,0.185066640377,-0.260198026896,-0.416671603918,-0.558274507523,-0.400957167149,0.182370737195,0.097015522420,-0.408114671707,0.362123787403,-0.501936256886,0.160947561264,0.458237916231,-0.145834028721,-0.035511855036,0.719753086567,-1.097278475761,-0.033301625401,-0.505126059055,-0.729585826397,-0.313762128353,-0.363609611988,0.008758602664,-0.704507768154,-0.312836080790,1.085519313812,0.005375345703,-0.017801202834,0.553413689137,0.533245801926,0.250974327326,1.280521750450,-0.123052611947,-0.074213519692,-0.128222152591,-0.103835545480,-0.305155813694,-0.597239553928,-0.130963340402,-0.388062089682,-0.789961814880,-0.201842993498,0.321228355169,-0.287395775318,0.044163446873,0.472981035709,-0.258090674877,0.053156651556,0.160844668746,0.180884912610,0.571585297585,0.041187658906,0.585809767246,0.029720805585,0.383678674698,0.448384493589,0.730651855469,-0.062413278967,0.032548416406,0.796962857246,-0.767386138439,-0.356620848179,-0.072139114141,-0.578928053379,-0.439481854439,-0.121270425618,-1.330406308174,-0.446248352528,-0.029432691634,0.133264124393,0.600001335144,-0.393091708422,0.319248616695,0.812492191792,0.562184631824,0.438440531492,-0.228234037757,0.393589735031,0.332761049271,0.158103480935,-0.090236656368,-0.289461970329,-0.862261414528,0.109651289880,0.655117154121,0.027020784095,0.104448817670,-0.086804009974,0.032478448004,0.014738984406,-0.451368510723,-0.496836692095,-0.586122572422,-0.090442456305,-0.046270780265,-0.405920892954,-0.290729641914,0.265770912170,0.434925556183,0.134717032313,0.280320554972,0.227550819516,-0.097237780690,0.336543560028,-0.261655032635,-0.713175892830,-0.116232588887,-0.725078940392,-0.079239018261,-0.814150810242,-0.394849181175,0.332962721586,0.259889304638,-0.004667413421,0.905437052250,0.544227004051,0.225822135806,0.772300541401,0.121698491275,0.431875705719,0.882882058620,-0.274768233299,0.605726540089,0.374866575003,-0.284592866898,0.568271994591,-0.715406656265,-0.381908863783,0.176715523005,-0.523626983166,0.154300406575,-0.205271527171,-0.381847113371,0.381303817034,-0.580430328846,0.268639683723,0.477841883898,-0.494869321585,-0.037285801023,0.072526007891,0.181304723024,0.230798244476,0.556455254555,-0.053465344012,-0.444066941738,-0.513732433319,-0.272615641356,-0.404735565186,-0.210210591555,-0.315005123615,-0.573029994965,-0.768357515335,-0.769616961479,-0.031968075782,-0.381258547306,0.099587954581,-0.213663816452,-0.175859421492,0.613431513309,0.265519857407,0.554574310780,0.816303491592,0.791064858437,0.314605891705,0.287704467773,1.111103773117,-0.231403276324,0.002877003746,0.507797300816,-0.522211134434,0.046686481684,0.030663343146,-0.201583698392,0.374302685261,0.209951296449,-0.073563210666,0.266878098249,-0.313128292561,0.294837296009,0.033120524138,-0.201859459281,0.194142177701,0.018336266279,-0.817587614059,0.185132503510,0.451640158892,0.101065553725,-0.344540745020,-0.490666955709,-0.135746002197,0.210790917277,-0.771432101727,-0.858758807182,-1.060766458511,-1.230135083199,-0.489012420177,-0.067599289119,-0.650211036205,-0.375813186169,-0.742147505283,0.093335926533,0.089932084084,0.743876218796,0.268540918827,0.533418655396,-0.037265222520,-0.040450919420,0.372590482235,-0.099164009094,0.293211519718,-0.068624146283,-0.101415403187,-0.633652865887,-0.406986922026,0.318277269602,0.173266410828,-0.059931401163,-0.496680319309,-0.255365967751,0.489325195551,0.603252887726,0.133601620793,-0.127057373524,0.292771130800,0.369865775108,0.971645176411,1.129493474960,-0.103131733835,0.353410482407,0.638694763184,0.099999539554,0.096793264151,-0.090220198035,-0.066422149539,-0.157531380653,-0.772930264473,-0.046176113188,-0.141100764275,-0.641752898693,-0.166162386537,-0.401278197765,-0.752083301544,-0.139676675200,-0.464806884527,0.148706912994,0.843875825405,-0.170603439212,0.774333775043,0.472161978483,0.682150304317,0.300751835108,0.147887855768,0.171718835831,0.101831100881,-0.290338635445,-0.431760460138,-0.719263255596,-0.101625308394,0.085153542459,0.287404000759,0.484641343355,-0.131774172187,0.658446907997,0.239490985870,-0.386185228825,-0.245590746403,-0.546313762665,-0.145624116063,-0.332044899464,0.122665710747,-0.347269564867,0.166269406676,-0.040570277721,0.457888096571,0.759319067001,0.380081385374,0.247628092766,0.055790822953,-0.422553211451,-0.048777353019,-0.890233039856,-0.576861858368,-0.496227532625,-0.537003636360,0.365037828684,-0.212519600987,-0.215775251389,0.536110460758,-0.003461459186,0.599342823029,0.574528157711,-0.220928356051,0.575347185135,-0.241388410330,-0.004811469465,0.306007832289,-0.532138645649,0.226723521948,-0.237272545695,-0.251525849104,-0.007503258530,-0.054148580879,-0.241598337889,-0.148171856999,-0.489687412977,-0.170879200101,-0.690480887890,-0.453912138939,0.294438034296,0.101460680366,-0.005046074744,0.859339177608,-0.168323233724,0.558891892433,0.999810218811,1.021253943443,0.178674668074,0.168179169297,-0.172673717141,-0.386391073465,0.531558334827,-0.381353199482,-0.099168136716,-0.522700905800,-0.493144750595,-0.135256215930,-0.628137528896,-0.186729475856,-1.214017271996,-0.295446455479,0.210972025990,-0.251455873251,0.211087256670,-0.322055637836,0.028992293403,1.011194705963,0.356736093760,0.337663084269,0.185844555497,0.305139362812,-0.624614357948,0.078679256141,-0.190372020006,-0.449890911579,0.036112774163,-0.174464136362,0.262782782316,-0.346409350634,0.176077559590,0.314074933529,0.307613015175,0.792735934258,0.032070975751,0.427805066109,-0.460024207830,-0.141541168094,0.873641848564,0.253480881453,0.242059305310,0.400985985994,0.041043605655,0.213861376047,0.299875140190,-0.087458439171,-0.370647788048,-0.071064867079,-0.757755041122,-0.618288218975,-0.759323120117,-0.454303145409,-0.648618221283,0.023131273687,-0.671284377575,0.382225781679,0.456484586000,0.248801127076,0.670185446739,0.368215292692,-0.043418470770,-0.230901151896,0.402574717999,0.190363794565,-0.414593070745,-0.773037314415,-1.037071347237,0.045554611832,-0.340223163366,-0.624318003654,-0.432402521372,-0.173480436206,-0.078259438276,-0.118895567954,-1.032934904099,-0.231423854828,-0.026423981413,-0.016068413854,0.140462800860,-0.002502458170,0.027008436620,-0.016961561516,0.849913716316,0.142755344510,0.308143943548,0.115401178598,0.808252751827,0.014516725205,0.334090501070,-0.418799549341,0.058754254133,-0.124867722392,0.396285653114,-0.408662110567,-0.402146667242,-0.544683873653,0.235189899802,0.166059494019,-0.075312457979,0.594667196274,0.349648535252,0.339943289757,1.109597325325,0.368441641331,0.570321679115,0.589892745018,1.008984446526,0.198262169957,-0.346825033426,-0.226571232080,-0.088631466031,-0.445993155241,0.034235928208,-0.322557806969,-0.509698808193,0.057005006820,0.225748062134,-0.305151700974,0.601022064686,-0.123324260116,-0.215734109282,0.156325429678,-0.088396862149,0.250546276569,0.158132299781,0.209012866020,-0.541708052158,0.291709244251,0.286844253540,0.205436155200,0.426393330097,0.128041058779,-0.332106620073,-0.264161616564,0.144986167550,-0.237037926912,-0.209502667189,-0.157753631473,-0.684331715107,-0.246673211455,0.209165155888,-0.437057584524,0.475314706564,-0.159190088511,0.122480504215,0.358510047197,0.533361077309,0.654285788536,1.206481099129,-0.372487574816,-0.079967528582,0.073377996683,-0.230366080999,-0.183889508247,-0.251694589853,-0.563884496689,-1.148072600365,0.250715017319,-0.741674244404,0.002362517873,-0.061894673854,-0.376747518778,-0.275830149651,-0.034976787865,-0.362226665020,-0.212140947580,0.155255302787,-0.455558478832,0.415630310774,0.681890964508,-0.213746145368,0.496264606714,0.709743142128,0.010701300576,0.256386697292,0.316947817802,-0.313486397266,0.052127685398,-0.401504576206,-0.414280265570,-0.003930669744,-0.817221283913,-0.972830593586,0.032342623919,0.098842978477,-0.371853739023,0.662130653858,-0.299689918756,0.413679361343,1.215017437935,0.798008382320,0.912401139736,0.530372917652,0.426113456488,1.153620839119,0.536163985729,-0.146583124995,0.058980632573,-0.579541325569,0.101769372821,0.352447330952,-0.113907113671,-0.802828013897,0.313959687948,0.459629088640,-0.833865880966,0.003300939687,0.350109547377,-0.308094561100,-0.868344724178,0.268417418003,-0.324142396450,0.124999426305,-0.489193528891,0.096986711025,0.013899343088,0.156284257770,0.284473508596,0.093805126846,-0.393993079662,-0.841060459614,-0.056235332042,-0.816924929619,-0.708685457706,-0.479414165020,-0.488991826773,-0.582619965076,-0.483102023602,0.370030373335,-0.159935057163,0.509538352489,0.302151232958,0.236391738057,0.894871532917,0.706763267517,0.573914885521,0.890327692032,0.424891054630,0.220269814134,-0.108227193356,0.072546586394,-0.228600367904,0.735562086105,0.039705943316,-0.538765251637,0.298644483089,0.095706671476,-0.084132805467,0.048197008669,0.063219994307,0.138565376401,0.083733566105,-0.082074865699,-0.363831877708,0.557974100113,0.077868424356,0.655261218548,0.410431951284,-0.045641046017,0.655969142914,-0.360802590847,-0.220146328211,-0.719884693623,-0.381135076284,-0.446495294571,-0.715003311634,-0.734549582005,-1.348882555962,-0.660628318787,-0.676877856255,-0.836845815182,-0.116388998926,-0.190783604980,-0.561711251736,0.439111411572,-0.102646052837,0.059910818934,0.710628092289,0.329628854990,0.061240252107,0.754680454731,0.156782284379,-0.643963098526,0.910310268402,-0.483620613813,-0.319121032953,0.584365069866,-0.437465071678,0.962458550930,0.067282371223,-0.048345182091,1.681223750114,-0.182914033532,0.694160461426,0.922538578510,-0.479163080454,0.722448945045,0.292190790176,-0.070451602340,0.430311650038,0.054654836655,-0.048073533922,0.660010933876,0.026444561779,0.612217307091,0.198258057237,0.123661756516,0.311663031578,-0.655919790268,-0.919941484928,-0.113981202245,-0.497277110815,-0.767015695572,0.266569405794,0.015953170136,-0.734376728535,0.452862560749,-0.062791936100,0.629837393761,0.593716382980,0.035783503205,0.385674864054,0.099164009094,-0.080230943859,0.093825705349,0.021608395502,-0.503438591957,-0.261231094599,-0.296212017536,0.279497414827,-0.036339148879,-0.472244292498,-0.440708369017,0.501821041107,-0.212832406163,0.211227208376,-0.082288891077,-0.316330462694,0.347915738821,0.252513647079,0.293894767761,0.260202139616,0.628614962101,0.462967097759,0.146690130234,0.755779385567,0.744691133499,0.326187998056,-0.090866394341,-0.454587161541,0.118154704571,-0.012858024798,-0.377385467291,-0.315906524658,-1.018747329712,-0.498347222805,-0.363601386547,-0.701622545719,-0.456081211567,-0.885347485542,-0.525545001030,0.373150259256,-0.173023566604,0.509986937046,0.178629398346,0.470165759325,1.312374591827,0.953440606594,-0.131062120199,0.680417537689,-0.563287675381,-0.375767946243,-0.074267022312,-0.831943809986,-0.375837922096,-0.539999961853,-0.226517722011,0.664225637913,0.506484329700,0.357271134853,-0.077131681144,0.017801202834,0.149155557156,-0.129358142614,0.218248903751,0.563069522381,-0.675939440727,0.246364519000,0.589328885078,0.251093685627,0.158543884754,0.324405819178,0.891278445721,0.093348264694,0.144002467394,0.097715221345,-1.138470172882,-0.359855920076,-0.392531931400,-0.281547099352,-0.529475688934,-0.803758263588,-0.345532655716,0.418326199055,0.283181130886,0.420211285353,0.600655794144,0.520264327526,0.514781951904,-0.036343261600,-0.082655198872,0.299784600735,-0.243343472481,-0.266557037830,-0.344532489777,-0.452076435089,-0.499162197113,-0.854659438133,0.941660940647,0.060412961990,-0.391947478056,-0.338630318642,-0.643226385117,0.291577517986,0.329933464527,-0.621733248234,0.045422907919,0.968727052212,0.589559316635,1.252081036568,0.243870288134,0.071320056915,1.076192855835,0.835281789303,0.673490464687,-0.018994810060,-0.338967829943,-0.301221042871,-0.452129960060,-0.071702830493,0.187853097916,-0.862730681896,-0.134873434901,-0.133259996772,-0.190409079194,0.079926364124,-0.717077672482,0.023143621162,0.493465811014,-0.187515601516,0.632916092873,0.183547884226,0.243656277657,0.117096923292,-0.292244285345,0.287054151297,-0.247352331877,-0.620815396309,-0.663184285164,-0.159832164645,-0.739319980145,-0.535542488098,-0.393293380737,-0.317733973265,0.174809873104,-0.242437958717,-0.106897763908,0.070846728981,-0.482990831137,-0.224476248026,-0.046933434904,-0.834796130657,0.586464226246,-0.222278371453,-0.237153172493,0.635517299175,-0.081572718918,0.270063787699,0.988125145435,0.245759487152,-0.088400982320,-0.208272010088,-0.145739361644,-0.424919843674,0.056214757264,-0.462156236172,-0.347619414330,-0.229073688388,0.021912971511,0.563382327557,0.190339088440,0.181708082557,1.317881584167,0.133218854666,0.761858522892,0.557163178921,0.164680674672,0.477920114994,-0.004655065481,-0.793110430241,0.169064089656,-0.508834540844,-0.050538949668,0.117858372629,-0.357962608337,-1.056317090988,-0.123962216079,-0.116804696620,0.427455216646,-0.425212085247,-0.076781831682,-0.039479568601,0.181111276150,-0.363947093487,-0.127090290189,0.441535681486,0.564230203629,-0.100221797824,0.167018488050,0.035236090422,-0.286477953196,0.783396959305,-0.011117004789,-0.466317415237,-0.196619927883,0.049966841936,0.030198246241,0.544457495213,-0.676383912563,-0.067253559828,-0.472631186247,-0.423549234867,0.139791905880,-0.418931245804,-0.008803877980,-0.154596745968,0.530685722828,0.387864530087,0.440568447113,0.545712828636,0.981918394566,0.661451518536,0.122472278774,0.829927027225,0.005741659552,-0.226484790444,0.392433166504,-0.870324432850,0.000703816302,-0.031856946647,-0.167162552476,0.301336288452,-0.005926874466,-0.498301953077,-0.365873366594,0.173101767898,0.247710421681,-0.827951371670,0.136330455542,-0.793764889240,-0.203221827745,0.352579027414,-0.390453398228,0.619024991989,0.136104092002,-0.330530256033,0.551034688950,0.228847324848,0.143154591322,-0.331439882517,-0.199509277940,-0.505052030087,-1.234958887100,-0.477347999811,-0.235494464636,0.039788257331,-0.141129583120,-0.164915278554,0.664875924587,0.197508960962,0.932745933533,0.768608629704,0.267409026623,0.164199113846,0.164853543043,0.290577352047,-0.213589742780,0.131177365780,-0.115281820297,-0.450524777174,-0.564765274525,-0.089985586703,-0.793793618679,0.154954835773,-0.172422647476,-0.548865616322,-0.074983194470,-0.237832292914,-0.999287426472,0.158214613795,0.428916364908,-0.328064829111,0.357872068882,-0.653018057346,0.199418738484,0.979683518410,0.166611015797,0.114298127592,0.124233864248,-0.454015046358,0.409279465675,-0.647902071476,-0.514353930950,0.279118716717,-0.473602503538,-0.583965837955,-0.154909566045,-0.315309703350,-0.322652429342,0.016599364579,0.041060067713,0.076567806304,0.170265927911,0.684545755386,1.123039841652,0.538131415844,0.768933773041,0.049975074828,0.636887907982,0.446964532137,0.573375701904,0.585937380791,-0.425051540136,-0.576730132103,-0.122599869967,-0.067438773811,0.231909528375,-0.154926031828,0.003572588321,-0.057996936142,0.170010745525,0.110622636974,-0.363589048386,0.188165917993,-0.066644407809,-0.660607755184,-0.332592308521,-0.249521404505,-0.038096632808,-0.371960759163,-0.335563957691,-0.326558440924,-0.182963430882,0.319619059563,-0.708957076073,-0.763027489185,-0.578405261040,-0.747349977493,-0.591987729073,-0.888771831989,-1.021019339561,-0.850304782391,-0.392227351665,-0.354764580727,0.534801602364,0.277842819691,-0.212725386024,0.970394015312,0.531159102917,0.476100862026,0.637698709965,0.141137808561,0.057058509439,0.641156077385,-0.424751073122,0.374771893024,0.498120844364,0.464691638947,0.242635518312,-0.072155579925,-0.156420096755,0.293190926313,0.709409773350,-0.173459857702,-0.210873246193,-0.313527524471,0.151505723596,0.282876551151,0.146048054099,0.386353999376,0.637674033642,0.305962532759,0.379673898220,-0.039792373776,0.421791791916,0.220282167196,-0.510233938694,-0.187457963824,-0.616382539272,-0.756273269653,-0.460419356823,0.058350898325,-0.732162415981,-0.382620900869,-0.089709825814,-0.936133325100,0.046060867608,-0.533488631248,-0.200624704361,-0.500964939594,-0.319837182760,0.199447557330,0.481455624104,0.575997471809,-0.224920764565,0.651791572571,0.948127031326,0.369668215513,-0.077493883669,0.197056218982,0.218039005995,-0.544152915478,0.440251529217,-0.602886617184,0.354451775551,0.679063379765,-0.105148516595,0.160651221871,0.170060127974,-0.259000301361,0.641674697399,-0.073213361204,-0.026782063767,0.027103103697,-0.564312517643,0.595461547375,0.564868152142,0.036985341460,0.587649583817,-0.624083399773,0.577133536339,0.883235931396,-0.536612570286,-0.052107103169,-0.506208539009,-1.054720163345,-0.153785929084,-1.240445375443,-1.399429678917,-0.357205301523,-0.829371392727,-0.273718684912,0.284029006958,-0.795555233955,0.402084916830,0.448956608772,0.438436418772,1.092631578445,-1.104065537453,-0.076053321362,-0.057453636080,-0.406167864799,0.050670661032,-0.870538473129,-0.874641954899,-0.124892413616,-0.663958132267,0.009417144582,0.188491061330,-0.594366729259,0.828260064125,-0.391873419285,-0.495840638876,0.751963913441,0.663929283619,0.197776496410,0.677709221840,0.347672909498,0.891126155853,0.558953642845,0.995826065540,0.538365960121,0.088009968400,0.311934679747,0.454060286283,-0.222525313497,-0.432139098644,-0.432423084974,-0.471277058125,-0.474763214588,-0.744826972485,-0.356110483408,-0.384230196476,-0.679845392704,0.048736196011,-0.223562523723,-0.249105706811,0.283609151840,0.562061131001,0.334819018841,0.541856229305,-0.112853452563,0.526380538940,-0.423862040043,0.326628386974,-0.119220718741,-0.961462497711,-0.069900073111,-0.370409041643,-0.118315227330,-0.707141935825,-0.520482420921,0.508797466755,0.433373868465,0.046307820827,0.405517548323,0.223406121135,0.335625737906,-0.430904328823,0.530055999756,0.266758739948,0.109383761883,0.652474761009,0.717900872231,0.109021559358,0.770448327065,0.479603469372,-0.065454915166,0.328023672104,-0.215783506632,-0.242421507835,-1.056584715843,-0.544074714184,-0.529940724373,-0.499314457178,-0.213733792305,-0.915356397629,0.478961408138,0.528664827347,0.028926439583,0.585056543350,0.533138811588,0.093965649605,0.550861775875,0.512382388115,-0.354702860117,0.135342642665,-0.546774744987,-0.989738643169,-0.485402792692,-0.740929245949,-0.215042635798,-0.198941305280,-1.156975269318,-0.538971006870,-0.082379437983,-0.885960698128,-0.081288725138,-0.578775703907,-0.392918825150,0.296170830727,-0.336897522211,0.394910931587,-0.142244979739,0.783401072025,0.449368178844,-0.002819381189,1.163334369659,0.064932197332,-0.008318203501,0.259794652462,-0.726906418800,0.019324079156,-0.129226446152,-0.695728600025,0.044077012688,-0.194479674101,0.046904627234,0.245508417487,-0.591106951237,-0.177135333419,0.715937614441,-0.037051197141,0.737694144249,0.409226000309,0.208222612739,0.993442893028,0.307246685028,0.267915278673,0.823456883430,0.219368442893,0.131300851703,0.338358670473,-0.711410105228,-0.503343939781,-0.383925646544,-0.146632522345,0.579977571964,-0.235128164291,-0.452990204096,0.021604279056,0.184095293283,0.268425673246,-0.140112951398,0.007840760984,-0.377183794975,0.391684085131,0.165742576122,-0.449804484844,-0.433168083429,0.499944180250,0.723383247852,0.378410309553,0.022131113335,0.510587871075,-0.022349255159,0.518996655941,-0.203028380871,-0.514053463936,-0.312638521194,-0.376422375441,-1.087655544281,0.033758487552,-0.068797014654,-0.737492501736,0.797823131084,-0.165664374828,0.433641374111,1.275887250900,-0.783195316792,0.941648602486,0.340309590101,0.377043873072,0.109861202538,-0.015788534656,-1.030975699425,-0.185268342495,-0.473149806261,-0.572523713112,-0.248694121838,-0.452339857817,-0.280197113752,-0.084490887821,-0.305666208267,0.041982024908,-0.657615542412,-0.153987601399,-0.213198721409,0.329892307520,-0.114730291069,-0.204259008169,0.571404159069,0.784784018993,0.559756219387,0.684920310974,0.433028131723,0.401101201773,0.475524663925,-0.177497550845,-0.315564900637,-0.737982332706,0.075188986957,-0.674470067024,-0.353398114443,-0.811315000057,-0.318532466888,0.135630756617,0.442494660616,0.221652746201,0.333563655615,0.903609633446,0.347582370043,0.453969746828,0.707454741001,0.300249695778,0.814558327198,0.093084856868,0.328521698713,0.269071877003,-0.193985760212,0.199332311749,-0.675029814243,-0.145467713475,-0.307382524014,-0.407369703054,-0.359888881445,-0.359139770269,0.196311250329,-0.033458027989,-0.511242330074,-0.065405525267,0.042636450380,-0.258769810200,0.089499920607,-0.281814634800,0.217425748706,-0.385222136974,-0.032297346741,0.131510749459,-0.501298308372,0.450141996145,-0.627754747868,-0.435563534498,-0.164318472147,-0.186391964555,-0.537728011608,-0.463703811169,-0.796131491661,0.359090387821,-0.021283240989,-0.572025656700,0.549079596996,0.446190714836,0.299726992846,0.703260660172,0.247603401542,1.718908786774,0.903712511063,0.561291456223,0.824592828751,-0.199406385422,0.003613747191,0.036713693291,0.120389632881,-0.238190367818,-0.563760995865,-0.487921684980,-0.412518709898,0.574359416962,0.145274266601,0.141438275576,-0.167594715953,0.050201445818,0.779758512974,0.186885863543,-0.380978643894,0.150509670377,-0.232518672943,0.239161729813,-0.060939792544,-0.344248503447,-0.313498735428,-0.173077076674,-0.126184806228,-0.312679648399,-0.668543219566,-0.558151006699,-0.379048317671,-0.883758723736,-1.193763017654,-0.662295281887,-1.293301582336,-0.476619482040,-0.625779151917,-0.713052392006,0.307958751917,-0.422232180834,0.289865314960,0.880881726742,0.143195748329,1.034268379211,0.381299674511,0.616880595684,0.348512560129,-0.390276461840,-0.006848832127,-0.072237893939,0.636653304100,0.007741979789,-0.599758505821,0.055531520396,0.934680402279,0.543062210083,0.373619437218,0.490774035454,0.205753073096,-0.202699095011,0.719287931919,-0.159972101450,0.143183410168,-0.035252552480,-0.202978983521,0.873604774475,-0.117681376636,-0.205625489354,0.958704829216,-0.196780443192,0.265548676252,0.320664495230,-0.314350724220,0.097414761782,-0.682915866375,-0.424261271954,-0.608537733555,-0.502084434032,0.315548419952,-1.016096711159,-0.325924575329,-0.007602039259,0.100476980209,0.412452816963,-0.148336485028,0.501812815666,0.391272455454,0.356703162193,0.261469811201,0.021427296102,-0.179308533669,-0.096443414688,-0.134033784270,-0.225830376148,-0.423092395067,-0.305946052074,-0.227505549788,-0.532904207706,-0.220092833042,0.227641373873,0.308851897717,-0.174414739013,0.481636732817,-0.607245326042,0.037660349160,1.030987977982,0.388770014048,0.272660911083,0.594551920891,0.746831417084,0.453385293484,0.650672018528,0.934507548809,0.227040439844,0.246413916349,0.641995728016,-0.285448968410,-0.450804650784,-0.210865020752,-0.536435604095,0.020748175681,-1.001892805099,-0.586032032967,-0.039454873651,-0.458834737539,0.273492306471,-0.371347486973,0.424763411283,0.529520928860,0.428517132998,0.883219480515,0.177151814103,0.209761962295,0.296714127064,0.196150735021,0.055873136967,-0.672259807587,-0.317091882229,-0.386806756258,0.270607084036,-0.642300307751,-0.691452205181,0.136252254248,-0.094422511756,0.464181274176,-0.083618320525,-0.462271511555,0.325138449669,0.019254108891,0.250793218613,-0.269462853670,-0.027308898047,0.337300866842,0.361547559500,0.001893306966,0.536024034023,-0.041969679296,-0.093265950680,0.068241372705,0.396380305290,-0.344993472099,-0.330900698900,-0.861561715603,-0.951028704643,0.038508217782,-0.491551876068,-0.732038974762,0.001720439992,-0.234955281019,0.586731731892,0.412749171257,-0.179444357753,0.802721083164,0.354163646698,0.660373151302,-0.006321999244,0.310374766588,0.132436826825,0.184148803353,-0.413802802563,-0.065471380949,-0.116421923041,0.433884233236,-0.287424594164,-0.448170453310,-0.244541198015,0.697127997875,-0.164310246706,-0.448199272156,0.557257890701,0.686706602573,0.007688472513,0.787496387959,0.006601879373,0.770629465580,0.621325731277,0.757524549961,0.580706119537,0.093710467219,-0.348479628563,0.139964774251,0.178604707122,0.140553355217,-0.361502289772,-0.353274613619,-0.002440719632,-0.528232634068,-0.062812522054,-0.211400091648,-1.241025686264,-0.110676139593,-0.137717500329,0.294804364443,0.349459201097,-0.682755351067,0.249965921044,0.380937516689,0.317931532860,0.714036047459,-0.049246564507,-0.272710323334,-0.077082291245,0.085779160261,-0.266116648912,-1.071113705635,-0.702108263969,-0.494342446327,-0.055099349469,0.322047412395,-0.564304292202,-0.751568794250,-0.078967362642,-0.355056792498,-0.137128934264,-0.344223797321,-0.867517411709,-0.120163261890,0.032960005105,0.086581751704,-0.010034526698,-0.399257302284,-0.039158526808,0.769555211067,0.580068111420,0.570659220219,0.077687330544,-0.113462597132,0.100390553474,-0.409016042948,-0.081453360617,0.027374750003,-0.693538963795,-0.050979353487,0.045974433422,0.112655885518,0.551948368549,0.280139476061,0.420524090528,0.508031904697,0.874440312386,0.652804076672,1.058864951134,-0.207662865520,-0.422149837017,0.594523131847,0.089874461293,0.160099685192,0.042554132640,-0.977749049664,-0.032688356936,0.609348535538,-0.392795383930,0.369911044836,-0.698021173477,-0.361765712500,0.606697916985,-0.476030915976,0.095558501780,0.066158734262,-0.098517827690,0.710154771805,0.146677792072,-0.060799852014,0.542428374290,0.922032296658,0.529208123684,0.379048317671,-0.033371597528,0.216816574335,-0.340486586094,-0.025880683213,0.051921885461,-0.483316034079,-0.610636830330,-0.731660306454,-0.247352331877,-0.542971670628,-0.731055200100,-0.249278575182,0.541008353233,0.146163299680,0.908351063728,0.523421227932,0.706269383430,0.925666630268,0.989870309830,0.544239342213,0.519239485264,0.231921881437,-0.017171470448,-0.386135846376,-0.859326779842,-0.601059138775,-0.395022064447,-0.449590444565,0.096776805818,-0.227744266391,-0.126839220524,0.007824297063,-0.486415296793,0.061643607914,0.072394296527,-0.306950330734,-0.656006217003,-0.368042409420,-0.223624259233,0.181568145752,0.471511632204,0.289540141821,0.025707818568,0.339947402477,-0.276385784149,-0.050654198974,0.116849973798,-0.481105804443,-0.383312374353,-0.658492207527,-0.293392628431,-0.369149625301,-0.214445844293,-0.125139370561,0.429908305407,0.250587433577,0.776992619038,0.570733308792,0.344491332769,0.660290837288,0.922867834568,0.273508787155,0.528224408627,0.158873155713,0.088553264737,-0.125855520368,0.359757125378,-0.127699434757,0.104251250625,-0.090615324676,-0.319466769695,0.406213134527,-1.016553640366,-0.311379045248,0.312202215195,-0.270574152470,0.199357002974,-0.015022980049,0.165392726660,-0.135840669274,0.372816830873,0.779136955738,-0.274570673704,-0.045031893998,0.449746847153,0.461246639490,-0.069093361497,0.068253718317,-0.561521947384,-0.773971557617,0.482134759426,-0.457513540983,-0.405653387308,-0.179925903678,-1.237272024155,-0.165392726660,0.779202878475,-1.548169612885,-0.108527652919,-0.143241032958,-0.564514160156,1.137317776680,0.750235259533,0.490432381630,0.577837347984,0.282032787800,0.486542880535,0.641962826252,0.636591553688,-0.243853837252,0.555154681206,-0.376204222441,-0.048538632691,0.580710232258,-0.800720751286,0.198262169957,0.072027988732,-0.147653251886,0.945661604404,-0.343824565411,-0.135264441371,-0.263951689005,-0.577112913132,0.271850079298,-0.150608450174,-0.453768074512,-0.097340673208,-0.473870068789,0.333119124174,-0.242857798934,-0.102724254131,-0.551816701889,0.086322456598,-0.747621715069,-0.283460974693,-0.921328485012,-1.188153028488,-0.830585539341,-0.729791641235,-0.794522225857,-0.420569330454,-0.161548480392,0.105881139636,0.800700128078,0.249163314700,0.799189627171,0.483711153269,0.381554871798,1.509595394135,0.006815905217,0.511406898499,-0.131642460823,-0.133688062429,0.094883494079,-0.378661423922,-0.157197996974,0.226311936975,0.411926001310,0.225896239281,0.229164242744,-0.484744220972,0.720325112343,-0.254756808281,0.070710904896,0.252534240484,-0.099830783904,0.103765569627,0.329229623079,0.801033496857,0.742744386196,0.244993939996,0.912508130074,0.814924597740,0.713200569153,0.589975059032,-0.128823071718,-0.196418255568,0.054642491043,-0.769637584686,-0.228596255183,-1.168256878853,-0.833865880966,0.169035285711,-0.930045962334,-0.521350920200,-0.323113441467,-0.530051887035,0.337251484394,0.198488548398,0.226888149977,0.772395253181,0.568239033222,0.245722442865,0.192043066025,0.108745798469,-0.262922734022,0.096649214625,0.048830855638,-0.821666419506,0.090380713344,-0.508772790432,-0.097130768001,-0.546766519547,-0.082157179713,0.256378471851,-0.028448997065,-0.284148335457,0.884092092514,-0.028881164268,-0.489090621471,0.331378102303,0.128732532263,0.391704648733,-0.204320758581,-0.092796742916,0.548618674278,0.027090756223,0.326216816902,-0.360526829958,-0.132296890020,-0.546182036400,0.082293003798,-0.751663446426,-1.037054777145,-0.366725325584,-0.551532685757,-0.886915564537,0.141088426113,-0.038866300136,-0.379274666309,0.479916304350,0.123464196920,0.268586188555,0.605948805809,-0.067204169929,0.219339624047,0.061306104064,-0.041035372764,0.215211391449,-0.321705788374,-0.330781340599,-0.006083277985,-0.276324033737,-0.749144494534,-0.049250680953,-0.086651727557,0.027625817806,-0.211437121034,0.131197944283,-0.576400876045,0.359530776739,-0.009104337543,-0.202501535416,0.712130367756,-0.000913726399,0.448610901833,0.469383746386,0.171854659915,0.780803918839,0.432595968246,-0.085495159030,0.567638158798,-0.092282250524,0.177579849958,0.237025588751,0.138968735933,-0.822683095932,0.143916025758,-0.367400348186,-0.120792984962,-0.244076088071,-0.869826376438,-0.055181670934,-0.022468615323,-0.449853867292,0.213009387255,0.504274129868,0.152382403612,0.245183259249,0.611715197563,0.009882239625,0.352426767349,-0.154078155756,-0.304567247629,0.136211097240,-0.636986672878,-0.415321618319,0.055165201426,-0.251826316118,-0.279731988907,0.421553045511,0.168891221285,0.417383641005,-0.212721273303,0.098085649312,0.087931767106,-0.736183643341,-0.016488235444,-0.144990280271,-0.628594398499,0.362346023321,0.594029188156,0.139022246003,0.138310194016,0.149814099073,0.172229200602,-0.156572386622,-0.523589968681,-0.325834035873,-0.328365296125,-0.756433844566,-1.437431573868,-0.483937531710,-0.276587456465,-0.093508794904,-0.557574808598,0.245656594634,0.158457443118,0.410966992378,0.415251642466,0.283872604370,0.254620999098,-0.383077740669,-0.249299153686,-0.149731770158,-0.299385368824,-0.610780835152,-0.021867696196,-1.023089647293,0.138655930758,-0.245018631220,-0.056029543281,-0.128024592996,-0.566777944565,-0.318166136742,-0.598095715046,0.043179750443,0.209967747331,0.071669906378,0.417572975159,-0.347677022219,0.223373189569,0.852667331696,0.599466323853,0.240487039089,0.944879591465,-0.203398793936,0.276945561171,0.365918636322,-0.451014578342,0.334094613791,-0.482925027609,-0.064796373248,-0.406653553247,-0.521396219730,-0.003317403141,-0.078596942127,-0.073270983994,0.067282371223,-0.759948730469,0.082548186183,0.109490774572,0.597091436386,0.583434939384,0.430426895618,0.764850735664,0.288778722286,1.322005748749,0.777560651302,-0.758257091045,-0.735636234283,0.575273096561,-0.375607401133,-0.159173622727,-0.563176572323,-0.738492667675,-0.121410369873,0.078889168799,0.302706867456,-0.338873147964,0.103271663189,0.072147347033,0.041751533747,-0.342495143414,-0.928366601467,0.523120760918,0.220689624548,-0.377315551043,0.264058709145,-0.223171517253,-0.060532320291,0.692793965340,-0.253966569901,0.095850735903,-0.077106989920,-0.354748100042,-0.508134841919,-0.227307975292,-1.270289659500,-0.316795557737,-0.332839280367,-0.350805133581,-0.025818943977,-0.258354097605,0.075567647815,0.826247453690,0.360991925001,0.771917760372,0.435962766409,0.105177327991,0.496947795153,-0.613452076912,-0.130794599652,-0.093056038022,-0.603623330593,-0.102641940117,-0.054444927722,-0.758240640163,0.138507753611,-0.311321407557,-0.298455148935,0.161762505770,-0.122752152383,-0.295302391052,0.321520596743,0.038858070970,-0.410061508417,-0.378550291061,0.163931578398,0.511909067631,0.971645176411,0.167047306895,0.377681821585,0.748922288418,-0.103172883391,1.107568144798,-0.304122745991,-0.215853467584,0.341639012098,-0.276994943619,-0.298080623150,-0.802733361721,-0.405377626419,-0.085174120963,-0.199105933309,0.210107699037,-0.322866469622,0.309609204531,0.401409894228,0.927366495132,0.313198268414,0.611764550209,0.352039873600,-0.089845657349,0.825457215309,0.127003863454,-0.692715764046,-0.161223322153,-0.296331346035,-0.086145468056,-0.489489853382,-0.235482126474,-0.007729631849,-0.033009395003,-0.558735489845,-0.087088011205,-0.928485989571,-0.575931668282,0.121138721704,-0.719292044640,-0.245718330145,-0.096608050168,-1.074492931366,-0.094867028296,-0.480381369591,-0.065685406327,0.577709674835,-0.542786419392,0.848683118820,-0.484382003546,-0.272578597069,-0.582117855549,-0.441609740257,-0.478566288948,0.086404770613,-0.905609965324,-0.108132526278,-0.473462581635,-0.039302583784,0.209679633379,-0.204975187778,-0.045653395355,0.007791369688,1.316107749939,0.919443428516,0.670304775238,0.007927194238,-0.178864002228,0.981387436390,0.650811970234,0.267725974321,-1.337489724159,-0.240046635270,0.643259286880,-0.212210908532,-0.496651470661,-0.155724510550,-0.162713274360,0.079292520881,0.430068820715,-0.504623949528,0.335847973824,-0.331839114428,-0.257880777121,0.284395307302,-0.291606336832,-0.238548457623,0.691476941109,-0.230184987187,0.108206614852,0.312827825546,-0.374870687723,-0.118134133518,-0.105988152325,-1.205143451691,0.000926074106,-1.088301658630,-0.865846395493,0.247339993715,-1.141725897789,-0.556735157967,-0.630849897861,-0.209284514189,0.794217586517,0.290091663599,0.130835741758,0.689134955406,0.980691850185,0.642967104912,0.090076141059,0.374903589487,0.770682990551,0.521486759186,0.092879056931,0.275620222092,-0.735640347004,0.185688152909,0.551137566566,0.005325955339,-0.348195642233,0.381637215614,0.215676501393,0.313753902912,-0.227369710803,0.011438043788,-0.286329776049,0.415585011244,0.125896692276,0.292334824800,0.329320192337,0.112750552595,-0.336300730705,0.582257747650,-0.057535957545,0.662389934063,-0.105280220509,-0.302212953568,0.444597870111,-0.622437059879,-0.742320418358,-0.487571835518,-1.390539407730,-0.223274409771,-0.551108777523,-0.823156416416,-0.199299380183,-0.442482322454,0.249015152454,0.500586271286,0.247702181339,0.172821894288,0.723687767982,0.458579570055,0.444540262222,0.694596767426,-0.601948201656,0.436604827642,-0.454982280731,-0.649700701237,0.167812868953,-0.691485166550,-0.182313114405,0.339453488588,-0.434102386236,0.444021672010,0.311416089535,0.160914629698,0.538654088974,0.290338635445,0.009322479367,1.046867132187,0.227513775229,0.433024019003,0.027234811336,-0.040808998048,0.514160454273,0.875304639339,0.649914681911,0.487394869328,-0.704989314079,-0.008112409152,-0.054387301207,0.260453194380,-1.212761998177,-0.981021165848,-0.386020630598,-0.818180263042,-0.767357349396,-0.100937962532,-0.768287539482,0.055432736874,0.118623919785,0.346520453691,0.818777143955,0.776428759098,0.119163103402,0.656915843487,0.093175403774,-0.110709078610,0.124028071761,0.405233591795,-0.130378887057,-0.752675950527,-0.648124277592,0.180580317974,-0.098624832928,0.429257959127,0.057667661458,0.378356844187,0.626754581928,-0.043900031596,0.325636446476,0.145496532321,-0.655722200871,-0.101979278028,0.137042507529,-0.311630100012,-0.230592459440,0.454743534327,-0.177205309272,0.424742847681,0.398108959198,-0.211807549000,-0.193273723125,-0.072682410479,-0.382933706045,-0.634224951267,-0.944912493229,-1.086079120636,-0.237375438213,-0.845880210400,-0.540539205074,-0.145064368844,-0.328250050545,-0.040142226964,0.214890360832,0.264194548130,-0.105687692761,0.195685625076,0.508126616478,0.274245530367,0.123118467629,0.450553566217,-0.198105767369,-0.333386689425,0.220739021897,-0.601071476936,0.305254608393,0.195455148816,-0.040487959981,0.134054362774,0.048674456775,0.081321649253,0.924658238888,-0.094760023057,0.409781605005,0.843542337418,0.075440049171,0.273512899876,1.236016750336,0.350002527237,0.731940150261,0.604808688164,0.433320343494,0.496836692095,0.409793943167,0.167788162827,-0.577363967896,0.022497426718,0.113713666797,-0.831635117531,-0.868122458458,-0.561694800854,-0.455858945847,-0.447553098202,-0.941241145134,-0.354447662830,0.156304851174,-0.729511797428,0.403895884752,-0.292569458485,-0.152065485716,0.271096855402,-0.270125538111,0.285469561815,-0.436444342136,-0.026037085801,-0.653734207153,-0.994019150734,-0.041319370270,-1.298290014267,-0.215301945806,-0.153847664595,-0.250348687172,0.024427777156,-0.542860507965,0.007762558758,0.087446086109,0.405850946903,0.002230809536,-0.246356293559,-0.440897703171,0.385732501745,0.785796523094,0.278472542763,0.372948586941,0.448425680399,0.350323557854,0.684508740902,1.126550674438,0.245829448104,-0.080457314849,-0.203291788697,-0.686245620251,0.374915927649,0.038084283471,0.151616856456,0.419791460037,-1.159317255020,0.558015227318,0.723663091660,-0.038178946823,0.753194630146,1.099459886551,-0.022242240608,0.787237048149,0.927901506424,-0.078605167568,0.069443210959,0.300694197416,-0.579463064671,0.008614547551,-0.110219284892,-0.761220574379,-0.141162499785,-0.462349683046,-0.020344819874,-0.258329391479,-0.252896428108,-0.575515925884,-0.608743488789,0.651137113571,-0.700593590736,-0.126230075955,0.185519412160,-0.378249824047,0.724309325218,0.361930340528,0.429764270782,0.447849452496,0.114915505052,-0.230666533113,0.082342393696,0.186885863543,-0.295014292002,-0.461258977652,-0.336938679218,-0.466350346804,-0.613093972206,-0.612048566341,-0.580092787743,-0.095793105662,-0.592971444130,0.187066972256,0.307551264763,0.242306262255,0.159383535385,0.779622673988,0.667781770229,0.836557745934,0.897374033928,0.049748700112,0.940808951855,-0.364091187716,-0.636492788792,0.314865201712,-0.878729045391,-0.656397223473,-0.711175560951,0.281209588051,0.014059863053,-0.071118377149,0.852642655373,0.207391202450,0.066969566047,0.256637781858,-0.398528784513,-0.393215179443,-0.039878807962,-0.882503390312,0.566609203815,-0.426051706076,-0.021773030981,0.281925767660,-0.295862168074,0.582871019840,0.911046981812,0.130329489708,0.264873653650,-0.567634046078,-0.264206886292,-0.046859350055,-0.825959324837,-0.028506619856,-0.081301078200,-0.756330907345,1.024550795555,0.048065304756,0.157819494605,1.108646512032,0.234218537807,0.548038303852,1.259485483170,-0.118809133768,0.233074337244,-0.310382992029,0.054761849344,-0.557459533215,-0.368997305632,-0.877226769924,0.579401314259,-0.382398605347,-0.138141438365,-0.512205421925,-0.358851641417,0.054498430341,-0.092319302261,-0.657940685749,-0.180028796196,-0.010125077330,0.356238067150,-0.092393383384,0.257004082203,0.160091459751,0.803095579147,0.156485944986,0.568959355354,0.532360911369,-0.357460469007,-0.160219058394,-0.130774021149,-0.472318351269,-0.098657757044,-0.442683994770,-0.225566953421,0.029239244759,0.101407170296,-0.417194306850,0.110881946981,0.044151097536,-0.417260169983,0.430278748274,-0.241594210267,0.165754914284,0.715237855911,0.195825561881,0.584710836411,0.756528496742,-0.097509428859,1.835359573364,0.093813367188,-0.420816302299,0.176616743207,-0.512826919556,0.245220303535,-0.362905800343,-0.226493015885,0.035483043641,-0.237626507878,-0.128292128444,-0.290486812592,0.228818506002,-0.305950194597,-0.008503418416,-0.157395556569,-0.065228544176,-0.767345011234,-0.412255257368,-0.449549287558,-0.113697208464,-0.089006014168,-0.027848077938,-0.413325399160,-0.250044137239,0.346652179956,-0.391148984432,-0.516794621944,-0.006177943200,-1.140989184380,-0.392832398415,-0.883141279221,-0.481336295605,-0.258629858494,-0.548832654953,0.593136072159,0.701186299324,0.211190178990,1.109383225441,0.595543861389,1.191762685776,0.595251619816,0.617996037006,-0.069928884506,0.078942671418,0.564596533775,-0.380443602800,-0.154181048274,0.155798599124,0.705828964710,0.400784283876,0.321364194155,-0.271380871534,-0.098719500005,0.354213058949,0.037903185934,-0.598523736000,-0.167248979211,0.209132224321,-0.046427179128,0.273591101170,0.081255801022,0.794909119606,1.163922905922,0.169615611434,0.716439723969,-0.044529758394,-0.012940341607,0.232740953565,-0.248006761074,-0.838829696178,-1.334452152252,-0.830721437931,-0.314478278160,-0.224476248026,-0.569391489029,-0.556611716747,-0.345223963261,0.356838971376,0.111738041043,0.108996860683,-0.083408407867,0.540880799294,0.494951605797,0.240787491202,0.416811555624,0.103411607444,0.284296512604,0.538831114769,-0.587987124920,0.017809433863,-0.330217450857,-0.542453050613,0.233337745070,-0.277513533831,0.024913450703,-0.054000411183,-0.038409437984,0.969155073166,0.027975670993,-0.005470010918,0.069805406034,0.397112905979,0.097768731415,-0.205263301730,0.549437701702,-0.305192857981,-0.480163246393,0.367573231459,0.009108453058,-0.331127047539,0.311675369740,-0.054831821471,-0.393264561892,0.242594361305,-0.866027474403,-0.242577910423,-0.576697170734,-0.482245892286,-0.228061184287,-0.811681330204,-0.318573623896,1.051703214645,0.215622976422,0.024238446727,0.433678448200,0.418132752180,1.122796893120,0.842986702919,-0.523100197315,-0.126703396440,-0.486732214689,0.291750401258,-0.275381505489,-0.511275231838,-0.320656239986,0.242116928101,0.072258472443,-0.150789558887,0.582615852356,-0.597280740738,0.245372593403,0.656870543957,-0.353468060493,0.295351803303,-0.550334990025,0.597288966179,0.518247544765,0.007136944216,0.794369876385,0.528590738773,0.359139770269,0.829210937023,0.427879184484,-0.359765350819,-0.192969143391,-0.603787958622,0.326307356358,-0.984816014767,-0.588941991329,-0.288375377655,-0.419737935066,-0.091623716056,-0.241935819387,-0.705088138580,0.131794750690,-0.267713606358,0.511122941971,-0.082869224250,-0.093121893704,0.233732879162,0.895097970963,0.513683021069,0.746555685997,0.204761162400,0.096867345273,0.334312736988,0.436119139194,-0.811434388161,-0.082939192653,-0.309559822083,-0.268730252981,0.201390251517,-0.574635148048,0.199678048491,0.252670079470,0.065973520279,0.712389707565,-0.148060724139,0.035771157593,0.439037352800,-0.897258758545,0.831289350986,-0.365037828684,0.011508014984,0.275632590055,-0.075666427612,0.298726826906,0.422911286354,0.373928159475,-0.344581872225,-0.556899845600,-1.055333495140,-0.886199355125,-0.532558500767,-1.237169146538,0.011503897607,-0.702429234982,-0.595099329948,0.311358451843,0.082107782364,0.423573940992,0.462781876326,0.136223435402,0.557722985744,0.034161843359,-0.367190450430,0.065874740481,-0.859211504459,-0.082511149347,-0.504125893116,0.102893002331,-0.518576800823,-0.472943991423,-0.016912171617,0.094825871289,-0.530508756638,0.641526520252,-0.784051358700,-0.110787272453,-0.060845125467,-0.074110627174,-0.209403887391,0.724132359028,-0.013652390800,0.636072993279,1.124381542206,0.304452002048,1.154365777969,0.716966569424,-0.205390885472,0.254909098148,-0.271644294262,-0.034157730639,0.237326040864,-0.449870318174,-0.829412519932,-0.042743466794,-0.379167675972,0.547799587250,-0.394857406616,-0.436312586069,0.406567126513,0.187680244446,0.722304821014,0.468470036983,0.014656665735,0.491658896208,0.848168671131,0.835392951965,0.203970909119,1.091038823128,0.337980002165,0.117973610759,-0.213437452912,0.317347079515,-1.022817969322,-0.932350814342,0.142985850573,-0.641440093517,-0.156358346343,-0.183510839939,-0.154592633247,0.209770187736,0.709072351456,-0.691559195518,0.437901347876,0.537596285343,-0.860261082649,0.200653508306,-0.025847757235,-0.750214695930,0.654981374741,0.192722201347,-0.214770987630,0.357913225889,-0.178407147527,0.250986665487,-0.205880671740,-0.713710904121,-0.133284702897,-0.798749208450,-0.630010247231,-0.015578623861,-1.374446272850,0.279583811760,0.071933321655,0.155568093061,0.814076721668,0.165775492787,0.483139038086,1.140775084496,0.132259845734,0.110441543162,-0.219854101539,-1.178402543068,0.291869759560,-0.501520574093,-0.528479635715,0.013829373755,-0.966508567333,0.221208229661,0.658549785614,-0.244985684752,0.968101441860,-0.614942014217,0.206996083260,0.614760935307,-0.609949469566,-0.534200727940,0.257374525070,0.007733747363,0.863570272923,-0.121332176030,0.202439799905,0.441165238619,1.248133778572,0.774374961853,0.299298912287,-0.384205520153,0.169751435518,-0.079411886632,-0.600322365761,-0.698560357094,-0.446832835674,-0.721424102783,-0.388033270836,-0.393034070730,-0.138264924288,0.227834805846,0.196327701211,-0.066146388650,0.516823470592,-0.258374661207,0.975724041462,0.372858017683,-0.295265346766,0.194850116968,0.008754487149,0.278546631336,-0.110927209258,0.294318705797,-0.174867495894,-0.256308495998,-0.463296353817,-0.271450847387,-0.320187032223,-0.475685149431,-0.470425039530,-0.193961083889,-0.130420044065,-1.142697215080,0.608566522598,-0.226476565003,-0.437695533037,0.989615142345,0.090677060187,0.047489080578,0.288305372000,0.051250997931,-0.303974568844,0.248373061419,-0.881939411163,0.324558109045,-0.235634416342,-0.723963558674,-0.298961400986,-0.567024886608,-0.268614977598,-0.306695163250,-0.308547317982,0.229551136494,-0.414774179459,0.127024441957,0.563386440277,-0.014055746607,0.403644859791,1.086667776108,0.230201438069,0.577948451042,0.777231335640,0.022275170311,0.192582249641,-0.170084834099,-0.242602616549,0.037672694772,-1.357883930206,-0.719238579273,-0.179481387138,-0.707364201546,0.173558637500,-0.326138585806,-0.331118822098,-0.150221571326,-0.095447368920,0.607623994350,0.046649437398,-0.459941893816,0.703713476658,-0.331773251295,0.294866114855,0.150522023439,-0.474582105875,0.477883040905,0.539464950562,-0.113046891987,-0.231205716729,-0.374228626490,-0.306106597185,-0.370100378990,-0.074719779193,-1.555709838867,-0.387913942337,-0.346434056759,0.155745089054,0.436810612679,-0.152234241366,0.150019884109,1.236876845360,0.326480209827,-0.062384467572,1.498540163040,-0.596033632755,0.349483877420,0.606278061867,-0.393136978149,-0.243458718061,-0.329690605402,-0.383534610271,0.067381151021,0.184189975262,-0.005362997763,0.376438856125,-0.132296890020,0.212680116296,-0.063137672842,-0.356620848179,-0.037401046604,0.418939471245,0.314976304770,-0.386172890663,0.140310510993,0.570511043072,0.567621648312,0.387848049402,0.789735436440,0.232987895608,0.212531939149,-0.150847181678,-0.336230754852,-0.370902955532,-0.146846547723,-0.802062451839,-0.190581932664,-0.413769900799,-0.648041963577,0.385905385017,-0.498162031174,-0.073773123324,0.890920400620,-0.337840050459,0.407958298922,0.212671890855,0.605887055397,0.195467486978,0.015866735950,-0.255843400955,0.186552479863,0.523968577385,-0.048423387110,-0.953703999519,-0.333263188601,-0.254406958818,-0.226814076304,-0.570272326469,-0.418301522732,-0.471861511469,0.108955703676,0.305909037590,0.120262041688,-0.331308156252,-0.194940671325,0.083009168506,0.576590180397,-0.122624561191,-0.110976599157,-0.008902658708,-0.230217903852,0.364869087934,0.063578076661,-0.142018616199,0.291972637177,-0.480229109526,-0.388967573643,0.077790223062,0.100213572383,0.078238859773,-1.055745005608,-0.651758611202,-0.002798801754,-0.555241107941,-0.450335443020,-0.233642324805,-0.722308993340,1.210531115532,-0.057947546244,0.296096771955,0.468502938747,0.577483355999,0.317240059376,0.934026002884,0.503656744957,-0.209613785148,0.288651108742,-0.558476209641,-0.173591569066,0.422474980354,-0.565477311611,0.233140185475,-0.058190379292,0.078304708004,0.191763192415,-0.209350377321,0.387819260359,0.367153406143,-0.087590143085,-0.359678953886,-0.257975429296,-0.259403645992,0.423368126154,-0.180168747902,0.239309906960,0.368713319302,-0.110672026873,0.246442735195,0.201069205999,0.261087030172,-0.295290052891,-0.770761191845,-0.568383157253,-0.438358217478,0.103428073227,-1.075777053833,-0.520947575569,-0.552693367004,-0.307514220476,0.458118557930,0.336061984301,0.218537032604,0.284271836281,0.506718933582,0.604652345181,1.090100407600,-0.210157081485,-0.263256102800,0.265297591686,-0.007503258530,-0.073686689138,0.101361900568,-0.261395752430,0.033486839384,-0.438349992037,0.163170143962,0.120504878461,-0.473697185516,0.411934226751,0.303085535765,-0.823308706284,0.349348068237,-0.074262909591,0.361794531345,0.945398211479,0.001741019194,0.004749731161,0.936791837215,-0.223862990737,0.311144441366,0.341898351908,-0.014199803583,-0.497820377350,-0.308703720570,-0.918039917946,0.042661145329,-1.038013815880,-0.879222989082,-0.145517110825,-0.816060602665,-0.124135084450,-0.664604306221,-0.675017476082,-0.143426239491,-0.151505723596,0.077288091183,0.306995630264,0.648293018341,0.081564493477,-0.030087117106,0.081296958029,0.559603929520,-0.366326093674,-0.602528512478,-0.321594655514,-0.434464603662,-0.506163299084,-0.457064896822,-0.327492743731,0.055774353445,0.239976674318,0.378537952900,-0.014389133081,-0.317725747824,-0.110458008945,0.840401947498,-0.106165133417,-0.536818385124,0.437271624804,-0.142850011587,0.375183492899,1.284625291824,-0.205518484116,0.448656141758,0.485896706581,-0.105893485248,0.987824678421,-0.049621108919,-0.693720042706,-0.012788053602,-0.855881750584,-0.529537379742,-0.894443511963,-0.117981836200,0.120006859303,-0.246582657099,0.976399004459,0.723984181881,0.262428820133,0.175340801477,0.333003908396,0.656508326530,0.675276756287,-0.015138224699,-0.132580876350,-0.398294180632,-0.134984567761,-0.377825915813,0.331481039524,-0.262552291155,-0.533690333366,-0.276258200407,-0.185148969293,0.022670293227,-0.173221141100,-0.272582709789,-0.107259958982,-0.030070655048,0.280238270760,-0.263787060976,0.179654255509,0.318293720484,0.688307702541,0.473701298237,0.109836511314,0.203407019377,0.385115116835,-0.447569549084,0.323767870665,-0.597342491150,-0.321096628904,-0.092739120126,-0.193220213056,-0.474931985140,-0.367202788591,-0.503936648369,-0.123069077730,-0.850428223610,0.229250684381,-0.197731241584,-0.138256683946,0.268639683723,-0.611451745033,0.174690499902,0.755610585213,0.288799285889,0.910392582417,0.436444342136,0.217911407351,0.123620606959,-0.546214997768,0.398623436689,-0.628919541836,-0.768830835819,-0.502804696560,0.045332353562,-0.238083362579,-0.137305930257,0.049522329122,0.025748975575,1.039186835289,-0.147097617388,-0.157626047730,0.324698030949,-0.888162732124,-0.145961627364,-0.394207119942,-0.205835402012,1.171722531319,0.756190955639,0.270689398050,0.665559172630,0.112614728510,0.204691186547,0.651272892952,-0.246418029070,-0.233354210854,-0.140335202217,-0.488452643156,-0.576931834221,-0.194817185402,-0.840381443501,0.447907090187,0.536736130714,0.239515691996,0.694963097572,0.638678312302,0.400101065636,0.549083709717,0.338264018297,0.515650391579,-0.400850176811,-0.022196967155,-0.010635446757,-0.080173321068,0.012952689081,-0.426557958126,0.107992589474,0.255180746317,-0.360127568245,0.093961536884,0.516897559166,-0.654067575932,-0.322174996138,0.324377000332,-0.131737127900,0.194553762674,-0.324319392443,-0.306357681751,0.486542880535,0.588612735271,0.617049336433,0.666415274143,-0.072225548327,0.687900185585,-0.108770489693,0.291507542133,-0.413333624601,-0.707491815090,0.048711501062,-0.899366140366,-0.813595175743,-0.699243545532,-0.157189771533,0.071101911366,-0.452113509178,-0.151847332716,-0.223834171891,-0.517601370811,0.461374253035,0.251262426376,0.192923873663,0.806120753288,0.356806069613,0.501989781857,0.313910305500,-0.095871299505,0.344989359379,-0.850131928921,-0.878564476967,-0.579553663731,-0.275912463665,-0.499569654465,0.302138894796,-0.979185521603,-0.104889206588,0.094072662294,-0.091076299548,0.387749284506,-0.771637916565,-0.182551845908,-0.134523585439,0.303534179926,0.320252895355,-0.933540344238,-0.049316532910,0.106959499419,0.598939418793,1.202295303345,-0.061832942069,-0.400146305561,0.017735347152,-0.292178422213,0.405406415462,-0.364770323038,-0.574762761593,0.037088237703,0.465037345886,-0.150114551187,0.093381188810,0.157329693437,0.075291879475,0.801663279533,1.083687782288,0.146373212337,1.305365204811,0.020155487582,0.360843747854,0.892628431320,-0.614114761353,0.055346302688,-0.249550223351,-0.479640543461,-0.016973908991,-0.395721763372,-0.399179100990,0.087001577020,-0.145405977964,0.085145309567,0.060672257096,-0.230510130525,0.261062353849,-0.000444515579,0.016241282225,0.746810853481,0.087207369506,0.462868303061,0.641983389854,-0.239877894521,0.705438017845,1.073468089104,-0.116331368685,-0.125789672136,0.071723408997,-0.328435271978,-0.290215164423,0.270306617022,-1.463752746582,-0.537863850594,0.258963257074,-0.592329323292,-0.728421092033,-0.072283171117,-0.697551906109,0.341865390539,0.174204826355,-0.290169894695,0.390589267015,1.101793527603,0.174785166979,0.396553158760,0.195817336440,-0.144381135702,0.275344461203,0.499367982149,-0.641481220722,-0.147179931402,0.184161141515,-0.785380780697,0.124805971980,0.496124655008,-0.350755721331,0.357703328133,-0.148501127958,-0.633047819138,-0.011273408309,-0.612575352192,-0.121599704027,-0.008359362371,-0.227571383119,0.063582189381,0.058202728629,0.220656692982,-0.297788381577,-0.144422277808,0.472590029240,0.181156560779,-0.427685737610,-0.026020625606,-0.424998044968,0.291384071112,-0.411366224289,-0.536151647568,-0.077987790108,-0.489773809910,-0.134140804410,0.284382969141,-0.066039375961,0.453689903021,0.287506908178,0.433876007795,0.825164973736,0.961660087109,0.260115683079,0.235103458166,0.102267391980,0.031272493303,0.264486759901,0.488609045744,-0.632434487343,0.058564923704,-0.068426586688,-0.041405800730,0.199562788010,-0.018871331587,0.133753910661,0.173501014709,-0.644226551056,0.285374879837,-0.316416889429,0.051514416933,0.194689601660,-0.448754936457,0.408913135529,0.937717914581,0.002946973545,0.015389293432,-0.106823675334,-0.175007432699,-0.263536006212,0.294837296009,-0.693193256855,-0.578722238541,-0.608965754509,-0.264260381460,-0.036701347679,-0.767439663410,-0.112248405814,-0.159609898925,-0.710187733173,-0.071632862091,-0.316202849150,-0.219286113977,0.176225721836,0.654273390770,1.039458513260,0.066142268479,0.574441730976,0.652273058891,-0.009902819060,0.512670516968,0.048127043992,-0.300496637821,-0.312313348055,-0.032955892384,-0.372014254332,-0.177789747715,0.322413742542,0.307810574770,0.150871872902,-0.217932000756,0.558801352978,0.069072775543,-0.078555777669,0.301291018724,-0.168035119772,0.340531855822,-0.051934234798,-0.336226642132,0.146961778402,0.038108978420,0.684525191784,0.284481734037,-0.600738108158,-0.099061116576,-0.514337420464,-0.761969685555,-0.192553445697,-0.905531764030,-0.612060904503,-0.760837793350,-0.761414051056,-0.287375211716,0.002946973545,-0.562192857265,-0.103209935129,1.047410368919,0.380990982056,0.251945674419,0.085207052529,0.134540051222,0.490790486336,0.244763448834,-0.528154432774,0.075357735157,-0.400796651840,-0.231222167611,0.699753940105,-0.197986423969,-0.667263150215,-0.320668607950,0.499528467655,0.420972704887,-0.121414490044,-0.169175207615,0.183337986469,0.301167517900,0.769411146641,-0.001790409908,0.354855120182,1.051382184029,0.719250857830,0.497869789600,0.906371355057,0.087738320231,0.251789271832,-0.299710512161,0.024617109448,-0.087631307542,-1.120837807655,-0.267511934042,-0.358423590660,-0.874465048313,0.222533553839,-0.599919021130,-0.160741776228,0.405184179544,-0.033186379820,0.134157270193,0.278707146645,0.520482420921,0.590629458427,0.383736312389,0.192528739572,0.633652865887,0.428838163614,0.098542518914,0.074398733675,0.268783748150,-0.125024124980,-0.460032463074,0.883034288883,-0.330489099026,-0.590983450413,-0.011783778667,0.091553740203,0.304040402174,-0.235231056809,-0.039302583784,0.148846864700,0.478389292955,0.471067160368,-0.038376510143,-0.251196563244,-0.142043307424,-0.222895741463,0.114186994731,-0.066043488681,-0.235515043139,0.256991744041,0.140117079020,-0.003959481139,0.061536595225,-0.147159352899,-0.201563104987,-0.126559346914,-0.623062670231,-0.849004149437,-0.118237026036,-0.521593749523,-0.288564711809,-0.197768270969,-0.067492283881,0.427265912294,-0.157432600856,0.354204833508,0.230670645833,0.249290928245,0.039327278733,-0.427875071764,-0.112034387887,-0.448964834213,-0.569621980190,-0.189779341221,-0.241594210267,-0.442202419043,-0.296426028013,-0.354085475206,0.220261573792,-0.680931985378,-0.192726314068,0.691732048988,-0.714949786663,0.185161307454,0.366120308638,-0.355896472931,0.829309642315,-0.089750990272,0.069891840219,1.502569556236,0.154679074883,0.771571993828,0.465004444122,-0.360144019127,1.412238240242,-0.233913958073,-0.083680056036,0.430463969707,-1.221940398216,0.155987918377,-0.085272900760,-0.313679814339,-0.448256909847,0.093113668263,-0.119628198445,0.025917725638,0.477969467640,0.364424556494,-0.091792464256,0.829626560211,1.066121220589,0.253838956356,-0.193211987615,0.463753193617,0.061499554664,0.162207022309,-0.299768120050,-0.158045873046,-0.073098115623,-0.464074254036,-0.251534074545,-0.134062603116,-0.307946383953,0.107539847493,-0.130514711142,-0.678404808044,0.059989023954,0.007355086040,0.010042759590,-0.001786294160,0.097789302468,-0.224669694901,0.261959612370,-0.266552925110,-0.057507142425,-0.023077767342,0.369178414345,-0.224155217409,-0.181370571256,-0.440160959959,-0.909454166889,-0.386226415634,-0.030416388065,-0.647272288799,-0.140034750104,-0.208350226283,-0.137507602572,-0.080770127475,0.132840186357,-0.237642958760,0.360510349274,0.549499452114,0.976868271828,0.001596963382,0.566395163536,0.058581393212,0.188186481595,-0.096426956356,0.004173507448,0.140236422420,-0.585163593292,-0.526557505131,-0.562937796116,-0.423969060183,-0.468511164188,-0.024415427819,-0.027189534158,-0.326817721128,0.043677773327,0.012923878618,-0.025991812348,0.080663107336,0.508970320225,-0.303270757198,-0.320545107126,0.128028720617,0.390897959471,0.558410346508,0.222747564316,-0.321281850338,0.539201498032,0.742271006107,-0.307468950748,-0.232065930963,-0.411963045597,-0.456875562668,-0.621996641159,0.018237486482,-0.076020397246,-0.279147565365,0.071040168405,-0.021279124543,0.560550570488,0.356616735458,0.446824580431,0.386864364147,0.690620779991,0.053218390793,0.572013318539,-0.275402098894,-0.188795641065,0.117652565241,0.381357312202,0.109079182148,-0.160922870040,0.018393889070,-0.339601665735,0.132231026888,0.063224107027,0.438913822174,0.426376879215,-0.290634989738,0.104193620384,0.192376464605,-0.320569813251,0.067656919360,-0.037882603705,-0.452965468168,0.037203483284,0.193125545979,-0.039775911719,-0.210527509451,0.723016858101,0.374747216702,0.289227336645,-0.170434683561,-0.099995426834,-0.830556809902,0.130963340402,-0.348932385445,-1.011178255081,-0.131930574775,0.067167125642,-0.147900208831,0.426928400993,0.076921768486,0.302472263575,0.178678795695,0.477825433016,-0.104045450687,0.820534586906,-0.118302874267,0.237161397934,-0.069998852909,-0.147513315082,0.301035821438,0.518152832985,-0.518333971500,0.287593334913,-0.247158885002,-0.687216937542,0.253122806549,-0.925641953945,0.145834028721,-0.187034040689,-0.058511421084,0.032494910061,-0.582241296768,-0.184543937445,-0.384481251240,0.800029218197,-0.261873185635,0.503664970398,0.099686726928,0.337621927261,0.301183998585,0.249488487840,0.473668396473,-1.041380643845,-0.608163177967,0.316466271877,0.065747149289,-1.477158188820,-0.451693683863,-1.067096710205,0.053975716233,-0.459983080626,-0.564135491848,-0.038504101336,-0.406892269850,0.303357183933,0.730162084103,0.288408309221,0.519840359688,0.412884980440,1.464077949524,0.514292120934,0.596457600594,0.409559369087,0.223846510053,-0.161145120859,-0.181753367186,0.290556788445,-0.290075212717,-0.444622606039,0.200982779264,-0.061631258577,0.237021476030,1.001464724541,-0.340717077255,0.276455760002,0.412695646286,-0.553240776062,0.498190820217,0.537744522095,-0.637958049774,0.331040620804,0.344042718410,-0.046250198036,0.876708209515,-0.385308593512,0.049090158194,-0.117944799364,-0.802087128162,-0.541193604469,-0.534155428410,-1.012046694756,-0.424541175365,-0.793007552624,-0.517490208149,-0.138487175107,-0.316626816988,0.251962125301,0.804079234600,-0.255012005568,0.485629141331,1.047883749008,0.749453306198,-0.449248850346,1.240173816681,-0.550676584244,0.120986439288,0.458336710930,-0.831635117531,0.185898050666,-0.317367643118,-0.735940754414,0.280102431774,-0.176620855927,0.367248088121,-0.405842721462,-0.156510636210,0.284485846758,0.074904985726,0.184786766768,-0.022871972993,0.353381633759,0.677857458591,-0.515317022800,0.434900850058,-0.149744123220,0.251599937677,-0.089038938284,0.006832369138,-0.631158649921,-0.273228913546,-0.536369800568,-0.615703463554,-0.580570280552,-0.841912448406,-0.998069107533,-0.657047510147,-0.562645554543,-0.373500078917,0.171533614397,-0.777243733406,0.032437290996,0.254316419363,0.080251522362,0.548766791821,-0.360407471657,0.602993607521,0.227419108152,0.170866847038,0.050641849637,-0.634957551956,-0.133506953716,0.373784095049,-0.829997003078,-0.266857504845,0.534344792366,-0.293026298285,0.364827901125,0.173468083143,-0.225328236818,0.914323270321,0.005041958764,-0.042858708650,0.665933728218,-0.062178671360,0.155028924346,0.733351945877,-0.075921609998,0.500619173050,0.172492608428,-0.146546080709,0.873485445976,0.454373091459,-0.140590399504,-0.225846841931,-0.316519767046,-0.167039081454,-0.337992340326,-0.895291388035,-0.065463148057,-0.355752378702,-0.233119592071,0.282427906990,-0.350208312273,-0.151974931359,1.062968492508,0.233983948827,0.977292180061,0.042689956725,-0.498507738113,0.679787755013,0.032338507473,-0.682294309139,0.160680040717,-0.499833047390,-0.551833152771,-0.025596689433,-0.392774790525,-0.817480623722,0.414119780064,-0.381945878267,0.247623980045,0.655162453651,-0.180662646890,-0.633558154106,0.466420292854,-0.039183225483,0.677721619606,0.522178173065,-0.017208514735,0.215762913227,0.521494984627,0.828679859638,0.375183492899,0.318338990211,0.343643486500,-0.084754303098,-0.013084398583,-0.311634212732,-0.059713255614,0.043204445392,-0.706491649151,-0.194187447429,0.003210390452,-0.682179093361,-0.204629451036,-0.329937577248,-0.520527720451,-0.524441957474,0.349146395922,0.332411199808,0.294676780701,-0.032317928970,-0.176686704159,0.460579872131,0.397219926119,-0.513588309288,0.190499603748,-0.303217262030,-0.033655591309,-0.269314676523,-0.988853752613,-0.023645760491,-0.296446621418,-0.125089973211,0.763640701771,-0.330563187599,-0.993673384190,0.072283171117,0.137865677476,0.136766731739,-0.028481924906,0.398364156485,-0.381645441055,0.143977761269,1.118923902512,-0.084877781570,0.237457737327,0.836919963360,-0.324253529310,0.746744990349,0.420379996300,-0.883026063442,0.172858938575,-0.905696392059,-0.669909656048,0.268948376179,-0.968002617359,0.084993027151,-0.048818510026,-0.535645425320,0.354480564594,0.011442160234,0.621609747410,1.038470745087,0.878342151642,0.042809318751,-0.146665439010,-0.369779348373,0.251805722713,0.554022789001,-0.616880595684,-0.457077264786,-0.261251688004,-0.626997470856,-0.481965988874,-0.175443693995,-0.430472195148,-0.667497754097,0.203254744411,-0.113849498332,-0.461386591196,0.486369997263,-0.022386299446,0.164013892412,0.942150771618,-0.217792049050,0.548437535763,0.768925547600,0.381279110909,0.288186013699,0.078177116811,-0.312988370657,0.025654310361,-0.349343955517,0.057169638574,-1.116339087486,-0.140154108405,0.078473463655,-1.181197166443,-0.521902441978,0.198537945747,-0.619033217430,0.118800900877,-0.184350475669,-0.416992634535,1.111404180527,0.614546895027,0.235918417573,1.140989184380,-0.181955039501,0.503055810928,0.785380780697,-0.106601417065,0.317890375853,-0.301229268312,-0.795629382133,-0.222796961665,-0.154633790255,-0.512600541115,-0.052983783185,-0.424462974072,-0.600507616997,1.102443814278,-0.298632144928,-0.017410192639,0.437300413847,-0.534373581409,-0.318795859814,0.199657455087,-0.558719038963,0.559431076050,-0.193697661161,-0.213215187192,-0.327830225229,-0.465691804886,0.927345871925,0.164092093706,-0.382933706045,-0.303986907005,-0.655783951283,-0.631076276302,0.002971668961,-0.803881645203,-0.404747903347,0.019538106397,0.155901491642,0.085305832326,0.024172591045,-0.086923375726,1.360139489174,1.097282528877,0.042167238891,0.354990988970,-0.342960238457,0.003412068821,0.093706354499,-0.584850788116,-0.155325263739,-1.253661513329,-0.022575628012,0.410555422306,-0.326220929623,0.356048732996,0.208881154656,0.061898794025,0.460571646690,-0.012409392744,-0.109420798719,0.462571978569,-0.198266282678,-0.007984817028,0.183041632175,-0.009306016378,0.743032455444,0.721304714680,-0.189561203122,0.147262245417,0.601153790951,0.142961144447,0.095282740891,-0.192858025432,-0.441926687956,-0.890821576118,-0.517770051956,-0.466107487679,-0.538176655769,-0.478780299425,-0.423615098000,-0.023728076369,0.007252188865,0.095253929496,-0.631224453449,0.564296066761,0.225863307714,0.029058147222,0.617497980595,0.131202071905,-0.089553423226,0.725651144981,0.341783076525,0.067150659859,0.022238126025,-0.511316418648,-0.330744296312,-0.324047714472,0.439617663622,-0.632335722446,0.028831774369,0.418132752180,-0.720074057579,-0.041220586747,0.598951816559,-0.449359953403,0.361679285765,0.014224498533,-0.998410820961,0.030045960099,0.372866243124,-0.378517359495,0.806388318539,-0.061215557158,-0.143706128001,0.441087037325,0.479945123196,0.004980220925,-0.221944972873,-0.332094281912,-0.733170807362,0.326533734798,0.186643034220,-0.885055243969,-0.536941885948,-0.461748778820,0.272689729929,0.687768459320,0.234132125974,0.644708096981,0.633891522884,0.141956865788,0.971859216690,1.049056768417,-0.134647056460,-0.080523170531,-0.116738848388,-0.139582008123,-0.110540322959,-0.128279790282,-0.552355885506,-0.423903226852,0.073324494064,-0.227752491832,-0.935207307339,-0.176987156272,-0.116726495326,-0.214898586273,0.204168483615,-0.857145369053,-0.073151625693,0.053243085742,-0.313107699156,0.535719454288,0.295450568199,0.260012805462,0.564921677113,-0.056626345962,-0.177069485188,0.489300519228,-0.338469803333,-0.385279744864,-0.416613996029,-1.065697312355,-0.233868688345,-0.331793844700,-0.385090410709,-0.586283087730,-0.508682191372,0.242400929332,0.067977957428,0.559459865093,0.363708406687,-0.433637261391,1.047402143478,0.786413908005,0.908845007420,0.826556146145,0.590156137943,0.497198909521,0.193232566118,0.209992438555,0.603619217873,-0.779931366444,1.072381496429,-0.148896262050,-0.528973519802,0.876864612103,-0.659817516804,0.532776594162,1.106852054596,-0.896188676357,0.926604986191,0.318713545799,-0.269331157207,0.236910328269,0.338366895914,-0.631426095963,-0.170475840569,-0.020567076281,0.297574341297,-0.029934830964,-0.591950654984,-0.366898208857,0.055720850825,-0.861269533634,-0.772621572018,-0.960363566875,-0.958610177040,-0.726400136948,-0.295364141464,-0.354599952698,-0.398520559072,-0.285946995020,0.093084856868,0.119554109871,0.013977544382,0.601215541363,0.666308283806,0.428562432528,0.075551182032,0.028745340183,-0.236321777105,-0.110544435680,-0.233473584056,-0.103498041630,-0.222068458796,-0.085145309567,0.232938513160,0.277332425117,-0.237412482500,0.164491340518,-0.073369763792,0.480755925179,0.261696189642,-0.141615256667,0.165837228298,0.305452167988,0.852136313915,0.400578498840,-0.163042545319,0.453150689602,0.219887033105,0.738192200661,0.512456476688,-0.231835454702,-0.053691718727,-0.201600149274,-0.539189159870,-0.734804868698,-0.839945077896,0.136997222900,-0.598157465458,-0.435756981373,0.023197127506,-0.371166378260,-0.082704588771,0.329406619072,0.062717854977,0.654429793358,0.287144720554,-0.168817132711,0.595683813095,0.242141619325,0.321479409933,0.869069039822,-0.090565934777,-1.062046408653,0.403809458017,-0.157317355275,-0.434534519911,0.147929012775,-0.262218922377,-0.393783181906,0.250459820032,-0.417523592710,0.132955431938,0.211449474096,-0.059491001070,0.109478421509,-0.185260087252,-0.057680010796,0.380781084299,0.505788743496,-0.095751948655,-0.357213526964,0.221290543675,0.527063727379,0.477557897568,0.105815283954,0.310716390610,-0.280600458384,-0.250109970570,-0.331933766603,-0.109597779810,-0.283020585775,-0.457176059484,-0.875547528267,-0.181103050709,-0.241211444139,0.010030412115,0.220487952232,0.099962502718,0.637501180172,0.277114301920,0.596597492695,0.576149821281,0.080831862986,0.566386938095,-0.312584996223,0.093899793923,-0.261663258076,-0.281201362610,-0.067838013172,-0.365387678146,-0.367947787046,-0.084729604423,0.088820800185,-0.330694884062,0.574680447578,-0.163898661733,-0.610850811005,0.020715249702,-0.197842359543,0.183811292052,0.579726517200,-0.063944391906,0.662027716637,0.202299848199,0.039821188897,1.075476646423,-0.059017676860,0.371503889561,0.203073650599,-1.041055440903,-0.284205973148,-0.142566025257,-0.540926098824,-0.167837560177,-1.283102393150,-0.461287796497,-0.959157586098,-0.765867412090,0.419458061457,-0.389436781406,0.064211919904,0.225661620498,-0.357291758060,0.755162000656,0.627828836441,-0.351031482220,0.390511035919,0.223998799920,-0.284498184919,-0.102242693305,-0.464193612337,-0.124007493258,-0.271714270115,-0.416704565287,0.371223986149,0.036800127476,0.359658360481,0.301731407642,-0.147463917732,-0.109338484704,0.187746092677,0.795398831367,0.530805110931,0.656240820885,0.342318147421,0.273307114840,0.348277956247,0.905116021633,0.502598941326,0.239087641239,0.310848087072,-0.271537274122,-0.163087815046,0.393536210060,-0.625910878181,-0.532965958118,-0.328620493412,-0.195451036096,-0.056490521878,-0.522754430771,-0.258144170046,-0.260580778122,0.471589863300,0.434460490942,-0.271496117115,0.405237704515,0.358987480402,0.399681240320,0.137478783727,-0.155514597893,-0.401541590691,-0.507669687271,-0.274739414454,-0.551261007786,-0.516432404518,-0.681981563568,-0.510563194752,-0.412230581045,-0.530858635902,-0.028226738796,-0.833532512188,-0.725210666656,0.300644814968,-0.256514310837,-0.215948134661,0.660377264023,-0.618053615093,-0.360316902399,0.526532828808,0.174077242613,0.609402000904,-0.112124934793,0.402554124594,0.490597039461,-0.011833169498,-0.191829040647,0.441366910934,-0.230139717460,0.090936355293,0.294866114855,-0.841937184334,0.178551211953,0.056120090187,-0.176604390144,-0.005317723379,-0.166882663965,0.825094997883,0.395627081394,0.890554010868,0.542856395245,0.993434667587,0.325821667910,1.074003100395,0.349969565868,0.166289985180,-0.088392741978,0.082177758217,0.150867760181,-0.899687111378,0.318318426609,0.103580363095,-0.438852131367,-0.393124639988,-0.035561244935,-0.331662118435,0.469577193260,0.038751058280,-0.561534285545,-0.566880822182,0.135881826282,-1.007959604263,-0.078090682626,0.046204928309,-0.566650331020,0.219384893775,0.200595885515,-0.337914168835,-0.071649320424,-0.210206478834,0.232699781656,0.157090976834,-0.342968463898,-0.519276499748,-0.697136223316,-0.344565421343,-0.451582521200,-0.403611898422,-0.173616260290,0.094192028046,0.210980251431,0.412732720375,-0.156576499343,0.706413447857,0.939557731152,0.163437679410,0.830021679401,0.256045073271,0.008733907714,0.342696815729,0.052279971540,-0.268215745687,-0.148151278496,-0.443536013365,0.080436736345,-0.012038962916,-0.087602496147,-0.178423613310,-0.622815728188,0.153571888804,0.656080305576,-0.545255959034,-0.429439067841,-0.190960600972,0.076501958072,0.523392379284,0.049172479659,0.166121229529,0.272455096245,0.022291632369,1.000357627869,0.193220213056,-0.256777703762,0.043344382197,-0.263976395130,-0.053218390793,-0.607862710953,-0.052440490574,-0.192713961005,-0.957540094852,0.175538375974,-0.512044906616,-0.278172075748,0.263190269470,-0.297936558723,0.292944014072,0.733767569065,0.204477161169,1.363662600517,0.431204795837,0.395993411541,-0.012845676392,0.399907618761,0.345026403666,-0.009808153845,0.359254986048,-0.160083234310,-0.896155774593,-0.417214930058,0.089713938534,0.101263120770,-0.403476089239,0.139211580157,0.386353999376,-0.051987744868,-0.008807993494,-0.179304406047,-0.191919595003,0.243063583970,-0.141561746597,-0.625643312931,-0.250307530165,-0.006404316984,-0.329472452402,0.206234648824,-0.369861662388,-0.063211761415,0.075991585851,-0.588904917240,-0.385962992907,-0.878918409348,-0.869176089764,-0.394762784243,-0.744279563427,-0.740352988243,0.005881599616,0.220331549644,0.231744900346,0.440025120974,0.519309461117,0.925152182579,0.439560055733,0.910697162151,0.264494985342,-0.302797406912,0.526203572750,-0.509213149548,0.030844440684,-0.035445999354,-0.606520891190,-0.095933049917,0.055860787630,0.970517396927,0.069463789463,-0.285555958748,0.226888149977,0.382452130318,0.220183387399,0.859861910343,-0.445931434631,0.245940595865,0.159696340561,0.547964215279,0.151209384203,0.318252563477,0.368750363588,0.537271142006,-0.164063289762,-0.159013107419,-0.429891824722,-0.466712534428,-0.050390776247,-0.522149384022,-0.871699154377,-0.460900902748,-0.562900781631,-0.126279458404,-0.258798629045,-0.743637502193,-0.050781790167,-0.679849505424,0.223599553108,0.316503316164,-0.060215398669,0.023316487670,0.779338717461,0.066817276180,0.367902487516,-0.013977544382,0.170644581318,0.089709825814,0.593601167202,0.130913943052,-0.347302496433,-0.216483205557,-0.207251265645,0.157086864114,-0.368256479502,0.553545355797,-0.123307794333,0.544050037861,0.884236156940,-0.335185319185,0.247372910380,0.622017204762,-0.638567209244,0.125974893570,0.534702837467,-0.491016834974,-0.052708018571,-0.057144943625,0.026592733338,0.551162242889,-0.281588286161,0.104008413851,0.130457088351,-1.355200409889,-0.546387851238,-0.177213534713,-0.783578038216,-0.352002829313,-0.794954359531,-0.693357825279,-0.256608963013,0.324623972178,0.977349758148,-0.243450477719,0.230580091476,1.210510492325,-0.016702260822,0.360481560230,0.688682258129,-1.087622523308,-0.017834128812,-0.372224152088,-0.610031783581,0.592670977116,-0.416107743979,-0.207572311163,1.012178421021,-0.335469335318,0.206473365426,0.112450093031,-0.250645041466,0.440276205540,0.739439308643,-0.291746258736,-0.243594542146,0.313539892435,0.805355191231,0.357328772545,1.215577244759,-0.203596353531,0.705800235271,0.379052430391,0.422882497311,-0.229135423899,0.307427793741,-1.050707221031,-0.201130956411,-0.283880829811,-0.669790267944,-0.466848373413,-0.371298074722,-0.561781287193,-0.044595610350,-0.108231306076,-0.663785219193,0.167137861252,0.449602812529,-0.009746415541,0.880128443241,0.701828300953,0.528360247612,0.938306570053,0.439461261034,0.007667893544,0.545050203800,-0.201682478189,-0.154518544674,-0.136132895947,-0.252546578646,-0.679833054543,-0.161309763789,-0.311988204718,0.073814280331,0.537234127522,0.111799776554,0.289836496115,0.004807353485,-0.239614471793,0.063549265265,0.028185579926,0.183267995715,0.208905860782,-0.274755895138,0.045789219439,0.441486269236,0.071167767048,0.420882135630,-0.418223291636,0.079004406929,0.094879381359,-0.288395941257,-0.298677444458,-1.192487120628,-0.965080320835,-0.807660043240,-0.619144320488,-0.253723740578,-0.520651221275,0.261626213789,0.052946742624,0.407061010599,0.648260116577,0.154428005219,0.350521117449,-0.070863187313,-0.860573947430,0.374031066895,-0.266532361507,-0.856527984142,-0.056338235736,-0.825774133205,0.042591176927,-0.239783227444,-0.302394062281,0.025539066643,-0.100649848580,0.311165004969,-0.457147210836,-0.233415946364,0.311140328646,-0.174357131124,1.196063876152,0.514559686184,0.645881116390,0.815480291843,1.062071204185,1.006975889206,0.413634091616,0.474750876427,-0.081638582051,0.583019196987,0.019776826724,-0.386078208685,0.010532549582,-0.679940104485,0.328912705183,-0.203271210194,-0.268923699856,0.056502867490,0.013570072129,-0.067228861153,0.011944298632,0.308958917856,-0.262103676796,0.586064934731,0.213466256857,0.148768663406,-0.060717534274,0.064117252827,0.443935245275,0.525606751442,-0.078366450965,-0.474186986685,-0.301064610481,-0.691867887974,0.121513269842,-0.378826051950,-0.259967535734,-0.473804205656,-0.315741896629,0.040475614369,-0.444696664810,0.195364594460,-0.128551438451,-0.446614682674,0.076152101159,-0.014368554577,0.398388862610,0.031852833927,0.343631118536,-0.347701728344,0.480270266533,0.456879705191,0.409295946360,-0.151616856456,-0.146109804511,-0.359028637409,-0.316054672003,0.460032463074,-0.115043103695,-0.537983179092,-0.600544691086,-0.207045465708,0.177629232407,0.207666978240,0.713147044182,-0.269775688648,0.996896147728,0.743839144707,0.348775953054,1.191729784012,-0.071056641638,0.037429857999,0.322994053364,0.015134108253,-0.319866001606,-0.219759434462,-0.328328251839,-0.130345970392,-0.669399261475,-0.115952707827,0.231547340751,-0.070142909884,0.073497354984,0.080728970468,-0.552372336388,-0.244841650128,-0.129275828600,-0.271701902151,0.464621663094,-0.315153300762,0.367190450430,0.379011273384,-0.323006421328,0.989417552948,0.021015707403,-0.307958751917,0.172694310546,-0.158811420202,-0.512909233570,0.283115237951,-0.669921994209,-0.995965898037,-0.261770278215,-0.691513955593,-0.104650489986,0.353097677231,-0.949398815632,-0.084515586495,0.065080374479,-0.103263437748,1.002283811569,1.142952442169,0.416795074940,0.599943697453,0.491127967834,-0.067632220685,0.390120029449,0.250019431114,-0.201600149274,-0.212070971727,-0.221245273948,-0.425088614225,0.284420013428,-0.317750424147,-0.105679459870,0.180469200015,0.132144600153,-0.027452953160,-0.128304481506,0.088462710381,-0.157922387123,0.233720511198,-0.499252736568,-0.316729694605,0.296817034483,0.297343879938,0.105642415583,0.356143385172,-0.620852410793,0.728050649166,-0.165927782655,-0.112622953951,-0.068562410772,-0.972019731998,-0.223340258002,-0.534266591072,-0.396170407534,0.227320328355,-0.516440689564,-0.189878121018,0.161124542356,0.411703705788,0.442803353071,1.123097419739,0.527948677540,0.256440192461,0.850181281567,-0.114289887249,0.204827010632,0.422108709812,-0.366828233004,-0.514489710331,-0.302414625883,-0.491416066885,-0.332884550095,-1.004506468773,0.050040926784,-0.198554396629,-0.564769387245,0.478150576353,-0.654968976974,-0.074806205928,-0.232926174998,0.370721846819,0.048550978303,-0.338062345982,0.155366420746,0.344495445490,0.394569337368,0.258218258619,0.134169623256,-0.004515125882,-0.211877509952,-0.291486948729,-0.264869540930,-0.107848532498,-0.267223834991,-0.897822678089,-0.447022169828,0.286836028099,-0.320429861546,0.090784072876,-0.577779710293,-0.490769863129,0.738455593586,0.178789928555,0.542732954025,0.088067583740,0.544564485550,0.906947612762,0.997673988342,1.054777860641,0.214688673615,0.074003607035,0.428286641836,0.312453299761,-0.404591470957,0.228670328856,-0.651174128056,0.201653659344,0.366470158100,-0.084968328476,1.028316855431,-0.413255423307,0.162968456745,0.518263995647,-0.055301029235,0.338630318642,-0.234975874424,0.186675965786,-0.319013983011,-0.321450591087,-0.189853414893,-0.181522861123,-0.500997841358,0.597297191620,-0.764241635799,-0.564127266407,-0.438065975904,-0.761714518070,-0.682598948479,-0.945184171200,-0.843233644962,-0.634928762913,-0.617094635963,-0.301245719194,-0.446305960417,0.110104031861,-0.032964121550,-0.052942626178,0.926757335663,0.492836058140,-0.074950262904,1.084017038345,-0.169475674629,0.206930235028,0.262852758169,0.315696597099,-0.109136804938,-0.308567881584,0.168570175767,-0.284387081861,0.663707017899,0.155465200543,0.184194087982,-0.145027324557,0.211346581578,0.085112378001,0.247582837939,-0.184914350510,-0.113775409758,0.231382712722,0.504545748234,1.012223720551,-0.314564734697,0.115858040750,0.453825712204,0.278250277042,0.676400423050,-0.289820045233,-0.668242752552,-0.217862010002,-0.230135604739,-0.330114543438,-0.531562447548,-0.776877403259,-0.354023724794,-0.160153195262,-0.104963295162,-0.655059516430,-0.266100198030,0.034577548504,0.253287434578,0.326546072960,-0.134507119656,0.344775319099,0.300282627344,0.410905241966,1.073826074600,-0.151312276721,-0.151390478015,0.828749895096,-0.432760626078,-0.302953809500,0.583937048912,-0.666917383671,0.240128949285,0.494272530079,-0.318384289742,-0.529574453831,0.592736780643,0.033334553242,0.788994550705,-0.162363424897,-0.460378199816,-0.108737565577,0.169072315097,0.347216039896,-0.446268945932,0.378895998001,1.111375331879,0.100942082703,0.474203437567,-0.080280333757,-0.071883931756,-0.014763679355,-0.532739520073,-0.517934739590,-0.548379898071,-0.774794757366,-1.204933524132,0.063343472779,-1.000806212425,-0.418783038855,0.354052513838,-0.405299425125,0.594107389450,0.607492268085,-0.094426624477,0.376903921366,0.263293176889,0.444688439369,0.451323240995,-0.331336975098,-0.512551128864,0.007042279467,-0.097069025040,-0.209589079022,0.048559207469,-0.017632450908,-0.644617557526,0.191211670637,0.332069575787,-0.600133061409,0.394865661860,0.444667845964,0.148373544216,0.045484647155,0.286412060261,0.960606336594,0.226982817054,0.829568982124,0.579862356186,-0.547227501869,0.575948119164,0.505764067173,0.143582642078,0.361020714045,-0.905342400074,-0.982881546021,0.037569798529,-0.258045405149,-0.417025595903,-0.974304020405,-0.506146848202,-0.574507534504,-1.256250381470,-0.031297188252,-0.095714904368,0.069138638675,-0.236758038402,-0.698087036610,0.266758739948,1.154242277145,0.394001334906,0.352764248848,0.074662148952,-0.551331043243,0.060668144375,-0.550437867641,0.102357946336,-0.365371227264,-1.382826209068,0.100304111838,-0.792349040508,0.879144787788,0.687171638012,-0.283761441708,0.402014940977,0.100810371339,-0.186182051897,0.185568794608,-0.090891093016,0.294800251722,0.026444561779,0.368235856295,0.283543318510,0.299290686846,0.770485401154,0.967426359653,0.046048521996,0.256078004837,-0.039854113013,-0.534180104733,-0.458871781826,-0.443984597921,-0.786730825901,-0.596943259239,-0.265351086855,-0.010499622673,0.757359862328,0.121233388782,0.167714074254,0.141129583120,0.421972841024,0.764933109283,0.270870506763,0.191977217793,-0.021382022649,-0.941912055016,0.297039300203,-0.428484201431,-0.770872294903,0.126489371061,-0.526532828808,-0.436641901731,-0.203477010131,-0.214618697762,-0.048958446831,0.028955250978,-0.668366193771,-0.055568564683,-0.573614418507,0.095579080284,0.417033821344,0.001387053286,0.020649395883,0.601981103420,0.298014760017,0.418651342392,0.397055268288,-0.387613475323,0.522725641727,0.446186602116,-0.439090818167,-0.209403887391,-0.586657643318,-0.001247113105,0.564275503159,-0.944385707378,-0.308045178652,0.045698672533,-0.131835907698,0.039261426777,0.278575420380,-0.318038552999,0.114849656820,0.467247635126,0.835837483406,0.014002240263,-0.002292548073,0.446170151234,0.022316327319,0.993809163570,0.704837083817,-0.479163080454,-0.190977051854,-0.232621580362,0.275348603725,-0.206440433860,-0.460732161999,0.359880656004,0.264453828335,-0.410481303930,0.042475935072,-0.054856516421,-0.419067054987,-0.116598904133,0.357110649347,-0.799494147301,0.122776851058,0.339951515198,0.078551664948,0.308156311512,-0.315914750099,0.509781122208,0.583097457886,0.065615437925,-0.055251635611,-0.075740508735,-0.000061738276,-0.438452869654,-0.262103676796,-0.331559211016,-0.669732630253,-0.736410021782,0.151472792029,-0.041220586747,-0.049419429153,0.305209338665,0.467613905668,0.786298632622,0.835656344891,0.162260532379,0.587698996067,0.142067998648,0.358320713043,-0.122645139694,-0.087162092328,-0.021056866273,-0.500401079655,-0.575622975826,-0.126123055816,-0.716501474380,-0.094607733190,0.132325693965,-0.785306751728,0.116170853376,0.034186538309,-0.460715681314,-0.039742983878,0.111602224410,-0.024230213836,0.699272394180,0.135890051723,0.203600466251,0.819600284100,0.088030546904,0.834289848804,0.326793044806,-0.315392047167,0.406274884939,0.147262245417,-0.524017989635,0.171813502908,-0.879062533379,-0.179592534900,-0.774885356426,0.044114056975,-0.895546615124,-0.566744983196,0.276933193207,0.556224822998,-0.250883758068,0.875864446163,0.033906657249,1.161523342133,0.574775099754,-0.285518944263,0.321853965521,0.114993713796,0.582253634930,0.174702852964,-0.622116029263,-0.320668607950,-0.470322161913,-0.104539357126,0.461403042078,-0.567477643490,-0.124106273055,0.278246164322,-0.587637245655,-0.118883222342,-0.399067968130,-0.117767818272,-0.258152425289,0.211124315858,-0.431686371565,-0.319709569216,-0.365745753050,-0.315116256475,0.812689721584,0.202690869570,-0.592103004456,-0.322220295668,-0.325558274984,-0.508525848389,-0.244047284126,-0.848016321659,-0.640666306019,-0.004366953857,-0.263305515051,-0.385814815760,-0.180642083287,0.194138050079,0.726799428463,0.436851799488,0.143125772476,1.027234315872,0.809985578060,0.601285517216,0.165400952101,0.073205128312,0.549709379673,0.242153987288,0.161161586642,0.391017287970,-0.247545778751,0.194356203079,-0.284654587507,-0.274825870991,0.351825863123,-0.169751435518,-0.187684357166,0.121871359646,-0.450998097658,0.289585441351,-0.052782107145,0.546091496944,0.114026479423,-0.027885120362,0.022345138714,0.163602307439,0.172463804483,-0.114590346813,-0.498804092407,0.022254588082,-0.483241945505,-0.206242874265,-0.361889183521,-0.209247484803,-0.222941011190,-1.086272597313,-0.692925691605,-0.232897341251,-0.845859646797,0.006161479745,-0.094722971320,-0.605397284031,-0.476936399937,0.048069417477,0.689587712288,0.241824701428,0.665201067924,0.415301024914,-0.139001667500,0.581685662270,0.875983774662,0.153938204050,-0.348142117262,0.177106529474,-0.333152055740,-0.256958812475,0.048489242792,0.347454786301,-0.052934393287,0.311506628990,0.287025362253,-0.324307054281,0.310592919588,-0.066121689975,-0.049785744399,-0.120702445507,-0.074715659022,0.099485047162,0.061256714165,-0.119459442794,0.172628447413,0.177320554852,0.464761614799,-0.244693487883,0.143689662218,0.203110679984,-0.332003742456,-1.069483876228,-0.251842767000,-0.853716790676,-0.249595493078,-0.584002912045,-0.511867880821,-0.328871548176,-0.245273813605,0.022649714723,0.766369521618,-0.262774556875,0.778371512890,0.485386282206,0.413362443447,0.456715047359,-0.144870907068,0.010763038881,0.214260622859,-0.386230528355,0.263478368521,-0.261671483517,-0.669411599636,0.625256419182,-0.359592527151,-0.175332576036,0.507011175156,-0.255234241486,0.023748654872,0.880803525448,-0.169870793819,-0.173361063004,0.255481213331,0.180012345314,0.986803948879,0.462481409311,0.550223827362,0.737171471119,-0.449063628912,0.765480518341,0.514020502567,0.104773968458,-0.440062195063,-0.656026780605,0.135511398315,-0.745366215706,-0.411934226751,-0.655923902988,-1.150299310684,-0.079539477825,-0.232333481312,-0.377965837717,0.196047827601,-0.340103805065,0.358781695366,0.243985533714,0.235478013754,0.836652398109,0.526170611382,0.328632831573,0.117138087749,0.244195461273,0.470610260963,-0.141825154424,-0.180493906140,-0.442292988300,-0.526248812675,-0.150995358825,-0.693073868752,0.460748612881,0.194224491715,0.298039466143,0.242433845997,0.241433694959,0.604973316193,0.206209957600,0.192166551948,0.336251318455,-0.757664442062,0.531813502312,0.162725627422,0.065471380949,-0.188618659973,0.178789928555,-0.049921568483,0.604339540005,0.160474240780,-0.393635004759,-0.818299651146,-0.324973821640,-0.873193204403,-0.748107314110,-0.336543560028,-0.263630658388,-0.951111018658,-0.048213478178,-0.273274183273,0.299212485552,0.413934558630,0.327752023935,0.502578377724,0.487300217152,-0.012228294276,0.609854757786,-0.726560711861,-0.500150024891,0.252772957087,-0.691711485386,-0.751103699207,-0.610221087933,-0.726745903492,0.491029173136,0.262704581022,-0.237358957529,0.091014571488,-0.329258441925,0.402624070644,0.747387051582,0.234123885632,0.501125454903,0.327632665634,0.318618893623,1.073077082634,0.736158967018,0.407904773951,1.045541763306,0.480751812458,0.551170468330,-0.092051766813,0.140742689371,-0.666933834553,0.021591931581,-0.033857267350,-0.517560184002,0.151197031140,-0.253736078739,0.350689828396,-0.303567111492,-0.257230460644,0.496663838625,-0.229715764523,0.015726797283,0.493914425373,0.161980658770,0.385341495275,-0.411909520626,0.264927148819,0.036940068007,0.222298935056,0.015788534656,-0.606833755970,-0.267828881741,-0.316684424877,-0.185609936714,-0.518967807293,-0.589855670929,-0.284193634987,0.116150274873,-0.650552630424,-0.126102477312,-0.598853051662,0.463765591383,-0.327130526304,-0.180971339345,0.068397775292,-0.164721831679,-0.246455073357,0.321919828653,-0.167417734861,-0.507603824139,0.432081490755,-0.079852283001,-0.495881825686,0.665616810322,-0.746954977512,-0.386218190193,-0.017916448414,-0.820966780186,-0.134679988027,-0.596581041813,-1.075081467628,0.477072209120,0.127538919449,-0.584319829941,1.158234715462,-0.271821290255,-0.022032331675,1.749934196472,0.039944663644,0.524071514606,0.740521788597,-0.656372487545,0.376788675785,-0.237149044871,-0.255530595779,0.471952080727,-1.007605671883,0.291709244251,0.253781348467,-0.843451857567,0.963825047016,-0.156971618533,-0.446639358997,0.667312502861,-0.037931993604,-0.223290860653,0.215618848801,0.413876920938,0.456035941839,0.493939101696,0.250706762075,0.745374441147,0.715995192528,0.406328409910,0.595136344433,-0.045484647155,-0.053864583373,-0.060186583549,-0.023357646540,-0.150275066495,-0.642078042030,-0.478912025690,-0.291766852140,-0.526787996292,0.138223767281,-0.051958929747,-0.627606570721,0.227143347263,0.254077702761,0.310547649860,1.402994036674,0.123846977949,0.986754596233,0.395371913910,0.380287170410,0.456361085176,0.114672675729,-0.937322795391,-0.282473176718,-0.995262086391,-0.256608963013,-0.169574454427,-0.809298217297,-0.167652338743,-0.107078857720,-0.026794411242,-0.285856425762,-0.099316306412,-0.093821592629,-0.178662329912,-0.226793497801,-0.411543220282,0.242367997766,-0.729836940765,-0.284786313772,0.536225676537,-0.138660043478,0.224204599857,0.507118165493,-0.034326482564,-0.024691192433,-0.206045314670,-0.356316268444,-0.012627534568,0.114676788449,-0.262120127678,-0.821913361549,-0.196080744267,0.123126700521,0.659632265568,0.571095466614,0.317396461964,0.915525078773,0.584616184235,1.018426299095,0.615024328232,0.216145694256,0.017282601446,0.351237267256,-0.104913905263,-0.573165774345,-0.430636793375,0.118010655046,0.273208320141,-0.254349321127,-0.155625730753,-0.109391987324,0.133313521743,0.452837884426,-0.355505466461,-0.032737750560,0.146319702268,-0.012689273804,0.034322362393,-0.453352361917,-0.102230355144,0.634451329708,0.344075620174,0.286243319511,0.346635729074,0.139162182808,0.557311415672,-0.424030810595,-0.159539937973,0.190981179476,-0.326315581799,-0.486402958632,-0.174122512341,0.084466189146,-0.197558358312,-0.263190269470,-0.151546880603,0.210354655981,-0.049184825271,-0.274657130241,-0.126761019230,0.502504289150,0.185301244259,0.602265119553,-0.171476006508,1.125130653381,0.578899204731,0.485892593861,0.206979617476,0.668539106846,-0.083412520587,-0.111392311752,0.204370155931,-0.317873924971,0.226102024317,-0.126678705215,0.252538353205,0.000366313732,-0.287865012884,0.369293659925,-0.314181953669,-0.393058747053,-0.148385882378,-0.444371521473,-0.197887644172,-0.144907966256,-0.730532526970,0.030259985477,-0.225402325392,-0.947484970093,0.877370893955,-0.351245492697,-0.989034831524,-0.333794146776,-0.738657295704,-0.160700604320,-0.685385346413,-1.383830428123,-0.003613747191,-1.007255792618,-0.169228732586,-0.025901265442,-0.243944391608,0.433390349150,0.423277616501,0.136375725269,1.254706978798,0.589168310165,0.708384990692,0.467395782471,-0.467420458794,0.379287004471,0.464288294315,-0.218524679542,0.377755910158,-0.670576453209,0.456521600485,0.234613656998,-0.157280310988,0.565864205360,-0.515415787697,0.389547914267,0.027098987252,0.271520823240,0.185708716512,0.413720548153,0.362897574902,-0.012800401077,0.595169305801,0.187536180019,0.174711093307,0.792575359344,0.503257513046,0.231572031975,0.125308111310,0.232666850090,-0.418293297291,0.195590972900,-0.583620131016,-0.589501738548,-0.435880452394,-0.416618108749,-1.340206146240,-0.683520913124,0.164874121547,-0.063808560371,-0.298039466143,0.551462709904,0.441901981831,0.470145195723,0.565921843052,0.310564100742,0.434876173735,0.704371988773,0.102765411139,0.056893877685,-0.219327285886,-0.022423341870,0.005572908092,-0.017607755959,-0.032280884683,-0.542708218098,-0.000864335860,0.904317498207,0.297632008791,0.070410445333,0.293372035027,0.170356482267,0.531854689121,-0.137672230601,-0.242602616549,0.195776179433,0.165302172303,0.354254215956,0.252912878990,0.169504493475,-0.115450575948,-0.490564078093,-0.007474447135,-0.004786774516,0.331336975098,-0.658623874187,-0.586682319641,-1.417819380760,-0.620107471943,-0.143195748329,-0.880305469036,0.111593984067,0.174871608615,-0.786010563374,0.872551143169,0.379735678434,-0.239186421037,1.186658978462,0.107218801975,0.103008255363,0.625075340271,-0.517630159855,-0.320207595825,-0.089820958674,-0.826926589012,0.170661047101,0.541950941086,-0.514078140259,-0.357081830502,0.230415463448,-0.327282816172,0.621284604073,0.050106786191,-0.318557143211,0.383678674698,-0.344400793314,-0.066261634231,0.989783883095,0.228155851364,0.566823184490,0.365445286036,0.639176368713,0.332600533962,0.230267286301,0.271763652563,0.248920485377,-0.707767546177,0.228275209665,-0.132873117924,-0.662953794003,-0.199554562569,0.013998124748,-0.937726140022,0.163042545319,-0.345289826393,-0.582706451416,0.036409117281,-0.238758370280,-0.241417229176,0.673560440540,-0.301443308592,0.439675301313,0.103312827647,0.362267851830,-0.002523037372,-0.074312299490,0.131889417768,-0.190688937902,-0.806692838669,0.267853558064,-0.278727710247,0.024415427819,-0.187622621655,0.003650789848,-0.364321649075,0.768810272217,0.538748741150,-0.210383445024,-0.183996513486,-0.343705207109,-0.040858387947,0.636640965939,-0.001119520632,0.113083936274,-0.033762603998,0.199859142303,0.789533793926,-0.014142180793,-0.310020804405,0.259346038103,0.331221699715,0.036668419838,-1.153089880943,-0.055959571153,-0.969344437122,-0.449689209461,0.000086433582,-0.404529720545,-0.212638974190,0.125571534038,0.254258781672,-0.259111434221,0.097278937697,0.316696763039,-0.417293101549,0.665592074394,-0.398162484169,-0.342766791582,0.359608978033,-0.113454371691,-0.359814763069,-0.317380011082,-0.488835424185,-0.130066081882,-0.185284793377,-0.203110679984,-0.442190080881,-0.205526709557,-0.166701570153,-0.099769055843,-0.003724875860,0.098793588579,-0.431229472160,0.483176052570,0.050526600331,0.317729860544,1.179299831390,-0.141248941422,0.178991615772,0.357641577721,-0.068401895463,0.058593738824,0.301299244165,0.028909977525,-0.106074586511,-0.723111569881,-0.693226158619,-0.019694508985,0.513929963112,-0.268627345562,0.081716775894,-0.066331595182,0.064174875617,0.640102386475,-0.169562116265,0.355431348085,0.800519049168,0.298113524914,0.605850040913,0.766847014427,0.105518937111,0.423466920853,1.018479824066,0.216203317046,-0.479298889637,-0.315873563290,-0.317478775978,-0.630565941334,-0.003025175538,-0.665089964867,-0.464666962624,0.122661598027,-0.024119086564,0.147505089641,-0.190326750278,0.099365696311,-0.098320260644,-0.498310178518,0.232094749808,-0.287264078856,0.214663967490,-0.076259113848,-0.761681497097,0.533097624779,0.117426194251,0.214524030685,0.042010836303,-0.546140909195,-0.556060135365,-0.419836729765,-0.159589320421,-0.041858550161,-0.844443738461,-0.614328742027,-0.436658352613,0.003922438249,0.230197325349,0.002988132415,0.675445556641,-0.007034047041,0.524746477604,0.224282801151,0.237535953522,0.563946187496,0.161519676447,-0.229868054390,-0.406756460667,-0.749811351299,-0.705121099949,0.103386916220,-0.061705343425,-0.752293229103,0.297166883945,-0.159358844161,0.381933540106,0.225064828992,0.166466966271,-0.491498410702,-0.038788098842,0.044636774808,-0.209016978741,-0.277649372816,-0.462378531694,-0.138112634420,0.561081588268,0.278176188469,0.645411908627,0.442054271698,-0.256975263357,0.326747775078,-0.192561686039,0.362864673138,-0.148052498698,-0.574207067490,0.539678931236,-0.711089134216,0.171508923173,0.107811488211,-0.468968063593,0.316342800856,0.682607173920,-0.448882520199,0.229612872005,0.534842789173,0.998077332973,0.303731739521,0.720382750034,0.425598978996,1.127254486084,-0.176686704159,-0.002448951593,0.643884897232,-0.314227223396,0.147031754255,0.301694363356,-0.503529131413,-0.580590844154,0.241186738014,-0.048024144024,-0.288136631250,-0.271434366703,-0.305406898260,-0.590464830399,-0.382690846920,0.184873208404,-0.532743632793,-0.084569089115,-0.486756891012,0.272965490818,0.296195536852,-0.039051514119,-0.550429642200,-0.325043767691,0.323129892349,0.035581823438,-0.708751261234,-0.537127077579,-0.684553980827,-0.063495755196,-0.667979300022,-0.225620463490,-0.022674409673,-0.637439489365,0.171381339431,0.454829990864,-0.334193378687,0.687319874763,0.488600820303,0.812920212746,0.441646814346,-0.136754393578,0.330908924341,0.442535847425,0.002444835613,0.593720495701,-0.313239425421,-0.716476738453,0.195866733789,0.273298859596,-0.328616350889,-0.169376894832,-0.338465690613,-0.448866039515,-0.011005875655,-0.139837190509,0.234992340207,-0.014817185700,-0.444663733244,0.673041880131,-0.017006836832,0.140750914812,0.616366088390,-0.362782329321,-0.074032418430,-0.117977723479,-0.364226996899,-0.138236105442,-0.547433257103,-0.436818838120,-0.119998618960,-0.782059311867,-0.229295954108,-0.522400498390,-0.364967882633,-0.044912535697,-0.692579984665,0.109725371003,-0.331349313259,-0.248661175370,0.546309649944,-0.038117211312,0.440613687038,0.753490924835,0.455299198627,0.801811456680,0.421503663063,0.059667985886,0.492243349552,0.120550155640,-0.718921601772,0.262116014957,0.226410716772,-0.090874627233,0.351792931557,-0.524869978428,0.031959846616,0.652873992920,-0.191779658198,0.422911286354,-0.631701886654,-0.103535085917,-0.229559361935,-0.048159968108,0.078395254910,-0.487588316202,0.430245786905,-0.000654425705,-0.107346393168,0.298208206892,0.286235094070,0.088063471019,-0.478401631117,-0.610772609711,-0.862804710865,-1.231686830521,-1.016578316689,-0.126962706447,-1.407953739166,-0.643629729748,-0.714435279369,0.111906796694,0.656421899796,0.661970138550,0.157041594386,0.348829478025,0.833199143410,0.664114475250,-0.031659387052,0.010870052502,0.155469313264,-0.532801270485,-0.264655500650,0.057181987911,-0.295611083508,0.024563601241,-0.135721296072,-0.567753434181,0.636389911175,0.325615882874,-0.017788855359,0.690052807331,-0.612176120281,0.171109676361,0.392717152834,-0.115730449557,0.173023566604,0.580936610699,0.663361310959,-0.029465621337,1.008198380470,0.270463049412,0.311202049255,0.200019642711,-0.377443104982,-0.352126300335,0.047608438879,-0.648437082767,-0.572091519833,-0.659196019173,0.039566002786,-0.535398423672,-0.459242194891,-0.070410445333,-0.476306647062,0.572630763054,0.240071341395,-0.410530716181,0.366828233004,0.086688764393,0.270685285330,0.649001002312,0.399249047041,-0.108655244112,0.328645199537,0.070945508778,0.333003908396,0.591938316822,0.000341618463,-0.567848086357,0.472425371408,-0.314762294292,0.607344090939,0.201089784503,0.268100500107,0.255629390478,0.430949598551,0.204654142261,0.306999742985,-0.103991948068,0.184078842402,-0.434143513441,-0.346063613892,-0.568782389164,0.167500048876,0.658936679363,-0.111495204270,-0.007462099195,0.029082842171,-0.831227660179,0.455229222775,-0.411888927221,-1.332028031349,-0.400924205780,-0.279567360878,-1.126653552055,0.054514892399,-1.128468632698,-0.220487952232,-0.070451602340,-0.088672630489,0.798691570759,-0.088635578752,0.274772375822,0.484246194363,-0.073896601796,0.104473508894,-0.303097873926,-0.413308948278,-0.240606412292,-0.360979586840,-0.478665053844,0.030770355836,-0.449026584625,-0.785117387772,0.302904427052,0.380390077829,0.284806877375,0.494651138783,-0.111367613077,0.035857588053,0.541028976440,0.504698038101,0.950773537159,0.361852109432,0.243207648396,0.640427589417,1.119705915451,0.531825840473,0.837356209755,-0.198146939278,0.280028343201,0.137775138021,-0.307711780071,-0.114228151739,-0.831746220589,-0.348389089108,-0.018369194120,-0.264285087585,-0.338683813810,-0.257744938135,-0.265865564346,-0.362798780203,0.184914350510,0.297985970974,-0.038759287447,0.007190451026,0.060001373291,0.230831176043,0.244022578001,-0.087297916412,-0.454974025488,-0.311580717564,-0.811483740807,-0.165767267346,-0.036104541272,-0.561451971531,-0.935194909573,0.053201928735,-0.539588391781,0.104020752013,-0.192989721894,0.235494464636,0.065026864409,-0.041397571564,0.433797806501,-0.476751178503,0.244236603379,0.625906765461,0.217347532511,0.482064783573,-0.122315861285,-0.037055313587,0.684228837490,-0.001868611784,-0.375422239304,0.394598126411,-0.570638656616,0.003654905595,-0.579961121082,-0.532472014427,-0.491667121649,-0.088145785034,-0.834075868130,-0.192195355892,0.149571254849,0.483015567064,0.540493905544,0.079185508192,0.623935222626,0.681216001511,0.536180436611,0.866558432579,-0.256954699755,-0.288017272949,-0.305830836296,0.150694891810,-0.272129952908,-0.266347140074,0.043620146811,-1.012627005577,0.477179229259,-0.410831183195,-0.132379204035,-0.095628470182,-0.274875253439,0.451994150877,0.353262275457,-0.167697608471,0.414481937885,0.122254133224,1.177521705627,0.219854101539,-0.227349147201,1.076361536980,0.218615218997,-0.201390251517,0.022625019774,-0.299047857523,-0.210321709514,-0.569642603397,0.093591108918,-0.224719092250,-0.848399162292,-0.245343789458,-0.191368073225,-0.347685277462,0.237692356110,-0.357682764530,0.138157904148,-0.070538036525,0.224550336599,0.906116187572,0.558616161346,-0.345857799053,0.429566681385,0.704487264156,-0.060334756970,0.420643419027,-0.312408000231,-0.718929827213,-0.590682983398,-0.385271519423,-1.398289680481,0.095282740891,0.133655130863,-0.042056109756,0.083754137158,-0.127934053540,0.139339163899,0.232518672943,0.286716669798,-0.024386618286,-0.392729490995,-0.398261278868,-0.269174754620,0.175521910191,0.246590897441,-0.305040568113,0.284395307302,0.686035692692,-0.183514952660,0.963030636311,-0.055321607739,-1.111935138702,0.458785355091,-0.095620237291,-0.451249152422,0.069439098239,-0.771954774857,-0.073217473924,1.057683587074,-0.283193469048,0.502512514591,0.897839128971,0.427710413933,0.818019807339,0.435641735792,-0.246175184846,-0.176785483956,-0.319302111864,0.383369982243,-0.480521351099,-0.593650519848,-0.156206056476,-0.066644407809,-0.590827047825,-0.485386282206,-0.221138268709,0.158523306251,0.060799852014,-0.761027157307,-0.140590399504,-0.211782842875,-0.309160590172,0.644584596157,-0.333374351263,-0.014002240263,0.549013793468,0.802025496960,0.600478827953,-0.001642238116,0.526870310307,0.243849724531,-0.165158107877,-0.230254948139,-0.421017974615,-0.060400612652,-0.139532610774,-0.283119380474,0.017928794026,0.112083777785,-0.346495777369,0.240733996034,-0.348817139864,0.966751396656,-0.749321579933,0.073126927018,0.665423333645,0.408884346485,0.234770089388,0.704725980759,0.531583011150,1.115474820137,-0.258889138699,0.265408724546,0.121883697808,0.187902480364,-0.440358519554,-0.049612876028,0.107502795756,-0.619732916355,-0.014022819698,-0.246932521462,0.154971286654,0.213248118758,-0.530253529549,0.030132394284,0.100921496749,-0.336337774992,0.078880928457,-0.753079354763,-0.345841348171,-0.179559588432,-0.410637736320,-0.167162552476,-0.132700249553,-0.150266841054,-0.099810205400,-0.196438848972,-0.562814354897,-0.840784788132,-0.909816384315,0.049489401281,-0.353817939758,-0.966080486774,-0.637377679348,-0.287910282612,-0.403163284063,1.216614365578,0.547182202339,-0.141022562981,0.619757592678,0.733977556229,1.032901883125,0.904189944267,0.459180474281,0.370088011026,0.253892481327,0.443182021379,-0.081251688302,0.201184451580,0.043694235384,-0.470141083002,0.259407758713,-0.319051057100,-0.091722495854,0.583089172840,-0.142586603761,0.410547167063,0.139606699347,-0.066113457084,0.317655771971,0.327546238899,0.695757448673,0.041973795742,0.407723695040,0.137680470943,0.237865224481,0.969570755959,-0.629685103893,0.078736878932,-0.229431763291,0.048328720033,-0.355036228895,-0.640057146549,-0.879815697670,-0.323599100113,-0.884441912174,-0.784689366817,-0.408682674170,-0.220743134618,-0.088298082352,-0.666538715363,0.408361643553,-0.029523242265,0.801272213459,0.821806371212,-0.109371408820,0.734389126301,0.105115585029,0.048674456775,0.470001131296,-0.349113494158,-0.628339231014,-0.033902544528,-0.760315120220,0.132811367512,0.133618086576,-0.592407524586,0.480146795511,0.692991554737,0.310008466244,0.076464913785,-0.148332372308,-0.382398605347,0.181333556771,0.003720759880,0.223006889224,-0.168154478073,-0.744176685810,0.469729453325,0.029124001041,0.085832662880,0.260428488255,0.174834549427,-0.408094108105,0.100407011807,-0.251591682434,-0.668185114861,-0.484254419804,-0.312029331923,-0.539444327354,-0.364371061325,-0.164795920253,-0.070953741670,0.445355206728,0.633088946342,-0.185708716512,0.395635306835,0.607977926731,0.480920583010,0.131049782038,-0.283605039120,-0.133469924331,0.591876626015,0.258753329515,-0.563386440277,-0.042895752937,0.431945651770,0.620255589485,0.111898556352,-0.274570673704,0.056646920741,0.170813336968,0.566802620888,-0.139429718256,0.146574899554,0.328031897545,-0.261708557606,0.722951054573,0.796053290367,-0.197603628039,0.588900804520,0.815496742725,0.001843916485,1.128839015961,-0.262325912714,-0.797847807407,-0.081099390984,-0.452693849802,-0.320429861546,0.066027022898,-0.906005084515,-0.385357946157,-0.059231702238,-1.131835460663,-0.230913490057,-0.047719568014,-0.861520588398,0.282423794270,-0.625346958637,0.211519435048,-0.085198812187,-0.417062610388,0.039150297642,0.112248405814,0.719296157360,0.641415357590,-0.065866507590,0.268763154745,0.033964283764,0.180654421449,-0.023061303422,-0.000699700438,0.012960921973,-0.054564286023,-0.308045178652,0.554376780987,0.118381075561,0.318478941917,0.105741195381,0.606002330780,-0.302748024464,0.297508507967,0.483550608158,0.331567436457,0.047559048980,0.347417712212,-0.356612622738,0.890117764473,0.234243243933,-0.088047005236,0.468663483858,-0.445824444294,-0.036664303392,0.496610313654,-0.843385994434,-0.611488759518,-0.828342437744,-0.676071107388,-0.448084026575,-0.554397344589,0.883454084396,0.181967377663,-0.333576023579,1.213581085205,-0.035610634834,1.105049252510,0.797872483730,-0.884503662586,0.183827772737,0.129308760166,-0.511752665043,0.013882880099,-0.570070624352,-1.217363476753,0.016130153090,-0.153139725327,0.303336590528,0.177073597908,-1.075151443481,0.088026434183,-0.567790448666,0.087223827839,0.566827297211,-0.484365552664,0.563402891159,0.092615641654,0.438810944557,0.888895273209,-0.205995917320,0.382740259171,1.140507578850,-0.233395367861,0.441790848970,-0.380674064159,-0.639645576477,0.204732343554,-0.783981382847,-0.968368887901,-0.680903196335,-0.074509866536,-0.344989359379,0.180642083287,-0.583484292030,-0.032778907567,0.464000165462,0.086882211268,0.531867027283,0.516099035740,0.527397155762,0.726626574993,0.630137860775,0.696152508259,0.450899332762,0.043768320233,0.315334409475,-0.130197793245,0.009244277142,-0.358724057674,-0.666625142097,0.055037610233,0.082041934133,-0.825465440750,0.357452243567,0.328694581985,0.362251371145,0.078008361161,-0.085680373013,-0.320207595825,0.091096885502,0.485011786222,0.308699607849,-0.289688318968,-0.170397624373,0.331373989582,0.193100869656,0.245450794697,-0.037734434009,-0.265507489443,0.093442931771,-0.603257060051,-0.112956345081,-0.397899061441,-1.160337924957,-0.113944150507,0.051794294268,-0.647465705872,0.047666065395,0.083297282457,0.051596730947,1.077439904213,0.269294112921,-0.186367273331,0.653779506683,0.168463170528,-0.114450417459,0.003123956732,-0.271207988262,-0.776058316231,0.333287894726,0.017373150215,-0.251896262169,-0.529027044773,-0.091755419970,0.427982062101,0.129440456629,-0.424265384674,0.232625707984,-0.123159624636,-0.101168453693,0.300138562918,-0.329822301865,0.240104272962,0.799271881580,-0.195702105761,0.752914667130,0.027020784095,0.377706497908,0.631928265095,0.265906751156,-0.115866281092,0.089495807886,-0.256909430027,0.259774059057,0.378332167864,-0.292046725750,-0.678380131721,-0.126950353384,-0.546914696693,0.284234791994,-0.183280363679,-0.985252261162,-0.101485379040,0.475582271814,0.152308329940,1.160556077957,0.299916297197,-0.038129556924,0.860545098782,0.365206569433,0.302464038134,0.584196388721,-0.178983360529,-0.420676350594,-0.240380018950,-0.374973565340,-0.124410845339,-0.315676033497,0.055078774691,0.900666713715,-0.692119002342,0.403418451548,0.071587584913,-0.981136381626,0.546918809414,-0.208922311664,-0.698815524578,-0.283502161503,-0.372150093317,0.285387217999,0.204221978784,-0.183951243758,0.839006721973,0.166442275047,-0.134663522243,0.981745541096,-0.531768202782,-0.211247801781,-0.405990868807,-1.614970326424,0.133959710598,-0.744719982147,0.214972659945,0.099019959569,-0.775239229202,0.621819674969,0.676585614681,0.230897024274,1.261773943901,-0.052049476653,0.534624636173,0.292392462492,0.487135559320,0.007256305311,-0.139260962605,-0.187330394983,-0.342709153891,-0.273459404707,0.693946421146,-0.292972803116,-0.646696031094,0.114804379642,-0.695317029953,0.064656436443,-0.420071303844,-0.393379837275,0.052662748843,-0.121616162360,0.005362997763,0.011005875655,0.105580680072,0.150427356362,0.689291357994,0.473071575165,0.018595566973,-0.589094281197,-0.304237991571,-0.166409343481,-0.165466815233,-0.041282325983,-0.765373468399,-0.397627413273,-0.429994732141,0.148764535785,0.171574786305,-0.784862220287,0.177468717098,-0.084206886590,-0.444651395082,0.202764943242,-0.121402144432,0.238976508379,0.824243009090,0.462526679039,0.076135635376,0.961651861668,0.169059976935,0.039339628071,0.167652338743,-0.206707984209,0.038224224001,-0.523244202137,-0.292083770037,-0.665299892426,0.179110959172,0.192759245634,-0.367536157370,0.218162477016,0.211988657713,-0.192022487521,0.282946497202,-0.265095919371,-0.045595776290,0.046468343586,0.065697759390,0.186297297478,0.171196117997,-0.250657379627,-0.167936339974,0.249912410975,-0.129662722349,0.003086913610,-0.152501761913,-0.488250941038,-0.341313868761,-0.962470829487,-0.029589096084,-0.671329617500,-0.428130239248,-0.303052604198,-0.643218159676,0.153341412544,-0.132124021649,0.092739120126,0.107082977891,0.631265640259,0.570144712925,0.747329473495,-0.264297425747,0.377871155739,-0.110688492656,-0.035001486540,-0.010178583674,0.192327067256,-0.728157699108,0.166796237230,-0.400035172701,-0.141981557012,0.526145875454,-0.275183945894,-0.017068574205,0.150180399418,0.035252552480,0.042261905968,-0.247829794884,0.354760468006,0.538962781429,0.321545273066,-0.300072729588,0.003078682115,0.771901249886,0.365140706301,0.346985578537,0.310473531485,0.005889831576,-0.166487544775,0.178077876568,-0.628759086132,0.441622138023,-0.221833854914,-0.884454309940,-0.738669574261,-0.437592655420,-0.426183432341,-0.421260803938,0.015109414235,0.207539379597,-0.081609763205,-0.204896971583,0.758718132973,0.972386062145,0.578606963158,0.767106294632,0.145661160350,0.414547801018,0.201723650098,-0.272648543119,-0.171006783843,0.193899348378,-0.192553445697,0.549347162247,-0.071365326643,-1.025583863258,0.599421024323,0.323837816715,-0.262980341911,0.295166581869,-0.619243085384,-0.569148719311,-0.113923579454,-0.486040741205,-0.568152666092,-0.472972810268,-0.128856018186,-0.124493174255,0.019756248221,0.028490154073,-0.119591154158,-0.004222898278,-0.100798018277,-0.345125168562,-0.215701177716,-1.034885764122,-1.197343826294,-0.090709984303,-0.448615014553,-0.585595786572,-0.248529493809,-0.451660752296,0.154963061213,0.226402491331,0.548877954483,0.169022932649,0.395552992821,0.404204577208,0.528780102730,0.850909769535,-0.061923488975,-0.191347479820,0.320236414671,-0.418375581503,0.589847445488,-0.069443210959,-0.215857580304,0.466181606054,0.126748681068,0.086927488446,0.168829470873,-0.405957967043,0.513333201408,0.372405260801,0.085062995553,0.196335956454,-0.085474587977,0.222982183099,1.256155729294,0.095068708062,0.747720420361,0.365589380264,0.355999350548,0.663291335106,0.164413139224,-0.494560599327,0.433793693781,-0.619514763355,-0.506340265274,0.044546220452,-0.897909164429,-0.363111585379,-0.421672403812,-0.716184556484,-0.147912546992,-0.362761765718,-0.483472406864,0.102995902300,0.099913112819,-0.100386440754,0.053399492055,0.367116332054,0.235449194908,-0.012442320585,0.457674086094,-0.324689805508,-0.303641170263,-0.608669400215,-0.264795452356,-0.263910531998,-0.252554804087,-0.169899612665,-0.677013695240,-0.001185374800,0.167870476842,0.066574439406,0.033211074769,-0.166911482811,-0.031194292009,0.222854584455,0.098110347986,0.153802394867,0.095167487860,-0.098982915282,0.122698649764,0.047056913376,0.365856915712,0.162050619721,-0.192487582564,-0.050958771259,-0.740908682346,0.187997147441,-0.961610674858,-0.773905754089,-0.189869895577,-0.925312638283,-0.632553935051,0.516144335270,-0.861989796162,0.545046091080,0.537596285343,0.505792856216,1.081016659737,-0.282432019711,0.912401139736,0.826786637306,-0.248632386327,0.157239139080,-0.421812355518,-0.613061070442,-0.111733928323,0.182597115636,-0.459238082170,-0.406303673983,-0.266519993544,0.339766293764,0.192656353116,-0.163799881935,0.466996520758,-0.153028607368,-0.323500305414,0.678285479546,0.035454232246,0.209712564945,0.702770829201,-0.035054992884,0.025909494609,0.051185142249,0.317190676928,0.386086434126,-0.178049072623,-0.093706354499,-0.487888783216,-0.247414067388,-0.192639872432,-0.453792780638,-0.098674222827,-0.426018774509,-0.650334537029,0.236486405134,-0.144940882921,-0.943809449673,0.319153934717,-0.094064436853,-0.284481734037,0.440214455128,-0.134107872844,0.363572597504,0.425162672997,-0.401998490095,1.059243559837,0.243915572762,0.141417697072,-0.120747707784,-0.405496984720,-0.553998112679,-0.838500440121,0.721745133400,0.288754016161,-0.562851369381,-0.175237908959,-0.086215443909,0.095146909356,0.368478715420,0.375117629766,-0.766085505486,-0.411679029465,-0.304896503687,-0.160428956151,-0.338543862104,0.132585003972,-0.472207218409,0.659377098083,-0.112943992019,0.136256366968,1.021476149559,-0.238890066743,-0.311963498592,0.481673777103,-0.797510385513,-0.628088176250,-0.405752182007,-0.418511420488,-0.238918885589,-0.443540126085,-0.220833688974,0.480336129665,0.457151323557,0.313544005156,-0.258782148361,0.822049260139,0.335057705641,0.260930627584,0.559624493122,-0.267779469490,-1.198302865028,0.293857723475,-0.272899627686,-0.148678109050,0.331279367208,-0.214873880148,-0.266491204500,0.160309597850,0.113791868091,-0.740879833698,0.137075439095,-0.566720306873,-0.493399947882,1.196100831032,-0.247484058142,0.251414716244,0.678083777428,0.362024992704,1.234160423279,0.617226362228,0.752239704132,0.246763765812,0.685961604118,-0.536201000214,-0.214515805244,-0.128810733557,-0.427837997675,0.137474671006,-0.558879554272,-0.701939463615,0.094229072332,-0.127102643251,0.281876355410,0.336304843426,-0.727976560593,0.157675430179,0.041521046311,0.690690755844,0.653195083141,0.263083249331,0.788628220558,0.509015560150,0.393935441971,0.757927894592,-0.004947294015,-0.242866024375,-0.318289607763,-0.197583064437,-0.440761893988,-0.531591236591,-0.218351811171,-0.274533629417,-0.166652172804,0.017640681937,0.039759449661,0.059034138918,-0.395384252071,0.440165072680,-0.364317536354,-0.116055607796,-0.777103722095,0.033877849579,-0.720712006092,0.194385007024,0.308629631996,-0.327994883060,-0.537394642830,-0.012043078430,-0.222879290581,-0.220545575023,-0.485839068890,-0.215738222003,-1.006169199944,-0.824230670929,-0.582566440105,0.049086045474,-0.241783544421,0.220903649926,-0.203699260950,0.298376947641,0.885405063629,0.606702029705,0.227324441075,0.637554705143,0.230748862028,0.362844049931,0.075765207410,-0.170726910233,-0.356365650892,0.125283420086,-0.373825222254,-0.250249922276,0.260498493910,-0.240972712636,0.151052966714,0.306773364544,-0.277295410633,0.434744477272,-0.382019996643,0.529409825802,0.502977609634,-0.136429235339,0.839356541634,0.231864258647,0.076958812773,1.129328846931,0.172410294414,0.243689194322,0.639653801918,0.239630937576,-0.977168738842,0.118590995669,-0.231119275093,-0.102036908269,-0.421919375658,-0.659183681011,-0.500903189182,-0.736796915531,0.449668645859,0.041158847511,-0.512258946896,0.621650874615,-0.297837793827,0.258625745773,0.457352995872,-0.231736674905,0.917780578136,0.056823909283,-0.014109253883,0.613406836987,0.105794712901,0.238309741020,-0.058029860258,-1.145685315132,0.176406830549,0.323648482561,-0.073810167611,-0.852613806725,-0.246829614043,0.165219858289,0.450635880232,0.191322788596,0.153662443161,-0.056930918247,-0.179263249040,0.335028916597,0.192491695285,-0.926164686680,-0.529191672802,0.305246353149,0.014944778755,-0.106910109520,-0.366128534079,-0.168475508690,0.627894699574,0.203464657068,0.008112409152,-0.225143015385,-0.241602450609,-0.104605220258,0.034116569906,-0.836080253124,-0.665662109852,-0.376776337624,-0.115076027811,-0.092739120126,-0.043439049274,0.538933992386,0.731014072895,0.663624703884,0.513991713524,-0.058556698263,0.298862636089,1.021455645561,-0.328706920147,-0.778095722198,0.144586920738,-0.493720978498,-0.125555068254,0.243903234601,-0.417626500130,0.093990348279,0.203892707825,-0.141491785645,0.376331835985,-0.013347814791,-0.168664842844,0.541596949100,-0.372845679522,-0.222381263971,0.229872167110,0.456336379051,0.656574189663,0.596803307533,0.146171525121,-0.086129009724,0.899489581585,0.119051963091,0.122929133475,-0.652594149113,-0.944019317627,-0.284210085869,-0.292149633169,-0.824275910854,-0.791756331921,-0.527425944805,-0.035808198154,0.147323980927,-0.596404075623,0.441292822361,0.213420972228,0.220401510596,0.762179553509,0.576717793941,0.067006610334,0.575964570045,0.236638680100,0.206382811069,0.920509397984,-0.446618795395,0.046777028590,0.312284529209,-0.129358142614,0.010993529111,0.398417651653,-0.757664442062,0.726297259331,0.058581393212,-0.133807420731,0.765669822693,0.106058120728,0.117825433612,0.847888767719,-0.421536594629,0.534447669983,-0.374117463827,-0.061882328242,0.610336363316,-0.251616388559,-0.220529109240,0.386954903603,-1.149266242981,-0.096669785678,0.695963203907,-0.826728999615,-1.149706602097,0.163676396012,-1.013137340546,-0.163598194718,-0.972093820572,-0.499594330788,0.015632130206,-0.049666382372,0.595778465271,0.312008768320,-0.684451103210,0.540790200233,0.647329926491,1.003777861595,-0.575853466988,-0.136289298534,-0.419569164515,0.381838887930,-0.559245824814,-0.182560071349,-0.133461683989,-0.222311303020,0.273833930492,0.030432853848,-0.562863767147,0.614061236382,0.090323098004,-0.001230649650,0.304340869188,0.313099473715,0.274360775948,-0.212177976966,0.373413652182,0.607376992702,0.840731263161,0.708405494690,0.424442380667,-0.127761185169,-0.012347654440,-0.173134699464,-0.304237991571,-0.443379580975,-0.237906366587,-1.192071437836,-0.038664624095,-0.383719831705,-0.511769115925,-0.284288287163,-0.669670939445,-0.001247113105,0.264931291342,0.014582579955,0.331332862377,0.576458513737,0.244705826044,0.364058285952,0.483287185431,0.511695027351,0.100707463920,0.472557097673,-0.150447934866,-0.100419364870,-0.054938830435,-0.387164831161,0.480690062046,-0.415622055531,-0.282242685556,0.400047570467,0.235757887363,0.127493649721,0.790620326996,0.216116875410,-0.446857511997,0.352714896202,-0.159926816821,-0.178991615772,0.138149678707,-0.264890134335,-0.142771810293,0.166746839881,-0.610513329506,0.191985443234,0.642156243324,-0.008766834624,0.184700340033,-0.102394983172,-0.188561037183,-0.055856674910,-0.001341778552,-0.100616924465,-0.424656420946,-0.794534504414,-0.415617942810,-0.107272312045,0.261786729097,0.182658851147,-0.006359042134,0.323150455952,0.850411772728,0.017307296395,0.286091029644,-0.155703932047,-0.121159307659,-0.205588445067,-0.201768919826,0.335987925529,-0.048583902419,-0.400010496378,-0.324335843325,0.178184881806,-0.455805450678,0.611962139606,-0.182230815291,0.040113411844,-0.111178286374,-0.360625594854,-0.441836148500,0.143677309155,0.646053969860,-0.266511768103,0.271759539843,0.606829643250,0.132309228182,1.223265767097,0.803556501865,0.111836828291,0.530516982079,-0.302838593721,-0.171829968691,0.895122647285,-0.644683420658,-0.470507383347,-0.487012088299,-0.913199663162,-0.097637020051,-0.781911075115,-0.605998218060,0.210729181767,-0.219327285886,0.328299462795,0.225262388587,-0.128045171499,0.100793905556,0.317824512720,0.892072737217,-0.024259025231,0.136478632689,0.202061131597,-0.098859436810,0.005358882248,-0.676190495491,-0.348450809717,0.315544307232,-0.471054822206,-0.103119380772,-0.026522761211,-0.499619036913,-0.207757532597,0.252468377352,0.435645848513,0.286572605371,-0.501607000828,0.407151579857,0.138869956136,-0.392103910446,0.345833092928,-0.027518805116,0.179168581963,0.580529093742,-0.047567281872,0.191442146897,-0.198772534728,-0.580372691154,0.273998558521,-0.548491060734,-0.893628597260,0.131259679794,-0.811224400997,0.043208558112,0.301118135452,-0.040158689022,0.813632249832,0.026856148615,1.000847458839,1.368383526802,0.174933329225,1.023859381676,0.896061062813,0.015693869442,0.363897740841,0.393972516060,-0.472754657269,0.266017854214,-0.532970070839,-0.408896684647,0.309403419495,-0.568020939827,-0.045130677521,-0.314511239529,-0.198435053229,0.299694031477,-0.420639306307,-0.030568677932,0.086392425001,-0.355196774006,0.327361017466,-0.128415614367,-0.435756981373,1.165169954300,-0.201188579202,-0.219681248069,0.478833824396,-0.513934075832,-0.466626077890,-0.270141988993,-0.477434426546,-0.399553656578,-0.706331133842,-0.005597603507,-0.712780773640,-0.816570997238,-0.041821505874,-0.427249431610,0.183107480407,-0.493683934212,-0.193668842316,0.410748869181,0.417531847954,0.868599891663,0.226209044456,0.276756227016,0.300648927689,0.743822693825,1.023336648941,-0.127773523331,-0.301002889872,-0.245339676738,0.034087758511,-0.289745956659,-0.191738486290,-0.171196117997,0.149176135659,0.773662865162,0.342297583818,-0.214388221502,0.227731898427,0.162639185786,0.467202335596,-0.142623648047,-0.488415598869,0.263313740492,0.363539636135,-0.277295410633,0.470737904310,-0.026913771406,-0.440963566303,0.613966524601,0.528882980347,-0.330707222223,-0.164059177041,-0.732504069805,-0.235008791089,0.276184111834,-0.851152658463,-0.095151022077,-0.797230422497,-0.227130994201,0.276731520891,0.203983262181,-0.091759532690,-0.025102782995,0.579154372215,0.360053479671,0.594938814640,0.190359681845,0.685537695885,-0.129214093089,0.025382660329,0.095097519457,-0.073686689138,0.673457562923,0.107478104532,-0.203946202993,-0.509447753429,0.358547061682,0.109157375991,0.165211617947,0.078049525619,-0.168833598495,-0.266919255257,0.078053638339,0.045270621777,0.059141151607,-0.026823222637,-0.343495309353,0.632846117020,0.155337616801,0.101477138698,0.663406550884,-0.127065598965,-0.133737459779,0.165759027004,-0.403315544128,-0.049407079816,-0.128683149815,-0.962750792503,-0.324228823185,-0.362420111895,-0.959474503994,-0.378612041473,-0.373796433210,-0.317170083523,-0.592506349087,-0.014590811916,0.391926914454,0.700663566589,0.615579962730,0.059104111046,0.249863013625,0.510600209236,0.932482540607,0.401965558529,-0.923880338669,-0.479957461357,0.114643864334,0.017661262304,-0.103016480803,-0.096694476902,-0.404809623957,1.179694890976,-0.047843046486,0.264511466026,0.435337126255,-1.045228958130,0.119323618710,0.469367295504,-0.693427801132,0.373858183622,-0.061746507883,-0.024423662573,0.566876709461,-0.063985548913,0.598470270634,0.216030463576,-0.207457065582,0.417305469513,-0.535538315773,-0.473713636398,-0.736047804356,-0.564991652966,-0.200542375445,-0.326187998056,-0.382369816303,-0.143315106630,0.233720511198,0.330155700445,0.168331459165,0.300615996122,0.799062013626,1.010951876640,0.246948987246,0.333600699902,0.334670841694,0.259354263544,0.265540421009,0.082173645496,-0.132601469755,-0.148624598980,0.090393066406,0.738525569439,-0.598058700562,-0.039561886340,-0.192660465837,0.210173547268,0.707948625088,0.027815150097,-0.307382524014,0.330978870392,0.359855920076,0.616053283215,0.600256562233,-0.039718288928,0.083655364811,0.218071937561,0.368869721889,0.221006542444,-0.468190133572,-0.232304662466,-0.363033384085,-0.396528452635,-0.585414648056,-1.104901075363,-0.386864364147,-0.690727829933,-0.532714843750,-0.657862424850,-0.365206569433,-0.702643275261,-0.377978175879,0.232835620642,-0.485727936029,0.299731105566,0.251381784678,-0.293013960123,1.509377360344,0.080708384514,-0.377665370703,0.641366004944,0.225772753358,-0.221681565046,-0.002280200366,-1.010729670525,0.147838473320,0.331015914679,-0.287148833275,-0.031721126288,0.288963943720,-0.031836368144,0.634270191193,0.022999564186,-0.192895069718,0.108478263021,-0.446993321180,0.087450213730,0.465173214674,0.416292935610,-0.326360851526,-0.183144539595,0.439683526754,0.389465600252,1.036025881767,0.530920326710,-0.254493385553,-0.569922447205,-0.894875705242,-0.305324584246,0.188820347190,-0.361456990242,-0.597770571709,-0.305505663157,-0.154563829303,0.526215910912,0.297286272049,0.142528980970,0.487575948238,0.249686047435,0.028309056535,0.665970742702,-0.320030629635,-0.288066685200,0.154502093792,-0.257041126490,-0.052588663995,-0.283156424761,-0.595017015934,0.042624104768,-0.227945938706,-0.152435913682,-0.097003176808,-0.690489113331,-0.079173162580,0.271854192019,-0.366811782122,-0.049217749387,-0.256950557232,-0.697535455227,0.802412390709,0.262828052044,0.773823380470,-0.559060633183,0.315149188042,0.909651756287,-0.135342642665,0.410201430321,0.232308775187,-0.313482254744,0.093731053174,-0.394779235125,0.263190269470,-0.045653395355,-0.147546246648,-0.525051057339,-0.501693427563,-0.938602864742,-0.203900933266,-0.153082117438,0.235078766942,-0.931507110596,0.377825915813,-0.056589301676,0.556533515453,0.716036319733,0.191717922688,0.698663234711,0.346520453691,0.112388350070,0.353896141052,-0.733425974846,-0.808429777622,0.089434064925,-0.226628854871,-0.319968909025,0.494832247496,-0.089232385159,0.320619195700,0.215100258589,-0.119060203433,-0.387662827969,-0.328369408846,-0.401434570551,-0.409756928682,-0.021213270724,-0.285156726837,-0.395594179630,0.310082525015,0.522174060345,-0.544539809227,0.464934468269,0.125411018729,0.335609257221,0.567662835121,-0.601590096951,-1.031424283981,-0.325261920691,-0.794974923134,0.100802138448,-0.261856704950,-0.626976907253,0.208922311664,0.272290468216,0.717460513115,0.660377264023,0.162709161639,0.135441422462,0.838644504547,-0.051732558757,0.163021966815,0.030696269125,-0.583323776722,0.309493958950,0.076255001128,-0.061186745763,-0.424829304218,-0.369133114815,0.314074933529,0.092813208699,0.393062859774,-0.196694031358,-0.154744923115,-0.080728970468,0.103288128972,-0.121924862266,0.285934656858,0.077423915267,0.596873283386,0.711640596390,-0.033997207880,0.405710995197,0.640456378460,0.318820565939,0.490263611078,-0.219932317734,-0.613361537457,-0.134832277894,-0.116319023073,-0.892579019070,-0.456155270338,-0.398187190294,-0.195257589221,-0.032992932945,-0.419285178185,-0.370915293694,-0.183675482869,0.049164246768,0.528516650200,0.462662518024,0.000395124953,0.716172218323,0.021752452478,0.608743488789,0.364683866501,0.109009206295,0.219742983580,-0.297014594078,-0.027382981032,-0.808734297752,-0.016344178468,-0.415206372738,-0.416980296373,0.142516627908,-0.710434675217,-0.179608985782,0.233580589294,-0.161700770259,0.217236414552,-0.506780683994,-0.014767794870,-0.366486638784,0.367474436760,0.407213300467,-0.410086184740,-0.109890013933,0.305900782347,-0.014644318260,0.426549732685,-0.270224303007,-0.632051765919,-0.252497196198,-0.500051200390,-0.522882044315,-0.724844396114,-1.029238700867,0.354225397110,-0.514168679714,-0.312918365002,0.422219812870,0.278867661953,0.579323172569,0.336819320917,0.171558320522,0.672860741615,0.266923367977,0.446812242270,-0.086894556880,0.141722261906,-0.970089375973,-0.129769727588,-0.322660684586,-0.082144826651,-0.250937283039,-0.250838488340,0.047925367951,0.453656941652,0.331287592649,-0.085128851235,-0.292692899704,0.090886965394,0.309045314789,0.136083498597,0.555759668350,-0.376064300537,0.173986688256,0.948616802692,0.366239666939,0.257300406694,1.029638051987,-0.070789106190,0.021480804309,0.320915549994,-0.724301099777,0.043920606375,-0.425105065107,-0.935491263866,0.247652798891,-0.821460664272,-0.707187235355,-0.003798961639,-0.687854886055,0.081399857998,0.092319302261,-0.595622062683,0.508698642254,-0.096945546567,0.211700543761,0.185930982232,0.071591705084,0.335041254759,0.630825221539,0.136956065893,0.079621791840,0.061174400151,0.169323384762,-0.112338960171,-0.119883380830,-0.089154183865,-0.117767818272,-0.472676455975,0.349697917700,-0.060561127961,0.054078608751,-0.311638355255,0.039018590003,-0.729137301445,0.441124111414,-0.176122829318,0.271973550320,0.174982726574,-0.260086864233,-0.049728121608,-0.232259377837,0.231283932924,0.378336280584,0.380027890205,-0.146509036422,-0.386843800545,0.395713508129,-0.531208455563,-0.778688430786,-0.379900276661,-0.452298730612,-0.268104612827,-0.356522083282,-0.222957491875,0.254863828421,-0.027778107673,0.119389474392,0.831569254398,0.560204863548,0.792003273964,0.252003282309,0.485151708126,0.153995826840,-0.535386085510,-0.147706761956,-0.227707222104,-0.965310871601,-0.283469229937,-0.608875215054,-0.312568515539,0.550351440907,-0.105119697750,0.020270733163,-0.371195197105,0.087404936552,-0.529228687286,0.205950647593,0.232016548514,-0.525668442249,0.160964027047,0.048061184585,0.521573126316,0.497182428837,0.247331768274,0.255880445242,0.478949069977,0.478356391191,0.145512998104,-0.300599545240,-0.512814581394,-0.610447466373,-0.903230965137,-0.574454069138,-0.306584030390,-0.133157104254,-0.183621957898,-0.019657466561,0.348932385445,0.575730025768,0.234465494752,0.212894156575,0.913133740425,0.561666011810,0.344306111336,0.333020359278,-0.167940452695,0.770481288433,0.394919157028,-0.137153640389,0.540666759014,-0.609821856022,-0.378657311201,0.362448930740,0.127131462097,0.071904510260,-0.115376487374,0.076600730419,0.095035783947,-0.293602526188,-0.105568327010,-0.253826618195,0.410156160593,0.011775547639,0.144895613194,0.853865027428,-0.759121477604,-0.543852448463,0.573231637478,-0.772255241871,0.127415448427,-0.377237319946,-0.871341109276,-0.911532700062,-0.566489815712,-0.895723581314,-0.681611120701,-0.361650437117,-0.766340732574,-0.634426593781,-0.181469365954,0.081906110048,0.662435173988,-0.179913565516,-0.015623899177,0.727338612080,0.199817970395,0.427553981543,0.729404747486,0.383950322866,0.326138585806,-0.029025221244,0.221747413278,-0.017146775499,-0.229847475886,0.016554089263,0.203151836991,-0.250813782215,0.656495988369,0.117755465209,-0.041327599436,0.832371830940,0.237309560180,-0.848748981953,1.248076200485,0.504924416542,0.399067968130,0.747963309288,-0.099694967270,0.775445044041,1.101929426193,-0.442959755659,0.636241734028,-0.489296406507,-0.185358867049,0.358308374882,-0.491477847099,-0.369618803263,-1.226438999176,-0.253670215607,0.250319868326,-1.018574476242,-0.045472297817,-0.383810400963,-0.573672056198,1.071257829666,0.002189650666,0.124764822423,0.942323625088,0.046686481684,0.945990920067,0.442004859447,-0.423047095537,0.839323639870,0.077489763498,-0.440613687038,-0.110832549632,-0.511065304279,-0.181057780981,0.050205565989,-0.560661733150,-0.224307507277,0.256106823683,-0.350722789764,1.227307438850,-0.261922568083,-0.373224318027,-0.257312774658,-0.489144116640,-0.254662156105,0.055486243218,-0.276982575655,0.210597485304,-0.312342166901,-0.255641728640,0.176736086607,0.146171525121,-0.090458914638,0.394832700491,0.485954284668,-0.688036024570,0.049073696136,-0.737035632133,-0.927819252014,0.004663297441,-0.775354504585,-0.728721559048,-0.256403148174,-0.043961770833,0.528586626053,0.274854689837,-0.292808175087,0.388868778944,0.710027158260,0.451249152422,0.347170770168,-0.229287728667,0.769979178905,-0.308419734240,0.877309143543,-0.217174679041,-0.418721318245,0.482941478491,0.074275262654,0.248924598098,0.450557678938,-0.273018985987,0.024189054966,0.630137860775,-0.307427793741,-0.216651946306,0.301369220018,-0.011693228967,1.091923713684,1.014849662781,0.059598013759,0.530850350857,1.127847194672,-0.012360001914,0.655948579311,0.109544277191,-0.050543069839,0.069916538894,-0.072838820517,0.035754691809,-0.763093292713,0.086639374495,-0.872156023979,-1.087202787399,-0.423252910376,-0.649461925030,-0.489144116640,-0.578738689423,-0.514148116112,-0.057926964015,0.023312371224,0.152950391173,0.390062391758,0.034079525620,-0.013002079912,0.601001501083,0.361798644066,-0.238363251090,-0.491663008928,-0.391840457916,-0.493498712778,0.095525577664,-0.335362285376,0.324990272522,0.114993713796,0.434830874205,0.820736289024,-0.217886716127,0.466873079538,0.044550340623,-0.480323791504,0.021900624037,0.417729407549,0.043492555618,0.024522440508,-0.130275994539,0.005482358392,0.480245560408,0.475294142962,0.463580369949,0.160486593843,0.037149976939,-0.474483311176,0.279081672430,-0.394651621580,-0.988199293613,-0.102185077965,-0.136334568262,-0.123192556202,-0.259531229734,0.401685684919,0.227349147201,0.162725627422,0.659879267216,-0.245989978313,0.667938113213,0.692979216576,-0.780268907547,0.691892623901,-0.436263233423,-0.626034319401,0.360605031252,-0.834973096848,-0.418001055717,0.698292791843,-1.178550720215,0.510472595692,-0.108544118702,-0.385448515415,0.160132616758,0.132140487432,-0.547951877117,-0.118352264166,-0.113981202245,-0.208572462201,0.936182737350,0.596165359020,-0.789558470249,0.280621021986,0.469737738371,0.511176407337,0.964306592941,-0.437930136919,0.264095753431,-0.257308661938,-0.161363273859,0.566152334213,-0.258391141891,-0.540131688118,-0.058297395706,-0.229983314872,0.197788849473,0.294874340296,-0.635694324970,0.783660411835,0.611299455166,0.274739414454,0.960096001625,0.306501716375,0.339268267155,0.722823500633,0.361300617456,-0.231246873736,0.135824203491,-0.191446259618,-0.195903778076,-0.837158679962,-0.538020253181,-0.187206894159,-0.345343321562,0.491967588663,0.013491869904,0.135371446609,0.038635808975,-0.607179462910,0.050407245755,-0.337041586637,-0.207053720951,-0.319166302681,-0.427270025015,0.241627141833,-0.280464619398,-0.361778050661,0.137252420187,0.361012488604,-0.222537666559,-0.048316374421,-0.563197135925,0.358423590660,-0.295314729214,-1.186362743378,0.171459540725,-1.094249129295,0.082634620368,0.368207067251,0.029749615118,0.091166853905,0.027144260705,-0.072546586394,0.831001281738,0.440992355347,0.633158922195,0.393248081207,-0.025049274787,0.446487069130,0.897073566914,0.058778949082,-0.049320653081,0.116891130805,-0.117101043463,0.240532308817,-0.349512726068,-0.557035624981,0.200999245048,0.171023249626,0.193113207817,-0.474750876427,-0.225636914372,-0.893817901611,0.257267504930,0.048834975809,-0.071776911616,0.375352233648,-0.480669498444,-0.052782107145,0.307880550623,-0.155510485172,0.387498229742,0.718485295773,-0.170331776142,-0.048806160688,0.115215972066,-0.079465389252,0.013142020442,-0.812603294849,-0.049324765801,-0.651145339012,-0.550458431244,-0.310617595911,-0.238898307085,-0.367906600237,-0.246776103973,0.524791777134,0.476603001356,0.700050234795,0.575092017651,0.452109396458,1.817801117897,0.557735323906,0.286008715630,0.245924115181,0.418540209532,-0.062734320760,-0.352756023407,0.003062218195,-0.044315733016,-0.594210326672,0.045147143304,0.508994996548,-0.268302172422,0.129024758935,0.246854320168,-0.374891251326,-0.404924869537,-0.090067915618,-0.809775650501,-0.558879554272,0.292462438345,-0.508373498917,0.165507957339,-0.212717160583,-0.290289252996,1.075719475746,-0.274406045675,-0.687204599380,0.058437332511,-0.504644572735,-0.436139762402,-0.764784932137,-0.895884037018,-0.031659387052,-0.417741745710,0.036565519869,0.029729036614,0.097204856575,0.714414715767,0.641596496105,0.762718796730,0.731273412704,0.663073182106,0.367462098598,0.726622462273,0.445120632648,-0.365544080734,0.159474074841,0.068340152502,0.153880596161,-0.022324560210,0.254143536091,0.027247158810,0.179765388370,0.026337549090,0.229123070836,-0.495169788599,-0.147793203592,0.211708769202,-0.132831946015,-0.099151670933,0.096287012100,0.123455964029,0.254328757524,0.359164446592,-0.368853271008,0.085038296878,0.082564651966,-0.000843756425,-0.576660156250,-0.495548397303,-0.754091799259,-0.426664948463,-0.471058934927,0.081124089658,-1.120500206947,-0.938129484653,-0.310086637735,0.234383180737,-0.455871284008,-0.477080434561,-0.149488940835,-0.390803277493,0.259428352118,0.899761259556,-0.149896413088,0.151888504624,0.874172806740,0.405669838190,0.037491597235,0.785808861256,0.090611204505,0.026880845428,0.082247726619,-0.173484548926,0.436864137650,0.387753397226,-0.104654610157,0.397948443890,0.639188706875,0.172237426043,0.329945802689,0.190573707223,0.114339277148,0.708380818367,-0.066101111472,-0.082037821412,-0.303287208080,0.442449390888,0.160708844662,-0.417013227940,-0.104749277234,0.130057841539,0.244788125157,-0.058680173010,-0.553697645664,-0.597326040268,-0.712323844433,-0.929206311703,-0.548902690411,-0.789496719837,-0.237021476030,-0.092644453049,-0.439983963966,0.723584890366,0.075444169343,0.611801564693,0.288795173168,0.475257128477,0.631496131420,0.212671890855,-0.062569685280,0.406546533108,0.139742523432,-0.228641524911,-0.134811699390,0.102740719914,0.046954017133,0.381324410439,-0.176406830549,-0.117759585381,0.602116882801,0.250542134047,-0.664628982544,0.045196533203,-0.433435589075,0.243755057454,0.091952979565,0.257884889841,-0.042257793248,0.571918666363,0.657315075397,0.253118693829,0.171961665154,0.216820687056,-0.374590784311,0.077477417886,0.275286853313,-0.603536903858,-0.424874573946,-0.581944942474,-0.714525818825,-0.170529350638,-0.594708323479,-0.751614093781,-0.289396107197,-1.152172088623,-0.521202743053,0.034635171294,-0.583710670471,0.083976395428,0.158700287342,0.045282967389,0.982218861580,0.948065280914,0.365737527609,0.666711628437,0.700083196163,0.097567044199,0.187227487564,-0.043805364519,-0.089763328433,-0.226637080312,-0.254896759987,0.699074804783,0.262918621302,0.296858191490,0.414502531290,-0.177439898252,0.464810997248,-0.092224635184,-0.210593372583,0.298479855061,-0.822024464607,0.441358685493,0.854157209396,-0.208136186004,0.083560697734,0.531941056252,0.357497543097,1.271668434143,0.023201242089,0.126411169767,-0.276591569185,-0.588834941387,-0.200752288103,-0.627363801003,-1.064762949944,-0.849201679230,-0.781993448734,-0.151180565357,0.241046786308,-0.078366450965,-0.050851754844,0.569021046162,0.497614592314,0.330686658621,-0.069867148995,0.305147588253,-0.384361892939,-0.790192306042,-0.170965626836,-0.535377860069,-0.729594051838,0.252126753330,-0.277567058802,-0.542531251907,0.078461118042,-0.404435098171,-0.617428004742,0.109387874603,-0.737187922001,-0.401162952185,0.092010602355,-0.199653342366,1.007576823235,0.360193431377,0.082325927913,0.846386432648,1.169351696968,0.575334846973,0.913335442543,-0.029465621337,0.003613747191,0.195348128676,-0.245870605111,0.112038500607,-0.156453013420,-0.486036628485,-0.036532595754,-0.149838790298,-0.254015952349,-0.184552162886,0.271138042212,-0.829219162464,0.043591339141,0.290791392326,-0.078275896609,0.310531169176,0.512547016144,0.394985020161,-0.024637687951,-0.049242444336,0.606883108616,-0.249373227358,0.156576499343,-0.244541198015,-0.847316682339,0.243973195553,-0.394515812397,-0.624367356300,0.250924944878,-0.247261777520,0.383168309927,0.317334741354,-0.559287011623,0.359205633402,-0.051399167627,-0.062174558640,0.084997139871,-0.560904562473,0.049164246768,0.421923488379,-0.052547499537,-0.095089286566,0.064269542694,0.419260501862,-0.121924862266,0.826399743557,0.085956141353,-0.187350958586,-0.533114075661,-0.524195015430,-0.633632242680,-0.167537093163,0.038327120245,-0.170191839337,0.489065885544,0.190614864230,0.222142532468,0.692032516003,0.517638385296,0.728161752224,0.618374645710,0.235473901033,-0.107864998281,0.421791791916,-0.631648361683,-0.726223170757,0.143833711743,-0.559513390064,0.242968916893,-0.153621286154,-0.213643237948,0.480171471834,-0.028885280713,0.024024419487,0.224184021354,-0.454154968262,0.048526283354,-0.254287600517,-0.233189582825,0.015097066760,-0.273430585861,0.263153225183,0.145871073008,0.236029535532,-0.102637819946,0.259066134691,0.062907189131,0.070109985769,-0.295257121325,-1.037174224854,-0.043636608869,-0.419503360987,0.120344355702,-0.590481340885,-0.882919013500,-0.327628552914,0.213260456920,0.123986914754,-0.698593258858,-0.012668693438,0.068615920842,0.363033384085,0.611213028431,0.534990966320,0.007618503179,0.352233320475,0.640460491180,0.052255276591,0.613431513309,-0.027905698866,-0.605636000633,0.835397064686,-0.123641185462,-0.238659590483,0.711961627007,-1.002164483070,-0.510303854942,0.863364517689,-0.291153579950,0.292120814323,-0.074188828468,-1.045562386513,-0.082148946822,-0.315725415945,0.652552962303,0.172241553664,0.039726521820,-0.158383369446,-0.074674502015,0.099719658494,0.103049404919,0.003033407032,-0.133194148540,0.067821554840,-0.366947621107,0.163392394781,-0.398372381926,-0.788393616676,-0.194393247366,-0.694485604763,0.133618086576,0.250492751598,-0.372462898493,0.429229170084,-0.268285721540,0.471421092749,1.250302910805,0.585352897644,0.807063281536,1.027164340019,-0.761084735394,0.440922379494,-0.704919338226,0.242582023144,-1.036425113678,-0.628911316395,0.057708825916,-0.430151104927,-0.456924974918,-0.317902714014,-0.005017263349,0.249163314700,-0.290873706341,0.235017016530,-0.501833379269,0.177909120917,0.467366963625,-0.353883773088,-0.425529003143,0.147599756718,0.682142078876,0.187639072537,0.147048220038,-0.277896314859,0.182346045971,-0.431369453669,0.482941478491,-0.388304948807,-1.359876036644,-0.371610879898,-0.958260357380,0.385658413172,-0.383456408978,-0.899872362614,0.382139325142,-0.805951952934,0.475532889366,1.132465124130,0.091335594654,1.065857768059,0.317997395992,0.351331949234,0.335831522942,0.389272153378,0.146636635065,0.343581706285,0.208761796355,0.062730208039,-0.017183819786,-0.009318363853,-0.087190903723,0.314778774977,0.368709206581,0.135021597147,-0.117948912084,0.351475983858,0.261482149363,-0.399479568005,-0.312741398811,-0.142903521657,-0.033639125526,-0.038080167025,0.091957099736,0.046661786735,-0.017356686294,-0.239190533757,-0.285317271948,-0.062182791531,-0.606413900852,-0.371067613363,-0.651379942894,-1.306246042252,-0.551145792007,-0.394100099802,-0.727918982506,-0.064541190863,-1.036289215088,0.154127553105,0.077971324325,-0.712644875050,0.168874755502,0.378340393305,-0.030548097566,1.029098749161,-0.046439528465,0.369034349918,1.352010488510,-0.157337933779,0.192467018962,0.154086381197,-0.240491151810,0.861351788044,-0.412008285522,0.050382547081,0.206214070320,-0.334707856178,0.272891402245,0.785845875740,-0.516848146915,0.360670894384,0.057482447475,-0.097822241485,0.478348135948,0.112285457551,-0.105901718140,0.634241402149,-0.194590821862,0.291906803846,0.383501708508,-0.185190126300,0.577709674835,-0.494922816753,-0.517045676708,0.942027270794,-0.368807971478,-0.687385737896,-0.633751630783,-1.002942442894,0.139952436090,-0.661418557167,-0.954276144505,-0.090409524739,-0.293252676725,-0.062075775117,0.400673180819,-0.041459307075,-0.018496787176,0.379040092230,0.888780117035,0.541395246983,0.233399480581,-0.035968717188,-0.562168180943,0.386839687824,0.016607595608,-0.162713274360,-0.499092221260,-0.306686937809,0.034412913024,-0.099987193942,0.311029195786,-0.084519699216,-0.172933012247,0.218228340149,-0.298582762480,0.463148176670,-0.718090176582,-0.138244330883,0.160449534655,-0.429072797298,0.810668826103,0.530418217182,-0.010005716234,0.705141603947,-0.373528927565,0.301266312599,0.269343495369,-0.876123726368,-0.143961310387,-0.513201415539,-0.661933064461,-0.898859858513,-0.861779808998,-0.777968168259,-0.556603491306,0.059733837843,-0.820423483849,0.647227048874,0.293310314417,0.241775304079,0.598729550838,-0.011401000433,0.629450500011,0.297895401716,0.235243394971,0.041702143848,-0.742509722710,0.283954888582,-0.285700023174,-0.290313959122,-0.145912230015,-0.295759260654,0.021085679531,-0.068936958909,-0.029482083395,0.511937916279,0.571803390980,-0.032515492290,0.012816865928,0.972665905952,0.434513956308,0.355414897203,0.425882965326,0.488510280848,0.802679836750,0.402212500572,0.609858930111,0.464107185602,0.227233886719,0.152579978108,-0.253295660019,-0.150859534740,-0.377406060696,-0.571799278259,-0.805314064026,-0.692892789841,-0.398092508316,-0.550581932068,-0.098608367145,-1.112877607346,0.109898239374,0.233354210854,0.188116520643,0.231551453471,0.577059388161,0.386543333530,0.312926620245,0.389790773392,-0.036462627351,-0.021081561223,-0.359847694635,-0.395380139351,-0.219339624047,-0.948839068413,-0.170817449689,-0.031437128782,-0.172463804483,-0.003605515230,-0.313379347324,0.058902427554,0.356365650892,-0.199538111687,0.072937600315,-0.286597281694,-0.290388017893,-0.025160405785,0.131909996271,0.071665793657,0.199702739716,0.071846887469,0.310267746449,0.425236761570,0.164425492287,-0.868665695190,-0.400228649378,-0.454336076975,-0.517358481884,-0.581870853901,-0.141471192241,-0.642469048500,-0.522276937962,1.085877418518,-0.199188262224,0.086511783302,0.822662472725,-0.156313076615,0.323142230511,0.938434123993,-0.234202086926,0.517852425575,0.228312253952,-0.545535862446,0.217656224966,-0.015525117517,-0.384913444519,-0.392317920923,-0.457488864660,0.078987948596,-0.344125002623,-0.020118445158,-0.462197422981,-0.146080985665,0.311234980822,-0.952123522758,0.364626228809,0.802585184574,-0.313683956861,0.330377966166,0.431262433529,0.019167676568,0.826416194439,0.240610525012,0.337243258953,0.413728773594,0.339153021574,0.063660390675,0.102205656469,-0.414572507143,-0.290606170893,0.417651176453,-0.317178338766,-0.161951839924,-0.909812211990,-0.412321120501,0.470449775457,-0.538637638092,0.148497015238,-0.405015408993,-0.135338529944,0.328245937824,0.833133339882,0.606273949146,0.041735075414,-0.257279843092,-0.124892413616,0.328562855721,-0.167109042406,-0.082058392465,-0.288379490376,-0.807017982006,-0.013763519935,-0.583208560944,0.185655221343,-0.056852716953,0.171513035893,0.456710934639,-0.322002142668,-0.343347132206,0.094513066113,-0.582397699356,-0.378472089767,0.462823033333,-0.601404845715,0.230971112847,0.034511692822,-0.472931653261,0.255715817213,0.333481341600,0.147727340460,0.200616449118,0.437576204538,-0.641847550869,0.121702603996,-0.154773741961,-1.141688823700,0.042764045298,-0.652421295643,-0.763850629330,0.651351153851,0.112042613328,-0.012047195807,0.588122904301,0.379488706589,0.646691918373,0.337626039982,0.567164838314,0.334629684687,-0.314354836941,0.488604933023,-0.359827131033,-0.070966087282,0.140833228827,-0.411843687296,0.296421915293,-0.172130420804,-0.468618184328,-0.478323459625,0.285477787256,0.103720299900,-0.257082283497,-0.604409456253,-0.023374110460,0.633043646812,0.697654843330,-0.040195733309,0.435440033674,-0.355126798153,0.797382712364,1.033317565918,0.613052845001,0.328402340412,0.648461759090,-0.073653757572,0.232872635126,0.292668223381,-0.286350339651,-0.032326161861,-0.700914680958,-0.347355991602,0.038812793791,-0.499248623848,-0.328982681036,-0.222632333636,-0.169751435518,-0.224056437612,0.309337556362,1.011453986168,0.518021166325,0.411720216274,0.455159246922,0.256699502468,0.471877962351,0.162622720003,0.036602564156,0.272751450539,-0.529673218727,-0.598404407501,-0.544136464596,-0.284885078669,-0.025267418474,-0.084219239652,-0.672169268131,0.019003041089,-0.166899129748,-0.618860304356,0.418293297291,-0.434299945831,-0.774897634983,-0.325801104307,-0.723366796970,-0.269779801369,-0.115273587406,0.073933638632,0.263165563345,-0.522244036198,0.016665218398,0.294162303209,-1.115878105164,0.204353675246,-0.476421922445,-0.655759215355,-0.196060180664,-0.278842985630,-0.503537356853,-0.123731732368,-0.004140580073,0.991207957268,0.784701645374,0.601240217686,0.493243515491,1.018809080124,1.176949620247,0.787628054619,0.403434902430,0.384901106358,-0.009429492056,0.233584702015,0.683525025845,-0.182819366455,0.164754763246,0.414691865444,-0.611513495445,0.855268537998,-0.039915852249,-0.179407313466,0.362391322851,-0.257230460644,-0.363288581371,0.029029337689,0.029132232070,0.202645584941,0.211379498243,-0.241322562099,-0.444223344326,-0.148060724139,0.458727717400,0.476504206657,0.421017974615,-1.086379528046,-0.698926627636,-0.285984039307,-0.434312283993,-0.067253559828,-1.184395313263,-0.860133528709,-0.843694686890,-0.346672743559,-0.064228385687,-0.986865699291,-0.264153391123,-0.368593961000,-0.152707561851,0.114866107702,0.422014027834,0.724391579628,0.915920197964,0.580817222595,-0.350673377514,0.489160567522,1.181172490120,-0.509303689003,0.527500033379,-0.121821969748,-1.375890970230,0.612974643707,0.466626077890,0.016451191157,-0.129448696971,-0.280905038118,0.664703071117,0.385917723179,0.415272206068,-0.208189681172,-0.612493038177,-0.161741927266,0.293989419937,-0.449820965528,-0.130510598421,-0.225883871317,0.263112068176,-0.057157292962,-0.094961695373,0.572848856449,-0.022649714723,-0.237647071481,0.125040590763,-0.612431347370,-0.829338490963,-1.090141534805,0.069616079330,-0.256666600704,-0.459151655436,-0.010511970147,-0.435374200344,0.164005666971,1.150859117508,0.228332817554,0.260358542204,0.555232882500,0.758030772209,0.580356240273,-0.116660639644,0.139643743634,0.100896805525,-0.016842201352,0.190079793334,0.122517541051,0.030037727207,-0.168730705976,0.570725023746,0.384917557240,-0.198624357581,0.327064692974,-0.395338952541,0.552075982094,-0.369260728359,-0.230349615216,-0.091022796929,0.145282506943,0.575087904930,0.572992920876,0.311905890703,0.539662480354,-0.489201754332,1.059873223305,0.628800213337,-0.940973579884,0.008025975898,-0.378970086575,-0.419194668531,-0.641617059708,-0.803959906101,-0.408299893141,-0.410641849041,-1.352957248688,-0.856762647629,0.012076006271,-0.270870506763,-0.323129892349,-0.012183018960,-0.295088380575,0.245467260480,0.568963468075,0.376241296530,0.264684349298,0.538921594620,-0.243952617049,-0.023995609954,0.082515262067,0.158848464489,-0.611077189445,-0.059305787086,-0.198212787509,-0.050259072334,0.138174369931,0.578783929348,-0.155386999249,-0.042628221214,0.226793497801,0.297722518444,-0.322179108858,0.052934393287,-0.235321611166,0.493066519499,0.758479356766,-0.495371460915,0.620337963104,0.808260977268,-0.046604167670,0.479698151350,-0.284457027912,0.181765705347,0.178682908416,-0.835084199905,-0.392733603716,-0.967821538448,-0.290951907635,-0.006235565990,-0.752519547939,0.315737754107,-0.697984099388,0.324286460876,1.212790846825,-0.010273248889,0.416675716639,0.517864763737,0.361037194729,0.162017688155,0.297874808311,-0.291943818331,-0.572449624538,0.359654247761,0.237778782845,-0.418001055717,-0.167681142688,-0.579393088818,-0.156605303288,0.683492064476,0.112137287855,-0.444943636656,0.070472180843,0.104436464608,0.186457812786,0.603269398212,0.027280084789,0.412135899067,0.300706535578,0.418297410011,0.603796184063,0.499219775200,0.124052770436,0.360642045736,0.387831598520,-0.646152794361,0.334963053465,-0.327414542437,-0.333431959152,-0.770283758640,-0.773983955383,-0.005688152742,-0.784080207348,-0.406974583864,0.169590920210,-0.810257196426,-0.828716933727,0.467107653618,0.216215655208,0.060227744281,0.684586882591,-0.306332975626,-0.026716208085,0.191162273288,-0.354846894741,-0.131407856941,-0.018941301852,-0.554022789001,-0.081976078451,-0.581866741180,-0.682203829288,-0.020069053397,-0.100579872727,-0.228711485863,0.094916418195,-0.470248103142,-0.174443542957,0.200509443879,-0.066648527980,-0.301044046879,-0.596152961254,-0.356435626745,0.634064435959,0.152724027634,0.320067673922,0.205979466438,-0.393725544214,1.172430396080,0.577265202999,-0.368853271008,0.053313057870,-0.079621791840,-0.223965883255,-0.465560108423,-0.858610570431,-0.316902548075,-0.330624908209,0.631216228008,-0.646000444889,0.150867760181,-0.287803232670,0.358975142241,0.994681775570,0.610373377800,0.115195393562,0.326591342688,0.358654081821,0.940985977650,0.144183561206,-0.239565089345,0.184288755059,-0.393676161766,0.123254291713,0.498528301716,-0.474977225065,0.143162831664,-0.550804197788,-0.278081536293,-0.182543620467,-0.314502984285,0.349475651979,-0.264803677797,-1.060338377953,0.237210780382,-0.056346461177,0.131638348103,1.116516113281,-0.364902019501,0.325471818447,0.950654208660,0.240153655410,0.749239206314,0.163042545319,-0.743571698666,0.209268048406,-0.407476723194,-0.459406852722,-0.384847581387,-1.233275532722,-0.831091761589,-0.043101545423,-1.322841286659,0.331736207008,-0.203262969851,-0.246348068118,0.961701214314,0.329122602940,0.393075257540,0.808915436268,0.470371574163,1.367618083954,0.554347932339,-0.656047344208,-0.120871186256,-0.390128254890,0.094434864819,-0.412572175264,-0.685084879398,-0.367993026972,-0.191108778119,0.352060437202,-0.852016925812,-0.276200592518,-0.208177343011,-0.125394552946,0.472359538078,-0.659298896790,-0.258798629045,-0.242405042052,0.058622550219,0.487506002188,-0.263885855675,-0.332588195801,0.606500327587,-0.067768044770,0.263042092323,0.292252540588,-0.472137302160,-0.170171260834,0.105724737048,-0.242075771093,0.136276945472,-0.488609045744,-0.468679934740,0.003918322735,0.667485415936,0.561015665531,0.635031640530,0.269825071096,1.016874670982,0.675758361816,0.611937403679,0.346462845802,0.393733769655,0.653034508228,-0.167030841112,-0.429229170084,-0.132292777300,-0.496276944876,0.107021242380,-0.281501829624,-0.151822641492,0.558603763580,-0.151900842786,-0.970348715782,0.462744802237,-0.199710965157,0.334995985031,-0.288856923580,-0.793077528477,0.163791641593,-0.243755057454,0.152547046542,0.431826293468,-0.035631217062,0.157066285610,0.929078698158,-0.340371340513,0.272278130054,0.205123364925,-0.274154990911,-0.279587954283,0.068541832268,-0.696247160435,-0.616123259068,-0.408373981714,-0.568741202354,-0.123604141176,-0.068998694420,-0.266655832529,0.278118580580,0.219808831811,-0.160984605551,0.840739488602,0.634196102619,0.439230799675,0.902547657490,0.443070888519,0.271800696850,0.514489710331,-0.181024834514,0.343363583088,0.391754031181,0.342486888170,0.218335345387,-0.694049298763,-0.097949832678,0.064475342631,-0.187923073769,0.393589735031,-0.292417168617,-0.289313793182,-0.120299078524,0.093916259706,-0.230123236775,-0.025991812348,-0.940315067768,0.015739144757,0.862508416176,-0.861697554588,-0.116454847157,-0.355921149254,-0.551652073860,0.010841241106,-0.773432433605,-0.697815418243,-0.696889281273,-1.018261671066,-0.891220808029,-0.217211708426,-0.811162769794,-0.760833680630,0.066356293857,-0.049114853144,0.021307935938,0.840426623821,0.032120365649,0.617642045021,1.421153306961,0.467189967632,0.749251544476,0.807553112507,-0.596436977386,0.564744651318,-0.291972637177,0.228802040219,0.378299206495,-0.885660231113,-0.058717217296,0.070402212441,0.135470241308,0.079724691808,0.033774949610,0.456291139126,-0.575705289841,0.640830934048,0.238540217280,-0.108918666840,0.438913822174,0.366568952799,-0.119418285787,0.596543967724,0.337815374136,0.868785083294,0.374080419540,-0.275554388762,0.126275345683,-0.149167910218,-0.316268712282,-0.199418738484,-0.979988038540,-0.348541378975,-0.757746815681,-0.618407607079,-0.472902804613,-1.157543182373,-0.393527984619,-0.071645207703,-0.205699577928,0.427932649851,-0.203625172377,0.356303930283,1.128209352493,-0.369911044836,1.052481174469,0.882947862148,-0.795086085796,0.362905800343,0.049847483635,-0.682014465332,0.562954246998,-0.263350784779,-0.151970818639,-0.035157889128,-0.106836020947,0.405007183552,0.671523094177,-0.031622342765,1.175418496132,-0.642744839191,0.294343411922,0.684895634651,-0.378665536642,0.589699327946,0.280847400427,-0.111593984067,0.681821048260,0.413658767939,0.072999335825,-0.014096906409,0.352562576532,-0.426903694868,-0.780556976795,-0.448224008083,-0.888372600079,-1.157954812050,-0.191170513630,-0.173200547695,-0.898357689381,-0.085775040090,0.019855029881,0.186647146940,0.886380493641,0.362041443586,-0.139281541109,0.197780624032,0.296356052160,0.454039722681,-0.241495415568,-0.404612064362,0.057819955051,-0.188137099147,-0.746230542660,-0.124394394457,0.154831364751,-0.301323950291,0.136194631457,0.145220771432,-0.779071152210,-0.482665687799,0.449162393808,-0.395454198122,0.169702053070,-0.056877415627,0.468383580446,0.558887779713,0.234749495983,0.839661061764,-0.048797935247,0.798848032951,1.124513268471,-0.400936573744,0.319911271334,-0.162939652801,-0.551450371742,-0.093257725239,-0.245294407010,0.016126036644,-0.130881026387,-0.827799141407,0.447845309973,-0.455035775900,-0.277381837368,0.325936913490,-0.242277443409,0.018221022561,0.310053735971,0.258119493723,0.993628144264,0.131185591221,0.399726510048,0.576343238354,0.304896503687,0.334514409304,0.697144448757,-0.440444976091,-0.630076110363,-0.078749224544,0.159408226609,0.325500637293,0.218886882067,-0.429681926966,0.122702762485,0.335864424706,0.249488487840,0.331481039524,-0.107050053775,-0.220055773854,-0.243063583970,-0.215799957514,0.436580151320,-0.390239387751,0.243359923363,0.612921118736,-0.047604326159,0.036705464125,0.512839257717,-0.079634144902,-0.326591342688,-0.460077732801,-0.595210492611,-0.708582520485,-0.917949378490,-0.745024502277,-0.335177093744,-0.759051501751,-0.226867571473,0.184873208404,-0.549141347408,0.116207890213,0.206691503525,-0.055938992649,0.684735059738,0.263861149549,-0.314507126808,0.032289117575,-0.479249536991,-0.283374577761,-0.382044672966,-0.418828338385,0.060750462115,-0.664106249809,-0.176629081368,-0.285712361336,-0.184836164117,-0.197031512856,-0.501397073269,0.070134676993,-0.230374306440,0.033704981208,-0.053485926241,0.348570168018,0.056399971247,0.612612426281,0.860981345177,-0.377369016409,0.636731505394,1.066652178764,-0.079708226025,0.773761630058,-0.598268568516,0.373150259256,0.530949115753,-1.037063121796,0.638476669788,-0.576495528221,-0.347940444946,0.682096779346,-1.001995682716,-0.335798591375,-0.118101201952,-0.067891523242,0.300138562918,0.686212718487,0.196496471763,0.506496667862,0.610747933388,0.760022878647,0.475808620453,0.274731189013,-0.293581962585,0.151291698217,0.461678832769,-0.669905543327,-0.623655319214,-0.221018910408,-0.216166272759,0.550565481186,-0.220261573792,-0.339239448309,-0.241750627756,0.229217737913,-0.157399669290,-0.360386908054,-0.592296421528,-0.687336325645,0.230481311679,0.284522891045,-0.147694423795,0.277040213346,-0.299549996853,-0.471840947866,1.216729640961,-0.097958058119,0.058918893337,-0.415515065193,-0.542008519173,-0.238062798977,-0.459888398647,-0.426557958126,-0.549211323261,-0.141133695841,-0.478940844536,0.184585094452,0.534970402718,-0.012265337631,1.250356435776,0.388897627592,0.017541900277,0.562966644764,0.349315166473,0.792221426964,-0.101592384279,-0.838734984398,0.663748145103,-0.691481053829,-0.475882709026,0.136976659298,-0.899802386761,0.378418594599,0.185898050666,-0.470704942942,0.174015507102,-0.428261965513,0.219660654664,-0.213556811213,-0.068821713328,-0.169430404902,0.164614811540,0.416502863169,-0.053103145212,0.168364390731,-0.038775753230,0.499746620655,0.556846320629,0.272109389305,-0.049703426659,-0.339762181044,0.069484367967,-0.049081925303,-0.039640087634,-0.449174731970,-0.461246639490,-0.651412904263,-0.072933480144,-0.279822558165,0.034923285246,-0.219047397375,-0.356386274099,0.370182693005,0.690085768700,0.251595824957,0.275365054607,0.184202313423,0.630463063717,0.661776661873,0.521091639996,-0.151686832309,0.033585622907,-0.110807858407,-0.246525034308,-0.464382946491,0.210066527128,0.004897903185,-0.457110196352,0.240096017718,0.287613928318,0.242314487696,-0.486621081829,-0.256621301174,0.510945975780,-0.513777673244,-0.392013341188,0.265725642443,-0.662443399429,-0.384098500013,0.432908773422,0.171912282705,0.210523396730,0.410654187202,-0.912360012531,0.748531281948,0.118809133768,-0.602343320847,0.180930167437,-0.760771930218,-0.786706149578,0.315219163895,-0.343643486500,-0.829692363739,0.294228136539,0.204357787967,0.422968894243,0.714834511280,0.018554408103,0.623968124390,0.911429822445,-0.205131590366,0.993512868881,-0.307736486197,0.288774609566,0.184021204710,-0.248644724488,0.143278062344,0.090524770319,0.398767530918,0.189721718431,-0.378027588129,0.129526898265,-0.021484918892,-0.353389889002,-0.239997237921,-0.341219216585,-0.519124209881,0.184988453984,-0.428607672453,-0.226056754589,0.209305107594,0.253056943417,-0.088952504098,1.002884745598,0.232736825943,-0.244133710861,0.098246179521,-0.389531463385,-0.550989389420,-0.279666155577,-0.890418171883,-0.033219307661,-0.532702505589,-0.465086758137,-0.626548826694,0.267145633698,0.324047714472,-0.425084501505,0.031256031245,0.128411486745,0.042163122445,0.847012042999,0.035824660212,0.835067749023,0.474660307169,0.495531946421,0.668934166431,0.429624289274,0.057647086680,0.175258502364,-0.010112729855,-0.259074360132,-0.020867537707,-0.565378546715,-0.063092403114,0.008552808315,-0.124608412385,-0.174805760384,-0.141302436590,-0.257366299629,-0.821757018566,0.175353169441,0.268845498562,-0.002885235241,-0.264746069908,-0.595910191536,-0.357444018126,0.209086939692,0.211519435048,-0.149945810437,0.057733520865,-0.278443723917,-0.139981240034,-0.678956389427,-1.067150235176,0.024094391614,-1.037824511528,-0.804519653320,-0.354167759418,-0.358728170395,-0.366013288498,0.405081272125,0.420277118683,0.544852614403,1.115746378899,0.763500750065,0.949497580528,0.576668381691,0.213593855500,-0.201875925064,0.101069673896,0.019694508985,0.092640340328,0.164491340518,-0.423590421677,-0.233222499490,0.161157473922,0.519288897514,0.218001961708,-0.103370450437,0.258605182171,-0.545535862446,0.076415523887,0.084968328476,-0.073612600565,0.634167313576,-0.371841400862,-0.029247479513,0.784290075302,-0.159527584910,0.905963838100,0.335403442383,-0.498351365328,0.331110596657,-0.081366926432,-0.685776352882,-0.449718058109,-1.238111734390,-0.678306043148,-0.573178112507,-0.544609725475,-0.663896381855,-0.687990784645,-0.531031429768,-0.079214319587,0.160803496838,0.090845815837,0.114067628980,-0.030881484970,0.661780774593,0.363008707762,0.483278959990,0.276130586863,0.010437883437,0.528261482716,0.503080487251,-0.337436705828,-0.049411199987,0.268890768290,-0.349064081907,0.329760581255,0.104321211576,0.125880226493,0.393569171429,0.256045073271,0.260782450438,0.436810612679,0.252554804087,-0.025386778638,0.095418557525,-0.322763592005,0.021209154278,0.690950036049,-0.265980839729,-0.229011952877,-0.080280333757,0.173184081912,0.502249121666,-0.076427869499,-0.906379580498,-0.217635646462,-0.902687668800,-1.156748890877,-0.091747194529,-0.784660518169,-0.658743262291,-0.222076684237,-0.627380251884,0.594111502171,0.089833304286,0.026638006791,0.559093594551,0.918101668358,-0.185922756791,0.535670101643,-0.185939222574,0.154148116708,0.791414678097,-0.697383224964,0.203888595104,-0.079152584076,-0.042821668088,0.752466082573,-0.265305817127,0.054992340505,0.581698000431,0.267968803644,0.184692099690,0.448051124811,-0.163289502263,0.345236301422,0.184428691864,0.336321324110,0.487024426460,0.535945832729,0.631891250610,0.943587243557,0.771855950356,0.035520084202,0.364976108074,0.632842004299,-0.543716669083,-0.024514209479,-0.255312472582,-0.703729927540,-0.493017166853,-0.102794222534,-0.972217261791,-0.856746196747,-0.592292308807,-0.026288157329,0.019628655165,0.058182150126,-0.629528701305,-0.565374433994,0.276854991913,0.635229170322,-0.327270478010,0.458357274532,0.140779718757,-0.530788660049,0.142331406474,-0.367519706488,-0.219738870859,-0.226661786437,-0.462032765150,0.000477442663,-0.713278770447,-0.050888799131,-0.241153821349,0.242516174912,0.107737399638,-0.080523170531,-0.048612717539,-0.021451991051,-0.202896654606,0.979436516762,0.055379234254,-0.079206094146,0.862080276012,-0.031881641597,0.519996821880,0.292701154947,-0.268067568541,1.127114534378,-0.063207648695,0.404554456472,-0.304756581783,-1.237037420273,0.017385497689,-0.088289842010,-0.284057796001,-0.314828157425,-0.505121946335,-0.195183485746,0.187523841858,0.331283479929,0.178020253778,0.173772662878,0.619568228722,0.697514951229,0.815048098564,-0.422347396612,-0.419816166162,0.420799851418,-0.493083029985,-0.418972373009,-0.338033497334,-0.989417552948,-0.327710866928,-0.053786385804,0.017566597089,0.051687281579,-0.591934204102,0.028420185670,0.210531622171,-0.354262441397,-0.153580129147,-0.414387285709,0.044900190085,0.214684560895,-0.061162050813,0.523470580578,-0.002510689897,-0.634661257267,0.813508749008,0.766460120678,-0.390988498926,0.531500697136,-0.572902381420,-0.030992614105,-0.279830783606,-0.144265875220,-0.555628001690,-0.885849535465,-0.406834661961,-0.581298768520,-0.006227333564,0.157589003444,0.203221827745,0.149340778589,0.469223201275,0.278991162777,0.582842230797,0.356201052666,-0.118381075561,0.466584950686,-0.118418127298,-0.005465895403,-0.211819902062,-0.475306481123,0.001407632604,-0.210375219584,0.062750779092,-0.080926530063,-0.071686364710,-0.198142826557,0.415971904993,0.258605182171,-0.641468882561,-0.127979323268,-0.338963717222,-0.206514537334,-0.125822603703,-0.107297003269,0.257642030716,-0.124538451433,0.193730577826,0.332201302052,0.331402808428,0.169660896063,1.047253966331,-0.793711364269,0.537497520447,0.355842947960,-0.678565382957,0.294577986002,-0.079732924700,-0.206139981747,-0.200122550130,-0.165820777416,0.373228460550,0.378760188818,1.063627004623,0.023905059323,0.310790479183,0.491938799620,0.543325662613,0.135984718800,0.078127726912,0.123336605728,0.199896186590,-0.942796945572,-0.122595749795,-0.370610743761,-0.031173713505,-0.135857135057,-0.860503971577,-0.060849245638,-0.807684838772,-0.350702226162,0.116183198988,-0.964512407780,0.062639653683,-0.227460265160,-0.507998943329,0.345483243465,-0.174529984593,0.253003448248,0.296956986189,-0.015455148183,0.185716971755,0.591674923897,0.159362956882,-0.416967928410,-0.210519284010,-0.320458680391,-0.192808628082,0.397787928581,-0.948151707649,-0.328435271978,-0.064532957971,-0.583550155163,-0.663180172443,0.818727672100,-0.035491276532,-0.276616275311,0.924822866917,-0.520498931408,0.165009945631,1.456150650978,0.528656601906,0.939590692520,0.732125401497,0.032552532852,0.550948262215,0.686299145222,-0.127460733056,-0.123760536313,-0.734323263168,0.255472987890,-0.052123565227,0.285988152027,-0.201830655336,-0.280291765928,-0.156749367714,0.400759607553,-0.125732049346,0.051580268890,-0.798761546612,-0.031153131276,-0.286177486181,-0.033523883671,-0.480509012938,-0.316499203444,0.228320479393,-0.274480134249,0.118665076792,-0.078465230763,-0.303130805492,-0.096838541329,-0.304361462593,-0.530027210712,-0.677096009254,-0.961660087109,-0.280876219273,-0.153975263238,-0.727951884270,0.178419485688,0.198056384921,0.559554517269,1.094763636589,0.886890888214,1.221672773361,0.418507307768,0.940953016281,0.439704090357,-0.458312034607,0.215322509408,-0.194059863687,-0.007651430089,0.398343563080,-0.168249145150,0.104514665902,-0.015422220342,0.181703969836,0.037931993604,-0.233839884400,0.151402816176,-0.003370909719,-0.772650361061,0.113997668028,-0.125518023968,0.137528181076,-0.254040658474,0.413695812225,0.466366827488,0.086783438921,0.573058784008,0.503796637058,-0.645136177540,-0.541810929775,-0.758121311665,-0.613069295883,-0.021032173187,-0.951164543629,-1.105296134949,-0.640880346298,-1.090050935745,0.088030546904,-0.853161215782,-0.488436162472,-0.020064938813,-0.394425243139,0.317968577147,0.416622221470,0.016829853877,0.898658156395,0.140261128545,0.612134993076,0.541103005409,-0.059338711202,0.897044777870,-0.593469440937,0.095710791647,0.731837272644,-0.681627571583,0.204802304506,0.219800591469,-0.706578075886,1.182090401649,-0.068504787982,0.385868310928,0.418601959944,0.426545590162,0.456883817911,0.173558637500,-0.438843905926,-0.019603960216,0.376768112183,0.025987697765,-0.084001094103,0.577899038792,0.075468868017,-0.450561791658,-0.034878008068,0.064310699701,-0.204259008169,-0.189421266317,-0.425640106201,-0.680450439453,-0.765418767929,-0.244067862630,-0.655775666237,-0.226818189025,-0.333555430174,0.314540058374,0.343602299690,0.461110830307,0.160540089011,0.185498818755,-0.148019567132,0.630730509758,0.383493453264,-0.622572839260,-0.632426261902,-0.310127794743,-0.125497445464,0.542827606201,-0.259387165308,0.045719251037,0.048435736448,0.405925005674,-0.606455087662,0.292635291815,0.005721080117,-0.079041451216,0.632286369801,-0.687673807144,0.013220221736,0.402121931314,0.227682515979,0.323887199163,0.262671649456,0.517996490002,0.485777288675,0.570692121983,-0.206530988216,-0.172780737281,-0.163898661733,-0.363778382540,-0.191713809967,-0.192742764950,-0.531348347664,-0.257954865694,-1.106716156006,-0.165779605508,0.139853656292,-0.346586316824,-0.374693691730,-0.408489227295,0.310136049986,0.390066504478,-0.073867782950,0.170829802752,0.885721981525,0.831145286560,0.374619603157,0.885956585407,-0.472557097673,-0.299187809229,0.566543281078,-0.392618387938,-0.329266667366,0.308843642473,0.056897994131,-0.218639925122,0.053234856576,0.246994256973,0.134116113186,0.291668057442,0.420474678278,-0.053930439055,0.042080808431,-0.590028584003,0.156263679266,0.669526875019,0.501059591770,0.007927194238,0.134721145034,-0.093195982277,0.219845876098,0.397652089596,-0.093949183822,-0.184280514717,-0.594041526318,-0.686900019646,-0.518737316132,-0.525051057339,-1.454109191895,-0.415354520082,-0.270878732204,-0.069673702121,-0.100123018026,0.773716390133,0.394013673067,0.465271979570,0.234716564417,1.166100144386,-0.280411124229,-0.261194050312,0.806429445744,-0.565493762493,0.168619573116,0.210227042437,-1.228287100792,0.159111887217,-0.460826814175,-0.485769063234,0.204555362463,-0.300187945366,-0.154251024127,-0.271166861057,-0.015434568748,0.058157455176,0.627907037735,0.524865865707,0.200044348836,0.674223124981,0.309267580509,0.497445821762,0.797905504704,0.346619248390,0.238116294146,0.034672215581,0.302546352148,-0.636957883835,-0.769966781139,-0.052481647581,-0.316820234060,-0.430241674185,-0.163174256682,-0.798226475716,-0.085182353854,-0.325928688049,0.189437717199,0.570720911026,-0.271018683910,0.094788827002,1.131514430046,-0.237107887864,1.086309552193,0.937713861465,0.068764090538,1.153933644295,0.227559044957,-0.092558011413,0.354735761881,-0.401739150286,-0.108293049037,-0.098542518914,-0.542654752731,-0.214754521847,-0.159317672253,-0.160943448544,0.625523924828,-0.299883365631,-0.283251076937,0.292931646109,0.135713070631,-0.059931401163,-0.084523811936,0.059565089643,0.227657824755,-0.109013333917,0.466181606054,-0.439790517092,0.263840585947,0.134235471487,0.023522282019,-0.691361606121,-0.731997728348,-0.913672983646,-0.155761539936,-0.176550894976,-0.621869027615,-0.273537576199,-0.283588588238,-0.447458416224,0.076740674675,0.727165699005,0.207074284554,-0.069011040032,0.222249552608,0.557262003422,0.604578197002,0.312642633915,0.020303661004,-0.110038183630,-0.230431944132,-0.729540646076,0.438103020191,-0.178180769086,-0.683434486389,-0.193442463875,-0.145842269063,-0.046719409525,0.077156379819,0.184634491801,0.100085966289,-0.476598888636,0.555208206177,-0.288902193308,0.350903898478,0.318647682667,-0.133321747184,0.336082577705,0.323627918959,-0.078325293958,1.062202930450,0.582224845886,-0.866307318211,1.157901287079,-0.617477357388,-0.533184111118,0.705470919609,-0.632842004299,-0.191894888878,0.030634529889,-0.966088712215,-0.320339322090,-0.574433505535,0.249908298254,0.011771430261,-0.083050325513,0.141940414906,0.336634099483,0.454418390989,0.798580467701,0.511439859867,0.422162175179,0.533978462219,0.105560101569,-0.139981240034,-0.134395986795,-0.100048929453,0.190553128719,-0.013129672967,-0.132901921868,-0.066335715353,-0.240248307586,0.126016050577,0.058153335005,0.247693955898,0.084877781570,-0.207839831710,-0.262758105993,0.163524106145,-0.153703615069,-0.160161435604,-0.405929177999,0.300694197416,0.443733572960,0.114713825285,0.384979277849,0.091368533671,-0.423631578684,0.512110769749,0.050818830729,-0.169623851776,-0.391692310572,-0.730524301529,-0.473018050194,-0.770407199860,-0.451228588820,-0.222817555070,0.323051691055,0.205580219626,0.265705078840,0.594720661640,0.016068413854,0.824107170105,0.661315679550,0.142623648047,0.728396415710,-0.678964614868,-0.343462377787,0.406571239233,-0.575495362282,-0.024645918980,0.008849152364,-0.307806462049,-0.412670969963,-0.074229985476,-0.744468927383,0.255370080471,-0.150867760181,-0.159655168653,-0.075851641595,0.281826972961,-0.355805903673,0.639707267284,0.410077959299,0.318602412939,0.282917678356,0.530068397522,0.357653915882,0.078662790358,0.481764316559,-0.550507843494,-0.555821418762,-0.088067583740,0.333399027586,-0.183156877756,-0.167788162827,-0.826770186424,0.289021551609,-0.341046333313,-0.068084970117,0.303711146116,0.298924356699,0.383073627949,0.393223404884,-0.273517012596,0.582397699356,0.627240240574,0.271948844194,0.465897589922,-0.136857286096,0.482883840799,0.709936678410,-0.601400732994,0.092175237834,-0.139763101935,-0.356567323208,0.453298896551,-0.163499414921,-0.550668358803,0.008717444725,-0.386666804552,0.169179335237,-0.246751412749,-0.397936075926,0.306736320257,-0.223525479436,-0.702943742275,0.695127665997,-0.500594496727,-0.634093225002,0.443803519011,0.842492878437,0.341387957335,-0.263531863689,-0.711582958698,0.411514431238,0.189285427332,-0.310099005699,-1.114540457726,-0.305542707443,-0.221446946263,-0.444001078606,-0.422516167164,-0.611435294151,0.782503783703,-0.121710829437,0.677808046341,0.585122466087,0.118080615997,0.373705863953,0.557253777981,0.818468451500,-0.654462754726,-0.206172913313,0.551240444183,-0.718629360199,-0.211791098118,0.086203090847,-0.746897280216,0.045715130866,-0.012557565235,0.281584143639,-0.454949319363,-0.497795701027,0.230880573392,-0.310547649860,0.321001976728,-0.115932129323,-0.722794651985,0.355036228895,0.027613470331,0.105728849769,0.400541424751,-0.163557037711,0.537213504314,0.608410060406,0.258222401142,0.148468211293,-0.393667936325,-0.127213776112,-0.130843982100,0.243104740977,-0.699486434460,-0.559204697609,-0.168619573116,-0.610554516315,-0.063010081649,-0.476763516665,-0.157543733716,0.590596556664,0.002613586839,0.318347245455,0.168636038899,0.390194147825,1.372791647911,0.473026275635,0.126007810235,0.558887779713,-0.130168974400,0.290433287621,0.086923375726,-0.306205391884,-0.623243749142,0.406418919563,0.484855353832,-0.121035829186,0.143278062344,-0.516160786152,0.204394847155,0.427237063646,-0.157691895962,-0.423787981272,-0.838636279106,-0.307361930609,-0.082704588771,-0.231856033206,-0.340959906578,0.101382471621,-0.029584981501,0.214264735579,0.279299825430,0.208572462201,-0.355744153261,-0.226435407996,-0.327044099569,-0.969056248665,-0.386506289244,-0.474322795868,-0.744962871075,-0.244652315974,-0.145270153880,-0.452241092920,0.071283012629,0.290046393871,0.285251408815,0.963516354561,0.215363666415,0.702314078808,1.374170541763,0.022271053866,0.104140117764,0.609093308449,-0.398137778044,0.552471101284,0.133045986295,-0.252155572176,0.339544028044,-0.711735248566,0.145990431309,0.429986506701,-0.931050240993,0.632236957550,-0.197760030627,-0.294973105192,0.622963845730,-0.243676841259,0.087363772094,0.058560810983,0.374039292336,0.432838797569,0.085668027401,0.043175633997,0.697226762772,0.413494139910,-0.250727355480,-0.274019151926,-0.653787732124,-0.404607951641,0.168347924948,-1.046644806862,-0.721403479576,-0.863800764084,-0.351797044277,0.143175169826,-0.380340695381,-0.200599998236,-0.159984454513,-0.152345359325,-0.097204856575,0.564349532127,0.548696815968,0.299632310867,0.103000015020,0.316770851612,0.065936475992,0.049197174609,-0.018867217004,0.492671430111,0.205786004663,-0.680767357349,-0.190701290965,0.510443806648,-0.022608555853,0.253740191460,-0.401772111654,-0.253188669682,0.304188579321,0.303550630808,0.295471131802,-0.050234377384,0.370693057775,0.218644037843,-0.204752922058,0.747345924377,0.061520129442,-0.021435528994,0.314951628447,-0.364189952612,0.158642664552,0.421413123608,-1.074674010277,-0.161474391818,-0.849329292774,-1.169335246086,-0.209383293986,-0.636501014233,-0.808446228504,0.339437037706,-0.025855988264,-0.004301099572,0.715793550014,-0.030190015212,1.464794039726,0.603302299976,-0.267359644175,0.985054731369,0.368120610714,0.540214002132,-0.370071560144,-0.881515562534,0.393651455641,-0.062680810690,-0.444717258215,0.133869156241,-0.417383641005,0.144467562437,0.301130503416,-0.011092309840,-0.160803496838,0.139997705817,0.130099013448,0.117706075311,0.441486269236,-0.386222302914,-0.180563867092,0.795835196972,0.026934349909,0.504109442234,0.002798801754,-0.351554185152,0.147525668144,-0.112841099501,0.058758374304,-0.594543695450,-0.493902087212,-0.181650459766,-0.586488902569,-0.655483484268,-1.376191377640,-0.634850561619,0.286115735769,-0.236992657185,-0.223916485906,-0.279888421297,-0.031733471900,0.525660216808,0.118640385568,0.482377588749,0.031684082001,-0.019422860816,0.642596662045,-0.128604948521,-0.257613241673,-0.412773847580,0.005214826204,-0.214322358370,-0.278106242418,-0.042718771845,-0.378208637238,0.428492426872,0.132844299078,0.087931767106,0.396400868893,-0.519609928131,0.214058935642,-0.154271587729,-0.498622983694,0.195611551404,0.109042137861,0.068068504333,0.164820611477,0.123949877918,0.588192880154,0.516230762005,0.884092092514,0.618251204491,-0.228390470147,-0.149209052324,0.328431129456,-0.345524430275,0.313576906919,-0.945377588272,-0.676972508430,-0.254658013582,-0.649758279324,0.510793626308,0.183959469199,-0.007956005633,0.690752506256,0.361251205206,0.590777695179,0.480072706938,-0.045311778784,0.111931495368,-0.531574785709,0.286025196314,-0.449977338314,-0.268285721540,-0.222574710846,-0.207411795855,0.205995917320,-0.156082585454,-0.681376516819,-0.140442222357,0.014858344570,-0.289021551609,-0.417124360800,-0.163359478116,0.146850660443,-0.056173596531,0.319557309151,0.433633148670,0.290844887495,0.587579607964,-0.376788675785,0.821666419506,0.891904056072,0.048250518739,0.120093286037,-0.377648919821,-0.674564719200,-0.286465585232,-0.223603695631,-0.340194344521,-0.522227585316,-1.134667158127,-0.558245718479,-0.537991404533,0.526713907719,0.045171838254,-0.331476897001,-0.066125810146,0.178036704659,0.014878924936,0.710838019848,0.384049117565,0.145401865244,0.825547695160,0.281514167786,0.021402601153,0.042801089585,-0.283057630062,-0.121348641813,-0.044348660856,-0.568539500237,-0.251052498817,-0.224772587419,-0.100402891636,-0.091133922338,-0.217981383204,0.382497400045,-0.202888429165,0.001053666580,0.222418308258,-0.279024064541,-0.051699627191,0.339478194714,-0.319244503975,0.359962940216,0.374240964651,-0.369388312101,-0.032461985946,0.124600186944,-0.174830436707,0.005255985074,-0.610887885094,0.137795701623,-0.223718926311,-0.578516423702,-0.749803125858,-0.066158734262,0.309666842222,0.336234867573,0.930222928524,0.149472475052,0.166252940893,1.300973534584,0.473602503538,0.426306903362,0.089660435915,-0.029058147222,0.492790788412,0.332011967897,-0.530113637447,-0.200060814619,-0.231893077493,-0.279727876186,-0.266672283411,-0.055745545775,-0.054675415158,-0.212342619896,-0.191964879632,0.543132185936,-0.870847105980,-0.048760890961,0.125653848052,0.589682877064,-0.232954964042,-0.043751858175,0.296150267124,-0.152456492186,0.522260487080,0.734372675419,-0.320619195700,-0.421845257282,-0.437304526567,0.049370035529,-0.270010262728,-0.582685828209,-0.207806915045,-0.272689729929,-0.462637811899,-0.579961121082,-0.341136872768,0.232786223292,-0.099555023015,-0.099530324340,-0.245265573263,0.265314042568,0.523952126503,0.849720358849,-0.099353343248,0.335280001163,0.638670086861,-0.077312782407,0.349533289671,0.761018931866,-0.578541159630,0.021657785401,-0.344643622637,-0.425660669804,0.187832519412,0.158930778503,-0.162956118584,0.549939870834,-0.331909060478,-0.022489195690,0.099513873458,-0.353463947773,-0.277731686831,-0.176180452108,-0.145451262593,-0.224430963397,-0.425627768040,-0.018253950402,0.110968373716,0.159848615527,0.948040604591,0.104481741786,-0.122908554971,0.783800303936,-0.660348415375,-0.009227814153,-0.065817117691,-0.689155519009,-0.888080358505,0.171603590250,-0.508003056049,-0.808038711548,-0.169734984636,0.686340272427,0.266454160213,0.409625232220,0.803190231323,0.423903226852,-0.086919255555,0.262210667133,-0.245887085795,0.251270681620,0.027107218280,-0.593325376511,0.286366820335,-0.897814452648,-0.087162092328,0.273977994919,-0.655084252357,0.352340340614,0.261617988348,-0.838356316090,0.675988793373,-0.569189846516,-0.599252283573,0.797082245350,-0.528743028641,-0.160725295544,1.532022953033,-0.485748499632,0.486851543188,0.429406166077,0.969875335693,0.435300111771,-0.313054203987,-0.562604427338,0.212342619896,-0.322351992130,0.304476708174,-0.862294316292,-0.955091118813,0.303398340940,-0.061775315553,-0.213342785835,-0.524923503399,-0.687031745911,0.297142207623,0.379509299994,-0.129304647446,-0.003226853907,0.482566922903,0.221249386668,0.377208471298,0.051769599319,1.065639615059,1.198237061501,-0.582694053650,0.251089572906,-0.046525962651,-0.317561089993,0.025382660329,-0.373479515314,-0.030683921650,0.220216318965,-0.326220929623,-0.012084238231,-0.045995015651,0.659685790539,0.931519389153,-0.614299893379,-0.159317672253,0.128818958998,0.148612245917,0.046534195542,-0.217812627554,-0.606594979763,0.392597794533,0.045933276415,0.399780035019,-0.551347494125,-0.209140449762,-0.001436443767,-0.960659861565,0.286531448364,-0.482842683792,-0.861421763897,-0.602512061596,-0.347524732351,-0.724251687527,0.166187077761,0.350467592478,0.212799489498,0.490601152182,0.326846539974,0.347475349903,1.118993878365,0.810129642487,0.068718813360,0.247381150723,-0.548231780529,-0.591407418251,0.520099699497,-0.978004217148,-0.243471056223,0.356065183878,-0.417881667614,0.574585735798,-0.106552027166,-0.287099421024,0.311391383410,0.010437883437,-0.030338188633,-0.054535474628,-0.201822429895,-0.200332477689,0.617662608624,-0.058079250157,0.493860900402,0.262078970671,0.534089565277,-0.032062742859,-0.027975670993,0.271426141262,-1.231781482697,-0.938932120800,-0.132663190365,-1.634162664413,-0.300336122513,-0.493675708771,-0.621617972851,-0.399524807930,-0.095295079052,0.042796969414,0.618045389652,0.132408007979,0.360440373421,0.574985027313,0.436695396900,0.665797889233,0.171122029424,-0.106037542224,0.950287818909,0.368713319302,0.060960367322,0.326455533504,-0.376257747412,-0.495165675879,0.538789927959,-0.384147882462,1.061869502068,0.247051879764,-0.411736667156,1.198237061501,-0.637628734112,0.286584943533,0.425438433886,-0.196204230189,0.587324440479,0.647832036018,-0.740476489067,0.637480616570,0.000391009060,0.070628583431,0.228653877974,0.123764656484,-0.169739097357,-0.253373891115,-0.462580204010,-0.013010312803,-0.220483839512,-0.319796025753,-0.324722737074,-0.969780683517,-0.317762762308,-0.133008927107,-0.662583410740,-0.507933139801,0.203468784690,0.551129341125,0.233420059085,0.029469735920,0.452064096928,-0.012611071579,0.382917255163,0.082412362099,0.014953009784,-0.614328742027,0.063627466559,-0.507406294346,-0.487588316202,-0.427088916302,-0.162256419659,-0.520231366158,0.545202434063,0.182251378894,-0.377348452806,-0.069307386875,0.403587222099,-0.142409622669,0.202151685953,0.018562640995,-0.352949470282,0.725684046745,0.413560003042,-0.023098345846,0.674926936626,0.462374418974,1.013898849487,0.504146516323,-0.578952729702,0.189762875438,-0.039491917938,-0.345425635576,-0.030650995672,-0.386769682169,-0.500672698021,-0.591255068779,-0.403480201960,-0.881091594696,-0.211815789342,-0.255579978228,0.265264660120,0.213474482298,-0.290741980076,0.568909943104,0.080041617155,1.053551316261,0.753610253334,0.250216990709,-0.361856222153,0.140100613236,0.444795429707,-0.380410671234,-0.353254050016,-0.701042234898,0.151271119714,0.112923420966,-0.538431823254,-0.300953507423,0.010195046663,0.200143143535,0.343112528324,0.032215032727,0.021731872112,-0.238828346133,0.146290898323,0.221825614572,0.100798018277,-0.104028992355,0.540185213089,0.535093843937,0.483320146799,-0.442935079336,0.046073216945,0.553788244724,-0.578108966351,-0.412835627794,0.039487801492,-0.957408368587,-0.534838616848,-0.016788695008,-0.119776360691,0.333588361740,-0.301854878664,0.257547378540,0.699046015739,0.520799398422,0.753721415997,1.014796137810,0.106243342161,0.772131741047,0.321808695793,-0.148900374770,0.176098138094,-0.708199739456,-0.533743798733,-0.398281842470,-0.663822233677,-0.292878121138,-0.748597145081,0.004650949966,-0.129370495677,-0.141220122576,-0.000695584517,-0.371001750231,-0.683438599110,0.475837469101,0.401833832264,-0.042788740247,-0.047143347561,0.133601620793,0.049160130322,0.812586843967,0.292071431875,0.011141700670,0.623721182346,-1.178456068039,0.367684364319,0.396026313305,-1.805527567863,0.224356889725,-0.271417915821,-1.039614915848,-0.299463540316,-0.614909112453,-0.036981225014,0.503788411617,-0.772782146931,0.714620471001,0.853074729443,0.180975452065,0.951864242554,0.182700008154,0.694325089455,0.537332892418,0.188631013036,0.407773077488,0.029893670231,-0.715406656265,-0.195401638746,-0.546428978443,0.169142290950,0.259881079197,-0.010754807852,-0.192306503654,0.821184873581,-0.181271791458,0.453245371580,0.181494072080,0.027275968343,0.227517887950,-0.113878302276,-0.158366903663,0.309300512075,-0.017270252109,0.181629896164,0.034820385277,-0.444046378136,0.234749495983,0.589295923710,-0.562159955502,-0.258148282766,-0.035437770188,-0.521721363068,-0.045566961169,-1.237835884094,-0.397108793259,-0.040380947292,-0.315210938454,-0.363465577364,0.658179402351,-0.123509474099,0.860438108444,0.856511533260,-0.291289389133,0.684072434902,-0.021950015798,0.258708059788,0.992780208588,-0.099966615438,0.208650678396,-0.203250616789,-0.013537145220,0.190306186676,-0.125122904778,0.103514507413,0.061297874898,-0.670354187489,0.346010088921,0.127674743533,-1.075859308243,0.313819766045,-0.236103609204,0.033573273569,0.300784766674,-0.375171154737,0.553146123886,0.037487480789,0.226661786437,0.602396786213,0.233362436295,-0.232831507921,0.626277208328,-0.192911535501,0.244969233871,0.556471765041,-0.938475251198,0.161248013377,-0.375665038824,-0.744139611721,0.069895952940,-0.923929750919,-0.430842578411,-0.121348641813,0.322841763496,0.410382539034,0.235593244433,0.485633254051,0.558039903641,0.984157502651,0.706117093563,0.646292686462,0.970233440399,0.156732901931,-0.303353071213,0.006548373029,-0.245751261711,-0.273957431316,-0.375784397125,-0.396260946989,0.563682794571,-0.026263462380,0.246265739202,-0.002798801754,0.049826901406,-0.265668004751,0.039067979902,-0.096591584384,-0.416947364807,-0.446845173836,-0.296471297741,-0.387555837631,0.332596421242,0.235371008515,-0.105239056051,0.127530694008,0.105568327010,0.133362904191,-0.063812680542,-0.490448832512,-1.419963955879,-0.709656715393,0.142191484571,-0.780524075031,-0.552043080330,-0.516848146915,-0.271911829710,0.738632619381,0.632352232933,0.133939132094,0.339305341244,1.036058783531,0.439341932535,0.913911700249,0.239902570844,-0.540889024734,0.447458416224,0.022851392627,0.333341419697,0.804499149323,-0.804918944836,0.282329142094,0.067488163710,-0.289519578218,0.328221231699,0.403607785702,-0.053243085742,0.173381656408,-0.265964359045,0.235140502453,0.831486940384,-0.184395760298,0.874275684357,0.032770674676,0.310551762581,0.711323678493,0.350533455610,0.296718239784,-0.429109811783,0.278871774673,-0.104111306369,-0.893505096436,-0.404776692390,-0.687904298306,-0.224077001214,-0.831651568413,-0.728951990604,-0.726544260979,-0.748975813389,0.106494411826,-0.466790735722,-0.346919715405,0.469066828489,0.063281729817,0.637962162495,0.105448976159,0.019649235532,0.607661008835,0.343059003353,0.378793120384,0.501384735107,-0.583945274353,-0.266668170691,-0.039677128196,-0.355242013931,-0.216260939837,0.344178527594,-0.468490600586,-0.334884852171,0.796580135822,0.238433212042,-0.225377619267,0.006885875482,0.216186866164,-0.145389512181,0.335740953684,-0.754651606083,-0.025230374187,0.349874913692,0.080980032682,0.306435853243,0.653108656406,-0.336350113153,0.200665846467,0.594700098038,-0.304591953754,-0.471877962351,-0.607512831688,-0.872382402420,-0.070682093501,-0.568605363369,-0.803614199162,-0.193158477545,0.005255985074,0.489510416985,0.565320909023,-0.012520522811,0.393984854221,0.587032198906,0.599313974380,0.527471244335,0.045904461294,-0.116969332099,-0.120072707534,-0.547157526016,-0.246109336615,-0.016265977174,-0.152592316270,0.021773030981,-0.031577069312,0.422796070576,-0.644119560719,0.413514733315,0.028613632545,-0.278353184462,0.277171909809,-0.251262426376,-0.294940203428,0.567564070225,0.220129877329,0.472083777189,0.094924651086,0.348936498165,0.962561428547,0.807898819447,0.125732049346,0.021324399859,-0.034203004092,0.170883312821,-0.103102922440,0.262420594692,-1.518436312675,-0.439292520285,0.374780118465,-0.755643606186,-0.039623625576,-0.668699562550,-0.623815894127,0.714147150517,-0.331933766603,0.130181327462,0.441239327192,0.037178788334,0.549589991570,0.552812755108,-0.196175411344,0.291684538126,-0.131354346871,0.555261671543,-0.158757910132,-0.626437664032,-0.447919428349,-0.341116309166,-0.043912377208,-0.309008300304,-0.460962623358,0.296314895153,0.206823214889,0.213067010045,-0.336646467447,-0.143763750792,-0.166981443763,-0.144265875220,-0.385876536369,0.037112932652,0.009857544675,0.518873155117,-0.007968353108,0.153929978609,-0.040146343410,0.663089632988,0.256366133690,0.022633250803,-0.349380999804,-0.561748325825,-0.203596353531,-0.619033217430,-0.095735482872,-0.228946104646,-1.051435709000,0.344865888357,0.424952745438,0.349125832319,0.858668267727,0.369734048843,0.257510334253,0.736426472664,0.168331459165,0.274241417646,0.245245009661,-0.456188231707,-0.198768422008,-0.088647931814,-0.301673799753,0.125275194645,-0.911557376385,0.119743436575,0.280798017979,-0.066204003990,0.076851807535,-0.306320607662,-0.284872740507,0.582373023033,-0.207498207688,-0.196879222989,0.324409931898,-0.197076797485,0.714336514473,0.567955076694,0.015117645264,0.856161713600,0.322014480829,-0.032437290996,0.549684643745,0.120500765741,-1.047204613686,-0.735146462917,0.109091535211,-0.442544072866,-0.496737897396,-0.231382712722,-0.705392718315,-0.339729249477,-0.163676396012,0.043904144317,0.327842593193,-0.184864968061,0.180753201246,0.534052550793,-0.082379437983,1.090343236923,0.637159585953,0.424434155226,-0.350146561861,0.276990801096,-0.372232407331,-0.583541929722,-0.359057426453,-0.408497452736,-0.377961724997,-0.148019567132,-0.259864628315,-0.095817796886,-0.184980213642,-0.206135854125,-0.050090316683,-0.053856350482,-0.132115796208,-0.360312789679,0.033186379820,0.175480753183,0.192318841815,-0.216656059027,-0.292923420668,0.470758467913,0.121146954596,0.466893643141,-0.140187039971,-0.278377860785,-0.543794810772,0.046925202012,0.019727436826,-1.399915337563,-1.085770368576,0.405291169882,-0.259094953537,-0.108404174447,0.617654383183,-0.119776360691,1.102415084839,0.380764633417,0.006564836483,1.051756739616,0.552664577961,0.524269044399,0.220673173666,-0.959832608700,0.129724457860,-0.087195016444,-0.530302941799,-0.225735694170,-0.019151212648,-0.177402883768,-0.184947282076,-0.178468883038,-0.107268199325,-0.311831772327,0.213853150606,-0.773205995560,0.295199513435,-0.446915149689,-0.343832790852,0.468449443579,-0.119447089732,0.521515548229,0.573231637478,-0.331456333399,0.165026411414,0.510736048222,-0.161499083042,-0.464498192072,0.232074156404,-0.633179485798,-0.062594376504,-0.107646852732,-0.863755464554,0.021501382813,-0.014253309928,-0.581216454506,0.093508794904,-0.187108114362,-0.193619459867,-0.505117833614,-0.321672886610,0.235375121236,0.522890269756,0.354916870594,0.392482578754,0.277501195669,0.939331352711,0.341116309166,0.565654337406,-0.177937924862,-0.226151421666,0.161885991693,-0.663814008236,0.153724178672,-0.070702672005,-0.329661786556,0.216404989362,-0.283621490002,0.509678244591,-0.033556807786,-0.036491435021,0.176526188850,-0.833697199821,-0.320483386517,-0.296524792910,-0.383625179529,0.527269542217,-0.281987518072,-0.230238497257,0.130243062973,0.561855316162,0.433201014996,0.487822920084,-0.188305839896,-0.214083641768,-0.208012714982,-0.669395148754,-0.508484661579,-0.427541643381,-0.378784865141,0.233148410916,-0.697276175022,0.571519434452,0.452113509178,0.684611618519,1.384554862976,0.412712156773,0.181967377663,0.683183372021,0.432007402182,0.199970260262,0.200970411301,-0.622527599335,-0.232094749808,0.210050076246,0.582442998886,-0.189096093178,0.358086109161,-0.256115049124,-0.080601379275,-0.486135393381,-0.018665537238,0.144051849842,-0.480471938848,-0.218541145325,0.078815080225,-0.687838435173,0.097587630153,0.579710066319,0.051493838429,0.510312080383,0.411802500486,-0.371870219707,0.088977202773,-0.302665710449,-0.469651281834,-0.362197875977,-0.549758732319,-0.884367883205,-0.740966320038,-0.260494351387,-0.891014933586,-0.463872581720,-0.208259671926,-0.581516921520,-0.041730955243,-0.030688038096,0.058140989393,-0.214013665915,0.576116859913,0.239684432745,0.318717688322,0.378422707319,0.766847014427,0.592424035072,-0.302587509155,0.185099571943,0.462473183870,-0.122801542282,0.379727452993,0.410349607468,-0.448536783457,0.498478949070,-0.416535794735,-0.075184866786,1.078584074974,0.039125602692,0.333670675755,-0.007614387199,0.461933970451,0.427949130535,0.081222869456,-0.015286396258,-0.186898216605,0.063215874135,-0.028757687658,0.483369499445,0.277126640081,-0.599165856838,-0.564966976643,-0.505714654922,-0.437543272972,-0.676577389240,-0.609130382538,-0.683961272240,-0.948707342148,-0.682619512081,-0.483431279659,-0.300809442997,0.268174618483,0.233843997121,-0.021443760023,0.542317211628,0.924575924873,0.535398423672,0.642551362514,-0.115919783711,-0.167351871729,0.012895067222,-0.401414006948,-0.094389587641,-0.334642022848,0.062631420791,-0.617275714874,-0.663941621780,0.270434230566,0.315601944923,0.163108408451,-0.293964743614,-0.475413501263,0.283251076937,-0.134079068899,0.061845287681,0.487876385450,-0.121628515422,-0.123583555222,-0.023209474981,0.708792388439,0.404768466949,-0.493284702301,0.167553558946,-0.170661047101,-0.360987812281,0.026720324531,-0.688797473907,-1.039429664612,-0.554208040237,-0.475936233997,-0.349496245384,-0.851107358932,-0.198920711875,0.024028535932,0.484452009201,-0.280390560627,0.928378999233,-0.001638122136,0.523779273033,1.049431204796,-0.215812310576,0.290404498577,0.861557602882,-0.037837330252,0.325978070498,0.035355452448,-0.563407003880,0.132317468524,-0.352817773819,-0.109758310020,0.592172980309,-0.410061508417,0.506969988346,0.016932750121,-0.338259905577,0.375039458275,-0.332658171654,0.379558682442,0.079778194427,-0.593296587467,0.346561610699,0.259934574366,-0.378237485886,1.069603204727,-0.926440477371,0.137985035777,0.702511608601,-0.349208146334,0.796707749367,-0.207679316401,-0.359160333872,-0.510620832443,-0.715291380882,-0.452134072781,-0.261914342642,-0.015117645264,-0.979016721249,0.022336907685,0.297092795372,-0.093529365957,0.893142938614,0.704730033875,0.168948844075,0.653322637081,0.570297002792,0.569613754749,-0.112861678004,-0.359740674496,-0.162342846394,-0.395240187645,-0.132301002741,-0.331427514553,0.031424779445,-0.295187145472,-0.507529795170,0.408859670162,0.127979323268,0.451208025217,0.042340107262,-0.008272929117,0.168228566647,0.477212131023,-0.104806892574,0.081967845559,1.109091043472,0.292948126793,0.993298828602,0.758648157120,-0.117043420672,0.234527245164,0.460868000984,-0.056120090187,-0.242228060961,-0.677762746811,-1.048566937447,-0.177756845951,-0.723852455616,-0.541716277599,-0.451253265142,-1.043438553810,0.002802917734,0.186268493533,-0.077473305166,0.308465003967,0.010367914103,0.331295818090,-0.098040372133,0.103642098606,0.315861225128,-0.299545884132,0.035404842347,0.086573526263,-0.761903762817,-0.318318426609,0.176073431969,0.235803157091,-0.097949832678,-0.450463026762,-0.012438204139,0.182062044740,0.282543152571,0.135038062930,0.470268666744,-0.383691012859,0.099007606506,0.513020396233,-0.074867941439,0.461151957512,0.394964456558,0.183844238520,0.511316418648,0.246306896210,0.651709198952,-0.157156825066,0.253007560968,-0.234765946865,-0.081399857998,-0.159873321652,-0.989697396755,-0.071698717773,-0.207004323602,0.033223424107,0.458641290665,-0.953210115433,-0.214170068502,0.518951356411,-0.116891130805,0.304246217012,-0.153296127915,0.669518649578,0.651474595070,0.220751360059,0.220771953464,-0.204818785191,0.145706444979,-0.549194872379,-0.658426344395,-0.108293049037,-0.277575284243,-0.822357952595,-0.510303854942,-0.388770014048,-0.342573344707,0.129456922412,-0.570613920689,0.140775606036,0.493070691824,-0.294569760561,0.377266138792,0.017998764291,0.472627043724,0.075637616217,-0.066027022898,0.499244481325,-0.113631352782,0.292655885220,0.393729656935,-0.117578484118,0.287539839745,0.346318781376,-0.275435000658,0.081580951810,-0.001041318872,-0.653524339199,0.098135039210,-0.528829455376,-0.963792026043,0.408188760281,0.377043873072,0.353147029877,0.415543854237,0.655294179916,0.318585962057,1.110976099968,0.656133770943,0.066821388900,0.242536738515,-0.271920055151,-0.145393624902,0.000325154891,-0.554261505604,-1.200315594673,0.603178799152,0.352846592665,-0.006589531898,-0.135688379407,-0.093990348279,0.035643562675,0.450421869755,0.352665483952,-1.212165236473,-0.354126632214,-0.341005176306,-0.228279322386,0.760187447071,-0.124674268067,0.022855509073,0.549297809601,0.057021468878,0.996064722538,-0.157691895962,0.161984771490,-0.098690696061,-0.415700286627,-0.612793505192,-0.669658601284,-0.534949839115,-0.612628877163,-0.187087550759,0.351373076439,-0.573881924152,0.606088757515,-0.016685798764,0.520457744598,0.698951303959,-0.081659153104,0.381048619747,0.785166800022,0.228246405721,1.110321760178,-0.246360406280,-0.061108540744,-0.130671113729,0.043270297348,0.123373650014,-0.677318274975,-0.525158107281,-0.957618176937,-0.372096568346,-0.571725189686,-0.742950141430,-0.110058769584,-0.654602706432,-0.220985978842,-0.066693797708,-0.297080457211,-0.048690918833,1.008033752441,0.349356293678,-0.198192209005,0.048929639161,0.364107638597,0.393799632788,0.483311921358,-0.262210667133,-0.641818702221,0.365692257881,-0.022497426718,-0.719448447227,0.144566342235,-0.713253974915,-0.273763984442,-0.026691513136,-0.731170475483,-0.205827176571,0.194706052542,0.052790340036,1.287234783173,0.741077423096,1.453866362572,1.362802505493,1.277994632721,0.666065454483,0.650169849396,0.613838970661,-0.173455730081,-0.168998226523,-0.087071545422,-0.490712255239,-0.379451662302,-0.200163707137,-0.083601854742,0.051378592849,0.648609995842,-0.291281163692,0.143166944385,0.397483348846,-0.614588022232,-0.023542860523,-0.537238240242,-0.498421311378,0.156103163958,-0.497845083475,0.306703418493,-0.313140660524,0.098312020302,0.675412595272,-0.300463706255,-0.030799167231,-0.185626417398,-0.186630681157,-1.059082984924,-0.904527485371,-1.089203000069,-0.062302149832,0.360098779202,-0.411975383759,-0.049588181078,-0.340449512005,0.525684952736,1.374738454819,0.730219781399,0.822967112064,0.225719243288,0.102678984404,0.608784615993,0.362786442041,-0.021674251184,0.329036206007,-0.642444372177,0.063273496926,0.539563715458,-0.284350007772,-0.086857520044,0.026432212442,-0.025580223650,0.256506085396,-0.426697909832,-0.260226815939,-0.099777281284,-0.002428371925,-0.105675347149,0.442313551903,0.155996158719,0.165549129248,0.210700392723,0.144352316856,0.256147980690,0.103810846806,-0.456826180220,0.036804240197,-0.433435589075,-0.279731988907,-0.654154062271,-0.805667996407,0.218174830079,-0.588760852814,-0.553607106209,-0.049748700112,-0.888277888298,0.074155896902,-0.053592935205,-0.853058278561,0.469671875238,0.485752612352,-0.425598978996,0.681866288185,0.610949635506,-0.003605515230,0.530208289623,0.929897785187,-0.002675325144,0.445392251015,-0.346932053566,-0.288935124874,0.416926801205,0.391103744507,0.311679482460,-0.094657123089,0.352134525776,-0.071558773518,0.232119441032,0.428500652313,0.245319083333,0.585451722145,-0.422174513340,-0.213388055563,0.529841959476,0.380558818579,-0.338943123817,-0.386498063803,-0.365046054125,0.251241832972,0.288815766573,-0.082836300135,0.002016783459,-0.019410513341,-0.482073009014,0.128967136145,-0.795003712177,-0.920970439911,-1.020488381386,-0.137421160936,-0.048468660563,-0.152127221227,-0.350545793772,0.214478746057,0.500396966934,1.063779234886,0.783129394054,0.101732328534,0.477035194635,-0.181230649352,-0.082153059542,0.563518166542,-0.736508786678,-0.066969566047,-0.168076276779,-0.185074895620,0.433180421591,-0.071542315185,-0.358814626932,0.330748409033,-0.260374993086,0.275920689106,-0.214067175984,0.124970614910,-0.074839137495,-0.291507542133,-0.304205030203,0.656364262104,0.127049133182,0.557484269142,0.469490766525,0.164717718959,0.477302700281,0.473886519670,-0.106696084142,0.232424005866,-0.976197361946,-0.465288460255,-0.212914720178,-0.529232800007,-0.984038054943,-0.770831167698,-0.683911919594,-0.094825871289,-0.516103148460,-0.340585350990,-0.363424390554,-0.071764566004,0.193364277482,0.112400703132,0.818242013454,0.813731014729,0.651392340660,0.909676432610,0.155255302787,0.666884481907,0.665954291821,-0.541720390320,0.640127122402,0.083239652216,-0.505204260349,0.115973293781,-0.517794787884,-0.033589739352,0.351208478212,0.348598986864,-0.189676448703,0.274216711521,0.203048944473,-0.020867537707,0.260827749968,0.008458143100,0.619090855122,0.038886882365,-0.017204398289,0.497808039188,0.301336288452,0.161803677678,0.406254321337,0.496565073729,0.350504666567,0.087067425251,-0.833252668381,-0.601190865040,-0.879173636436,-0.443573027849,-0.489670932293,-1.021751999855,-1.004284143448,-0.596873283386,0.443745911121,0.124242104590,0.299624085426,0.699893832207,0.671959400177,0.517724812031,-0.136458054185,0.519021332264,0.442058384418,-0.989413440228,-0.225538134575,-0.903626084328,-0.150176286697,-0.173702687025,-0.901971459389,0.215915203094,-0.369219571352,0.362597107887,0.458904713392,-0.660932898521,-0.048032376915,0.129102960229,-0.034178309143,0.894669890404,-0.380402415991,0.768546879292,0.802362918854,-0.123748198152,1.813532948494,0.596087157726,0.607965588570,1.421420931816,-0.383230060339,-0.088639691472,0.235757887363,-0.174698725343,-0.724864959717,-0.044011153281,-0.133128300309,-0.348965287209,-0.279559135437,-0.447639524937,0.538695216179,0.521857142448,-0.092294603586,0.309884965420,-0.081226989627,-0.037771478295,0.503743171692,-0.180411577225,0.678034424782,-0.110285140574,0.054284408689,0.280180633068,-1.039499640465,0.765636920929,-0.225809797645,-0.608047902584,0.346541047096,-0.393672049046,-0.436625391245,0.156757593155,-0.531447172165,-0.080877140164,-0.360588580370,-0.390078902245,-0.093393541873,-0.096480458975,-0.214840963483,-0.108910433948,-0.074608646333,0.093611687422,0.475771605968,-0.146583124995,0.798905611038,-0.141923949122,0.033313971013,0.200916916132,-0.521034002304,-0.377937018871,-0.252032101154,-0.526269435883,-0.103259325027,-0.422186911106,-0.308917731047,0.549458265305,-0.329497158527,-0.015821460634,0.832351326942,0.888705968857,0.463070005178,0.701717197895,0.932441413403,-0.388844102621,0.126987397671,-0.000271648401,-0.611756324768,0.194763675332,0.304402619600,-0.793542623520,-0.061956413090,0.429233282804,-0.228641524911,-0.353184074163,0.311210304499,-0.215388372540,0.463625609875,-0.403212666512,-0.656191408634,-0.042072575539,0.181193605065,-0.237881690264,0.160074993968,-0.162680357695,-0.011680881493,0.856667935848,0.471976757050,-0.119438864291,0.135655462742,-0.145130217075,-0.381735980511,0.205279767513,-0.086672306061,-0.648305416107,-0.628207504749,-1.014763236046,0.313416391611,-0.053284246475,-0.336889296770,0.258605182171,-0.338864922523,-0.039475452155,0.844917058945,-0.085610404611,0.454142630100,0.359238535166,0.207671090961,0.496984869242,0.393289268017,0.662373483181,-0.260210365057,0.185165420175,-0.222607642412,-0.527755200863,-0.254316419363,0.026362244040,0.025489676744,-0.513053297997,-0.454710632563,-0.264305651188,-0.302410513163,-0.195944935083,0.334267467260,-0.919538140297,0.028383143246,0.212758317590,0.011450391263,0.435238331556,-0.147793203592,0.129736810923,0.039257310331,0.531965792179,0.194574341178,-0.203851535916,-0.187453851104,0.014356207103,-0.242063432932,-0.463197588921,-0.664912998676,-0.238239765167,-0.147513315082,-0.344532489777,-0.246471524239,0.006647154223,0.025637846440,1.337000012398,0.919011235237,0.077716141939,1.521358609200,0.896880090237,0.377294927835,0.729688763618,-0.054243247956,0.151234075427,0.077246926725,-0.910055100918,0.072040334344,-0.711270213127,-0.313148885965,-0.225501105189,-0.285070300102,-0.193718239665,0.573754370213,-0.381908863783,-0.329637110233,0.314058482647,-0.686406135559,0.107560418546,-0.207683429122,-0.023209474981,0.524845302105,-0.521762490273,0.249072760344,0.708623707294,-0.275916576385,0.377278476954,-0.153217926621,-0.697543680668,-0.331032395363,-0.222253665328,-0.581249356270,-0.633978009224,-0.458657741547,-0.276994943619,-0.576540827751,-0.492095202208,0.210902065039,-0.010664258152,0.430772632360,0.233313038945,0.565650224686,0.307283729315,0.517021000385,0.863282144070,0.153086230159,-0.159243583679,0.458760619164,0.111486978829,0.529010593891,-0.218170717359,-0.026917887852,0.019212951884,-0.163989201188,0.876712262630,0.463761478662,0.239190533757,-0.292252540588,-0.621210515499,0.217224061489,-0.123628832400,-0.989491641521,-0.158091142774,-0.176378011703,-0.320273458958,0.380287170410,-0.014352089725,0.144249409437,-0.139853656292,-0.546033859253,0.319125145674,-0.941241145134,-0.351122021675,-0.376706361771,-0.491222620010,-0.621465682983,0.157696023583,-0.874847769737,-0.513645946980,-0.231818974018,-0.288235425949,0.083128526807,0.159185975790,0.258551657200,0.490420043468,0.103481583297,0.896365642548,0.745078086853,0.564909338951,0.547248065472,-0.035717647523,0.474931985140,0.736484110355,-0.193660616875,-0.041307020932,0.346450507641,-0.102654293180,0.163096055388,-0.214935630560,0.064936317503,0.345709651709,-0.302990853786,0.019175907597,0.025390895084,0.088022306561,0.472878128290,0.028802961111,-0.525384485722,0.161449700594,0.198155164719,0.455192178488,0.217232301831,-0.205724284053,-0.522663891315,-0.592160582542,-0.093969769776,-0.509241998196,-0.127802342176,-0.256781816483,-0.603697419167,-0.440881252289,-0.132741406560,-0.927885055542,-0.067080691457,-0.429295033216,-0.485534489155,0.224093466997,0.043422587216,0.061219669878,1.084403991699,0.252641260624,0.218965068460,-0.042982187122,0.707364201546,0.869250178337,-0.646082818508,-0.439074367285,-0.155485779047,0.196661099792,0.493642747402,-0.581916153431,-0.100468754768,0.117862485349,-0.341202765703,0.656631827354,-0.234798878431,-0.434448122978,0.645576536655,-0.581656873226,-0.127234354615,-0.080934762955,-0.419227570295,0.065981745720,0.538604676723,-0.556714594364,0.331044733524,-0.114726178348,0.326006889343,0.127098530531,-0.136581525207,0.030173551291,-0.552800416946,-1.159123778343,-0.676293373108,-0.985721468925,-0.315025717020,-0.868435204029,-0.967681527138,-0.275480300188,0.472820490599,-0.093751624227,0.914265692234,0.206963166595,0.135980606079,0.983297288418,0.217084124684,-0.049279488623,0.449339389801,-0.805046498775,-0.447343200445,-0.432752400637,-0.206535100937,0.332090169191,-0.100036576390,-0.278715372086,0.284765720367,-0.215585947037,0.621803224087,0.267816513777,-0.013495987281,0.325714677572,0.063294082880,0.555977880955,0.021616626531,0.570881485939,1.013470888138,0.461826980114,0.514662563801,0.605895280838,0.459822535515,0.412852078676,0.267911165953,-0.358711719513,-0.627318501472,-0.192689254880,-1.295499444008,-0.270779967308,-0.523429453373,-1.400137543678,-0.116026796401,-0.225970312953,-0.426578551531,0.432122617960,-1.095319271088,0.492255717516,0.607858598232,0.553854048252,0.469741851091,0.328888028860,-0.146850660443,0.751976311207,0.002090869471,-0.287663310766,-0.262527585030,-0.201871812344,-0.416972070932,-0.343396514654,-0.371339261532,-0.200550600886,-0.394087761641,0.209012866020,0.340996950865,0.362280189991,-0.270771712065,-0.035223744810,-0.407328575850,0.127884656191,0.110478579998,0.271183311939,0.272496283054,0.037405163050,0.227982968092,0.396462619305,0.215618848801,-0.046575352550,0.420108377934,-0.008124756627,-0.565444350243,-0.371207535267,-0.805058836937,-0.439951062202,-0.657199800014,-0.457768708467,0.113701321185,-0.053683489561,-0.150777205825,0.755046725273,0.261836111546,0.747000157833,0.355987012386,0.710479974747,0.932848811150,-0.483377754688,-0.264700800180,-0.175604239106,-0.324710398912,-0.338807314634,-0.451549619436,-0.350652813911,-0.188828572631,0.225542247295,-0.262881547213,-0.716970741749,0.201842993498,0.070089407265,-0.262597590685,-0.157671317458,-0.617098748684,0.249225050211,1.034540057182,-0.130835741758,0.286140441895,0.287885576487,0.469585418701,0.577372193336,-0.043862987310,0.253785461187,0.032741863281,-0.298315227032,0.555187642574,-0.918344497681,0.159663408995,-0.775387406349,-0.838500440121,0.632949054241,-0.387284159660,-1.002180933952,0.292112588882,-0.836121439934,-0.112408936024,0.829186141491,0.198019325733,0.535867631435,0.454731196165,-0.031659387052,0.244277760386,0.673058331013,-0.091006331146,-0.356818407774,0.614830911160,-0.578693389893,0.050732396543,-0.545268297195,-0.342972576618,0.016228934750,-0.089779794216,0.217088237405,-0.338103473186,-0.145776420832,0.458312034607,-0.528043329716,0.379941463470,-0.441173464060,-0.751544117928,0.512452363968,0.148484662175,-0.327636778355,0.796127438545,-0.303015559912,0.115495845675,0.254859715700,0.475273579359,0.635702550411,-0.267421394587,-0.598680138588,-0.426529139280,-0.513855874538,-0.044731434435,-0.523297727108,-0.529759705067,0.090026751161,-0.447297900915,0.689155519009,0.373570054770,0.011207554489,0.435213655233,0.476594775915,0.524133265018,0.568086802959,0.258280009031,0.014590811916,-0.383538752794,-0.600351214409,-0.217203468084,-0.238758370280,-0.921855330467,-0.260198026896,-0.485781401396,-0.676379799843,-0.424504131079,-0.138075590134,-0.678050875664,-0.178213700652,0.316869616508,-0.061915256083,-0.210045963526,0.254979074001,0.499108672142,0.278295576572,0.560698747635,-0.064224265516,0.247171223164,0.472738206387,0.547046363354,0.145973980427,-0.288770496845,0.069739557803,0.158700287342,-0.257127553225,-0.156568259001,-0.450257211924,0.189943969250,-0.131066232920,-0.075497679412,-0.194162756205,-0.047361485660,0.260025143623,0.826539695263,0.700400173664,0.089092440903,1.142845392227,0.568514823914,0.560686409473,0.771106958389,-0.616053283215,-0.036186859012,-0.045114215463,-0.124443784356,-0.293520212173,-0.756417274475,0.099007606506,-0.590296089649,-0.182893469930,0.188342884183,-0.480937033892,0.056288842112,-0.215042635798,-0.370981156826,-0.075353614986,-0.834569692612,0.444276839495,-0.534431159496,-0.575466573238,-0.151308164001,0.560698747635,-0.620436728001,-0.090166695416,-0.120854727924,-0.496523886919,0.690534353256,-0.423392862082,-0.965928256512,0.092117622495,-0.470742017031,-0.150987118483,-0.707829296589,-0.734327375889,0.681804597378,-0.214733958244,0.279258668423,0.863759636879,0.584039926529,0.863096952438,0.850465297699,0.133214741945,1.192561268806,0.790015280247,0.303521811962,-0.150484994054,-0.152929827571,0.240252450109,0.456023573875,-0.511678576469,-0.492622017860,0.557360768318,-0.188165917993,0.180580317974,0.079494200647,-0.063676856458,-0.028004480526,0.157700136304,-0.182407781482,0.956828057766,0.039039168507,-0.282654285431,-0.044542107731,0.276064753532,0.013022660278,0.461049050093,0.070579193532,0.186429008842,0.064656436443,-0.380916923285,-0.671041548252,-0.309975534678,-0.996846795082,0.159762188792,-0.618284106255,-1.031144380569,0.071208924055,-0.309016525745,-0.573573231697,0.413646429777,-0.699017226696,0.377508938313,0.787920296192,0.613608479500,0.804149210453,0.269611030817,0.080584906042,0.482295244932,0.510982990265,0.992064118385,0.301739633083,-0.604240715504,0.467404007912,-0.859116911888,0.001728671719,0.954988241196,-0.009108453058,0.101703509688,-0.246607363224,-0.560863435268,0.002539501060,0.650141060352,-0.171912282705,-0.758532881737,-0.173418700695,-0.300895869732,0.058359134942,-0.259411871433,-0.696531176567,0.208165004849,-0.105078540742,0.530187726021,-0.011199323460,-0.103037066758,-0.197175577283,-0.376216560602,0.099271029234,-0.951086342335,-0.477512598038,-0.899736583233,-0.445400476456,-0.464650452137,-0.645140290260,-0.007704936434,0.149204939604,0.195175260305,0.622502923012,0.452381014824,0.551512122154,0.458579570055,0.603224098682,0.007313927636,0.851724743843,-0.038504101336,-0.559682130814,0.154691413045,-0.303299546242,-0.049682848155,0.404138743877,0.033639125526,-0.278945863247,0.210441067815,-0.603940248489,0.007462099195,-0.148706912994,-0.148706912994,0.611678123474,0.073587909341,-0.419272840023,0.520149052143,0.834796130657,0.648395895958,0.716279208660,-0.237457737327,-0.248023211956,0.710043609142,-0.500594496727,-0.269471108913,0.040146343410,-0.322833538055,-0.797934234142,-0.872542917728,-0.995529651642,-0.366260260344,-0.132338047028,-0.673897922039,-0.099164009094,0.123423039913,-0.431250065565,0.618386983871,0.684138298035,0.835055410862,0.710961520672,0.763290882111,0.257893115282,1.311736583710,0.174591720104,-0.054963525385,-0.441301047802,-0.526635706425,0.093183636665,-0.222323641181,-0.023756889626,0.129975527525,0.256086230278,0.108745798469,0.339103639126,0.636130571365,-0.210404038429,0.637044310570,-0.575808167458,0.072093844414,0.427072465420,-0.430665642023,0.429414391518,0.041854433715,0.295713990927,0.080202132463,-0.049810439348,0.284424126148,-0.372314691544,-0.009676445276,-0.798987865448,-0.685681700706,-0.507694423199,-0.336514770985,-1.001448273659,-0.533710896969,-0.419190555811,0.105988152325,-0.033371597528,-0.056000731885,-0.045089520514,0.132383316755,0.533241689205,0.343190699816,0.062569685280,0.050468981266,0.151538655162,-0.458369612694,-0.221940860152,-0.595103442669,-0.169862568378,0.008598083630,-0.332007855177,-0.340112030506,-0.117072232068,-0.414992302656,-0.047670178115,-0.247224733233,0.253028154373,0.131078585982,0.500252902508,0.955012917519,0.432456046343,-0.262284755707,0.666304111481,0.972386062145,0.847641825676,0.532879531384,0.102456726134,0.415770232677,0.500228166580,-0.610665619373,0.253522038460,0.366717100143,-0.622054278851,0.422063410282,-0.032453753054,-0.630849897861,-0.001683396869,-0.257333338261,-0.064421832561,-0.421042680740,-0.438967376947,0.562764942646,0.824428260326,0.495243847370,0.541819155216,0.585476398468,0.308024585247,0.064376555383,0.168405547738,-0.023756889626,-0.419931381941,-0.572721242905,-0.570766210556,0.008783298545,-0.333707720041,-0.518136382103,-0.074229985476,-0.362778216600,0.387629926205,0.714019596577,-0.037647999823,-0.599659740925,0.076580151916,-0.125155821443,-0.561275005341,0.381250292063,-0.343478828669,0.152793988585,0.643399238586,-0.403694212437,0.600577592850,0.095834262669,-0.196743413806,0.180049389601,-0.138260811567,-0.490625828505,-0.131358459592,-0.856034100056,-0.251628756523,0.123595908284,-0.431850969791,-0.348767727613,0.627655982971,0.116380758584,0.382468611002,-0.032445520163,-0.089853882790,0.861829280853,0.770357847214,0.311461359262,0.227476716042,-0.558850705624,0.640135347843,0.098600141704,-0.510657846928,0.342091768980,-0.539308488369,-0.368742138147,0.560386002064,-1.339271903038,-0.610554516315,-0.173002988100,-0.467498660088,-0.328048378229,0.191466853023,-0.532286822796,-0.098838858306,0.704030394554,-0.034017786384,0.480150908232,0.503047585487,0.530833899975,0.389132231474,0.496437430382,0.111643373966,-0.169352188706,0.490045487881,-0.540111124516,-0.111030116677,-0.213972508907,-0.281357765198,-0.326011002064,-0.336872845888,-0.879613995552,-0.522264599800,0.280514001846,0.193109095097,0.230057388544,0.234712451696,-0.301838427782,1.722250938416,0.980407893658,0.326912403107,1.390185356140,0.306468784809,0.382670283318,0.425463110209,-0.584323942661,-0.331682711840,-0.752704799175,-0.647329926491,0.030478127301,-0.411707818508,-0.297500282526,-0.449598699808,-0.064376555383,0.624416768551,0.193594768643,-0.070414558053,-0.750984370708,-0.450965166092,0.076551347971,0.288823992014,-0.208716526628,-0.449837416410,0.093772202730,0.658389329910,-0.397137612104,0.477516740561,-0.070443369448,-0.214310005307,0.211120203137,-0.844274997711,-0.525582075119,-0.184963747859,-0.700717091560,-0.109511353076,-0.085602179170,0.043426699936,0.466971844435,-0.046842887998,0.413111388683,0.959124684334,0.327179908752,-0.153238505125,0.455315649509,0.360996037722,0.380760520697,0.463432163000,-0.132428601384,-0.313626319170,0.551997780800,-0.270677059889,0.351550072432,-0.428566545248,-0.515078306198,0.428150802851,-0.277888089418,-0.691526293755,0.168561950326,-0.238799512386,-0.051687281579,-0.310843974352,-0.101489491761,0.000979580684,0.071233622730,-0.118751510978,-0.431073099375,0.138614773750,1.021044015884,-0.290252208710,0.185021385550,0.048629179597,-0.503282189369,0.234934717417,0.463790267706,-0.528199732304,-0.181123629212,-0.102337367833,-0.579516589642,-0.158383369446,-0.912853896618,-0.043908260763,0.120126225054,0.300640702248,0.427105367184,0.244071975350,0.706372261047,0.215392500162,1.154180526733,1.148595333099,0.412835627794,0.121793143451,0.913491845131,-0.239190533757,0.809631645679,0.121146954596,-0.448985397816,0.253575563431,-0.130473554134,0.205139815807,0.260815382004,0.132185757160,0.499898910522,0.058054555207,-0.655792176723,-0.856112241745,0.181296497583,-0.862775862217,-0.269619286060,0.334699630737,-0.701354980469,0.138067349792,-0.389395654202,-0.170755714178,0.397442191839,-0.509172022343,-0.010565476492,-0.517539620399,-1.118742823601,-0.504138290882,-1.279686212540,-1.014075875282,-0.439658820629,-0.570391654968,-0.080873019993,-0.587600231171,0.214947968721,0.442856878042,0.781285464764,0.089907385409,0.596622228622,0.584212839603,0.374364435673,0.675708949566,0.082346513867,-0.053457111120,0.237181991339,0.281164318323,0.248060271144,0.225496992469,-0.381497234106,0.262243628502,0.235284566879,-0.321314781904,-0.066343948245,-0.325764060020,0.122319988906,0.340445399284,0.181675150990,0.015101182275,0.184050023556,0.592518687248,1.066310524940,0.567728698254,0.654968976974,0.262930959463,0.353789150715,0.911285758018,-0.633661091328,-0.431036025286,0.229110732675,-0.454031497240,-0.417832285166,-0.392416685820,-1.156324982643,-0.408929646015,-0.231094598770,-0.769769251347,0.087828874588,-0.700202584267,-0.780120730400,0.586595952511,0.199669793248,0.307785868645,0.951506137848,0.021435528994,0.347034960985,1.356262207031,0.294018238783,-0.143739044666,0.198233366013,-0.835446417332,0.071966253221,-0.040862504393,-0.783479273319,0.069204486907,-0.198266282678,-0.073011681437,0.374356210232,0.115783952177,0.444881886244,0.199789166451,0.089932084084,0.065936475992,-0.249249756336,0.005457662977,0.325171381235,-0.063269384205,0.000139940079,0.116384871304,0.655290067196,0.321434140205,-0.240968599916,-0.568708300591,-0.188314095140,-0.441272258759,-1.003782033920,-0.866109788418,-0.706956744194,-0.662813842297,-0.327015280724,-0.366404294968,-0.637097835541,0.346368163824,0.018546177074,0.510015726089,1.238646745682,-0.380711138248,0.080823630095,0.215194925666,0.271150380373,0.056601651013,-0.342742085457,-0.089800380170,0.001234765514,-0.448071688414,0.085984952748,-0.589769244194,0.092043533921,0.471058934927,-0.411304473877,-0.015788534656,-0.216116875410,-0.170027211308,0.036528479308,0.189289540052,0.265561014414,0.082556419075,0.398779869080,0.832915127277,0.807244420052,0.055255755782,0.973024010658,0.724848449230,0.500800311565,0.184959635139,-0.251830428839,0.187774911523,-0.297158658504,-0.535480737686,0.179637804627,-0.419984877110,-0.221023023129,-0.198323905468,-0.580228626728,-0.071583472192,0.013874648139,-0.042220748961,-0.271874785423,-0.549487054348,0.811870634556,0.392490804195,0.555697977543,0.394775122404,-0.073205128312,0.397162318230,0.219994053245,-0.262004882097,-0.117566138506,-0.459781408310,-0.349911957979,-0.112705275416,-0.302381724119,-0.475705742836,0.122645139694,-0.395186692476,0.479677557945,0.326467871666,-0.404891937971,0.112042613328,0.084910705686,-0.264309793711,0.203238278627,-0.380505293608,-0.132844299078,0.669794440269,0.141623482108,-0.057733520865,0.407382041216,-0.111824475229,0.343865722418,-0.380637049675,0.131239101291,-0.246771991253,-0.527516484261,-1.023505330086,-0.476689428091,-0.482801556587,-0.308810740709,-0.436864137650,-0.096801497042,0.095455609262,0.139973014593,0.674239575863,1.021509051323,-0.430677980185,1.170936346054,0.072678297758,-0.375018835068,0.072027988732,-0.331830888987,-0.216470837593,-0.065631896257,-1.107156515121,0.139713704586,-0.130070194602,-0.710768043995,0.097377724946,-0.153349637985,-0.134050250053,0.013088514097,-0.005128392484,-0.067179478705,0.223035678267,0.912504076958,0.242384463549,0.037524521351,0.782709598541,0.513028621674,0.536715507507,1.015553474426,-0.316429227591,-0.183926552534,0.173702687025,-0.040409758687,-0.212112128735,-0.117792509496,-1.477018237114,0.192989721894,-0.407254457474,-0.566926062107,0.075501792133,-0.103600941598,-0.310938626528,0.585554599762,0.218010187149,-0.314959853888,0.622297108173,0.780594050884,-0.118418127298,0.437642067671,0.268680840731,0.165248662233,-0.327760279179,-0.394063025713,-0.314568847418,-0.331386357546,-0.778581380844,0.143348038197,0.067121848464,-0.625079452991,-0.271940618753,-0.284337669611,-0.378262162209,0.068047925830,-0.179687201977,-0.219146177173,-0.356567323208,0.247418180108,-0.039944663644,-0.033581502736,0.650663793087,0.073888368905,0.532570838928,0.048941988498,-0.509307801723,0.082885690033,0.491860568523,-0.821592390537,-0.611781001091,-0.331970810890,-0.482599884272,-0.125406891108,-0.278554856777,0.010664258152,0.502586603165,-0.038804560900,1.058794975281,-0.031881641597,-0.069270342588,1.311115145683,0.311251461506,0.390058279037,0.479315400124,-0.149925217032,0.075798138976,0.280213564634,-0.500339269638,-0.225624576211,-0.285395443439,-0.000728511601,-0.478088825941,-0.245973512530,-0.869093835354,-0.155671000481,-0.066064067185,0.310790479183,0.200958073139,-0.225064828992,-0.263610064983,0.694279849529,-0.093677535653,0.139318600297,0.694711983204,-0.607825696468,0.383629292250,1.073179960251,-0.986676394939,0.556315362453,-0.015525117517,-0.113479062915,0.667007982731,-0.310967445374,-0.330291539431,0.196418255568,-0.278386086226,-0.509982824326,-0.581599235535,-0.495095700026,-0.189141377807,0.158107593656,-0.182296663523,0.747185409069,0.350068360567,0.905560493469,0.670905709267,0.812483966351,0.239054694772,0.132119908929,0.132576763630,0.188573390245,-0.734636068344,-0.083964049816,-0.586357176304,-1.352689623833,0.396125108004,0.224896058440,-0.477985948324,0.156551793218,-0.476528942585,0.141146048903,0.056790981442,-0.959120571613,-0.458184450865,-0.617991924286,-0.347808748484,-0.249188020825,-0.330863624811,0.403632462025,-0.044122282416,0.275258034468,0.294730275869,0.386777907610,-0.380546480417,-0.333810597658,-0.417050272226,-0.680042982101,-0.388798862696,-0.370668381453,-0.948666214943,-0.117570251226,-0.113018080592,-0.218314751983,0.249072760344,0.594675421715,0.068825826049,0.594514906406,0.324352324009,0.367058753967,1.427257180214,0.193467170000,-0.217343419790,0.762858688831,0.233609393239,0.327632665634,0.330328553915,-0.498861730099,-0.007770790718,0.380587637424,-0.352566689253,0.019583381712,-0.794069409370,-0.169352188706,0.019566915929,-0.461835205555,0.356040507555,0.761541604996,-0.226217269897,-0.054790657014,0.742624998093,0.436946481466,0.516876935959,-0.152283623815,0.031614109874,0.604047298431,-0.635389745235,-0.244779899716,0.219220265746,-0.660747706890,0.035231973976,-0.677388191223,-1.159473538399,0.039928201586,-0.672646760941,-0.095793105662,-0.210844442248,-1.090800046921,0.251641094685,0.095459721982,0.796892881393,0.367112219334,0.250575095415,0.751815736294,0.558356821537,0.975929856300,0.806100189686,-0.129588633776,-0.241890549660,0.307501882315,0.423503994942,-0.397302269936,-0.286584943533,-0.531233131886,-0.038586419076,0.527561783791,0.018241602927,0.067763924599,0.366618335247,-0.568930506706,0.184778541327,-0.951349794865,-0.067693963647,0.287284642458,-0.855626642704,0.496470391750,-0.037899069488,-0.707615256310,0.838640332222,0.064726404846,-0.054654836655,0.232304662466,-0.531352519989,-0.408003538847,-0.315128624439,-0.099378041923,-1.480858445168,-0.477940678596,-0.579981684685,-0.239116460085,0.375488042831,-0.394873887300,0.664912998676,0.994706511497,0.189614713192,0.728202879429,0.128847777843,0.526709794998,0.796843528748,0.041961446404,0.206193476915,0.072377838194,-0.541798591614,0.504072427750,-0.394680440426,-0.674922823906,-0.017891751602,-0.125600337982,-0.528010427952,-0.096463993192,-0.753194630146,-0.299253642559,0.462662518024,-0.227526113391,0.178267210722,0.438543438911,-0.402574717999,0.028490154073,0.364259958267,0.046344865113,0.502170920372,0.139882460237,0.200645267963,-0.983527719975,-0.369470655918,-0.052419908345,-0.287264078856,-0.460798025131,-0.753437459469,-0.502224385738,-0.657685518265,-0.576627254486,-0.265120595694,-1.001460671425,0.358440071344,-0.296104997396,0.169693812728,0.629524588585,0.364066511393,0.626277208328,0.950896978378,0.924719989300,0.824156522751,0.394762784243,0.011059382930,0.655207753181,0.139898926020,-0.123171977699,-0.090290158987,-0.594798862934,0.323677301407,0.338609755039,-0.215178474784,0.665468633175,0.388309061527,0.024864060804,0.938409447670,-0.604804575443,-0.025164518505,0.241421341896,-0.592386960983,-0.235177546740,0.224319845438,-0.239639163017,0.561423182487,0.217956677079,0.022896666080,0.390766203403,-0.161494970322,0.009676445276,-0.249109819531,-0.578084230423,-0.744110882282,-1.833519697189,-0.576322674751,-0.095155149698,-0.936911225319,-0.280695110559,-0.236581072211,-0.463024705648,0.280028343201,0.468844592571,0.016171311960,0.652606487274,-0.123295448720,-0.554405570030,0.532649040222,0.211465939879,-0.312934845686,-0.209210440516,-0.243862062693,0.501483559608,0.183646664023,0.041113574058,-0.176468566060,-0.254785627127,0.458756506443,-0.042570598423,0.287527501583,0.007009351626,-0.101510070264,1.406620144844,-0.172636672854,0.166392877698,0.767237961292,0.946402490139,0.785026788712,1.071377158165,0.668851912022,-0.298928499222,0.337794780731,0.026432212442,-0.046550657600,0.266198962927,-0.837689578533,0.005844556727,-0.508365273476,-0.107939086854,-0.416144788265,-0.666402935982,-0.377648919821,-0.657232701778,-0.830968379974,-0.378426820040,-0.740871608257,-0.340132623911,0.904194116592,-0.232341706753,0.131025075912,-0.256646007299,0.121085219085,0.666822731495,-0.729948043823,0.161486744881,0.226369559765,-0.743176579475,-0.653886556625,-0.302031874657,0.169125825167,0.186017423868,0.088882535696,0.381773024797,0.023686917499,0.280509889126,0.223747730255,-0.355044454336,0.232432261109,0.044908419251,0.784022510052,-0.044323965907,0.355135023594,0.476882874966,0.307592421770,0.076094478369,1.104769349098,0.643016517162,0.007383897435,-0.460855603218,0.160651221871,0.147859051824,-0.507505059242,-0.356933653355,-0.656886994839,-0.401944994926,0.257374525070,-0.320767372847,0.073024027050,0.777671754360,0.462197422981,0.305143475533,0.898913443089,0.270672947168,0.269536942244,0.369894564152,-0.162655651569,-0.631763637066,0.552969098091,0.051559690386,-0.323084622622,-0.905140697956,-0.520914614201,0.317248284817,0.199040085077,-0.097229547799,-0.717933773994,-0.835713982582,-0.603606879711,-0.056531678885,0.552857995033,-0.435925692320,0.221619829535,0.355176150799,0.470844894648,0.889253437519,0.210984364152,0.597869336605,0.335481673479,-0.151752665639,0.259671181440,-0.079226665199,-0.248101428151,-0.471651613712,-0.606257498264,0.119796946645,-0.601919353008,-0.353221148252,-0.039174992591,-0.294557422400,0.200130790472,-0.109515465796,-0.194463208318,0.638789474964,0.218355923891,0.566057682037,1.049744129181,-0.368087708950,-0.039339628071,0.665505647659,-0.100106552243,0.217841446400,-0.710636317730,-0.911203384399,-0.138561263680,-0.768324613571,-0.336679399014,0.284815102816,-0.847259044647,-0.204283714294,0.286696076393,0.442544072866,-0.038516450673,-0.199641004205,0.098900601268,-0.379266440868,-0.154296293855,0.107762090862,0.106461472809,0.378982454538,0.073258630931,-0.211256027222,0.012462899089,0.392684251070,0.338399827480,0.412584513426,-0.173480436206,-0.430027633905,0.314511239529,-0.208543643355,-0.278394341469,0.136593863368,-0.417770534754,0.088874302804,0.326146841049,0.522824406624,0.963491559029,-0.166281744838,-0.048324607313,0.778651356697,0.527471244335,0.670827507973,0.146784797311,-0.590777695179,-0.299278348684,0.120879426599,-0.522466301918,-0.080193899572,0.315338522196,-0.777980446815,-0.277604103088,-0.340544193983,-0.851848244667,0.058762487024,-0.303328365088,-0.168640151620,0.123110234737,-1.235889196396,-0.167726427317,0.092842020094,0.523795783520,0.470174014568,-0.088911347091,0.405887991190,0.028889395297,0.340095549822,0.756223857403,-0.605417847633,-0.096661552787,-0.051032856107,0.154790192842,0.200558841228,-0.405464053154,-0.109931163490,-0.326702475548,-0.425533115864,0.120439022779,0.003288591979,0.075884573162,-0.147336333990,0.414263814688,0.883696973324,1.065030574799,1.008828043938,0.668526709080,0.344162076712,0.815850734711,0.412407517433,-0.194393247366,-0.241371959448,0.174398258328,-0.083889961243,-0.018373310566,-1.084095239639,-0.353192329407,0.477870702744,-0.180485680699,0.014660782181,-0.012623419054,-0.231082245708,-0.199291154742,0.027210116386,-0.548396348953,-0.387806922197,-0.144730985165,-0.202390402555,-0.514197468758,-0.175530135632,0.519539892673,-0.625672161579,0.362444818020,-0.320915549994,-0.404402136803,-0.143006414175,-0.888998210430,-0.031264260411,-0.564987540245,-0.894706904888,-0.929642617702,0.333448410034,-0.063112981617,0.121966011822,0.708710134029,0.722197890282,0.008700980805,0.869184315205,1.032819509506,1.116763114929,0.119323618710,0.833561360836,-0.405060708523,-0.071365326643,0.169899612665,0.601775288582,0.392453730106,-0.256987631321,-0.329966366291,0.068936958909,0.451994150877,-0.113586075604,-0.519523441792,-0.601503670216,-0.153271436691,0.068965770304,0.019571032375,-0.099081695080,0.234317317605,0.145895764232,1.273158431053,0.340227276087,0.431867480278,0.363173365593,0.597079098225,-0.825699985027,0.195228755474,-0.758574008942,-0.051699627191,-0.153781816363,-1.208374381065,-0.460995584726,-0.667217850685,-0.799378931522,1.067240715027,-0.697053968906,-0.531755864620,0.414543688297,-0.592502236366,0.485411018133,1.226965904236,-0.440675437450,0.523388266563,0.737834155560,0.250628590584,0.513683021069,0.533554553986,0.653355538845,-0.508727490902,-0.152135461569,-0.597992777824,0.056963849813,-0.096793264151,0.041714493185,-0.120447248220,-0.227645486593,0.114861994982,0.749276280403,0.103296361864,0.023184780031,0.224657356739,-0.388049751520,-0.304880052805,0.441799074411,0.103292249143,0.019101822749,-0.667102634907,-0.884972870350,1.006288528442,-0.644494056702,0.083330206573,-0.175768867135,-1.189634799957,-0.074567481875,-0.139153957367,-0.288354784250,-0.336938679218,-0.936413168907,0.105757661164,-0.308930099010,-0.084165729582,0.396557301283,0.448598504066,0.681479394436,0.187844872475,0.221414029598,0.310720503330,0.381369650364,0.999336898327,-0.416017204523,0.389827817678,-0.693106770515,-0.583616018295,1.230081558228,0.521231532097,-0.569889545441,0.127530694008,-0.481307476759,0.693452477455,0.820596337318,-0.316791445017,-0.134288981557,0.492037564516,-0.065199732780,0.382048785686,-0.616016268730,0.424627602100,0.319462627172,0.180065840483,0.668078124523,-0.038561724126,0.569831907749,-0.076892964542,-0.261564493179,-0.184284642339,-0.147830232978,-0.433270990849,-0.720411598682,-0.131033316255,-1.024332642555,-0.236469939351,-0.244417712092,-1.047789096832,-0.049514096230,-0.535851180553,-0.095731370151,-0.099769055843,-0.110182240605,0.551800251007,0.080189786851,0.386580348015,0.370569586754,0.222113743424,0.350352346897,0.404509156942,0.506015121937,0.307645916939,-0.824905633926,-0.073015801609,-0.128588482738,-0.232514560223,0.358510047197,0.090405412018,-0.278435498476,0.087507829070,0.321500003338,0.492037564516,0.552475214005,-0.027905698866,-0.058914773166,-0.140067681670,-0.371425658464,1.052793979645,-0.201320290565,-0.091372646391,0.832281351089,-0.158749684691,0.175036236644,0.054848283529,-0.514530897141,0.224336296320,-1.092960953712,-0.613266825676,-0.790929019451,-1.169446349144,0.037261106074,-0.286049872637,-0.486637532711,0.091998256743,-0.066043488681,0.046674132347,1.375014185905,0.442317664623,0.448759049177,-0.170628130436,-0.293141543865,0.248150810599,-0.158478036523,-0.514592587948,-0.178119033575,-0.475018382072,0.049896873534,-0.614213526249,-0.384641796350,0.207271844149,-0.140409290791,-0.654137611389,0.388877004385,-0.468597620726,0.288177788258,0.587554931641,-0.281234294176,0.589477062225,0.409460574389,0.384296089411,0.685146689415,0.743608653545,0.491518974304,0.045262385160,0.209827810526,-0.339190065861,-0.120838262141,0.503059923649,-0.767361462116,0.062174558640,-0.294063508511,-0.905169546604,-0.295318841934,-0.440910041332,-0.211288943887,0.597828149796,-0.531694114208,-0.254057109356,0.532867193222,0.663246035576,0.376615792513,0.996480405331,-0.036512013525,1.048340559006,1.321223735809,0.451582521200,0.260119795799,-0.196010783315,-0.402105480433,-0.158268123865,-0.604318916798,-0.080597259104,-0.394803911448,-0.571046113968,0.540432155132,-0.445067107677,0.656751155853,-0.226246088743,-0.513020396233,0.647366940975,-0.070599772036,-0.188882067800,-0.049407079816,-0.532134532928,0.134293094277,0.119689933956,-0.364650905132,0.326908290386,0.353850841522,-0.055827863514,-0.183267995715,-0.375887304544,-0.702614486217,-0.405003070831,-0.230843529105,-0.922575592995,-0.747131884098,-0.805038273335,-0.233613505960,-0.196850433946,0.415395677090,0.901218235493,0.082860998809,0.233613505960,0.414243251085,0.587962388992,0.548165917397,-0.140018299222,0.099452123046,-0.172155112028,-0.501825153828,-0.551960766315,0.567205965519,-0.339153021574,0.017138544470,0.064751103520,-0.063964970410,0.251743972301,0.136281073093,-0.058984745294,0.175414904952,-0.426858395338,0.654059350491,0.052625704557,-0.004280520603,0.610875487328,0.584360957146,0.679326832294,0.708903551102,0.114919625223,0.299344182014,0.728013634682,0.034408796579,0.112684696913,0.118167057633,-0.429904192686,0.043862987310,0.028901742771,-0.273940950632,-0.570959687233,-0.468186020851,0.063783869147,-0.547824263573,-0.442247718573,-0.117920100689,-0.240194797516,0.031597647816,0.802004873753,-0.077123448253,0.768542706966,-0.013948733918,0.353661507368,0.039022702724,-0.125719711185,0.117524974048,-0.194541424513,-0.077979557216,-1.040388703346,-0.154802545905,-0.785166800022,-0.168265610933,-0.233037292957,0.376574665308,0.077889010310,-0.695522785187,0.446709364653,-0.208691820502,-0.733709990978,0.978543341160,-0.506360888481,0.241779431701,0.207848057151,-0.473483175039,0.721757471561,0.424109011889,-0.154555588961,0.690472602844,-0.259704113007,-0.114676788449,0.128045171499,-0.988215744495,-0.715106189251,-0.244129598141,-0.824852108955,0.277562946081,-0.152053132653,0.146245613694,0.376850426197,0.003490270348,0.826506674290,0.962409198284,0.700684070587,0.416679829359,0.357489317656,-0.289700657129,0.187758430839,0.122151233256,-0.424006134272,-0.338663250208,-0.526730358601,-0.013878764585,-0.111449927092,-0.200731709599,-0.056268263608,-0.027008436620,-0.760644316673,-0.242734313011,-0.363840103149,0.653841257095,-0.138203188777,0.609945356846,0.132119908929,-0.110840782523,0.489559799433,0.255435943604,0.641921639442,0.176707297564,-0.576997637749,0.200315997005,0.330098092556,-0.675560772419,-0.107227034867,-0.310354202986,-0.654936075211,-0.278966456652,-0.017175588757,0.162754446268,-0.300574839115,-0.491979956627,0.184576869011,0.360460937023,-0.403776556253,0.798341751099,0.493362873793,0.093940958381,0.808837234974,0.738192200661,0.651141226292,-0.042582944036,0.021394370124,0.182691782713,-0.471663951874,0.032095670700,-0.441663265228,-0.993632256985,0.115158341825,0.004840280395,-0.167845785618,-0.376969784498,-0.202740252018,0.338272243738,-0.001419980312,-0.263519525528,-0.456324040890,-0.310131907463,0.081441015005,0.532290935516,0.176048755646,0.086129009724,0.164157956839,0.092940799892,0.509188473225,0.515675067902,-0.514074027538,-0.160317838192,0.132716715336,-0.297471463680,-0.355102092028,-1.424166202545,-0.434155911207,-0.295483469963,-0.214882135391,0.273117780685,-0.012458783574,-0.396170407534,1.437777280807,0.441342234612,0.288675814867,0.380711138248,0.737673521042,0.329834669828,0.433431476355,-0.313338220119,-0.261354565620,-0.277542352676,-0.188100054860,-0.667929887772,0.260778337717,0.034618709236,-0.475409388542,0.244327157736,-0.144270002842,-0.484382003546,0.274393677711,0.153164431453,-0.247558131814,-0.058647245169,0.276636838913,-0.081757932901,0.716089844704,0.264243930578,-0.246767878532,0.423335224390,0.138491287827,0.248615905643,0.053078450263,-0.536974787712,-0.028123840690,0.306143641472,-0.089302353561,-0.556652843952,-0.642464935780,-0.472688794136,-0.506620168686,-0.286136329174,-0.352369129658,-0.109005093575,-0.867398023605,-0.050152055919,0.828630506992,0.249085128307,0.954049766064,1.155225992203,0.692917466164,0.249414384365,-0.087400823832,0.547832548618,0.279143422842,-0.427311182022,-0.629763364792,-0.083075024188,-0.034079525620,-0.711076736450,-0.143298640847,-0.250673860312,0.349298655987,-0.354999214411,0.419515699148,-0.372545212507,-0.052296433598,-0.583685994148,-0.077909588814,-0.329316049814,0.245705977082,0.375261694193,-0.514884829521,-0.205588445067,0.306666344404,-0.235017016530,0.166952639818,0.207391202450,-0.456352829933,-0.137655779719,0.241561293602,-1.192503571510,-0.655434072018,-0.545807480812,-0.456060618162,-0.260675460100,-0.072147347033,0.105975806713,0.002313127276,0.347203701735,0.972097933292,0.980000436306,0.684578657150,0.492045789957,0.061281409115,0.629224121571,0.777787029743,-0.082469984889,0.032042164356,-0.209284514189,0.203044831753,-0.252937585115,-0.119142517447,0.432789415121,0.027444720268,0.277822226286,0.056490521878,-0.222603514791,0.386884927750,0.325352489948,-0.414305001497,0.758215963840,-0.193998128176,0.541794478893,0.703281283379,0.232777997851,0.765743911266,0.478891432285,-0.358312487602,0.417194306850,-0.166322916746,-0.584826111794,-0.365729302168,-0.632014691830,-0.348179191351,-0.717452287674,-0.496408641338,-0.889269888401,-0.324656903744,-0.244125470519,-0.544506847858,-0.096085332334,-0.433731943369,-0.127448379993,0.274381339550,0.123562976718,-0.162338733673,0.400994211435,0.764146924019,-0.235420390964,-0.262379437685,-0.124307952821,-0.506945312023,0.352937132120,-0.333897054195,-0.899349689484,0.175600126386,-0.491486072540,-0.317803919315,0.099369809031,-0.084186308086,-0.352616101503,0.419038236141,0.298883229494,0.312037587166,-0.143257498741,-0.505298972130,0.382600337267,0.550857663155,0.531504809856,0.050785902888,0.017583061010,0.005342418794,0.529660880566,-0.392515480518,0.061573639512,-0.921785354614,-0.422071635723,-0.555125892162,-0.767213284969,-0.506760120392,0.338317513466,-0.666748702526,0.319083988667,0.009598243050,0.214087754488,0.927930355072,0.322109162807,0.818698942661,0.883429408073,-0.010302060284,1.215103864670,0.477479696274,-0.480064451694,0.567016661167,-0.711632370949,0.034458190203,0.540950775146,-1.090771317482,0.095085173845,0.281596511602,-0.200966298580,0.369305998087,-0.164849430323,-0.550009846687,0.750136494637,0.311374932528,0.513115048409,0.091413810849,-0.078794501722,0.517737150192,0.238466143608,0.134313672781,0.530516982079,0.200505331159,-0.591329157352,0.282493770123,0.264157503843,-0.801272213459,0.029572634026,-0.810623526573,-0.467770338058,-0.209580853581,-0.830050528049,0.092829667032,-0.229053109884,-0.630121409893,-0.431612253189,0.128341525793,-0.139153957367,0.189540609717,-0.041998490691,0.218096628785,0.686476051807,0.435304224491,0.230012103915,0.484217405319,-0.077555619180,0.116191431880,-0.106136322021,-0.561102151871,-0.039195571095,-0.201513722539,-0.498944014311,0.058198612183,-0.352550238371,0.021653670818,0.958663702011,-0.709381043911,-0.329995185137,0.378422707319,-0.580232739449,-0.445865571499,-0.076843574643,-0.347923964262,0.483711153269,0.418840676546,-0.000518601504,0.588052928448,0.807668268681,0.169981926680,0.881441414356,-0.069805406034,0.389938920736,-0.059293437749,-0.396680772305,-0.291997343302,-0.514753162861,-0.447693020105,-0.465658873320,0.122208856046,0.031375389546,-0.084968328476,0.207395315170,0.488843649626,1.021916627884,0.073851324618,-0.112326622009,0.180827274919,0.272883176804,-0.320355772972,0.079716458917,-0.582348346710,-0.847361981869,0.316190510988,0.001736903447,-0.508278846741,-0.389202207327,-0.154399201274,-0.037364002317,-0.335815072060,-0.475092470646,-0.063792102039,-0.111202970147,-0.472664117813,0.713431060314,-0.185317724943,0.583035707474,0.184720918536,0.359106838703,1.307682514191,0.283679157495,0.383172422647,0.464658737183,-0.442144840956,0.465341925621,-0.470877826214,0.189865782857,-0.442153066397,0.151773259044,0.084363289177,-0.489115297794,-0.648659348488,-0.248998686671,-0.438057750463,-0.261239349842,0.442980349064,0.070496879518,-0.338951349258,0.643012344837,0.434690952301,0.498087942600,0.538534760475,0.128263324499,0.119652897120,0.122764497995,-0.065891198814,-0.257218122482,-0.607854485512,-0.154539123178,0.210152968764,-0.870834827423,0.123316019773,-0.055000569671,0.091150388122,0.305686771870,-0.161610215902,-0.093582876027,0.103596821427,-0.226414829493,-0.047270938754,-0.584554433823,0.499141573906,0.058618433774,-0.194306820631,-0.053848125041,0.145731136203,-0.232119441032,0.020863419399,-0.468556463718,-0.362905800343,-0.166829153895,-0.371664404869,-0.704310238361,-0.114549197257,-0.659257709980,0.004280520603,-0.131218537688,0.593041360378,0.529348075390,0.086285412312,0.196743413806,1.045706391335,0.852646708488,0.598898291588,-0.435571759939,0.367141038179,0.089026592672,-0.183477923274,-0.271273851395,0.022369835526,-0.437238693237,-0.049230098724,-0.190404966474,-0.257008194923,-0.609278559685,0.943101525307,-0.447326719761,0.089178882539,0.201114475727,-0.442041933537,0.577359855175,0.352393865585,0.278225570917,0.267693042755,0.439329564571,0.357843250036,0.460839152336,0.049435894936,0.167919874191,-0.287910282612,-0.131411969662,-0.041648641229,-0.207304790616,-0.408431619406,-0.733747065067,-0.275957733393,0.161342680454,-0.217232301831,-0.284337669611,-1.021854877472,0.202480956912,0.391762256622,0.138738244772,0.476961106062,0.085178241134,0.781334877014,0.196039602160,0.613180398941,0.722704112530,0.187523841858,0.241577744484,-0.114306353033,-0.498013824224,0.066541507840,-0.586402475834,-0.674856960773,0.398504078388,-0.528528988361,-0.023744540289,0.003350330284,0.222401827574,-0.301776677370,0.806367695332,-0.867109954357,-0.153715953231,-0.580920100212,-0.382176369429,0.249035745859,-0.156304851174,-0.077423915267,-0.155843868852,0.569247484207,0.476771771908,0.287008881569,0.339593440294,-0.288153082132,0.113952390850,-0.450088471174,-0.245018631220,0.345499724150,-0.836722373962,-0.637542366982,-0.128123372793,-0.829873502254,0.859573721886,1.076217532158,-0.046011477709,0.375747382641,0.434127062559,0.864899694920,0.220990091562,0.506768345833,0.286477953196,-0.539250910282,0.345614969730,-0.025094550103,0.420610517263,-0.467095315456,-0.274768233299,-0.286893635988,0.108437106013,-0.257123440504,0.460987359285,-0.299636423588,-0.454640656710,-0.002732947702,-1.026049017906,0.248422458768,0.205238595605,-0.312115788460,0.835804522038,-0.111005418003,-0.127020329237,0.307650059462,0.921727776527,0.459921330214,0.449022471905,-0.537435829639,-0.579849958420,-0.186589524150,-0.166051253676,-0.189709380269,-0.504224717617,-0.858059108257,-0.027345940471,-0.485197007656,-0.154189273715,0.004379301332,-0.694971323013,-0.059042371809,0.907573223114,0.150517910719,0.777239561081,0.118944957852,0.502677142620,0.406982809305,0.432723551989,0.961038529873,-0.375051796436,0.030897948891,-0.409448236227,-0.054144468158,-0.065957054496,-0.258860349655,-0.027502343059,-0.094714745879,-0.213626772165,0.342244058847,0.309078246355,-0.421322554350,0.170455262065,0.105753548443,-0.257148146629,-0.005992728285,-0.058531999588,-0.903461456299,0.792970478535,0.337350279093,-0.420598179102,0.765612244606,-0.751910388470,-0.481883674860,0.132333934307,-0.081202298403,-0.282876551151,-1.034231305122,-0.588579773903,-0.613336801529,-0.507673799992,-0.194763675332,-0.278855323792,-0.025160405785,0.109350830317,0.296932309866,0.160568907857,0.702894330025,0.802548170090,0.352562576532,-0.351212590933,0.361646324396,-0.517337918282,0.569980084896,-0.421907037497,0.073332719505,0.082799255848,0.024654151872,0.079239018261,-0.370120942593,-0.134251937270,0.036400888115,-0.135770693421,-0.060355335474,-0.379673898220,0.533990800381,0.280172407627,0.050575993955,-0.124773055315,0.468288928270,0.830844879150,1.239124178886,-0.434695065022,0.788080871105,0.040850158781,-0.540312767029,0.090907543898,-0.448911339045,-0.582710564137,-0.391947478056,-0.526240587234,-1.030308961868,-0.186581298709,-0.346705675125,0.096241734922,-0.051625542343,-0.066311024129,-0.266264826059,0.182066157460,0.512896835804,0.841562628746,0.797901332378,-0.090034976602,0.719415545464,0.599165856838,0.347537100315,0.311090946198,-0.102041020989,-0.056297071278,-0.128357991576,-0.383950322866,-0.002621818567,-0.009985136800,-0.412148267031,0.368877947330,0.054325565696,0.137087777257,0.293647825718,0.384551227093,0.340692371130,-0.677770972252,-0.300274401903,-0.266948074102,-0.373261362314,0.164828836918,-0.574692785740,-0.360526829958,0.119076661766,-0.019797405228,0.874308586121,-0.475713968277,0.148805707693,0.181407630444,-1.138198614120,0.056054238230,-0.168232679367,-0.433666110039,-0.860232353210,-0.574758648872,-0.150583758950,-0.295450568199,0.167376577854,0.150081619620,0.523820459843,0.431274771690,0.363000482321,0.006169711240,-0.025263300166,-0.039726521820,0.128777816892,0.045739829540,-0.287416368723,-0.541012465954,-0.013911690563,0.233053743839,-0.323833703995,0.015512770042,0.152695208788,-0.595428586006,0.379793256521,0.320380479097,-0.270397156477,0.340770572424,-0.203608706594,-0.016640523449,0.801457464695,0.185210704803,0.449582219124,0.220578506589,0.660369038582,1.365811109543,-0.354912757874,0.618284106255,0.258411735296,-0.058227423579,0.600454092026,-0.762204229832,-0.127147912979,0.001918002381,-0.508126616478,-0.567950963974,-0.703742206097,-0.578915715218,-0.572766542435,0.573239862919,0.158099368215,-0.357155889273,-0.253641396761,0.513773560524,0.779540359974,0.111902683973,0.572149157524,0.225496992469,-0.514057576656,0.171484231949,-0.656096756458,-0.352599650621,0.162478670478,-1.228575110435,-0.115635782480,0.032239727676,-0.008873847313,0.227608442307,-0.615654051304,-0.490646392107,0.640991449356,0.377332001925,-0.094953469932,-0.577750861645,-0.057626504451,0.140257000923,0.155123591423,0.338585048914,0.668534934521,0.104136005044,0.179172694683,-0.077716141939,0.057132598013,-0.314293086529,-0.019142979756,-0.524845302105,-0.721769809723,-0.213956043124,-0.244248971343,-0.507595598698,-0.054115653038,0.234272062778,0.771571993828,0.265412837267,0.783664464951,0.621375143528,0.559295237064,0.659031391144,0.690686643124,-0.150402665138,0.334502071142,0.300587207079,0.325615882874,-0.600750446320,-0.053564127535,-0.379023611546,-0.425870627165,0.053588822484,-0.428035557270,0.076147988439,-0.814294934273,-0.320602744818,0.578890979290,-0.274504840374,0.461724072695,0.079440690577,-0.302937358618,0.287033587694,0.261605650187,0.363457351923,0.541662812233,0.374479681253,-0.103658564389,0.439358383417,-0.317836880684,-0.133671596646,-0.684039473534,0.308506160975,-0.744831144810,-0.552829205990,-0.090656481683,-0.578821003437,-1.037923336029,0.392770677805,-0.252233773470,-0.481410384178,0.374413788319,0.305715590715,-0.332151919603,0.141306564212,0.347170770168,0.613373875618,-0.070805564523,0.486127167940,0.757133483887,0.101810529828,-1.035737752914,0.008684516884,-0.563505828381,0.386600971222,-0.127897009254,-0.345022290945,-0.293713659048,-0.472902804613,0.344927608967,0.653281450272,-0.141380637884,-0.350364685059,0.368886172771,-0.174888059497,0.309440463781,0.239787340164,-0.403356730938,-0.104498207569,0.339128345251,0.641230165958,0.181226521730,0.351727068424,-0.068636491895,0.085783272982,0.161770731211,-0.351899951696,-0.601976990700,-0.522499263287,-0.336922228336,-0.345993638039,-0.334316849709,-0.339564621449,0.077613241971,0.207313016057,0.874004065990,-0.313688069582,0.862615406513,0.333600699902,0.247364684939,1.454467177391,-0.464839786291,-0.056350581348,0.440329730511,-0.715608298779,0.004906134680,0.201044514775,-0.421750605106,0.250735610723,-0.033408638090,-0.056420549750,0.158844351768,-0.384197294712,-0.337078630924,0.363033384085,0.295228302479,-0.514386832714,-0.181494072080,-0.449401140213,0.014146296307,0.241232007742,0.366910547018,0.077584430575,0.644374728203,0.449849754572,0.094154991210,0.454027384520,-0.394038349390,-0.126094251871,0.653738319874,-0.037512175739,-0.931140720844,-0.364807337523,-0.162705048919,-0.712982356548,-0.601454257965,-0.291202992201,0.029074611142,0.044200491160,0.643831431866,0.407324403524,-0.285214364529,1.207954645157,0.925255060196,0.320652127266,0.426796704531,0.311016827822,0.319816619158,0.000765554549,-0.190907090902,0.066866666079,-0.792097926140,-0.132189869881,0.180292233825,-0.134190201759,-0.627071559429,0.189227804542,0.253999471664,-0.125135242939,-0.127818807960,0.133313521743,-0.436078011990,-0.007071090396,-0.134391874075,0.422977119684,0.065269701183,-0.494943380356,0.276361107826,-0.179872393608,-0.138882309198,0.711122035980,-0.061351381242,0.054020989686,-0.769645810127,-0.317540526390,-0.559196472168,-0.168570175767,-0.505212485790,-0.639662027359,-0.086927488446,-0.357851475477,-0.309016525745,0.237733513117,0.015228774399,0.402414172888,1.472457885742,0.053946904838,1.075044393539,0.664937674999,-0.430966079235,1.053831219673,-0.179460808635,-0.352006942034,0.506751894951,-0.699778616428,0.182745292783,-0.404566794634,0.119027271867,0.286338001490,-0.280839174986,0.533295214176,-0.238865390420,0.682216167450,0.216890677810,0.400072246790,0.382974833250,0.569601416588,0.219249069691,0.035981066525,0.886294066906,0.712435007095,-0.248159050941,0.103617399931,-0.171632394195,-0.126546993852,-0.328785121441,-0.645535409451,-0.702692747116,-0.394725710154,-0.467980235815,-0.482410550117,-0.203859776258,-1.077168226242,-0.508706867695,0.373911678791,-0.116574205458,0.478969633579,0.194487899542,0.198937192559,0.082885690033,0.230991691351,0.226966351271,0.284210085869,-0.018163399771,0.371845513582,-0.470223367214,-0.158552110195,0.175217345357,-0.615542948246,-0.356431514025,-0.018323918805,0.168282076716,0.063631579280,-0.147690296173,-0.199933230877,-0.087795935571,-0.298097074032,-0.252587735653,0.106819562614,-0.221360534430,-0.078349985182,0.814105570316,-0.048271097243,0.559060633183,-0.003395604901,0.492144584656,0.273809254169,-0.136663839221,0.102131575346,-0.755660057068,-0.276007145643,-0.012569911778,-1.064120888710,-0.401879131794,-0.398932129145,-0.653553128242,0.138894647360,0.325126081705,0.419836729765,0.174245983362,0.233230739832,1.301389336586,0.437016427517,0.269397020340,0.584665536880,-0.118319340050,0.531924605370,0.684726834297,-1.069586753845,-0.021797725931,0.563645720482,-0.612702965736,0.257329225540,0.125522136688,-0.896061062813,-0.144932657480,0.140228196979,-0.500372231007,0.834903180599,-0.181481719017,0.302628666162,0.416581034660,0.257905483246,0.529397487640,0.050781790167,0.350204199553,0.572112083435,0.331991404295,0.801712632179,-0.313988506794,-0.052177075297,0.032515492290,-0.101131401956,0.790385723114,-0.338276356459,-0.656298458576,-0.790595650673,-0.651133000851,-0.357946157455,-0.412304639816,-0.453554034233,-0.883190691471,0.591181039810,-0.173554524779,-0.344536602497,0.422413259745,0.314560621977,0.593708157539,1.188474178314,0.287136465311,-0.022719684988,-0.064615279436,-0.149069115520,0.121085219085,-0.802947402000,0.225595757365,-0.675338506699,-0.239997237921,0.308094561100,-0.023592252284,0.002078521764,0.528142094612,-0.164516031742,0.479726970196,-0.103374563158,0.283991932869,-0.430653244257,0.108449451625,-0.466025173664,0.196945101023,0.894081294537,0.177081823349,0.412568062544,0.537917315960,0.453130125999,0.322142064571,-0.013170830905,-0.317104220390,-0.255592346191,-0.489856153727,-0.338457465172,-0.730853557587,-0.469523668289,-0.120060361922,0.485007673502,0.290420949459,0.002572427969,0.326591342688,0.232218220830,0.719242632389,0.578150153160,-0.353266388178,-0.094117939472,0.459575623274,-0.112499490380,0.158194035292,-0.351990461349,-0.127757072449,-0.508019566536,-0.124777168036,-0.466181606054,-0.332131326199,-0.267528414726,-0.662575185299,-0.147249907255,-0.281650006771,-0.368593961000,0.435234218836,-0.415099322796,0.092969611287,0.362535357475,0.738875389099,0.347438305616,0.904235243797,-0.072678297758,0.061281409115,0.744859993458,-0.463786154985,0.133922666311,-0.700437188148,-0.696197807789,0.559352874756,-0.225027769804,-0.607179462910,-0.286984205246,-0.797703742981,-0.237914621830,-0.239334583282,0.048937872052,0.206662699580,-0.436045110226,0.028996407986,1.043179273605,0.599276959896,0.676947832108,0.035610634834,0.132321581244,0.709944903851,-0.090471267700,0.020567076281,-0.407970637083,-0.973061025143,0.088470943272,0.005334186833,-0.739517509937,-0.369454205036,0.001465254929,-0.192911535501,0.353612154722,0.304674267769,-0.277789294720,-0.363230943680,-0.118023000658,0.139442056417,0.012240641750,0.335004210472,0.043072734028,-0.401257634163,0.378463834524,0.312844306231,-0.070546269417,0.143125772476,0.417227268219,-0.252410739660,0.403965890408,-0.779169976711,-0.198072835803,-0.354060769081,-0.336510628462,0.148723393679,0.536275088787,-0.476681202650,0.703997433186,0.136227548122,0.579236745834,1.130559563637,0.219989925623,0.714756369591,0.812241077423,-0.264342725277,0.048806160688,-0.213692635298,-0.152226001024,-0.399701803923,-0.168500214815,0.010664258152,-0.479076653719,-0.774461388588,-0.078440532088,0.124052770436,-0.086174286902,0.051205724478,-0.204040870070,-0.273640483618,0.253052830696,-0.060836896300,-0.003346214304,0.123278982937,-0.498318403959,0.787344098091,-0.130819290876,-0.269059509039,0.555216431618,-0.019826216623,-0.515950858593,0.458229690790,-0.342425167561,-0.592049479485,-0.625791490078,-0.728404641151,-0.096278779209,-0.303406566381,-0.863965392113,-0.306032508612,-0.304834783077,0.300632476807,0.149279028177,-0.418659567833,0.515168845654,0.686776518822,-0.103358104825,0.710751593113,0.186902329326,-0.145982205868,0.610389828682,0.126151874661,0.289647161961,-0.334625571966,-0.550413191319,0.153769463301,-0.403257966042,0.150970652699,-0.134132564068,-0.194529056549,-0.560999214649,-0.197278469801,0.108782835305,-0.327599763870,-0.183325633407,-0.317791581154,-0.924654126167,0.183856576681,0.254081815481,-0.466012835503,0.378229260445,-0.228604480624,0.379385799170,0.793678462505,0.368552803993,0.208185568452,0.073587909341,0.008775066584,-0.328184187412,-0.112993381917,0.257633805275,-0.507122278214,-0.182498335838,0.014422060922,-0.200702890754,0.347203701735,0.814060270786,-0.040994215757,0.920920968056,0.929465591908,0.149616539478,1.373108625412,0.505916297436,0.458254367113,0.578837454319,0.023538747802,0.118590995669,0.055774353445,-0.340165555477,0.079020872712,-0.640546917915,-0.545984447002,-0.066286325455,-0.459645539522,-0.014874807559,0.044706739485,-0.706969022751,0.795859873295,-0.402126044035,-0.695382893085,0.370071560144,-0.287144720554,0.045138910413,0.581463396549,-0.409958600998,0.106626115739,0.641324877739,-0.817645251751,0.066002331674,-0.447194993496,-0.444622606039,-0.007659662049,-0.685496509075,-1.253756165504,-0.629141807556,-0.698836147785,-0.336370706558,-0.325566500425,-0.398220092058,-0.785240888596,1.168689012527,0.109626591206,0.126761019230,0.677902698517,0.060680489987,1.112881779671,0.905848681927,-0.077008202672,0.434942036867,-0.336366593838,0.328636944294,0.066623829305,-0.448750823736,0.053959254175,-0.247644573450,0.480961740017,0.770794093609,-0.484081566334,0.634805262089,0.993743360043,-0.163775175810,0.442552298307,-0.101448327303,0.049835134298,0.071287125349,0.589546978474,-0.214425250888,0.146056294441,0.323092848063,0.317672252655,0.220776066184,0.285366654396,-0.431282997131,-0.095801338553,-0.917698323727,-0.111795663834,-1.052551150322,-0.646222770214,-0.660163223743,-0.558356821537,-0.241956412792,-0.580549657345,0.010108613409,0.224834322929,0.136556833982,0.911026418209,0.358493596315,0.592555701733,0.436374366283,-0.014290353283,-0.447491347790,-0.222978070378,0.365926861763,0.393807858229,-0.405957967043,-0.774741232395,0.024238446727,-0.151110604405,0.178991615772,-0.026629775763,-0.204328998923,-0.424067825079,0.145558267832,-0.110676139593,0.155292332172,0.280555188656,-0.453936815262,0.766690552235,0.099497400224,0.573478579521,0.873246729374,-0.099180474877,0.450051426888,-0.104963295162,-0.459472715855,-0.493651002645,-0.850086629391,-0.560974538326,-0.550935864449,-1.026094198227,-0.375846147537,-0.431443512440,-0.372956812382,0.048159968108,-0.399833500385,-0.556545853615,-0.299220710993,0.238029852509,0.776346385479,0.423697441816,-0.328529924154,0.272422194481,0.244343638420,0.930082917213,0.994336068630,0.018957765773,-0.224319845438,0.514016389847,-0.168557837605,-0.394779235125,-0.100723937154,-0.347137868404,-0.270183146000,0.239375755191,-0.035100266337,-0.114145837724,0.252019762993,0.127073824406,0.110149309039,0.392614275217,0.029794892296,-0.587744235992,0.332773387432,0.210856780410,-0.159041911364,0.105737082660,-0.110157549381,0.502487838268,-0.029021102935,0.106189824641,0.239647388458,-0.086898677051,0.010647794232,0.013994009234,-0.922625005245,-0.183877170086,-0.383304148912,-0.737052083015,-0.613888323307,-0.386469244957,0.308333277702,0.612398386002,0.215334877372,0.871147572994,0.161161586642,0.736381173134,0.793460249901,0.143907800317,-0.471733927727,-0.164767116308,0.023151852190,-0.018381541595,-0.221446946263,0.057054396719,-0.882503390312,0.277184247971,0.432394295931,0.348668962717,0.252731800079,-1.153810143471,-0.440630197525,0.734356224537,-0.360181093216,0.417181968689,-0.594963550568,-0.184074729681,1.057062149048,0.489020645618,1.027193188667,0.490872770548,-0.080831862986,1.431961655617,-0.497738063335,0.160260215402,-0.204291939735,-1.107107162476,0.360580354929,-0.840229094028,-0.958569049835,-0.612488925457,-1.173269987106,0.278312027454,-0.302208840847,-0.575594127178,-0.001000160002,-0.688966214657,-0.215952247381,0.958581328392,-0.692234218121,0.079374842346,0.079358376563,-0.076678939164,0.379398137331,-0.476644188166,-0.421314328909,0.046530079097,0.036800127476,-0.074324652553,-0.134577080607,-0.670605242252,-0.073131039739,0.108667597175,-0.105506591499,0.466333866119,0.234778314829,0.046921089292,0.359987646341,0.049493514001,0.588098227978,0.271043360233,0.076197378337,0.344425469637,0.269195348024,0.979370713234,1.000439882278,0.054938830435,-0.030753890052,0.071871578693,0.242067545652,0.216219767928,-0.104136005044,-0.487913459539,-0.547770738602,0.161025762558,0.309489846230,0.270722329617,0.060157772154,-0.142109155655,-0.053876932710,0.138269037008,0.944546222687,-0.036145702004,-0.302871525288,0.529776155949,-0.395083814859,0.407917112112,0.206773832440,-0.998826444149,0.065697759390,-0.733738839626,-0.234428465366,-0.500829100609,-1.029436349869,-0.302501082420,-0.608274281025,0.100551068783,-0.502944707870,-0.792443692684,0.111314110458,0.521519660950,-0.140787959099,0.428418338299,-0.404319822788,-0.252410739660,0.216742500663,0.311926454306,0.457147210836,0.543930649757,-0.415025264025,0.838483989239,0.058453794569,-0.498906999826,0.167039081454,-0.131914108992,-0.018192211166,-0.198496788740,-0.194500267506,-0.983573019505,-0.111717462540,0.035746462643,0.187408581376,-0.063656277955,0.254896759987,0.858330726624,0.768266916275,0.291293501854,1.042310833931,0.493420511484,0.145891651511,0.586258411407,-0.700009107590,-0.736661076546,0.078629866242,-0.379237651825,0.322932332754,-0.955346286297,-0.547429144382,0.552532851696,0.360716164112,-0.200925156474,0.697770118713,-0.510159850121,0.078378796577,-0.645708262920,-0.630648195744,-0.415605604649,-0.034738067538,0.153522506356,0.266873985529,-0.082692243159,-0.143059924245,0.946422994137,0.673152983189,-0.267351418734,-0.383275300264,-0.803338408470,-0.138544797897,0.339222997427,-1.429998278618,-0.816743910313,-0.368803858757,-0.479990363121,0.339243561029,0.320351660252,-0.066722609103,0.757014155388,0.788364827633,0.120751835406,0.851996421814,0.311321407557,-0.272800832987,-0.075641736388,0.588341057301,-0.623869359493,0.460131227970,-0.726013243198,-0.058404404670,0.510291516781,-0.498256683350,-0.182457178831,-0.019830333069,-0.483953982592,0.422594368458,-1.043401598930,-0.539469063282,0.011968993582,-0.977448582649,0.411111027002,0.017521321774,-0.063104748726,0.511135280132,-0.245578378439,0.743686914444,1.135572671890,-0.504385232925,0.690789580345,-0.181765705347,-0.545494675636,0.752515494823,-0.970686197281,-0.642864167690,-0.264169842005,-0.440704256296,0.039084441960,0.079868748784,-1.047015309334,-0.012870372273,0.411526769400,0.103921972215,0.207136020064,0.393614411354,0.719753086567,0.697206199169,0.477125734091,0.918220996857,0.396470874548,0.390482246876,0.637332379818,-0.013463059440,-0.319260954857,-0.307991653681,-0.274336069822,-0.342630952597,-0.481303364038,-0.155736848712,-0.220726683736,-0.197710648179,0.400533199310,-0.511003553867,-0.055210478604,0.097814001143,-0.134589433670,-0.262066632509,-0.329517751932,-0.379698604345,-0.383769214153,-0.067039534450,0.070649161935,-0.516996324062,0.165594398975,-0.037652112544,-0.235535636544,-0.678454220295,-0.297710180283,-0.765274703503,-0.287708580494,0.071945667267,-0.440572559834,-0.551689088345,0.001687512849,0.524421334267,0.440317362547,0.570346415043,-0.067669264972,1.242997288704,1.145722389221,0.093204207718,0.586892306805,0.031268376857,-0.057107899338,0.396676659584,-1.009889960289,0.502191483974,0.191355735064,0.006264376454,-0.145912230015,-0.275583177805,0.140289932489,-0.270775854588,-0.012792170979,0.412716269493,-0.239104092121,0.024230213836,-0.536287426949,-0.153106808662,0.676190495491,0.499310344458,0.258942663670,-0.026539225131,-0.258950918913,0.800020992756,0.303480654955,-0.275002866983,-0.677791595459,-0.745707809925,-0.096542194486,-0.956560492516,-0.371100515127,-0.238836571574,-1.646275758743,-0.044286925346,0.163631126285,-0.666876256466,-0.426986038685,0.460814476013,0.122389949858,0.459172248840,-0.282073944807,0.114137604833,1.002839446068,0.346508115530,0.843069076538,-0.277632892132,0.177118867636,0.241454273462,0.036668419838,0.460073620081,-0.291388183832,-0.128637865186,0.982506990433,0.116088539362,-0.108202494681,0.057758215815,0.311440795660,0.251982718706,0.561052739620,-0.066973678768,0.263593614101,-0.229481160641,0.685422420502,0.351706504822,0.359090387821,-0.038952734321,0.580286264420,-0.357308208942,0.000744975172,0.541596949100,-0.962602555752,-0.324101239443,0.359818875790,-0.931601762772,-0.936849474907,-0.806301891804,-0.765595734119,-0.488567858934,-0.067537553608,-0.644123673439,0.329921096563,0.600260674953,-0.361794531345,1.055164694786,0.013364277780,0.063462831080,0.974670410156,-0.032124482095,0.070916697383,-0.374438524246,-0.236111849546,0.161857172847,-0.752449631691,0.192113041878,0.309720337391,-0.589637577534,0.521112203598,0.128325060010,-0.761327624321,0.111668072641,0.127172604203,0.228756770492,0.891644716263,-0.433908939362,-0.205308586359,0.154707878828,1.136107683182,0.163466483355,0.443787038326,0.011808473617,0.069504946470,0.720189332962,0.189347162843,-0.479253649712,-0.225966200233,-0.301566749811,-0.122780963778,-0.254546910524,-1.173294782639,-0.573067009449,-0.765879690647,-0.254308164120,-0.455595552921,-0.782960653305,0.074847370386,-0.511250555515,0.142014503479,0.025823062286,0.509670019150,0.488576084375,1.268668055534,0.720148205757,-0.110832549632,0.703013718128,-0.409810423851,0.677507579327,0.029342144728,-0.776766300201,0.062433861196,-0.701276779175,0.512851595879,0.239371642470,-0.100608684123,-0.024658266455,0.240400597453,0.654503941536,-0.128662556410,0.520461857319,-0.103353992105,-0.833376109600,0.534842789173,-0.162363424897,-0.151205256581,1.207456588745,-0.346014201641,0.586237847805,0.263013273478,0.185766354203,0.843299567699,-0.649058580399,0.010207394138,-0.355332583189,-1.815508604050,-0.062697276473,-0.514493823051,-0.944607973099,0.425730675459,-0.363230943680,-0.630018472672,0.258584588766,0.462534904480,0.460798025131,0.436078011990,0.304427325726,0.046966366470,-0.222187817097,-0.548915028572,-0.197447240353,-0.358909279108,-0.110248088837,-0.444877773523,-0.693329036236,0.016591131687,-0.207860425115,-0.134852856398,-0.132654964924,-0.023007795215,-0.396923571825,-0.095151022077,0.222196042538,-0.013528913260,0.446054905653,0.518716752529,0.920801639557,0.569630205631,1.511402368546,0.175912931561,0.799769937992,0.820118844509,0.235017016530,0.004342258442,-0.331369876862,-0.006704776548,-0.254246443510,0.321923941374,-0.198105767369,-0.495960026979,-0.027835728601,-0.517535507679,0.554269731045,-0.082572884858,-0.705833137035,-0.573149323463,0.113273270428,0.516000270844,0.149381920695,0.015101182275,0.288301259279,0.105062074959,-0.334938377142,0.157144486904,0.069751903415,0.287502795458,-0.263383716345,-0.778272688389,-0.617189288139,-0.505488276482,0.170537576079,0.252847045660,0.034651633352,-0.448009967804,-0.281843453646,-0.160000905395,0.187741965055,0.134445384145,-0.193969309330,-0.386724442244,0.099884293973,0.129576295614,0.257526814938,0.102678984404,-0.121513269842,0.612863481045,0.355427235365,0.565736591816,0.090232543647,-0.583739519119,0.534225404263,-0.084593780339,-0.082457639277,-0.707602977753,-0.545136630535,0.409497618675,0.026555690914,0.282213866711,0.248731166124,0.026358127594,0.850337684155,1.091524481773,0.623852908611,0.372578144073,-0.318017959595,0.689060866833,-0.045538149774,-0.226155534387,-0.514518558979,-0.623815894127,0.275311559439,0.360057592392,-0.870629012585,-0.111388191581,0.456863194704,-0.208057984710,0.528524875641,-0.451080381870,-0.137783363461,0.111787430942,-0.310164868832,-0.383736312389,0.748284339905,-0.673683941364,0.122665710747,0.840064406395,-0.746308743954,0.348022758961,0.521684288979,-0.203666344285,0.579183220863,-0.125345155597,-0.513403117657,0.370207369328,-1.068236708641,-0.453405886889,-0.296590685844,-0.513929963112,-0.209243342280,0.150176286697,-1.014470934868,-0.625433385372,1.030510544777,0.155642181635,0.308036923409,0.676474511623,-0.155872687697,0.959873795509,0.526870310307,0.073863670230,0.561748325825,-0.270598858595,-0.036318566650,0.254736244678,-0.067854478955,-0.238729551435,-0.583410263062,-0.205230370164,0.316783189774,0.382592052221,0.256683051586,-1.234493851662,0.044151097536,-0.692748665810,0.012302380055,0.623844683170,-0.792097926140,-0.119694046676,0.531282544136,0.061129122972,0.962923645973,0.408266961575,-0.146908283234,0.447409063578,0.269528716803,0.451459050179,-0.241590082645,-1.102485060692,-0.241001531482,0.120290853083,-0.129461050034,-0.237626507878,-0.022489195690,0.137569338083,-0.063043013215,0.355118542910,0.510933637619,0.205543175340,1.318498969078,0.631911814213,0.565275669098,-0.018435047939,0.386786133051,0.332872182131,0.305530369282,-0.425582528114,0.063578076661,-0.454797059298,-0.410810559988,0.253526180983,-0.596675753593,-0.821547091007,-0.134754061699,-0.643032968044,-0.071756340563,-0.276640951633,-0.710200011730,0.171266078949,0.112478904426,0.008289392106,-0.543432652950,0.016735186800,0.417869329453,0.251962125301,0.412366390228,-0.337251484394,-0.273224800825,-0.144385248423,0.153831198812,-0.157671317458,-0.756285607815,-0.164787679911,-0.196010783315,-0.647412240505,-0.546663582325,-0.105033263564,-0.481768429279,-0.460625141859,0.307226121426,0.203843310475,0.485789686441,0.676733791828,1.130234360695,0.566049456596,0.800399661064,0.584360957146,0.083144992590,0.506011009216,1.015252947807,-0.211210757494,-0.016097227111,0.022246357054,-0.194101020694,0.621338069439,-0.025596689433,-0.408324599266,0.857474684715,0.274521291256,0.496630907059,-0.547404468060,-0.245409637690,-0.356921315193,0.364321649075,-0.269368201494,-0.627157926559,-0.112964577973,0.056424669921,0.164306119084,-0.625676274300,-0.256810635328,0.088586188853,-0.594634234905,-0.220002278686,-0.377216756344,-0.861829280853,-1.060231447220,0.156646460295,-0.559542179108,-0.037343423814,-0.843554735184,-1.049756526947,0.790426909924,0.201151520014,0.483015567064,-0.404282808304,0.224669694901,0.477096915245,0.912372291088,0.425030976534,-0.295590519905,0.373681187630,0.565748989582,0.152851611376,0.175114437938,-0.273014873266,0.218010187149,-0.111968532205,0.448763161898,-0.344635367393,-0.382954269648,0.147007063031,0.620383203030,-0.145652934909,0.542691767216,0.311387270689,-0.118776202202,0.119780488312,-0.191684991121,-0.175567194819,-0.312766104937,0.517021000385,-0.167471244931,-0.062186904252,-0.469597756863,0.269207686186,-0.501178979874,-0.354188382626,0.002658861689,-0.530829787254,-0.747662842274,-0.333098560572,-0.388753563166,-0.742731988430,-0.625869691372,-0.228789702058,-0.388407826424,0.169916078448,0.353854954243,0.041302904487,0.728758573532,0.114137604833,-0.108470030129,0.948715567589,0.258337616920,0.038639929146,-0.028572471812,0.333012133837,-0.138692975044,-0.396894782782,0.258773922920,-0.058898311108,0.280386447906,0.758236587048,-0.411440342665,0.651091873646,0.331184685230,-0.062812522054,-0.064043171704,-0.227867737412,-0.586781084538,0.852506756783,0.228826731443,0.165475040674,0.017702421173,0.570803284645,0.541510522366,0.763657152653,0.557916462421,-0.247274130583,-0.017290832475,-0.291935592890,-0.943768322468,-0.363790720701,-1.188000798225,-0.491708308458,-0.536024034023,-1.281785368919,-0.211383610964,-0.405525773764,0.670370638371,0.305793792009,-0.180296346545,0.410473078489,-0.087474904954,0.423952609301,0.808326900005,-0.183012813330,-0.695267617702,0.127744719386,0.031935151666,-0.179847717285,-0.281559437513,-0.579697668552,-0.511925518513,0.141030788422,0.065685406327,-0.622597575188,0.377266138792,-0.574593961239,0.232489883900,0.510987102985,-0.228320479393,0.822678923607,0.626194834709,-0.060968603939,1.274018645287,0.303608238697,0.709899604321,0.733631789684,0.242499709129,0.321409463882,0.036223903298,-0.426767885685,0.297541439533,-0.481826066971,-0.545379459858,-0.621292829514,-0.909968614578,-0.341626673937,0.124480821192,-0.860899090767,-0.714612245560,-0.754227638245,0.103543311357,-0.177361711860,0.112071424723,0.044529758394,0.671230852604,-0.061339031905,0.352974146605,0.257246911526,0.088503874838,-0.528759479523,0.117734894156,-0.633607566357,-0.277254253626,-0.624058663845,-1.229851126671,0.934264659882,-0.772436380386,0.082009002566,0.609764218330,-0.707318961620,0.893447458744,0.088866069913,-0.511419296265,-0.052638053894,-0.202048793435,0.246615588665,0.982535779476,-0.224142849445,0.019480483606,0.578524708748,0.891525387764,0.641114890575,-0.182424247265,-0.432604193687,0.219129711390,0.016809273511,-0.307135552168,-0.498404860497,-0.836664676666,-0.539518415928,0.105848215520,0.229880392551,0.248731166124,-0.002000320004,0.572939455509,0.563151836395,0.723527312279,0.203295901418,0.382871955633,0.435267180204,-0.324455201626,-0.016002560034,-0.242133393884,-0.800597250462,-0.316490978003,-0.277497082949,-0.566312849522,-0.030889715999,-0.620803058147,-0.563917398453,0.221763893962,-0.365935087204,-0.520107924938,0.186198517680,-0.221973791718,-0.500018239021,0.791077196598,0.051329202950,1.023995161057,0.661838412285,0.083552464843,0.554586708546,0.275603771210,0.491663008928,0.441214621067,-0.418412625790,-0.430945485830,-0.060124844313,0.334921896458,0.017718885094,-0.507850825787,-0.597140789032,0.031618226320,-0.750128269196,0.217705607414,-0.161334455013,-0.811352014542,0.349632084370,-0.486209481955,0.023559326306,1.003226399422,-0.228493362665,0.540930211544,0.376484096050,0.119393587112,0.861327111721,-0.250019431114,-0.200916916132,0.321993917227,-0.588695049286,-0.285930514336,-0.425294399261,0.315103918314,0.058215074241,0.072690643370,0.296635955572,-0.312700241804,-0.028786499053,0.280818581581,-0.721082448959,-0.224562689662,0.068047925830,-0.593654632568,-0.147431001067,-0.040323324502,-0.129815012217,0.123744085431,0.400446802378,0.354875683784,0.223286747932,0.503714323044,-0.163906887174,-0.385341495275,-0.509884059429,-0.673087120056,-0.851687729359,-0.672235131264,0.069681927562,-0.139335051179,0.030683921650,0.241339027882,0.057000890374,0.553129673004,0.645765900612,-0.039282005280,0.622325897217,0.550907075405,-0.359242647886,-0.432772964239,-0.266174256802,-0.164042711258,-0.354818105698,-0.365902155638,-0.539316713810,-0.421318441629,0.243606880307,-0.197052106261,-0.553961038589,-0.631697773933,-0.374298572540,-0.242754891515,-0.206308737397,-0.760319173336,-0.161799550056,-0.124069236219,0.050361968577,0.217726200819,0.978885054588,0.757545053959,0.023653989658,0.293647825718,0.500578045845,0.221512824297,0.996715009212,-0.430361062288,-0.200418889523,-0.191820815206,-0.102823033929,-0.346335262060,-0.767629027367,-0.028576588258,0.040109299123,0.058120410889,0.556965649128,-0.256292045116,0.500907301903,0.904782652855,0.097163692117,0.896867811680,0.644267678261,-0.129707992077,0.821324825287,0.593255400658,-0.623626530170,0.579253196716,-0.612320184708,-0.544593274593,0.247208282351,-0.675322055817,-0.293734222651,-0.524380207062,-0.543823659420,0.656306684017,-0.399504244328,-0.412041246891,-0.029185740277,-0.650544404984,-0.309913784266,-0.439560055733,-0.815204501152,0.407361477613,-0.550693035126,-0.539843618870,-0.015949053690,-0.193388953805,-0.379464000463,0.966702044010,-0.741460144520,-0.192491695285,0.050608921796,-0.642609000206,-0.179958835244,-0.165717884898,-0.429706603289,0.246516808867,-0.139680787921,-0.221813276410,0.816999077797,0.029165159911,0.846497595310,1.342013120651,0.117969490588,0.748555958271,0.953967511654,-0.133618086576,0.183589056134,0.216536715627,-0.266450047493,-0.187951877713,0.250789105892,-0.484147429466,-0.037540987134,-0.109391987324,0.139853656292,0.129642143846,0.032894153148,0.230501905084,-0.111964419484,-0.306332975626,0.280666291714,-0.207708135247,-0.047637250274,0.050872337073,-0.143273949623,0.171710595489,0.448841363192,0.053420066833,-0.228958442807,-0.155308797956,-0.170027211308,-0.257230460644,-0.539995849133,-0.437448620796,-0.536592006683,-0.863236904144,-0.286033421755,-0.308390915394,-1.251657009125,-0.028568357229,-0.125497445464,-0.225842714310,0.079169049859,0.086359500885,0.381139189005,0.291931480169,0.549133121967,1.300743103027,-0.241071492434,0.580891311169,1.230522036552,-0.252896428108,0.551911354065,0.510995328426,-0.635924756527,0.409691065550,-0.630714058876,0.313564568758,0.498651832342,-0.274570673704,0.007478563115,0.272282242775,-0.611036062241,0.035470694304,0.699070692062,0.089985586703,0.086450047791,-0.143479749560,-0.170257702470,0.194294467568,-0.329748243093,0.161066919565,-0.104880981147,-0.533842623234,0.511480987072,-0.551824927330,-0.431167781353,-0.178460657597,-0.865014970303,-0.148678109050,-0.817641139030,-0.813603401184,0.165005818009,-0.647416353226,0.139318600297,0.087532527745,-0.378303319216,1.037536382675,0.461905181408,0.168508455157,0.955729067326,0.161783084273,0.315774798393,0.311436653137,-0.666987359524,0.166396990418,-0.049909222871,-0.482665687799,-0.601059138775,0.550902962685,0.101497717202,-0.239095866680,0.423112988472,-0.482859134674,0.138660043478,0.296788245440,-0.314610004425,0.474088191986,-0.129765614867,-0.087437860668,0.843484759331,-0.162507489324,0.480566591024,0.945241808891,-0.770193219185,1.034663438797,0.148673996329,-0.412362277508,0.668753087521,-0.812525093555,-0.365622282028,-0.383876234293,-0.889541506767,-0.576384425163,-0.575203120708,-0.787907958031,-0.410748869181,-0.782931804657,0.334592640400,0.337720721960,-0.372413486242,0.691999614239,0.140170574188,0.825169026852,0.767970621586,0.202291622758,0.951053380966,0.099534444511,0.037314612418,0.572947680950,-0.580957174301,-0.530673384666,0.517724812031,-0.180144056678,0.321154266596,0.576318562031,-0.357575744390,0.188437551260,0.521807789803,-0.002914046403,0.509217262268,-0.376693993807,-0.417214930058,0.687245786190,0.399533063173,-0.070159375668,0.021493149921,0.529467463493,0.100711591542,0.184486314654,0.302818000317,-0.341297388077,-0.192364111543,-0.467181742191,-0.751202523708,-0.585711002350,-0.381698906422,-0.529627919197,-0.736134290695,-1.323252916336,-0.227316200733,-0.082807488739,0.317034274340,0.511571586132,-0.919184148312,0.234749495983,0.787574589252,0.280069500208,-0.292454212904,0.103707954288,-0.066990144551,0.083272583783,-0.511468648911,-0.371948421001,-0.934972643852,0.034598127007,-0.829754173756,0.373738825321,-0.171982243657,-0.561340808868,0.383748650551,0.345207512379,-0.485670298338,1.259102702141,0.413090765476,0.605710089207,0.515456974506,0.241380184889,0.780894517899,0.527063727379,0.857647538185,0.499841272831,0.417330145836,0.262358844280,-0.085470467806,0.324924409389,-0.137997388840,-0.029317447916,0.260325610638,-0.579528927803,-0.491247326136,-0.035034410655,-0.935474753380,-0.202131107450,0.180423930287,-0.122871518135,0.549334824085,0.242833092809,0.061845287681,0.572507202625,0.210144743323,0.011277524754,0.413016706705,0.207308903337,-0.679787755013,-0.460345238447,-0.270314872265,-0.478858500719,-0.299381256104,-0.566041171551,-0.273768097162,0.391581177711,-0.378319799900,-0.222377151251,-0.384584158659,0.417326033115,0.096093565226,-0.533854961395,-0.347553551197,0.013779982924,0.468721061945,0.527191340923,-0.110618524253,0.668156325817,0.198640838265,0.222093150020,0.512472927570,-0.106140434742,0.290396243334,-0.042961608618,-0.479986250401,-0.020768756047,-0.743604600430,-0.375208169222,-0.016710491851,-0.488674879074,-0.100538723171,-0.129020646214,-0.160083234310,0.563345253468,-0.178139626980,0.352393865585,0.259469509125,-0.087927654386,0.932688355446,0.675597786903,0.186075046659,0.063932038844,-0.307147890329,-0.191281631589,-0.790900170803,0.241404891014,-0.633352398872,-0.835026621819,0.283880829811,-0.883919239044,-0.626145422459,-0.059030022472,-0.452401608229,0.457225412130,0.499783664942,-0.465025007725,0.033313971013,0.078370563686,0.022320443764,0.586246073246,0.027963323519,0.529208123684,0.300620108843,0.757738590240,0.755075573921,-0.071562886238,0.089504033327,-0.065170921385,0.007890151814,-0.029745500535,-0.705195128918,-0.448084026575,-0.629911482334,-0.196640521288,-0.614600360394,-0.443313717842,0.189783453941,0.741752386093,0.671107351780,0.234189733863,1.262177228928,0.922114610672,0.556208372116,1.649942994118,-0.162939652801,0.268948376179,0.248513013124,-0.394149482250,-0.636315822601,0.360617369413,-0.088479176164,-0.830671966076,0.166421696544,-0.371968984604,-0.387893348932,0.562468588352,-0.485843181610,-0.394441694021,-0.098859436810,-0.675536096096,0.126674592495,0.229756921530,-0.026403401047,-0.201390251517,0.059684447944,0.850773990154,0.323368608952,0.387152463198,-0.367655545473,-0.249150976539,0.481747865677,-0.790805518627,-0.179185032845,-0.200052589178,-1.256089925766,0.320709735155,0.374372661114,-0.825926363468,0.342894375324,-0.192075997591,0.218146011233,0.560011446476,-0.074213519692,0.844122707844,0.528137981892,0.047402650118,0.883437633514,0.216417342424,0.210535734892,0.627450168133,-0.458723604679,-0.368635088205,-0.146657213569,-0.681915700436,-0.240643441677,0.097328335047,-0.755273163319,0.208165004849,-0.154465049505,-0.613962411880,0.447721868753,0.221698015928,0.160877585411,0.057626504451,0.116734720767,-0.067068345845,0.384757041931,-0.128600835800,-0.031301304698,0.434349358082,0.293372035027,0.295306503773,-0.371968984604,0.149237871170,0.181905642152,-0.267195016146,0.084219239652,-0.365700483322,-0.653977036476,-0.087108589709,-0.518157005310,-0.512345373631,0.189112573862,-0.320471048355,0.289688318968,0.589724004269,0.413243085146,0.587995350361,0.367960125208,0.443737685680,0.999476790428,0.779626786709,-0.100312352180,0.208922311664,0.152032554150,-0.285341948271,0.328608125448,-0.164791792631,-0.275813668966,0.736776351929,0.012030730955,0.031717009842,0.051185142249,0.124316193163,-0.570733308792,-0.484756559134,0.311309069395,-1.056613564491,0.055210478604,-0.076839454472,-0.850103080273,0.957186102867,-0.503640294075,-0.408834964037,0.566045284271,-0.536801934242,0.233370661736,-0.155712157488,-1.518152356148,0.357621014118,-0.962931871414,-0.518613874912,-0.594539582729,-1.044800996780,0.291915029287,-0.492663174868,0.118113555014,0.771893024445,-0.218718141317,0.986721694469,0.768707334995,-0.077901355922,0.856997191906,0.569597303867,0.624445557594,0.308876574039,0.120825923979,0.106519103050,0.211844608188,0.316137015820,-0.143220439553,0.327863156796,-0.296586573124,0.061478972435,-0.024505978450,-0.228929623961,0.329472452402,0.025551414117,-0.324405819178,0.893933176994,0.165989533067,0.164269089699,0.695901453495,0.196554079652,0.341601997614,0.408748537302,0.525808393955,0.481908410788,-0.052111215889,0.238700732589,-0.473005712032,-0.338749676943,0.091249167919,-0.597568869591,0.136256366968,-1.237292647362,-0.898139595985,-0.947250306606,-0.477846026421,-0.658097088337,-0.747675240040,0.144891500473,-0.105819404125,0.082078978419,0.587600231171,0.691674470901,0.814764082432,0.385938286781,0.516185462475,0.215042635798,0.176131054759,-0.148451730609,0.034412913024,-0.045031893998,-0.114359863102,-0.747185409069,0.180168747902,0.330995351076,-0.001621658681,0.510415017605,-0.087758898735,0.784327149391,-0.051963049918,-0.047698989511,0.433991253376,-0.430142879486,0.804425001144,0.178209587932,0.194932416081,0.282201528549,-0.069426745176,0.615781664848,0.074571602046,0.479076653719,-0.305415123701,0.031721126288,-0.332509994507,-0.845320403576,-0.330974757671,-0.424574136734,-0.862627744675,0.286473840475,-0.491169095039,0.210152968764,-0.189482986927,0.635702550411,0.690262675285,0.351772308350,0.041376989335,0.393429189920,0.203102454543,0.131860598922,-0.102711908519,-0.212935313582,-0.370322614908,-0.327439218760,-0.362802922726,0.396849483252,-0.789578974247,-0.497960358858,0.446499407291,0.506027460098,-0.065257355571,-0.024440124631,-0.636155307293,-0.163635239005,-0.219899371266,0.288906306028,0.569712519646,-0.444062829018,0.408159971237,0.562028169632,0.665390431881,0.394124776125,-0.139643743634,0.906177937984,0.231921881437,0.197858810425,-0.006420780905,-0.382172256708,-0.420063078403,0.340717077255,-1.139112353325,-0.324298799038,0.427730977535,-0.461514174938,-0.078675143421,-0.684648633003,-0.189153715968,0.817818045616,-0.067825667560,0.628170490265,0.077172838151,-0.054197974503,0.877988278866,0.319701343775,-0.351171404123,0.086622916162,-0.693053245544,0.187338620424,-0.017961721867,-0.570169448853,0.395478934050,-0.279633224010,-0.382155805826,0.719283819199,-0.151176452637,0.288951575756,0.244277760386,-0.821477115154,0.426220446825,-0.264457941055,-0.292865782976,0.423915565014,-0.201954126358,0.057865224779,0.504179418087,0.401051849127,0.389128118753,0.549297809601,-0.308522611856,0.504595160484,-0.218318894506,-0.437884867191,0.098546631634,-0.615230143070,-0.848267436028,0.061553057283,-0.722551882267,-0.221405789256,0.523766934872,-0.053741108626,0.710525214672,-0.234247356653,-0.144018933177,0.358806401491,0.181395277381,0.442437052727,-0.067706309259,-0.350965619087,-0.249677821994,0.016549972817,-0.463893175125,0.049139548093,-0.255649954081,-0.946443617344,0.318890541792,-0.447890579700,-0.258263558149,-0.041463423520,-0.506875336170,-0.122534006834,0.595008790493,0.119817525148,0.799716472626,-0.001773946453,0.260342091322,1.377611398697,0.791567027569,0.118401661515,0.196990370750,0.035824660212,0.295281797647,0.211025536060,0.302649259567,-0.085956141353,-0.262930959463,-0.034165959805,0.121159307659,-0.161346808076,-0.495606064796,0.383933871984,-0.139857769012,0.036429695785,0.255584090948,-0.779466271400,0.476730614901,0.259613573551,0.629820942879,1.196458935738,0.103382796049,0.529199898243,0.137050747871,0.581521034241,0.311362564564,-0.336061984301,-0.369170188904,-0.182123780251,-0.810977518559,-0.099513873458,-0.436559587717,-0.192899182439,0.323096960783,-0.658541560173,0.073102235794,-0.334703743458,-0.606837868690,0.289585441351,-0.384283691645,-0.471309959888,0.188709214330,-0.321281850338,-0.428620010614,0.178448319435,-0.551355719566,0.090969294310,0.471256494522,0.125921383500,-0.037063542753,-0.319153934717,-1.109226822853,-0.209387406707,-0.300364911556,-1.086289048195,0.120480187237,-0.851671278477,-0.331061214209,0.017080921680,-0.021398484707,0.755701184273,0.829634785652,0.429768383503,0.272710323334,0.610286951065,0.560517668724,-0.122484616935,0.215145543218,-0.131901770830,-0.703849256039,-0.156354233623,-0.292783468962,-0.434176474810,-0.293968856335,0.246776103973,-0.220644354820,-0.850650548935,0.748193800449,-0.134037911892,-0.217701494694,0.010618983768,-0.359794199467,-0.007667893544,0.402253687382,-0.048633292317,0.338214606047,0.368071258068,0.061968762428,0.683660805225,0.414321452379,0.099476821721,0.561591923237,0.172060444951,-0.158897846937,-0.285506576300,-0.029515011236,-0.367079317570,-0.574347078800,-0.066183432937,0.054156817496,-0.174595832825,-0.246348068118,0.211770504713,-0.099666155875,0.087997615337,0.722819328308,0.393223404884,0.873917639256,0.168138012290,0.596581041813,0.607821524143,-0.207782208920,0.084420911968,0.527969241142,-0.452335745096,-0.111495204270,0.313120067120,-1.348536729813,0.031288955361,0.498458385468,-0.884112656116,0.914492011070,-0.132395669818,-0.388885289431,-0.018891911954,-1.032996654510,-0.432497173548,0.036351494491,-0.453167140484,-0.431867480278,-0.876329541206,-0.505006730556,0.476701766253,-0.301192224026,0.227884188294,0.489469259977,-0.274739414454,0.090413637459,0.065154455602,-0.147023528814,-0.870880067348,-0.553228437901,-0.102304428816,0.027510574088,-0.389510899782,-0.425088614225,-0.051226302981,0.649227321148,0.783648014069,0.449602812529,0.495515495539,0.831548690796,0.665069401264,0.398096621037,0.045027781278,-0.168574288487,-0.435695230961,0.576972961426,-0.021332630888,-0.137182444334,-0.621617972851,0.099550910294,-0.398956865072,0.322907656431,0.321590542793,-0.000839640503,-1.034227252007,-0.066907823086,-0.252670079470,-0.166878551245,-0.177736252546,-0.029239244759,-0.424722284079,0.587880074978,0.308493793011,0.264120429754,0.411979496479,-0.201538428664,-0.362765878439,0.445984929800,-0.462189197540,-0.175270840526,-1.126443624496,-0.817365348339,-0.396701335907,-0.275002866983,-0.420096039772,-0.449133604765,0.070200532675,-0.230604797602,-0.394828587770,0.642827153206,-0.233366549015,0.836771726608,1.165828466415,-0.246595025063,0.329386055470,0.395902842283,0.197731241584,1.019430518150,-0.190499603748,-0.008285276592,0.428620010614,-0.122673951089,0.187318041921,-0.205551400781,-0.314638823271,0.178213700652,0.591209828854,0.103374563158,-0.751523494720,0.653055131435,0.109017446637,-0.320339322090,0.627479016781,-0.073390342295,-0.043764207512,0.321018457413,0.029099306092,0.546165585518,-0.116557739675,-0.158778488636,-0.307345479727,-0.240507632494,-0.272772043943,-0.864965558052,-0.719580173492,-0.701490879059,-0.744526505470,-0.215734109282,-0.494107872248,-0.477660804987,-0.371705561876,-0.122529894114,0.379612207413,0.707067847252,0.401842087507,-0.054514892399,0.795411229134,0.644477605820,0.426648497581,0.264807790518,-0.720761418343,-0.010886515491,-0.361765712500,-0.435674667358,0.075744628906,0.105407811701,-0.400224506855,-0.298162937164,0.539016246796,-0.091467313468,-0.242520287633,0.321528822184,0.611690461636,-0.026432212442,-0.038108978420,0.179736584425,0.240371793509,-0.486160069704,1.041841626167,-0.049312416464,-0.139734297991,0.595547974110,0.193356052041,-0.334646135569,0.339667528868,-0.984515547752,-0.532381474972,-0.483097881079,-0.951390922070,-0.612793505192,-0.519548118114,-0.588925480843,0.014673130587,-0.094661235809,-0.369783461094,0.249476134777,0.981552124023,0.098460197449,1.029415726662,0.509760558605,0.245652481914,0.645469546318,0.487238466740,-0.180963113904,-0.039891157299,0.224632650614,-0.211173698306,-0.348055690527,-0.013998124748,0.201229736209,0.048402808607,0.305024117231,0.208535417914,0.142566025257,0.149571254849,0.334802538157,-0.136087626219,-0.138742357492,-0.101250767708,-0.441889613867,-0.111017763615,-0.276990801096,-0.305797904730,-0.206860274076,0.076440215111,0.302484601736,0.523692846298,0.088672630489,-0.651544570923,-0.289437264204,-0.326611936092,-0.583702445030,-0.707154333591,-1.090524315834,-0.359757125378,-0.254781514406,-0.224554464221,-0.408732086420,0.097505316138,0.582093119621,0.460616916418,0.356308043003,0.101127289236,-0.593852221966,0.846365928650,0.016158964485,-0.952148258686,0.012578143738,-0.248916357756,-0.494679987431,0.877889454365,-0.830066978931,-0.443889945745,0.264844834805,-0.457953929901,0.633442878723,-0.669061779976,-0.683743119240,0.356744319201,0.302953809500,0.626721680164,0.149645343423,0.071171879768,0.178131371737,1.206118941307,0.725572884083,0.137836873531,0.742666184902,0.451405584812,0.506578981876,0.446371823549,-0.274290800095,-0.329744130373,0.123147279024,-0.072369605303,-0.374965339899,-0.549573540688,-0.574696898460,-0.503397405148,-0.382802009583,-0.875893294811,-0.777260184288,-0.053061988205,-0.059540394694,-0.488584369421,0.277686387300,0.224253997207,-0.062742553651,0.527467131615,-0.272022962570,-0.214384108782,0.258642196655,-1.319334506989,0.032342623919,-0.307361930609,-1.027468919754,0.100703351200,-0.352315634489,0.326616048813,0.663373649120,0.191783770919,0.072575397789,0.240310057998,0.239305794239,0.736064314842,0.044278688729,0.210725069046,0.585846841335,0.136038228869,0.838615655899,0.517247378826,0.525158107281,0.477339774370,0.912590503693,-0.030004801229,0.159930929542,-0.034058947116,-0.617366254330,-0.019180024043,-0.490835726261,-0.238490834832,-0.754762709141,-0.547071039677,-0.082432940602,0.012195366435,0.471976757050,0.076913543046,0.291071265936,0.196080744267,0.292717605829,0.048304025084,0.173990800977,0.020048474893,0.009931630455,-0.521968305111,-0.534550547600,0.239058837295,-0.313190042973,-0.200628817081,-0.640155911446,-1.004247069359,0.044912535697,-0.255802243948,-0.342803835869,-0.445824444294,-0.165207505226,-0.237050265074,0.085573360324,0.503348052502,0.205946519971,-0.218471184373,0.656668841839,0.586550652981,0.051189258695,0.773765802383,-0.437444508076,-0.118961423635,0.506142735481,-0.209399774671,-0.157782450318,-0.386222302914,-0.312720805407,-0.109009206295,-0.625787377357,-0.642008066177,-0.314111977816,-0.455850720406,0.404714941978,0.691666185856,-0.248043805361,1.056687593460,0.207609355450,1.202497005463,0.589563429356,0.100398778915,1.207464814186,-0.398318856955,-0.115676946938,0.345030516386,-1.038886427879,-0.249718964100,-0.383686900139,-0.819711387157,0.141092538834,-0.271755397320,-0.647033572197,0.415770232677,-0.065710105002,0.018846636638,0.238071024418,-0.648684024811,-0.387625813484,-0.021875929087,0.088318653405,-0.257506221533,-0.138380169868,0.383304148912,0.782726049423,0.340437173843,0.410127371550,0.200867518783,-0.113215640187,0.172702535987,0.628071725368,-0.385637849569,-0.711768269539,0.010363798589,-0.620580732822,0.652878105640,-0.273611694574,-0.442885667086,1.306064963341,0.471462279558,0.334465026855,0.748025059700,-0.059700910002,0.706067681313,0.567082524300,-0.760841906071,0.607241213322,-0.130827516317,-0.404780805111,0.374693691730,-0.320133537054,-0.863376796246,-0.748979926109,-0.327430993319,-0.427228838205,-1.078456521034,0.150353267789,0.011923718266,-0.708059787750,0.015360482037,-0.579524815083,0.159774526954,-0.014524958096,0.420976817608,-0.115853928030,-0.307905226946,0.317223608494,-0.221821501851,0.371438056231,0.371170520782,-0.007828412578,0.388609528542,-0.406464219093,0.304657787085,-0.015837924555,-0.208737090230,0.098130926490,0.025004001334,-0.577969014645,-0.389119893312,-0.342178195715,0.331378102303,0.411934226751,0.175649508834,-0.067693963647,0.589719891548,1.496716856956,0.160387799144,0.546140909195,0.461658209562,0.221521049738,0.725799202919,0.485604465008,-0.536616742611,-0.000617382757,-0.572202682495,0.331699162722,0.445248216391,-0.452199935913,-0.152472957969,0.173468083143,0.185902163386,0.276994943619,-0.656742930412,-0.760389149189,-0.459748446941,-0.767106294632,-0.124505519867,-0.226896390319,-1.212189912796,0.286683738232,0.224912539124,-0.285576552153,0.408180534840,-0.365079015493,-0.256736546755,0.826683700085,-0.918644964695,-0.345746695995,-0.785195589066,-0.624725461006,0.018266297877,-0.652816414833,-0.609883606434,1.055724501610,-0.371787875891,0.184317544103,1.118092536926,-0.210082992911,1.085679888725,1.293791413307,-0.319623172283,1.234123349190,-0.405776858330,-0.230794131756,0.586505353451,0.118883222342,0.568938791752,0.337321460247,-0.763451337814,0.240606412292,0.061721812934,-0.144496366382,0.334419786930,-0.123822286725,-0.273014873266,-0.093615800142,0.464489966631,-0.209309220314,-0.342882007360,0.616419613361,0.432307839394,-0.196422368288,0.348854184151,0.900259315968,-0.097554706037,0.097764611244,-0.044093474746,-0.614106535912,-0.390054166317,-0.113635465503,-0.673984408379,-0.512641727924,-1.291614055634,-0.684570431709,0.625169992447,-0.930959641933,-0.644086599350,-0.436119139194,-0.512629389763,0.878185808659,0.145488291979,0.377566576004,0.230810597539,0.671234965324,1.011865615845,0.598482608795,-0.216763079166,-0.408151745796,0.870715498924,-0.039014473557,-0.450207859278,-0.907227456570,0.428945153952,0.117253325880,-0.250500977039,0.548338770866,0.326932966709,-0.309683293104,0.543873012066,0.106794871390,-0.191861972213,0.546577155590,-0.223430812359,-0.049509979784,0.139623165131,-0.822234451771,0.581076502800,-0.280357629061,-0.226908743382,0.297459125519,0.631850063801,-0.553767621517,-0.006231449544,-0.183671355247,-0.623894095421,-0.433929502964,-0.922460317612,-0.218277737498,-0.010186814703,-0.607529342175,-0.668263316154,-0.117393270135,0.738583266735,0.622597575188,0.093237146735,0.644127786160,0.419688582420,0.401076525450,0.448359817266,-0.472507685423,-0.102806575596,0.430138766766,-0.464226543903,0.118414007127,-0.846324682236,-0.216240361333,0.716476738453,0.252575397491,-0.346257060766,0.472651779652,-0.255505889654,0.216804236174,0.126925662160,0.667892873287,-0.345380365849,0.308333277702,0.390992611647,0.531941056252,1.026831030846,-0.535781204700,0.112874031067,1.050419092178,-0.096616283059,0.774193823338,-0.497664004564,-0.441967844963,-0.070994898677,-0.588217556477,-0.302706867456,0.030646879226,-0.801436841488,0.277974516153,-0.052654515952,-1.144821047783,-0.190709531307,-0.408110558987,-0.442428827286,0.873979389668,0.133338212967,-0.062100470066,0.606841981411,-0.217540979385,0.615505933762,0.646864831448,0.278011560440,0.499096333981,-0.558965981007,-0.214725703001,0.013039123267,-0.295487612486,0.285769999027,-0.225636914372,0.387136012316,0.404142886400,0.059774994850,0.623354852200,0.471235901117,0.250266373158,-0.147241666913,-0.248035579920,0.143319234252,0.079403646290,-0.271792441607,-0.595206320286,0.861631751060,0.158687949181,0.089450530708,0.679610788822,-0.006116204895,-0.113870076835,-0.117850132287,-0.111087732017,-0.127279624343,-1.019591093063,-0.847835183144,-0.330312103033,-0.568041503429,-0.037763241678,-0.359382629395,-0.080860674381,0.049654033035,0.828544080257,0.145414218307,0.487032651901,-0.005539980717,0.139540836215,0.116714149714,-0.327673822641,-0.172072798014,-0.489555686712,0.131432548165,0.265367567539,-0.961306095123,-0.309539228678,0.037853792310,-0.438164770603,0.013434248045,-0.025761323050,-0.502389013767,0.386683255434,-0.255477100611,-0.090660594404,0.486201256514,0.220607310534,0.096706829965,1.158259391785,0.041652753949,0.418922990561,0.620251476765,0.293849498034,0.796296119690,0.047262705863,-0.636167645454,0.065421991050,-0.739007115364,-0.071274779737,-0.311551898718,-0.732170641422,-0.104424118996,-0.199081242085,-0.534200727940,-0.137556985021,0.069706626236,-0.137165978551,0.888841867447,0.665954291821,0.430192291737,1.222310781479,0.101456560194,0.325459480286,0.295018404722,0.169113487005,0.619066119194,0.294561535120,-1.078423619270,-0.601227879524,-0.243495762348,-0.153962910175,-0.053094912320,-0.341614335775,-0.242380335927,-0.155045375228,-0.198467969894,0.296705901623,-0.598815977573,-0.067936792970,-0.176995411515,0.315075099468,0.008882080205,-0.215869918466,0.059717375785,0.060137193650,-0.061162050813,0.447096198797,0.647597432137,-0.287593334913,-0.394026011229,-0.268656164408,-0.502014458179,0.020431252196,-1.221816897392,0.173245832324,-0.308884799480,-1.210856318474,0.043801248074,0.385823071003,-0.102728366852,0.735940754414,0.372096568346,-0.091631941497,1.264029383659,-0.117825433612,0.259782314301,0.220245108008,-0.147291049361,-0.121743753552,-0.156913995743,-0.523071348667,-0.634064435959,0.261770278215,-0.485341042280,-0.241676524282,0.362082630396,-0.500837326050,0.417597711086,-0.372450560331,0.303538292646,0.269384682178,-0.119875140488,0.158683821559,0.331818521023,0.319388538599,0.120718903840,0.710735142231,0.474022328854,0.078098915517,0.858618915081,0.113182723522,0.031445357949,0.938014328480,-0.491148531437,-0.326932966709,0.055988386273,-0.511814415455,-0.706265211105,-0.510233938694,-0.094867028296,-0.406525939703,-0.029543820769,-0.261482149363,-0.269775688648,0.503006398678,0.418046325445,0.524129152298,0.970587372780,0.088495634496,-0.079366609454,0.460345238447,-0.100748628378,0.072888210416,-0.113458484411,-0.043134473264,-0.564629435539,-0.176769018173,0.032651316375,-0.032058626413,-0.034910935909,-0.360255151987,0.221146494150,0.556187748909,-0.232214108109,0.000423936144,-0.345771372318,-0.899687111378,0.351570636034,-0.020908694714,-0.331736207008,0.290614396334,-0.130860447884,0.620531380177,0.404854923487,-0.054333798587,0.811726629734,-0.272862583399,-0.269862085581,-0.127287864685,-0.240762814879,-0.085305832326,-0.286321550608,-0.652145504951,-0.149447783828,0.391630560160,-0.104070149362,0.255403012037,0.835137724876,0.241734147072,0.346812695265,0.877955257893,0.412222355604,-0.188639238477,0.566695630550,-0.092525094748,-0.123270757496,-0.213013499975,-0.498338967562,-0.487979292870,0.210659220815,-0.675223290920,-0.476541280746,0.003687832970,-0.470104008913,-0.133716866374,0.664723634720,-0.443577140570,0.019221182913,-0.346215873957,0.184605658054,0.544218778610,-0.188309982419,-0.711772322655,0.218006074429,0.518580913544,-0.059223465621,0.707808732986,-0.265923202038,-0.595169305801,0.467457532883,-0.598947644234,-0.050950538367,-0.571675837040,-0.356439739466,-0.689023852348,-0.038853950799,-0.125357508659,-0.250299304724,-0.134667634964,0.002737063449,0.426533252001,1.138379693031,0.164602473378,0.708697736263,0.045180067420,0.997789263725,0.006581299938,0.594996452332,-0.218763396144,-0.234691873193,0.224163442850,0.281658232212,-0.378183960915,0.118488095701,-0.179497867823,0.449899166822,-0.331859678030,0.331180572510,-0.130679354072,-0.133408173919,-0.332139581442,-0.051720209420,-0.218734592199,-0.235111683607,-0.515210032463,0.505661189556,0.081148780882,0.487275481224,0.138017967343,-0.051139868796,0.532492637634,0.332542926073,-0.020682321861,-0.573602080345,-0.196850433946,-0.407172143459,-1.064635396004,-0.557722985744,-0.759191393852,-0.459505617619,-0.096966132522,-0.201707169414,-0.038858070970,0.284806877375,0.188128873706,0.598289132118,-0.061758853495,0.485769063234,0.948081731796,-0.277674049139,0.304048657417,0.080235056579,-0.157477870584,0.027988018468,-0.068191982806,-0.364095300436,-0.167640000582,0.076345548034,-0.135202705860,0.082935079932,-0.063471063972,-0.596848547459,0.103765569627,0.082893922925,-0.371734410524,0.500631511211,0.116281978786,-0.077650286257,0.412386953831,0.405357062817,0.664406716824,-0.061721812934,0.904115855694,-0.381439626217,-0.162141174078,0.011643838137,-0.053465344012,-0.034721605480,0.370392590761,-0.783339321613,-0.611739873886,-0.004408112727,-0.618819177151,-0.331052958965,-0.270981639624,-0.725177764893,0.311942934990,-0.139372095466,0.397137612104,0.339560508728,0.042521208525,0.885285735130,0.455904245377,0.703005492687,0.958614230156,-0.330065160990,0.206037074327,-0.253999471664,-0.589826881886,0.084828391671,-0.726445436478,-0.041628062725,0.707063734531,-0.409007817507,0.204954594374,-0.340684145689,0.597721159458,0.012952689081,-0.747498214245,-0.109021559358,-0.745539009571,-0.278139173985,0.160309597850,-1.314576625824,0.050193220377,-0.135968253016,-0.295928001404,0.499549090862,-0.221615716815,0.110071107745,0.439136117697,-0.592045366764,-0.671963512897,0.062199253589,-1.113025784492,-0.148501127958,0.111507557333,-1.518312811852,0.046320170164,0.211218982935,-0.087656006217,1.095492124557,0.240318298340,-0.030630417168,0.497141271830,0.385839521885,0.766542375088,0.029720805585,-0.525302171707,-0.241487190127,-0.313222944736,0.169973701239,0.158078789711,-0.124258562922,-0.426228702068,0.659459412098,0.468000799417,-0.647432804108,-0.087993502617,0.680569767952,-0.560245990753,0.352434992790,0.011516246013,-0.239202871919,0.155979692936,0.027498226613,0.185684040189,0.975106656551,0.444840729237,0.369141399860,0.344849407673,0.464703977108,-0.238326206803,-0.085260555148,-0.246306896210,-0.756734311581,0.288943350315,-0.504302918911,-0.470099896193,-0.262280642986,-0.961869955063,-0.606957197189,0.307049125433,0.003992408514,0.593308925629,-0.430677980185,-0.129168808460,0.084684334695,0.661348581314,0.531620025635,-0.228723838925,0.055901952088,0.320940226316,-0.354521751404,-0.078374683857,-0.151925534010,0.198719039559,-0.392169713974,-0.439909875393,0.243499875069,-0.267116814852,-0.150797784328,0.496762633324,-0.061273179948,0.108103714883,0.487164348364,-0.147476270795,0.138400748372,0.177353486419,0.478055924177,0.446071356535,0.417531847954,0.008289392106,0.540489792824,0.415638536215,-0.374010443687,-0.461530625820,-0.462065726519,-0.419219344854,-0.631397306919,-0.607224762440,-1.019821643829,-0.701424956322,-0.917747676373,0.267129182816,0.468659371138,-0.438592821360,0.471104174852,0.288708746433,0.423615098000,1.137651205063,0.387061923742,0.071052521467,0.661875486374,-0.077909588814,-0.280061274767,-0.567428231239,-0.134395986795,-0.164758875966,0.215931683779,-0.976444303989,-0.308864235878,-0.493066519499,0.045723367482,0.610163450241,0.082947432995,-0.141602903605,-0.115228310227,-0.111733928323,0.433485001326,0.267734199762,0.114915505052,0.244224265218,0.488283902407,-0.233642324805,0.119134292006,0.773848056793,-0.122838579118,0.222533553839,-0.413156628609,-0.487423688173,-0.524408996105,-0.349134057760,-0.200953960419,-0.529689669609,-0.760730743408,-0.476862311363,-0.162914961576,0.284111291170,-0.523293614388,0.004827932920,-0.156317189336,0.235416263342,0.421602457762,0.536131024361,0.107424594462,0.394240021706,0.412193506956,0.501006066799,0.008108293638,-0.312967777252,-0.129177048802,0.340445399284,-0.167306602001,-0.371368080378,0.422318607569,0.061532478780,-0.211395978928,0.011602679268,-0.502849996090,-0.003502618056,0.291713356972,-0.360740840435,-0.193129658699,-0.528677225113,0.004589211661,0.243849724531,-0.082774564624,0.449261188507,-0.047764845192,0.412658631802,0.600157797337,0.488020479679,0.348813027143,-0.050773557276,-0.322393149137,-0.434625089169,0.318116724491,-0.115220084786,-0.613773107529,-0.176699057221,-0.337605446577,0.248311325908,-0.506373226643,0.385106891394,0.032573111355,0.234185621142,0.634595394135,0.560287177563,0.259136110544,0.422668427229,0.048983145505,-0.490448832512,-0.339507013559,-0.406637102365,-0.681656420231,-0.506891787052,-0.188161805272,-0.188009515405,-0.123332493007,0.060470581055,-0.999015808105,0.055453319103,0.219800591469,-0.150406777859,0.136153474450,-0.341618448496,0.014043399133,1.088729858398,-0.193063810468,0.198525577784,0.711932837963,0.753375709057,1.396001100540,0.213495075703,-0.272603273392,0.231078118086,-0.149875834584,0.581553936005,0.142166778445,-0.631837725639,-0.769349396229,-0.476088523865,0.115989759564,-0.631771862507,-0.130243062973,-0.012722199783,0.100341163576,-0.024818785489,0.262992709875,0.625952005386,0.448112875223,0.840521275997,0.167985737324,0.037656228989,-0.338235199451,-0.020208993927,0.510653734207,-0.266124904156,-1.045924544334,-0.157926499844,-0.352879494429,-0.299167215824,-0.318343102932,-0.449903279543,-0.221772119403,0.361251205206,0.002765874611,0.056342348456,-0.303093761206,-0.137519940734,0.004733267706,0.128366217017,0.020060824230,-0.070048250258,-0.206773832440,0.446285396814,-0.171500697732,0.066372759640,0.187350958586,-0.228583887219,0.084532044828,-0.264993011951,-0.647128224373,0.242384463549,-0.920822262764,-1.029214024544,0.468449443579,-0.034128919244,-0.030185898766,0.440663099289,-0.172546133399,0.354958027601,0.951345622540,0.674227237701,0.298376947641,0.339165389538,-0.463041156530,0.007486794610,0.082614041865,-0.369421243668,-0.214462295175,-0.704100370407,-0.254415214062,0.021328516304,-0.631175100803,0.082046046853,-0.798103034496,-0.319639623165,-0.228674441576,-0.109807699919,1.168606758118,-0.278250277042,-0.518543899059,0.617781937122,-0.392939418554,0.430999010801,0.739608049393,-0.020414788276,0.546379566193,0.721868574619,-0.077452719212,0.262791037560,-0.440152734518,0.103963136673,-0.395289599895,-0.168125659227,-0.726486563683,-0.052415795624,-0.578833341599,0.043262068182,-0.095011085272,-0.314404219389,-0.001193606644,0.504529297352,-0.080667227507,1.000127077103,0.253748416901,0.806326568127,0.516592919827,0.259605318308,0.617106974125,0.207983896136,0.160202577710,0.506813585758,-0.614472806454,0.118590995669,-0.227176263928,-0.426516801119,0.258596926928,-0.314651161432,0.090557694435,0.535834670067,-0.245105057955,-0.068776436150,0.326393812895,-0.486011922359,-0.429780721664,-0.139754876494,-0.290770798922,-0.311214417219,0.001053666580,-0.039763562381,0.623626530170,-0.020698785782,-0.130127817392,0.450611203909,-0.182687669992,0.346763312817,-0.124871835113,-0.764307498932,-0.349751442671,-0.332847505808,-0.684788584709,-0.062285687774,-0.259572386742,-0.292836964130,-0.056008961052,0.345265120268,0.617288053036,0.138758823276,0.784960985184,0.080963574350,0.769431769848,0.768896698952,-0.325323671103,0.305999577045,-0.393519759178,-0.903551936150,0.587069213390,-0.114870235324,-0.527434170246,0.458657741547,-0.234272062778,-0.578668713570,0.445458114147,-0.375171154737,-0.634356677532,0.357872068882,-0.080074541271,-0.152065485716,-0.038755171001,-0.150913044810,-0.102946512401,0.672218680382,0.347829341888,0.457591742277,0.255843400955,0.423388749361,0.179839476943,-0.009371870197,-0.162655651569,-0.773844003677,-0.050312574953,-0.483451843262,-0.627018034458,-0.197895869613,-0.279217511415,-0.418569028378,0.110647328198,-0.782935976982,0.026720324531,0.450368344784,0.108609966934,0.185161307454,0.792447745800,0.666752815247,0.631018638611,0.751540064812,0.489341676235,0.521420896053,0.009297783487,0.413185447454,0.050370201468,-0.537620961666,0.367865443230,-0.217487484217,-0.085865594447,0.258551657200,-0.131379052997,0.805947899818,-0.305448055267,0.130037263036,0.090821117163,-0.409900963306,0.558007001877,-0.345779597759,-0.499915361404,0.724486291409,-0.207617580891,0.298953175545,0.042084924877,0.119331851602,0.026740903035,-0.303715258837,0.685307204723,-0.957037925720,0.020122561604,-1.178089737892,-0.899794161320,-0.494655251503,-0.425697743893,-0.114915505052,-0.229670494795,-0.444898337126,0.324162989855,0.356192797422,0.771621406078,0.204312533140,0.292178422213,0.588526248932,-0.344133257866,0.369388312101,0.468984514475,-0.735356330872,-0.311613649130,-0.066183432937,-0.216417342424,0.289363175631,-0.073859557509,-0.143862530589,-0.329851120710,0.465881139040,-0.270845800638,0.227678403258,0.346627473831,0.033931355923,0.725704550743,0.108622319996,0.297734886408,0.024366037920,0.285226702690,1.185617685318,0.457517653704,0.033169917762,0.590090334415,-0.628261029720,0.293833017349,-0.336996316910,-0.360864311457,-0.650330424309,-0.997171938419,-0.087668344378,-0.201015695930,-0.180773779750,-0.676198720932,-0.497524052858,-0.062512062490,-0.188807994127,0.608286619186,0.840657114983,0.529294550419,0.257707893848,0.530286490917,0.211852833629,0.075246609747,0.404146999121,0.396730124950,-0.428883463144,-0.075703471899,0.276476323605,-0.759006202221,-0.049423545599,-0.585550487041,0.427212387323,0.450273692608,-0.060091920197,0.461151957512,-0.050633616745,-0.236741587520,0.284539371729,-0.539045095444,0.345186918974,-0.358876377344,0.465555995703,-0.243318766356,-0.299780488014,-0.292219609022,0.120031557977,0.230938196182,0.797411561012,0.342351078987,-0.039603047073,-0.429686039686,-0.556512892246,-0.457562923431,0.267775356770,0.034137148410,-0.605808854103,-0.616637766361,0.085507504642,0.002099101432,0.151719748974,0.264519691467,0.099641464651,0.235609710217,0.701976537704,0.141644060612,0.211428880692,-0.522182345390,-0.471046566963,0.720782041550,-0.427846223116,-0.638390183449,0.022217547521,-0.233263656497,-0.406064987183,0.160548314452,0.254699170589,0.061618912965,-0.240519970655,-0.434513956308,-0.406838774681,-0.054432578385,0.526989698410,0.369458317757,-0.511608600616,0.104263596237,0.137124821544,0.616872370243,0.881869554520,0.240141302347,0.065784193575,1.118043184280,-0.133930891752,-0.181543454528,0.284584641457,-0.890673339367,-0.182831734419,-0.182107329369,-0.719674825668,-0.343268930912,-0.810981631279,-0.602619051933,0.440918266773,-0.176452115178,-0.267651885748,0.039932314306,0.318017959595,0.258004248142,0.475314706564,0.513728320599,0.226941645145,0.278250277042,0.232395216823,-0.704927563667,0.213490962982,-0.128049284220,-0.628787875175,0.156798750162,-0.056457594037,-0.484764784575,0.148521706462,0.312391549349,-0.522058844566,0.125802025199,0.566991984844,-0.960725784302,0.381085664034,-0.026662703604,-0.112256646156,0.980193853378,-0.488308608532,-0.388280212879,1.090149760246,-0.337230920792,0.865941047668,0.271257370710,-0.243491619825,0.477747231722,-0.673218786716,-0.508966207504,0.106255687773,-0.739628672600,-0.095710791647,-0.400203943253,-0.466980069876,-0.181432336569,0.430463969707,0.655981540680,0.357678651810,0.324549883604,0.332341253757,1.307670235634,0.352002829313,-0.091788351536,0.767843067646,-0.320948481560,0.059062946588,-0.347240746021,0.000872567587,-0.567613422871,-0.256884723902,-0.277077257633,-0.576705455780,-0.108511194587,0.567802786827,-0.405064821243,-0.231843680143,-0.149246111512,-0.235955446959,0.092183470726,0.255114912987,0.365548193455,0.163832798600,0.070439256728,0.341437339783,0.221521049738,0.316849052906,-0.151929661632,0.352060437202,-0.630463063717,0.331345200539,-0.234062135220,-0.793789565563,0.376940995455,-0.520671784878,-0.186099737883,-0.235696151853,-0.355571269989,0.146570771933,0.057758215815,0.306522309780,0.043414354324,0.262107789516,0.999604403973,0.801387488842,0.108647011220,0.605175018311,0.489975512028,0.053020827472,0.676972508430,0.269129484892,-0.739632725716,-0.298031240702,-0.200797557831,-0.339745700359,-0.261609762907,0.115672834218,-0.412749171257,-0.003490270348,0.622877478600,0.019731551409,-0.087322607636,-0.329509526491,-0.360086441040,0.085577480495,0.493190050125,-0.616691231728,0.270154327154,0.082087211311,-0.638353168964,0.476771771908,0.524195015430,-0.251151293516,0.637558817863,-0.714748084545,-0.129209980369,-0.008548692800,-1.002967119217,-0.270516544580,-0.327130526304,-0.825860559940,0.146784797311,-0.335650414228,-0.110960140824,-0.179020404816,1.193063259125,0.386922001839,0.127744719386,0.998526036739,0.008305856027,0.202098175883,0.178160190582,0.237235486507,0.180061727762,-0.063960850239,-0.190252646804,-0.124390281737,0.226624742150,0.127440139651,0.396746605635,0.051728442311,-0.643769681454,0.135688379407,0.125341042876,-0.168858304620,-0.494733482599,0.449833303690,0.327155232430,-0.076246768236,-0.145615890622,0.195854380727,0.507241666317,0.178810507059,0.781861722469,0.084671981633,0.135610178113,-0.079967528582,0.070525690913,-0.536098122597,-0.131695970893,-0.190112724900,-0.934379935265,-0.676071107388,-0.298623889685,-0.555804967880,-0.403393775225,-0.804540276527,-0.076485484838,-0.264330357313,0.094089128077,0.408946096897,0.637966275215,0.903720736504,0.113915346563,-0.282119214535,0.884252607822,0.126374125481,0.139952436090,0.035828776658,-0.899736583233,-0.017249673605,0.080617837608,-0.706364035606,0.089693367481,-0.359888881445,0.070056475699,0.313523411751,-0.109264396131,0.582294821739,-0.511336982250,-0.738513231277,-0.161038115621,-1.088713288307,0.271771878004,0.504105329514,-0.678960502148,0.724173486233,0.314437150955,-0.476771771908,1.208448410034,0.046542428434,-0.374792456627,0.570696234703,-0.794419348240,-0.714036047459,0.454105585814,-0.432851165533,-0.545017242432,0.002440719632,-0.050835292786,0.359333217144,1.066075921059,-0.041887361556,0.128329172730,1.113877892494,0.533599793911,0.674877524376,0.576458513737,-0.376405894756,0.649560689926,-0.023188894615,-0.208963483572,0.196891590953,-0.142994076014,0.321248918772,-0.064738757908,-0.107161179185,-0.195582732558,-0.221199989319,0.199805632234,0.017278485000,-0.191726148129,-0.101650007069,-0.118977881968,0.750646889210,0.341737806797,0.080198019743,0.222578823566,0.042068459094,0.535365521908,0.946254312992,-0.440045744181,-0.512283623219,0.528537213802,-0.577825009823,-0.083902314305,-0.961713612080,-0.912397027016,-0.338189899921,-0.476022690535,-0.571482360363,-0.281267225742,-0.599499225616,-1.243626952171,0.951670765877,0.220603197813,-0.668740749359,0.633150696754,0.061960533261,0.514115214348,0.927362382412,0.631998240948,-0.353982537985,-0.344223797321,-0.036528479308,-0.082231260836,0.000572108023,-0.243071809411,0.206954941154,0.492008775473,-0.322693616152,0.489391088486,0.126481145620,-0.066607370973,0.463522732258,0.227546706796,0.230613023043,-0.336988061666,-0.090528890491,0.160309597850,-0.181345894933,0.458328485489,0.279415071011,0.247949138284,0.640995562077,0.044645000249,0.095793105662,0.425940573215,-0.232477530837,-0.039010357112,-0.767982900143,-0.466103374958,-0.231831341982,-0.337107419968,-0.580220401287,-0.397759139538,0.183239206672,0.208280235529,-0.138841137290,0.580800712109,0.207382977009,0.673675715923,0.640456378460,0.047135114670,0.108819879591,-0.307662397623,-0.786438584328,0.106128096581,-0.090714097023,-0.610982537270,-0.301702588797,-0.216289758682,-0.518194019794,-0.486546993256,0.679676651955,-0.646206319332,0.286428540945,0.608554184437,-0.196673437953,-0.088606767356,0.415980130434,-0.197229072452,0.043669536710,0.320442229509,0.272311061621,0.653088033199,0.941232919693,-0.076069787145,0.444141030312,0.235029384494,-0.312041699886,0.984672009945,-0.305550932884,-0.716106355190,0.027712251991,-0.742937803268,-0.091417923570,-0.805507481098,-0.486077755690,0.145582973957,-0.254954367876,-0.394787460566,0.753783166409,0.229007840157,0.125979006290,0.419902592897,0.447050958872,0.320199370384,0.121229276061,0.686665415764,0.236441120505,-0.355554819107,-0.237503021955,-0.357258796692,0.119792826474,-0.115936242044,0.131082698703,-0.428657054901,-0.084375642240,-0.018751971424,0.171406030655,-0.326768338680,-0.256209731102,0.304752469063,-0.734730720520,-0.067191824317,0.496005296707,-0.760718464851,0.377632439137,0.651668071747,0.071628749371,0.405278831720,0.753737926483,-0.263321965933,0.170887425542,0.337617814541,-0.428550034761,0.024909334257,-0.582558214664,-0.696671128273,0.074127085507,-0.600252449512,-0.085458114743,0.466502636671,0.064866349101,0.172262132168,-0.073575556278,0.579866468906,0.586851119995,0.372178882360,0.688850939274,0.230584233999,0.157132133842,-0.085927329957,-0.644267678261,-0.079000294209,0.331546872854,-0.760965406895,-0.331048846245,-0.394581675529,-0.721629858017,-0.008931470104,0.073661990464,-0.629150032997,0.384913444519,0.696461260319,-0.511929690838,0.021917086095,-0.594206213951,0.566181123257,1.181896924973,0.330472618341,-0.076275579631,0.420812189579,0.466136306524,-0.040759608150,0.353097677231,0.072847045958,-0.046369560063,0.051584385335,-0.634883463383,-0.196204230189,-1.057564258575,-0.322998166084,-0.253036379814,-0.405813902617,-0.655125379562,-0.024637687951,0.163207188249,-0.262980341911,0.837537348270,0.433731943369,0.486649870872,1.250969648361,-0.152456492186,0.234551936388,0.424565851688,-0.545535862446,-0.058136872947,0.087211482227,-0.825984001160,-0.418182134628,-0.215384259820,-0.084136918187,0.145043775439,-0.581599235535,-0.014039283618,-0.163273036480,0.034342940897,-0.020723480731,-0.213029965758,-0.243792101741,-0.610875487328,0.259930461645,0.398450553417,-0.076691284776,0.595449149609,-0.045229457319,0.093381188810,-0.043290875852,0.170200064778,0.134276628494,0.028901742771,-0.826313257217,-0.371388643980,-0.508101880550,-0.399298459291,-0.082630500197,-0.437740832567,0.234444916248,-0.515617489815,0.150172173977,0.859215676785,-0.058441448957,0.630882859230,0.479307115078,-0.010195046663,1.378368735313,-0.094858802855,-0.167162552476,-0.296607136726,0.191162273288,-0.578335344791,-0.062252759933,-0.412992000580,-0.714069008827,-0.078234739602,-0.181123629212,-0.518263995647,0.387679308653,-0.309852063656,0.160745888948,0.625840842724,-0.158782601357,0.678281366825,0.133144766092,0.037347540259,0.148175969720,0.629890918732,0.377784729004,0.054803006351,0.235268101096,0.442881554365,0.000600919186,-0.114730291069,0.022456267849,-0.576450288296,0.306332975626,0.147451579571,-1.541929841042,-0.031251914799,-0.449466973543,-0.610628604889,0.067788623273,-0.651635110378,0.338576823473,0.038384743035,0.249607831240,0.344561308622,0.367536157370,0.551981329918,0.434073567390,-0.493613958359,1.040643930435,0.165343329310,-0.619325459003,0.036116890609,-0.097320102155,-0.496021747589,-0.421767055988,-0.216651946306,0.340198457241,-0.012775707059,0.067726880312,-0.066232822835,-0.580874800682,-0.112672343850,0.265116482973,-0.773000240326,-0.725371181965,-0.148151278496,-0.363815397024,0.054325565696,0.221508681774,-0.253517925739,0.542411863804,0.961680591106,-0.170554041862,0.744193136692,0.355571269989,-0.816727340221,0.143636152148,-0.054309103638,-0.396351456642,0.185815736651,-0.577372193336,-0.148143053055,0.586583554745,-0.438950896263,0.388296723366,0.781734168530,0.389490306377,1.451425552368,0.279666155577,0.259370714426,0.247883290052,0.520844638348,-0.173130586743,0.298829704523,-0.330542594194,-0.006433128379,-0.051732558757,-0.029004640877,-0.135350868106,0.314157247543,-0.719847738743,-0.459736108780,-0.599264621735,-0.234704211354,0.084659636021,-0.342054724693,-0.536995410919,-0.176118716598,-0.056963849813,0.532846570015,-0.458900600672,0.289980560541,-0.253921300173,0.690353274345,-0.248677656054,-0.004317563027,-0.208609521389,-1.036346912384,0.400088697672,-0.234626024961,-1.474939703941,-0.379801481962,-0.554730713367,-0.504986166954,0.114804379642,-0.728272855282,-0.419565051794,0.569440901279,0.315799504519,0.506471991539,0.374125719070,0.814286708832,0.096447534859,1.069603204727,0.154078155756,-0.165030524135,0.753141105175,-0.049197174609,0.220224544406,-0.070109985769,-0.138404861093,-0.224612072110,0.114401020110,0.847641825676,-0.059709142894,-0.407340914011,1.146306872368,0.279567360878,0.109424911439,-0.140401065350,0.269816845655,0.118702113628,0.189248383045,-0.013615347445,0.293886512518,0.152761071920,-0.476442486048,0.012804518454,-0.099863722920,0.391062557697,-0.098995268345,-0.809088289738,-1.068800687790,-0.434011816978,-0.497153609991,-0.422857761383,-0.706792116165,-0.413687586784,-0.304521977901,-0.075271300972,0.522322237492,-0.265618622303,0.340955793858,0.639242231846,0.393614411354,0.868776857853,0.028012713417,-0.600425302982,0.712570786476,-0.375220507383,0.199566900730,-0.119607619941,-0.527454733849,0.308979481459,0.096196457744,0.017760042101,0.477755457163,-0.429817736149,0.438601046801,0.585126578808,-0.210650995374,-0.098147392273,0.323273956776,0.004967872985,0.483781099319,0.382135212421,0.643539190292,0.693526625633,0.209926590323,0.693073868752,-0.040467381477,0.962186872959,-0.286675512791,-0.229547023773,-0.838405787945,-1.007918477058,0.464230656624,-0.280402898788,-1.090285539627,-0.374948889017,-0.375084698200,-0.469610124826,-0.167475357652,-0.610332250595,0.180530935526,-0.359407305717,-0.047715455294,0.548207104206,0.063499867916,0.950925827026,-0.248130246997,0.069492600858,0.255831062794,-0.064051404595,0.222636446357,-0.586287260056,-0.694427967072,0.132815495133,-0.180819049478,-0.317017793655,0.080823630095,-0.375101149082,0.279999524355,-0.005877483636,0.419322252274,0.024971073493,-0.625869691372,-0.184655055404,-0.489852041006,-0.404344558716,-0.187659651041,-0.641423642635,0.511732101440,0.292758792639,0.340453654528,0.443943470716,0.038574073464,-0.335107117891,0.743596374989,0.096455767751,-0.104769848287,-0.516724646091,-0.646049857140,-0.325097292662,-0.116022683680,-0.869480669498,-0.336819320917,0.198505014181,0.405999124050,0.192594587803,0.113170370460,0.876868724823,0.365675806999,0.317626953125,0.651347041130,0.021690713242,-0.237243711948,0.145422443748,-0.144702166319,-0.314412444830,0.580570280552,-0.227731898427,0.439778178930,-0.052419908345,-0.518778443336,0.041265860200,0.081025309861,-0.366136759520,0.031338345259,0.030638648197,-0.341803669930,0.409888625145,0.277587622404,0.404221028090,0.501858115196,0.457176059484,0.844172120094,0.555751442909,0.367318034172,-0.158185794950,0.615839302540,0.221397563815,-0.526907384396,-0.144060090184,-0.799284279346,-0.510299742222,-0.326163291931,-0.907968342304,-0.543667256832,-0.688352942467,-0.409114837646,-0.358349502087,-0.638793587685,0.129028886557,-0.423512220383,0.727075219154,-0.096665672958,0.059046484530,0.697218537331,-0.058597855270,-0.356398612261,0.702458083630,-0.322372585535,-0.648074865341,0.224714964628,-0.371664404869,-0.126905068755,0.267561316490,-0.345302164555,0.140627443790,1.080152273178,0.159177735448,-0.321590542793,0.749794900417,-0.303365409374,0.206065893173,0.784018456936,-0.200163707137,-0.027897467837,0.674445390701,-0.125332802534,0.833120942116,1.047945380211,-0.571478247643,0.479990363121,0.316178172827,-0.177419334650,-0.152324780822,-0.513333201408,-0.301443308592,-0.165149882436,-0.378669649363,0.398388862610,-0.611262440681,0.027741065249,0.556220710278,0.335172981024,0.176468566060,0.340655326843,0.951041102409,0.107605695724,0.460040688515,-0.323113441467,-0.673115909100,-0.597149014473,-0.377406060696,-0.185712829232,-0.378373295069,-0.712801277637,-0.763336181641,-0.731475055218,-0.171780571342,0.135021597147,-0.156704083085,-0.503335654736,-0.178407147527,-0.224595591426,-0.836631774902,0.131564259529,-0.061939951032,-0.145866960287,0.613715469837,0.533233463764,-0.062643773854,0.566917836666,0.638291418552,0.022332791239,-0.116199664772,-0.245063900948,0.478726804256,0.083692409098,-0.426697909832,-0.505747616291,0.148377656937,-0.322343766689,0.757623255253,0.060964487493,0.055650878698,-0.108873389661,0.781660079956,0.881688416004,-0.065129764378,1.196738839149,1.379973888397,0.434172362089,0.621696174145,0.329661786556,-0.413345992565,0.019698625430,0.705915391445,-0.779079377651,-0.604178965092,-0.087824754417,-0.151172339916,0.195253461599,-0.306806296110,-0.418622553349,-0.094928771257,-0.065981745720,-0.420322418213,-0.695304691792,-0.956021249294,0.010055107065,0.515181183815,-0.463806718588,-0.250945508480,-0.235486239195,0.031297188252,0.458373785019,0.435810476542,0.050440166146,-0.533410429955,0.191602677107,-0.542008519173,-0.291009545326,-0.243693321943,-0.825749456882,-0.677915096283,0.051308620721,-0.236111849546,-0.063882648945,-0.471783310175,0.188894420862,0.316914886236,1.179176330566,0.357398748398,0.899592459202,0.373866409063,0.231452673674,0.327484488487,0.430673867464,0.243063583970,0.517449021339,-0.756372094154,-0.323117554188,-0.214849188924,-0.026333430782,0.512312471867,0.090026751161,-0.382184594870,-1.055078268051,-0.002267852658,0.002424256178,-0.468095481396,0.056008961052,-0.306485265493,-0.083972282708,0.591464996338,0.083017393947,0.310642302036,0.570848584175,0.505718767643,0.695465207100,-0.210741549730,-0.265025943518,0.242771357298,-0.158556237817,-0.024164360017,-0.529928386211,-0.806050777435,-0.003827772802,-1.035713076591,-0.037936110049,-0.372487574816,0.008540460840,-0.101608857512,0.146467879415,0.822242677212,0.115084253252,0.412020683289,0.530142426491,0.378052264452,1.150826096535,0.053403604776,0.487559497356,-0.288120180368,-0.240351200104,0.153222039342,-0.280423462391,-0.365992724895,0.208362564445,0.079827584326,0.158580929041,-0.299475908279,-0.079300753772,0.394824475050,-0.525380373001,0.360189318657,-0.208288460970,-1.023423075676,0.396318554878,-0.590814709663,-0.581574499607,0.236737474799,-1.009943485260,-0.623338401318,1.053781747818,-0.439967513084,0.191989555955,0.117463245988,-0.465136140585,-0.084453843534,-0.537258803844,-0.228094115853,-0.179699540138,0.125007659197,-0.042731117457,-0.768262863159,0.345968931913,0.133535757661,0.188326433301,1.026439905167,0.427319407463,0.636776804924,0.748794674873,0.439638257027,-0.213663816452,0.272809088230,-0.562159955502,-0.072143234313,0.655026614666,-0.599466323853,-0.035647679120,0.024966958910,-0.264264494181,0.811883032322,-0.012693389319,0.089668676257,0.016208354384,-0.705046951771,0.401763886213,0.047361485660,-0.348331451416,-0.236004829407,-0.287136465311,0.483464181423,0.295022517443,-0.015022980049,0.055523287505,-0.098431386054,-0.246179297566,-0.041376989335,-0.488078087568,-0.210720956326,-1.022546410561,-0.864241182804,-0.374924212694,-0.789266228676,-0.762866914272,-0.623881757259,0.141928061843,0.254402846098,-0.756520211697,0.170414105058,0.289988785982,0.658842027187,0.551326930523,0.208761796355,-0.277225434780,0.161630809307,0.683199882507,0.152929827571,-0.615007877350,0.370232045650,0.088997781277,0.203460529447,0.440276205540,-0.113972969353,0.068459510803,0.728272855282,0.479665219784,0.767332613468,0.317301809788,-0.109984681010,-0.396059274673,0.470651447773,0.381822437048,0.285905808210,0.629582226276,-0.046904627234,0.034902703017,-0.283675014973,0.056037776172,-0.159733384848,-0.199060648680,0.015895547345,-0.658562123775,-0.571268379688,-0.455155134201,-0.475965052843,-0.567164838314,-0.383423507214,-0.712048113346,-0.002453067340,-0.137170091271,-0.199348777533,0.489810883999,-0.297697842121,0.234230905771,0.613999485970,0.040652595460,0.317721635103,0.040380947292,-0.022275170311,0.581463396549,-0.669189393520,-0.054115653038,0.031029656529,0.110532090068,0.241355493665,-0.437930136919,-0.326270312071,0.113104522228,-0.072822347283,0.468000799417,-0.184634491801,-0.274879366159,0.231535002589,0.433283329010,-0.123155504465,0.143059924245,0.236840367317,0.075234264135,0.780692815781,0.648050189018,-0.118150591850,0.538691103458,0.714958012104,-0.225723356009,0.602265119553,-0.766460120678,-0.339046001434,-0.203456416726,-0.760413825512,-0.259152591228,-0.388099163771,-1.458097457886,-0.351443052292,-0.418079227209,-0.669921994209,-0.193487748504,0.303299546242,0.411926001310,0.945459961891,-0.259712338448,-0.114820845425,0.991092741489,0.497400581837,0.115973293781,0.028140304610,-0.399401366711,0.014405597933,0.030548097566,-0.338984280825,0.141528815031,-0.915109336376,0.720279812813,0.304867714643,-0.368820309639,0.492136359215,-0.246459186077,-0.065109178424,0.524907052517,-0.694921910763,0.238420873880,0.074534557760,0.310650527477,0.491494297981,-0.118537485600,0.051069900393,0.611719310284,0.709327518940,0.438304692507,-0.094377234578,0.047320328653,0.485332816839,-0.181148335338,-0.600742220879,-0.374734878540,-0.605557799339,-0.546116232872,-0.020517686382,0.135626628995,-0.245129749179,-0.099596187472,0.233679369092,0.036590218544,0.532155096531,0.069879494607,-0.210206478834,-0.476397216320,0.123439498246,-0.465934634209,-0.496367514133,-1.108156681061,0.118500441313,0.137915074825,-0.493840336800,0.104094840586,-0.315087467432,-0.893270492554,0.650684356689,-0.424183130264,-0.070945508778,-0.340000897646,-0.025893030688,0.210107699037,0.256732434034,0.557862877846,0.529129922390,0.140512183309,1.389127612114,0.116800583899,1.243157744408,0.349846094847,-0.598638951778,0.199344649911,0.190865933895,-0.987824678421,0.065475501120,-0.675075113773,-0.058536116034,-0.348557829857,-0.414453148842,-0.208255559206,0.032091554254,0.299529403448,-0.171163186431,0.243800327182,-0.009791690856,-0.052926164120,0.129971414804,-0.150402665138,0.464033097029,0.038541145623,-0.899501919746,0.187503248453,-0.345191031694,-0.513452529907,0.125793784857,-0.491206169128,-0.629339396954,0.354912757874,-0.644107162952,-0.230950534344,0.130843982100,-0.110478579998,-0.118385203183,-0.585896253586,0.252653598785,0.444671958685,0.156922236085,-0.349418073893,0.235930755734,0.387934505939,0.295899212360,0.441626250744,-0.071653440595,0.341194510460,0.099596187472,0.226941645145,-0.356810182333,-0.401875019073,0.293487280607,-0.287618041039,0.075427703559,-0.034083642066,-0.260893613100,0.617547392845,0.080379121006,0.849144101143,0.514839589596,-0.062993623316,0.812525093555,0.674095511436,0.354093700647,0.366054475307,-0.399578332901,-0.236980304122,0.273731052876,-0.789002776146,-0.003395604901,-0.054852396250,-0.155926182866,-0.091265633702,-0.131539568305,-0.223969995975,0.009627054445,0.263383716345,0.002617702819,-0.194763675332,-0.045694556087,-0.607768058777,0.107239373028,0.144093006849,-0.087507829070,0.222570598125,-0.370483160019,0.387280046940,0.450228422880,-0.194541424513,0.021567236632,-0.361280053854,0.311181485653,0.123468317091,-0.613843083382,-0.252501308918,-0.435094296932,-0.592872679234,0.008359362371,-0.502623617649,-0.522733867168,-0.344878226519,0.129349917173,0.269351720810,0.127958744764,0.132222801447,0.384366005659,0.395367801189,1.078300118446,0.715065062046,-0.605561912060,0.567358314991,0.204859942198,0.109231464565,0.247422292829,-1.284279584885,-0.140191167593,-0.297508507967,-0.139030471444,0.161943599582,-0.448005855083,-0.469980537891,-0.229295954108,-0.471141248941,-0.252246111631,-0.340243726969,-0.202579736710,-0.264951854944,0.662608087063,-0.182214334607,0.591946542263,0.896308004856,0.004675645381,1.012598276138,0.409946262836,-0.542107284069,0.208535417914,-0.129526898265,0.093311227858,-0.461843430996,-1.099245905876,0.255872219801,-0.228003561497,0.235671460629,0.127024441957,0.040459148586,0.639061093330,0.810495913029,0.418552577496,0.502212047577,0.634879350662,0.910437822342,0.339614003897,-0.009306016378,0.171805262566,-0.222706422210,-0.142030954361,-0.721983850002,-0.085606291890,-0.392667740583,-0.253011673689,-0.500639736652,-0.358687043190,-0.058416754007,-1.156646013260,-0.079415999353,0.141738727689,0.038298308849,-0.406954020262,-0.050238490105,-0.209778413177,0.780544579029,0.563431680202,-0.293190926313,0.222710534930,0.141203656793,0.282440245152,0.100020118058,-0.982613980770,-0.775840163231,0.485127002001,-0.075353614986,-0.654882609844,-0.612488925457,-0.691834986210,-0.315231531858,0.131765931845,-0.028465459123,-0.478348135948,0.262272417545,0.290256321430,0.346862077713,1.161827921867,0.343985080719,1.010099887848,1.158308744431,0.732269465923,0.028062101454,0.381917089224,0.236321777105,0.310090750456,0.041302904487,-0.310798704624,-0.016916286200,-0.048312257975,0.465033233166,0.433061063290,-0.211951613426,-0.161387965083,0.394421130419,-0.115615211427,-0.249295040965,-0.515963196754,-0.316433340311,-0.084474422038,-0.146472007036,-0.161071032286,-0.182383105159,0.189075529575,-0.367132812738,-0.384160220623,0.150415018201,-0.287161171436,-0.020620582625,-0.780548751354,-0.604071974754,-0.585311770439,-1.313169002533,-0.423903226852,0.032552532852,-0.647984325886,-0.015278165229,-0.351780563593,-0.087289683521,0.414235025644,0.847057342529,-0.018435047939,0.962544977665,0.892307400703,0.608879327774,0.290824323893,-0.575396597385,0.410296082497,0.181786298752,-0.140010058880,0.425491958857,-0.290326297283,-0.324821531773,0.599659740925,0.063273496926,0.400771945715,-0.065072141588,0.063503988087,-0.111058928072,0.879004836082,-0.143994227052,0.363473802805,0.380744040012,0.121554434299,0.790978372097,0.286527335644,-0.157296776772,0.043200328946,0.057605922222,0.732224166393,-0.413024961948,-0.831993162632,0.230123236775,-0.481537967920,0.013730592094,-0.249941229820,-1.260020494461,-0.531052052975,-0.280843287706,-0.441737353802,-0.199040085077,-0.763015091419,-0.063388742507,0.392630726099,0.558694362640,0.033281046897,0.572725355625,0.413144290447,0.019665697590,0.409876286983,0.007643198129,-0.233745217323,-0.263383716345,-0.539308488369,-0.146603703499,0.250406324863,-0.138013854623,0.203826859593,0.671358466148,0.079477734864,-0.663225471973,0.224295139313,-0.112367771566,-0.286572605371,0.575277209282,-0.820633411407,-0.345314502716,0.349006474018,0.408744424582,0.622235357761,-0.157309114933,-0.050637729466,1.207999944687,-0.107638619840,0.238490834832,-1.018961429596,-0.390984386206,-0.411790162325,-0.524001538754,-1.048171877861,-0.802737534046,-0.700667619705,-0.245796531439,-0.242606729269,-0.347220152617,-0.158585041761,0.286527335644,0.029971873388,1.170076012611,-0.094817638397,-0.126678705215,0.265515714884,0.025049274787,0.456077069044,-0.126526415348,-0.726614177227,-0.041051834822,0.377364903688,-0.346899122000,0.058248002082,-0.604261279106,0.188025966287,0.281106710434,0.175694763660,-0.050683006644,-0.168479621410,1.100715279579,0.467280536890,0.236564606428,0.521688401699,0.780853390694,1.016998171806,0.956313490868,0.283053517342,0.665933728218,0.378961861134,0.351994603872,-0.169154644012,0.047966524959,-0.369100213051,-0.759784102440,-0.021575469524,-1.072002887726,-0.198694348335,-0.360991925001,-0.639723718166,-0.394309997559,-0.810940444469,-0.235486239195,0.394622802734,-0.395627081394,0.420589953661,-0.285555958748,0.191973105073,0.382925480604,0.328373521566,-0.017130313441,0.213453903794,-0.713352799416,-0.351797044277,-0.562164068222,-0.587299764156,-0.144241183996,-0.393968403339,-0.016990372911,0.153230279684,0.411530882120,0.253361523151,-0.529780268669,0.302492856979,0.357234120369,0.031387738883,0.612908780575,-0.693374335766,0.235115796328,0.431538164616,0.295915663242,0.514201581478,0.313836246729,0.232222333550,0.307316660881,0.481912523508,-0.166812703013,-0.156424209476,-0.354126632214,-0.259251356125,0.235741421580,-0.493194162846,-0.422450304031,-0.414309114218,0.196772217751,0.666020154953,0.086305990815,0.152349472046,0.447306156158,0.580294489861,0.617802560329,-0.028835890815,-0.197558358312,-0.275747835636,-0.752873539925,-0.118158824742,-0.409090131521,-0.696687638760,-0.461073786020,-0.359230309725,-0.234815344214,-0.734998285770,-0.544774413109,-0.103592708707,-0.026967277750,-0.216450273991,-0.423355787992,-0.119212493300,-0.479426532984,1.084333896637,-0.551540911198,0.217977270484,0.634410142899,0.392601907253,0.530006587505,1.271318674088,0.048353414983,0.301015228033,1.273179054260,-0.583533704281,-0.322924107313,0.307563632727,-0.275813668966,0.436588376760,-0.342412829399,-0.304200917482,-0.309168815613,-0.443782925606,0.125032350421,0.502203822136,0.661138713360,0.163009628654,-0.080959454179,0.578524708748,0.458176225424,-0.089429944754,0.580335676670,-0.307687073946,0.725420653820,0.392276763916,-0.452076435089,-0.420268863440,-0.706442296505,0.398825109005,0.033466260880,-0.194862455130,-0.438428163528,-0.063697434962,0.218195408583,-0.409468799829,-0.521960020065,-0.398792207241,-0.888566076756,-0.138215526938,-0.132564425468,-0.714031934738,0.076304391026,0.150394439697,0.334333330393,0.203110679984,-0.074583955109,0.419532150030,-0.093451164663,0.358337163925,-0.280991464853,-0.234321460128,-0.620049834251,-0.283000022173,0.161828368902,-0.060268901289,-0.978288233280,0.190833002329,0.264145135880,0.147208735347,0.700465977192,-0.337897688150,0.644901514053,0.557249665260,1.022381663322,-0.173167631030,0.050543069839,-0.006424895953,0.223476082087,0.307971090078,-0.230069726706,-0.197192057967,0.172118067741,-0.660685956478,0.002856424078,-0.732351720333,0.320351660252,-0.763624250889,0.156741127372,-0.274196118116,-0.561246156693,0.351805269718,-0.039952896535,-0.143582642078,0.932927012444,-0.117948912084,0.437555611134,1.020307302475,0.419355154037,0.500347554684,-0.358563542366,0.048596251756,0.235852554440,-0.460246473551,0.135330289602,-0.223644837737,-0.786850154400,0.142977610230,-0.246520921588,-0.178419485688,-0.766155481339,-0.473215609789,0.288325965405,0.011730272323,0.600524067879,-0.069677814841,0.791731655598,0.330110430717,1.001649975777,0.975736320019,0.045233577490,0.194401487708,0.305118799210,-0.444420933723,-0.171476006508,-0.678351342678,-0.115956820548,0.516901671886,-0.885660231113,-0.441585063934,-0.065088607371,-0.610484480858,-0.035334873945,0.298483967781,-0.972884118557,-0.050357852131,-0.397709727287,-0.321043133736,-0.129522770643,-0.654191136360,-0.553998112679,0.266157805920,-0.141211897135,-0.086100198328,0.123896367848,-0.639567375183,-0.286403834820,-0.025255069137,0.027177186683,-0.420371770859,-0.720971345901,-0.221525162458,-0.257251024246,-0.661068737507,0.296998143196,0.298521012068,0.556591153145,1.034684062004,0.360666781664,0.237531840801,1.348931908607,0.064018473029,0.778881788254,1.055098891258,-1.004922151566,0.336654692888,0.603586316109,-0.754305839539,0.531179666519,0.146714836359,-0.668041050434,0.677993237972,0.105572454631,0.013722360134,0.179909437895,-0.346664518118,0.317775130272,-0.135671913624,-0.188647463918,0.339877426624,-0.450891047716,0.016640523449,0.227554932237,-0.052247039974,0.107959657907,-0.131362572312,0.258168876171,0.150674313307,-0.899930000305,0.665312230587,-0.097246021032,-1.004140019417,-0.594930589199,-0.525367975235,-0.560398340225,-0.429953545332,-0.989808559418,-0.494079083204,-0.600301802158,-0.054634258151,0.261860817671,0.373553603888,-0.004556284752,0.446128994226,0.444688439369,0.619774043560,0.588168144226,0.420067191124,-0.008161799982,0.536801934242,0.578928053379,0.351912289858,-0.054745387286,-0.130444735289,0.228526279330,-0.022847278044,0.391103744507,0.457422971725,-0.219323173165,0.097682297230,-0.423528671265,-0.275665521622,-0.182041481137,-0.265239983797,-0.099579714239,0.527002036572,0.143269836903,0.204221978784,-0.660043895245,0.271450847387,0.630821108818,-0.056025426835,0.090290158987,-0.651618659496,-0.461328953505,-0.190030410886,-0.606883108616,-1.084395766258,-0.179518431425,-0.461658209562,-0.483805835247,0.168668955564,-0.118780329823,-0.262400001287,0.173336371779,0.075831063092,0.370281457901,0.414222657681,0.323734909296,0.596152961254,-0.214104220271,0.321067839861,0.476693540812,0.102366171777,0.052024789155,-0.264338612556,-0.024201404303,-0.185799270868,-0.110128730536,0.255143702030,-0.200447708368,0.009766994976,-0.038158368319,-0.259284287691,0.418626666069,0.061194974929,-0.112585917115,0.357719779015,0.444700777531,0.527343630791,-0.065545462072,0.734627842903,0.275369167328,0.163338884711,0.582179546356,-0.477784246206,-0.178798168898,0.343322426081,-0.792764663696,0.269372314215,-0.736615836620,-1.013857722282,-0.513316690922,-0.752474308014,-0.916158914566,-0.145438909531,-0.968397736549,-0.099415086210,0.375319302082,0.399109125137,0.279571473598,1.020945191383,-0.067591063678,0.270652353764,1.180851578712,0.303040266037,0.256781816483,-0.308995962143,-0.178687021136,0.036931835115,-0.108556464314,-0.148147165775,0.305682659149,0.150966539979,0.355135023594,-0.037149976939,0.599268734455,-0.191433921456,0.226797610521,-0.177596330643,-0.247846245766,0.143562063575,0.358547061682,0.276632726192,0.560941576958,0.402587056160,0.173262283206,0.180115237832,0.519190073013,-0.167734667659,0.023221824318,-0.188803866506,-0.746086478233,-0.720691442490,-0.329661786556,-0.726865231991,-0.582080781460,-0.440045744181,0.078633986413,-0.554545521736,0.154497981071,0.071863345802,-0.354081332684,0.190108612180,0.311881184578,0.279946029186,0.015092949383,-0.213029965758,-0.025905378163,-0.114668555558,-0.583603680134,-0.020139025524,-0.367206901312,-0.656800568104,0.411481469870,-0.046937551349,-0.307444244623,0.068257838488,0.130251303315,-0.344240278006,0.092977836728,0.152407109737,-0.383172422647,0.550195038319,0.690727829933,0.572107970715,0.827580928802,0.427187711000,0.811858355999,0.556377112865,0.662616312504,0.398516446352,0.743822693825,0.270417749882,-0.597675919533,-0.052074171603,-0.553882837296,-0.084643177688,0.001778062317,-0.718534708023,-0.293182700872,-0.304628998041,0.050094436854,0.235338062048,-0.226402491331,0.186848819256,-0.074979074299,0.454105585814,0.299825757742,0.230135604739,-0.321240693331,0.147044092417,0.021258546039,-0.531381309032,-0.330266833305,-0.345158100128,-0.523491203785,-0.143619686365,-0.556883335114,-0.158836126328,-0.180687353015,-0.424915730953,0.186466053128,0.243117094040,-0.650976598263,0.129913792014,-0.237095549703,0.109721258283,0.505443036556,-0.449475198984,-0.428669422865,0.609488487244,-0.089318811893,0.193133771420,0.120064474642,0.389263927937,0.228011786938,-0.070007085800,0.325426548719,-0.658541560173,0.368211179972,-0.779828488827,-0.445894390345,0.037862025201,-0.600314140320,-0.185297131538,-0.348858296871,0.214165955782,0.610418677330,0.438823282719,0.272994279861,0.218347698450,0.521268606186,-0.126637548208,0.277468264103,-0.022699106485,-0.850131928921,-0.062326844782,0.116154387593,-0.742962479591,0.279019951820,-0.466132193804,-0.009717604145,-0.284617543221,-0.118809133768,0.064639970660,-0.104168929160,-0.189548835158,-0.609439074993,-0.272220522165,0.229003727436,-0.335522830486,-0.030346419662,0.191047027707,0.586390137672,1.005605340004,0.468395918608,0.208292573690,0.102115102112,-0.012907415628,0.184934943914,-0.035989299417,-0.373874634504,-0.363449096680,-0.161186292768,-0.738015234470,-0.129942595959,-0.440436750650,-0.696778178215,0.102213889360,0.352965921164,0.594037413597,0.403492540121,0.507953703403,0.742480993271,1.015133619308,0.173134699464,0.454648882151,0.413942784071,-0.213029965758,0.440255641937,-0.247047767043,-0.891126155853,0.236511081457,-0.284518778324,0.104275949299,-0.792546570301,-0.166454613209,0.669563949108,-0.156901642680,-0.533542156219,0.317021936178,-1.200142621994,-0.315877705812,-0.000152287743,-0.078288249671,-0.177184715867,-0.140746802092,0.184424579144,0.430282860994,-0.166491657495,0.095015205443,-0.007149291690,-0.101831100881,0.143648490310,-0.427039504051,-0.100954420865,-0.343799859285,-0.454023271799,0.339688092470,0.001592847519,0.056683965027,0.129860281944,0.445853233337,0.440074533224,-0.029523242265,0.580755472183,0.775720834732,-0.065771840513,0.643724441528,0.118590995669,-0.466465592384,0.309481620789,-0.121739640832,0.016694029793,0.335333496332,-0.711072683334,-0.346512228251,0.031984541565,0.198500901461,0.096990823746,0.130988031626,-0.909594118595,0.480640709400,0.313441097736,-0.598223268986,-0.226781129837,0.286202162504,0.402809292078,0.347014367580,0.490029036999,-0.532336175442,0.458810031414,0.830507397652,-0.024180825800,-0.067710421979,-0.068286642432,0.038730479777,0.359189182520,-0.229423537850,-0.324253529310,-0.263943463564,-0.026382822543,-0.200394198298,-0.479019045830,-0.050715930760,-0.284337669611,-0.513526618481,0.895398437977,-0.342157632113,0.546931147575,0.790875494480,0.052601009607,1.025081634521,0.692567646503,0.324154764414,0.673305273056,0.417231380939,0.179341465235,-0.295812755823,0.002271968406,-0.054309103638,-0.018179863691,0.879539906979,-0.186992883682,-0.262198328972,0.220426216722,-0.696391284466,0.440798908472,-0.495326161385,-0.144656896591,-0.563275337219,-0.302904427052,-0.074682734907,-0.492889583111,0.320042967796,-0.044035851955,-0.388304948807,0.387485891581,-0.145570620894,-0.332464724779,-0.723111569881,-0.191796109080,-0.618885040283,-0.608117878437,-0.708446681499,-0.524071514606,-0.724782645702,-0.467897921801,-0.345285683870,0.206543326378,0.475158333778,0.679503738880,0.490679353476,-0.169306933880,0.114705599844,0.798609316349,0.142265558243,0.325475931168,0.961166143417,0.006877643522,-0.550643682480,0.285374879837,0.651754498482,-0.304011613131,0.282246798277,-0.328233569860,-0.087602496147,0.306740432978,-0.142619535327,0.360646158457,-0.138392508030,-0.039100907743,0.314218997955,0.611208915710,0.160256102681,0.400273919106,0.623079121113,0.446865737438,0.662496984005,0.482517540455,-0.042710535228,0.808717846870,0.070299312472,-0.576878309250,-0.401405781507,-0.239124685526,-0.343100160360,-0.090356022120,-1.768748044968,-0.761977910995,-1.152217268944,-0.839154839516,-0.191627368331,-0.669419884682,-0.282954722643,0.166932061315,-0.036758966744,0.952819108963,0.255180746317,0.234119758010,0.892990589142,0.407950043678,-0.105901718140,-0.184066474438,-0.519235372543,-0.138017967343,-0.145447134972,-0.474602669477,0.110034070909,0.264198660851,-0.470758467913,0.593634068966,0.228139400482,-0.294549196959,0.452376902103,0.422779589891,0.103218160570,-0.178629398346,-0.333641856909,0.565123319626,0.242396816611,0.394721597433,0.403344392776,0.507698535919,0.521601974964,0.201118588448,-0.358752876520,0.070147030056,-0.647296965122,-0.300784766674,-0.038759287447,-1.634936451912,-0.171356633306,-0.141491785645,-0.471075385809,0.680228173733,-0.068941071630,0.236161231995,0.878716766834,-0.028955250978,0.695654511452,0.049530558288,0.104415878654,0.959034144878,-0.503006398678,-0.141730487347,-0.145838156343,-0.585060656071,0.168006300926,0.541473448277,-0.516802847385,-0.007017584052,-0.322730660439,-0.381056845188,-0.041162963957,-0.318478941917,-0.258321166039,0.144895613194,-0.029325678945,0.161058694124,-0.017854709178,0.507451593876,0.227727785707,1.077867984772,0.385893046856,0.442424714565,0.404780805111,0.569362699986,-0.168792441487,0.165063440800,0.085054762661,-0.392375558615,0.387230694294,0.105041496456,-0.368688613176,-0.475076019764,-0.685290753841,-0.132741406560,-0.242557331920,0.172731339931,-0.268096387386,-0.751153171062,-0.090718224645,0.359711885452,-0.054560169578,0.979152500629,-0.107930846512,0.818789422512,0.370635449886,-0.203328832984,0.212437286973,0.067270025611,-0.679532587528,-0.282847732306,-0.338465690613,-0.402838110924,-0.104745149612,0.146352633834,0.094414286315,0.481879562140,-0.200608223677,0.304530203342,0.179571941495,-0.313334107399,-0.191191077232,-0.107235260308,-0.280678659678,0.269520491362,-0.019949693233,0.212124466896,0.208856463432,0.490564078093,0.834014117718,0.136202871799,0.172385603189,0.193677082658,-0.374582558870,-0.427492290735,-0.289717137814,-0.877737164497,0.085445769131,-0.807421326637,-0.124954149127,-0.146681904793,0.067545786500,0.465132027864,0.320252895355,0.261288702488,0.244664669037,-0.085042417049,0.306390583515,0.560093760490,-0.411967158318,-0.364362835884,-0.185544088483,-0.048476893455,0.183255657554,-0.393725544214,-0.174575254321,-0.370870053768,-0.634356677532,0.273607581854,0.135939449072,-0.248694121838,-0.225003093481,-0.042566481978,0.157556071877,0.682426095009,0.382073462009,0.981749653816,0.238400280476,0.797345697880,1.137358903885,0.811413764954,0.275484412909,0.100217685103,0.359855920076,0.315881818533,-0.286292731762,-0.435435920954,0.152460604906,-0.044924885035,-0.364642679691,0.080675460398,-0.937528610229,0.252126753330,0.524137377739,-0.503315091133,0.251270681620,0.591139853001,-0.047999452800,0.303661763668,0.292306035757,0.555722653866,0.487464815378,0.471491068602,0.414481937885,-0.076670706272,-0.628347456455,-0.039664782584,-0.594395518303,-0.668152213097,-0.385209798813,-0.399850010872,-0.280625134706,-0.090220198035,-0.555413961411,-0.481653183699,-0.042393613607,0.093237146735,-0.289614260197,-0.216063365340,-0.674638807774,-0.485970735550,0.450454801321,0.474693238735,-0.085186466575,-0.149764701724,0.212861225009,0.265429317951,-0.083256125450,0.563020110130,-0.661253929138,0.270734667778,-0.414819478989,-0.654112875462,-0.054757732898,-0.811919987202,-0.094957582653,0.180304571986,0.152127221227,0.748584806919,0.158124059439,0.619444787502,0.795748770237,0.723572611809,0.685508847237,0.483842849731,-0.014948894270,-0.318306058645,0.069344431162,-0.465033233166,-0.318149656057,0.129638031125,-0.392717152834,0.415704399347,-0.232987895608,-0.611501097679,-0.020163720474,-0.037141747773,-0.107992589474,0.571375370026,-0.891850531101,-0.678898751736,0.014162760228,0.367297440767,0.212342619896,0.241585969925,0.139676675200,0.855219125748,0.883725702763,-0.267590135336,0.524322569370,-0.078592821956,-0.140973180532,-0.077909588814,0.217989608645,-0.020081402734,-0.780355334282,-0.372586369514,0.336584717035,-0.445581585169,-0.219586580992,-0.414547801018,-0.158383369446,0.134725257754,0.183868914843,0.231621414423,0.375471591949,0.319199204445,0.578545272350,0.609957695007,0.263321965933,0.132292777300,0.022003520280,0.159605786204,-0.288474142551,-0.503142237663,-0.279217511415,-0.541317045689,-0.297282159328,-0.051106944680,0.304472595453,-0.246088773012,-0.591559648514,-0.398676961660,0.047032218426,-0.560402452946,-0.639234006405,-0.019249994308,-0.516193687916,-0.801317512989,0.410287857056,-0.353064715862,0.305909037590,0.489094734192,-0.364576876163,0.513077974319,-0.127748832107,0.078325293958,0.119368895888,-0.727865457535,-0.339552253485,-0.045715130866,-0.049711659551,-0.204608857632,-0.475537002087,0.820966780186,0.007470330689,1.038606524467,0.721839845181,-0.024287836626,1.326488018036,0.553664684296,0.475948601961,0.678425431252,-0.463308691978,0.489238768816,0.078094795346,-0.136128783226,0.607204139233,-0.859314382076,0.184939056635,0.296257287264,-0.465239048004,0.546634793282,-0.839731037617,0.350389391184,0.137717500329,-1.179892420769,0.215458333492,-0.106461472809,-0.867134630680,0.734487831593,0.751470088959,-0.481747865677,-0.139359742403,0.132070511580,-0.294899046421,0.692625224590,-0.448047012091,-0.429908305407,-0.148328259587,-1.076349139214,-0.100192986429,-0.444787204266,-1.070150613785,0.218104854226,-0.763871192932,-0.536690831184,-0.361123621464,-0.371166378260,0.287000656128,0.318071484566,0.376348286867,0.842118263245,0.458801805973,0.990532994270,0.460719794035,0.450594753027,1.064861774445,0.029704341665,-0.122480504215,0.362387210131,0.096052408218,-0.017986416817,0.341746032238,-0.112244293094,0.392367273569,0.346742719412,-0.085017718375,0.279645562172,-0.310391217470,0.286510854959,-0.119587033987,-0.667736470699,0.166199430823,0.582652926445,-0.210865020752,0.316758483648,-0.076440215111,0.425043314695,0.399002104998,0.032869458199,-0.289268523455,-0.525656104088,-0.648902177811,-0.489316970110,-0.577820897102,-1.281419038773,-0.584735512733,-0.898761093616,-0.878712594509,-0.064269542694,-0.264338612556,0.061190862209,0.215816423297,0.040710218251,-0.018920723349,0.516667008400,0.414288491011,0.304727762938,0.408361643553,0.267042726278,-0.353402227163,-0.084042258561,0.189692899585,-0.267985284328,0.236745700240,-0.671395480633,-0.148344725370,0.140347555280,0.074839137495,0.224900186062,-0.026032973081,0.317392349243,0.690781354904,0.345096379519,0.108033746481,-0.048464544117,0.265836775303,0.453554034233,0.836351931095,0.004840280395,0.145727023482,0.163985088468,-0.152954518795,0.056210637093,-0.163692861795,-0.261770278215,-0.296697676182,-0.794604539871,-0.391321867704,-0.917772352695,-0.775992512703,-0.200365379453,-0.541197717190,-0.507982492447,-0.227447926998,-0.310901612043,0.426813155413,0.088623240590,0.404389798641,-0.007758442778,0.389506787062,0.692324757576,0.434192925692,0.156564146280,-0.422285705805,-0.311675369740,0.960577607155,-0.566773831844,0.181720420718,0.187717288733,0.146813616157,-0.023275328800,0.641102552414,0.114594474435,0.327966064215,0.112244293094,0.417338371277,-0.762089014053,-0.444071054459,0.260259747505,0.012615187094,0.604668796062,-0.074974961579,-0.281127274036,0.358234256506,0.393573284149,0.343783408403,-0.092998415232,0.133301168680,-0.667419552803,-0.316182285547,-0.266499429941,-0.929342150688,-0.772094786167,-0.797864258289,-0.151962593198,0.350418210030,-0.769892752171,0.042809318751,-0.182782337070,-0.019402280450,0.456237614155,-0.109268516302,0.191133454442,0.711941063404,0.070953741670,0.616625428200,-0.515226483345,-0.295648127794,0.570823848248,-0.140878513455,-0.424261271954,-0.117475584149,-0.594222664833,-0.391572952271,-0.041566323489,0.262638747692,0.135544314981,-0.185922756791,-0.175781205297,0.562349200249,0.277455925941,0.475746899843,-0.022332791239,0.028778266162,0.961100280285,0.509023845196,0.253307998180,0.763616025448,0.419869631529,0.385530829430,0.170990318060,-0.078292362392,0.000308691378,-0.050711818039,-1.357999205589,0.059256397188,-0.338021159172,-0.857075393200,-0.861685156822,-0.383509933949,-1.015006065369,0.013714129105,0.051238648593,-0.427553981543,-0.146447300911,0.333057403564,0.433246254921,-0.336156666279,0.121212810278,0.782796025276,-0.685323655605,-0.104494079947,-0.229378253222,-0.272693842649,-0.191829040647,-0.295183032751,-0.322924107313,-0.073752544820,0.242273330688,0.427162975073,0.099592067301,-0.334444463253,-0.531673550606,0.252505421638,-0.285033255816,0.355789452791,0.326369106770,0.033672053367,1.129917502403,0.167495936155,0.142631873488,0.916858673096,0.417873442173,0.747736871243,0.428871095181,-0.297138094902,-0.363667249680,0.345512062311,-0.319573760033,0.145196065307,-0.911195158958,-1.000213623047,-0.229616984725,0.470104008913,0.055111698806,-0.691867887974,0.039973475039,0.618358194828,0.764517366886,0.209856629372,0.206028848886,0.434530407190,0.139639616013,0.017056226730,-0.436950594187,0.057461868972,-0.107511028647,-0.025872452185,-0.598815977573,-0.551014125347,-0.603973209858,-0.164454296231,-0.090932242572,-0.520766437054,-0.056832138449,-0.422215700150,-0.327007055283,-0.115413524210,-0.459464430809,0.181337669492,0.389370918274,0.349426299334,0.601067364216,0.564345419407,-0.253616720438,0.374883025885,0.273060172796,-0.287453383207,-0.104860402644,0.283074110746,-0.492766082287,-0.026053551584,-0.573420941830,-0.939199686050,-0.204131424427,-0.083260238171,-0.349508613348,0.273344129324,-0.397368133068,-0.118249371648,0.664678394794,0.773769855499,-0.050781790167,0.636525690556,0.407982975245,-0.055943109095,0.616501927376,-0.052827384323,-0.432748228312,0.052102986723,-0.054547823966,-0.372536987066,-0.101189032197,-0.409975051880,-0.229053109884,0.664098024368,-0.331386357546,0.227019861341,-0.266935706139,-0.136774972081,0.326220929623,0.093035466969,-0.699527561665,-0.141956865788,-0.602252781391,0.304316192865,0.082815721631,0.211153134704,0.662645101547,-0.619333684444,0.833153843880,0.746650338173,-0.451323240995,0.352410316467,-0.645267844200,0.179032757878,0.356423288584,-0.695708036423,-0.325727015734,-0.065928243101,-0.054342027754,0.669144093990,0.627038598061,-0.257654398680,0.185803383589,0.988030552864,0.175320237875,0.001526993350,-0.225023657084,-0.368861496449,-0.012211831287,-0.232349932194,0.301048159599,-0.629310548306,-0.551726162434,-0.285201996565,-0.250686198473,-0.019817985594,-0.788187801838,-0.125826716423,-0.600227713585,-0.618609309196,-0.127065598965,-0.387646377087,-0.651832699776,-0.083264350891,-0.077497996390,-0.025703702122,0.818163812160,0.871781527996,-0.393441557884,0.572988808155,-0.012014267966,0.208424299955,0.685628235340,-0.417457729578,-0.211679950356,-0.329493045807,-1.185889363289,0.399039149284,0.381941765547,-0.196521148086,-0.329781144857,-0.604001998901,-0.049909222871,0.219714179635,0.608603537083,-0.286803096533,0.668559670448,1.075670123100,0.913631737232,0.740921020508,0.765941441059,-0.017912330106,0.773893356323,0.796053290367,0.074719779193,-0.230765312910,0.125345155597,-0.754886209965,-0.258498162031,-0.053518850356,-0.286350339651,-0.191569745541,0.167401269078,-0.253884255886,-0.461448311806,0.141619369388,-0.708125650883,-0.020258385688,-0.097801655531,-0.870678424835,-0.262268304825,-0.237626507878,0.344775319099,-0.139491453767,0.156654700637,-0.160358995199,-0.482731580734,0.548202991486,-0.068541832268,-1.176360964775,-0.719082176685,-0.595696151257,-0.268182843924,-0.113861836493,-0.995821893215,0.162869676948,0.152468845248,1.431484222412,1.079588413239,-0.060614638031,0.460711568594,1.100546479225,0.627170324326,0.645704150200,-0.199641004205,-0.099094048142,0.567123651505,0.178481221199,0.286403834820,0.413835763931,-0.047970637679,0.166376411915,0.244524717331,0.205394998193,-0.329822301865,-0.663204908371,0.001140100183,-0.241919368505,-0.240980938077,0.657191574574,-0.173373416066,0.339478194714,-0.100880332291,0.553063809872,-0.031556490809,0.399327248335,0.674622356892,-0.335374653339,-0.553401291370,-0.263902306557,-0.875411689281,-0.046056754887,-0.108803413808,-1.304793119431,-0.381859451532,-0.843962252140,-0.933758437634,0.051065787673,-1.209535121918,-0.440951228142,0.220475614071,-1.226122140884,0.967677474022,0.778075098991,-0.508657515049,0.795501708984,-0.129148229957,0.402941048145,1.084218740463,-0.034305900335,0.536682605743,-0.143887221813,-1.350002050400,0.274661242962,0.033301625401,-0.082033701241,0.054086845368,0.186243787408,0.258732765913,0.431834518909,0.778523743153,0.363601386547,0.242771357298,0.039434291422,-0.109326131642,-0.242318615317,0.067685723305,0.618601024151,-0.183794841170,-0.217372238636,-0.302879750729,0.269643962383,0.069002814591,0.406299561262,0.178003787994,-0.791003048420,-0.528273820877,-0.720749080181,-0.258526951075,-0.464341759682,0.005935105961,-0.594370841980,-0.284510523081,0.360086441040,0.241516008973,0.708866477013,0.322664797306,0.227834805846,0.157358512282,0.151950240135,-0.249986499548,0.063117094338,-0.601832926273,-0.060602292418,-0.013664738275,-0.387699902058,0.004050030839,-0.140911430120,0.017562480643,0.178629398346,0.345153987408,0.312428593636,-0.144949108362,0.091775998473,0.103773802519,-0.081856720150,-0.181070119143,-0.346722126007,0.508303523064,0.195455148816,0.308374434710,-0.037010036409,-0.326636612415,0.917270243168,1.173644542694,-0.373594760895,-0.172838345170,-0.603100597858,-0.381476670504,0.342877894640,-0.328554630280,-0.787825584412,-0.184832051396,-0.495902389288,-0.492490321398,-0.057070858777,-0.732018351555,0.113022193313,-0.221014797688,0.002193766646,0.546614229679,0.055128164589,0.324743300676,0.789097428322,-0.193450719118,0.407559037209,-0.087075658143,0.201032176614,0.326056301594,0.048925526440,-0.080070428550,0.297245085239,-0.726675927639,0.369343072176,0.064125485718,-0.292828738689,0.169236958027,-0.038405321538,0.279509752989,0.796839475632,-0.380225449800,0.250163465738,0.081033542752,0.261947274208,0.528594851494,0.293775409460,-0.088598541915,0.510991215706,0.467296987772,0.209687858820,0.067006610334,-0.671560108662,-0.400463253260,-0.193343698978,-0.092302829027,-0.247418180108,-0.544716835022,-0.643786132336,-0.745016276836,0.182045593858,0.022279283032,-0.218368276954,0.432608306408,0.202201068401,-0.304291486740,0.192401170731,0.473902970552,0.290667921305,0.629273533821,-0.118121780455,-0.774440765381,-0.306999742985,-0.426994264126,0.157617822289,-0.932544291019,-0.350558131933,-0.184716790915,-0.336350113153,0.313902080059,0.162952005863,-0.281695276499,-0.126621082425,1.195594549179,0.279312193394,-0.225875645876,0.489646226168,0.194463208318,0.787751555443,0.429089248180,0.499651968479,0.710619866848,0.456583350897,0.191894888878,0.318478941917,-0.061215557158,0.163803994656,-0.082247726619,-0.419540375471,-0.076222069561,-1.158712148666,-0.391647011042,0.025205679238,-0.570815622807,0.123410686851,-0.340140849352,0.141269519925,0.425302624702,1.007054090500,0.218981549144,0.500886738300,0.382888406515,0.776527523994,1.027077913284,0.077037014067,0.163561150432,-0.370581924915,0.237824067473,0.003576704068,-0.909157752991,-0.232930287719,0.031276609749,0.190207391977,-0.467725038528,0.072793543339,-0.203011900187,-0.370133280754,0.229674607515,-0.070266388357,-0.384403079748,-0.244483560324,0.220529109240,0.105630069971,-0.193413659930,0.340754121542,-0.226608276367,0.641794025898,0.530558168888,0.355526030064,-0.444338589907,-0.969665408134,-0.612060904503,-0.320894956589,-0.272187590599,-0.799979865551,-0.339902102947,-0.294240504503,-0.284687519073,-0.308942437172,1.160403728485,0.291235893965,0.459534436464,0.240725755692,0.168722465634,-0.157864764333,0.197595402598,-0.014738984406,-0.683619678020,0.071476452053,0.141742840409,-1.331558704376,0.497894495726,0.174538210034,-0.492214560509,-0.270915776491,0.424936294556,-0.124715432525,-0.046032059938,0.333901166916,-0.163384169340,-0.160926982760,0.353217005730,-0.012199483812,-0.414761841297,0.564835190773,0.351438939571,0.678285479546,0.415354520082,0.173739731312,0.520309627056,0.512761056423,-0.219413697720,0.232922032475,-0.638880014420,0.781952321529,-0.165092259645,-0.188248217106,-0.162606269121,-0.648634672165,-0.430756181479,0.029552055523,-0.348245024681,0.231987744570,-0.520264327526,-0.578434109688,0.833837151527,1.043241024017,0.083651244640,0.210185885429,-0.001238881378,0.722778201103,1.293231606483,-0.211107850075,-0.067109502852,-0.589876294136,-0.681310653687,0.193714126945,-0.374524980783,-0.429377347231,0.188416987658,0.340153187513,0.288815766573,0.174151316285,0.366585403681,-0.602038681507,-0.176624968648,-0.291396409273,0.091529048979,-0.465737044811,-0.277888089418,-0.238980621099,0.345631420612,0.166434034705,0.307872295380,0.600808084011,0.548696815968,-0.016393570229,0.341968297958,0.011376305483,-0.311317294836,-0.471165925264,-0.408653885126,-0.898456513882,-0.228271096945,0.199163556099,0.176538527012,0.541057765484,0.159638717771,0.431850969791,1.621378779411,0.274274349213,0.613768994808,0.266865730286,-0.019892072305,0.240178346634,-0.299348324537,-0.591736674309,-0.060758691281,-0.507031738758,0.591135740280,0.186614230275,-1.283530473709,-0.154827252030,-0.140458688140,0.154320985079,-0.250496864319,-0.085441656411,-0.742180526257,-0.008659821935,0.105185553432,0.559077143669,0.156897529960,-0.219191446900,0.275200426579,0.569338023663,0.757446348667,0.641744673252,-0.699046015739,-0.381081551313,-0.243372276425,-0.050757095218,-0.736488282681,0.028938787058,-0.381616622210,-0.491909980774,0.165034636855,-0.569778442383,0.414564281702,0.189153715968,-0.157132133842,0.274076789618,0.039611276239,0.261700302362,0.227476716042,0.480303168297,0.636961996555,-0.105016797781,0.589003741741,0.589123070240,0.122266471386,0.437629669905,-0.780729889870,-0.437942504883,0.034314133227,0.139619052410,-0.020513569936,-0.211836352944,-0.532854795456,0.255987465382,0.503080487251,-0.188968509436,-0.066784352064,-0.150406777859,0.098542518914,0.118265837431,-0.201694816351,-0.266890436411,0.526536941528,-0.203081876040,-0.081580951810,0.699725091457,-0.164981126785,0.710928559303,0.381633102894,-0.743378221989,-0.340589463711,0.050773557276,-0.437827229500,-0.228065297008,-0.486567556858,-0.851683557034,0.022559164092,0.254600405693,-0.002329590963,0.796098589897,-0.062055196613,0.575717628002,0.526923835278,0.937182903290,-0.018146935850,-0.039273776114,-0.076555460691,0.253365665674,-0.426438599825,0.042475935072,-0.187803700566,-0.407892405987,0.436724185944,-0.111087732017,-0.236025422812,-0.146624282002,0.400080472231,0.052736833692,-0.681928038597,0.215622976422,-0.715847074986,0.798140048981,-0.114927858114,-0.074423432350,0.447614848614,-0.204839363694,0.367951899767,0.622791051865,-0.050748858601,-0.547219276428,0.287000656128,-0.114573888481,-0.123851090670,-0.257806688547,-0.509674131870,-0.431599915028,-0.771786093712,-0.104642257094,-0.389202207327,-0.374479681253,-0.166874438524,-0.791826307774,0.154164582491,0.281341314316,0.387477606535,0.722992181778,0.619259595871,0.247245326638,0.755306065083,0.424899280071,0.433077543974,0.388465434313,-0.254534542561,-0.385823071003,0.291643351316,-0.325932800770,-0.078662790358,-0.083005048335,-0.125118792057,0.001317083137,0.591176927090,-0.292244285345,-0.128835424781,0.035149656236,0.106255687773,-0.579372525215,-0.114536844194,0.110844895244,-0.131033316255,0.209515005350,-0.103757344186,0.283102899790,-0.066903710365,0.263186156750,-0.257275730371,0.286169260740,0.062158096582,-0.765719234943,-0.082507029176,-0.750099420547,-0.891167283058,0.328846871853,-0.262815713882,-0.080008685589,0.221726834774,-0.473717749119,0.259605318308,0.363128066063,0.360452711582,1.057251453400,0.574198842049,0.021682482213,0.481842547655,0.288243651390,-0.021464340389,0.588155806065,-0.656146109104,0.201135069132,-0.338498592377,-0.041677448899,0.651766836643,-0.510505557060,-0.109618365765,-0.041504584253,-0.023011911660,0.185593485832,-0.085779160261,-0.258786261082,0.439893424511,-0.365490585566,-0.091763660312,1.258481144905,-0.484744220972,0.127049133182,0.828988552094,-0.356579720974,0.767760694027,0.238182142377,-0.571437120438,0.070570968091,-0.120599538088,-0.502574265003,-0.508451759815,-0.287259936333,-0.545836329460,-0.338799059391,-0.222883403301,-0.682697713375,-0.519157111645,-0.177205309272,0.365893930197,-0.330797791481,0.478438705206,0.128378570080,-0.305143475533,0.601713538170,-0.120562501252,0.360234588385,0.203830972314,-0.839163064957,0.579907596111,-0.251336514950,-0.736405909061,0.252954035997,-0.396841257811,-0.485567390919,0.228151738644,0.240219503641,0.116841740906,0.054370839149,-0.208634197712,0.232650399208,0.518506824970,-0.405748069286,0.957120180130,-0.405785083771,0.000728511601,1.101526021957,-0.333827078342,0.558603763580,0.047316215932,-0.131337881088,0.546581268311,-0.606850206852,0.023085998371,-0.399438381195,-0.344783544540,-0.297422081232,-0.735426306725,-0.581586897373,-0.306361794472,0.384448349476,0.307250827551,-0.064775794744,1.023200750351,0.200809895992,0.582772254944,1.314296722412,0.439761728048,0.922670304775,-0.141767546535,-0.452965468168,0.128176882863,-0.547832548618,-0.645280182362,-0.129959061742,-0.715546548367,-0.114121146500,0.095558501780,-0.039026819170,0.448108762503,-0.395092040300,-0.293474942446,0.122011289001,0.284918040037,0.623968124390,-0.673169434071,-0.569029331207,0.058820113540,0.447548985481,0.723021030426,-0.321471184492,-0.558480322361,0.004342258442,-0.099443897605,0.031218986958,-0.265519857407,-0.186280831695,-1.352199912071,-0.300611883402,-0.520959913731,-1.076666116714,0.116677105427,-0.396717786789,-0.794209361076,0.397927850485,-0.430558621883,0.466708421707,-0.097509428859,0.629252910614,0.586966335773,0.597840487957,0.232288196683,0.175958201289,0.346742719412,0.243874415755,-0.154716104269,-0.001197722508,0.000975464704,-0.150307998061,0.092092923820,0.221187651157,0.239713266492,0.210000693798,-0.071653440595,-0.122789189219,0.713039994240,-0.657261550426,0.039932314306,-0.735730886459,-0.161095738411,0.331015914679,0.288194268942,-0.079769968987,1.033881425858,-0.131778284907,0.226731747389,0.327509194613,0.450755238533,0.142627760768,-0.234403759241,-0.255571752787,-0.707257211208,-0.373154371977,-0.220113426447,-0.303793460131,-0.176015824080,-1.056185483932,0.202974870801,-0.545955657959,-0.520449519157,1.061766624451,0.433579683304,-0.044891957194,-0.094315506518,-0.149233758450,0.489979654551,0.090043216944,-0.036750737578,-0.235885486007,-1.054917693138,0.200616449118,-0.040187500417,-0.214219450951,-0.246146380901,-0.552318811417,-0.354739874601,-0.431760460138,0.319442063570,0.011985456571,-0.331295818090,0.369363635778,0.079074382782,-0.203427612782,0.386477470398,0.677462279797,0.401698023081,0.964528858662,0.509777009487,0.137499377131,0.568086802959,0.144237071276,-0.078889168799,0.861849844456,-0.224381580949,-0.194409713149,-0.004811469465,-0.599713206291,0.104041337967,-0.777511239052,-0.581788539886,-0.447437852621,-1.013137340546,0.320693284273,0.033589739352,0.203102454543,-0.010487274267,0.017340224236,1.153530240059,1.028045177460,-0.038228340447,0.458814144135,-0.094006814063,-0.113491408527,-0.073238059878,-0.120138563216,-0.163713440299,-0.308901280165,-0.229868054390,-0.169076427817,-0.276801496744,-0.054165042937,0.000152287743,0.009334826842,-0.936417341232,-0.150406777859,0.200562953949,-0.019344659522,-0.616460800171,-0.159675747156,0.068229027092,0.431492924690,0.684088885784,-0.100452281535,0.031070813537,0.582731127739,-0.254234105349,-0.331266999245,0.000300459593,-0.312901914120,-0.245026856661,-0.396162182093,-0.473302066326,-0.218376517296,0.082107782364,0.249562561512,0.375862598419,0.152905121446,0.265869706869,0.227497309446,0.319075763226,1.093388915062,0.424862205982,-0.566115260124,0.003815425094,0.092747353017,0.105901718140,-0.555409848690,-0.606273949146,-0.080325610936,0.238676056266,-0.321471184492,-1.252126216888,-0.974781513214,-0.266721665859,0.010956485756,0.013310771435,-0.390527516603,0.004515125882,-0.237165525556,0.725556433201,0.342182308435,0.386946678162,-0.030070655048,0.477578461170,0.408057063818,0.390157073736,-0.115257121623,-0.085038296878,-0.609336197376,-0.333892941475,0.527495920658,-0.052633933723,-0.282588422298,-0.145274266601,-0.580393254757,-0.259630024433,-0.361827433109,-0.313852697611,-0.039364323020,-0.433826595545,-0.285988152027,0.481937199831,0.331995517015,1.311074018478,-0.179954722524,0.480006873608,1.191943883896,0.005251869094,0.029041685164,0.353558629751,-0.875238835812,-0.077913701534,0.007075206377,-0.245656594634,-0.063705667853,0.268594413996,0.083799414337,0.588921368122,0.218471184373,-0.314276605844,0.304258555174,-0.225241795182,-0.411119312048,-0.209807232022,-0.492675542831,-0.263795286417,-0.365762233734,-0.396586090326,0.277241915464,0.356415063143,0.303386002779,0.392885923386,0.104321211576,0.170533463359,-0.430805563927,-0.191845506430,-0.857248246670,-0.645959317684,0.504191756248,-1.310230135918,-0.650071084499,0.268623232841,0.472454220057,0.885907173157,0.596630454063,0.001860379940,-0.045953854918,0.395067334175,0.372919738293,-0.052967321128,-0.011302220635,-1.097418427467,0.288037866354,0.115141883492,-0.620889484882,-0.628121078014,0.472326576710,0.023744540289,0.093261837959,-0.058733679354,-0.225163608789,-1.027781724930,0.207996234298,-0.436452567577,-0.558533787727,-0.297092795372,-0.067475818098,0.570008873940,-0.051629662514,0.179362028837,0.613789558411,0.396656036377,0.158560350537,0.236391738057,0.231901302934,-0.562892556190,-0.005478242878,-0.524902939796,0.337140351534,0.048509817570,-0.402060240507,-0.843093752861,-0.059128805995,-0.839545845985,0.090796425939,-0.342952013016,-0.518408060074,0.382978975773,0.293446153402,0.106440894306,1.085819840431,0.344972878695,1.539855480194,0.918970108032,0.149159669876,0.771168649197,0.754207134247,-0.245483711362,0.102711908519,0.127522453666,-0.400907754898,-0.002193766646,0.117990076542,-0.540938436985,-0.157263845205,1.233855843544,0.160017371178,0.228925511241,0.168413773179,-0.403673648834,0.608097314835,-0.074341110885,-0.561242043972,0.359497845173,0.274299025536,-0.612542450428,0.702869653702,-0.052411679178,-0.030786819756,-0.266223669052,0.080251522362,-0.336066126823,-0.486164212227,-0.892467856407,-1.197150349617,-0.497668117285,-0.621976017952,-0.569543838501,-0.755186676979,-0.553672909737,0.338391602039,0.732615172863,-0.046694714576,0.409024327993,0.372586369514,0.641464769840,0.505747616291,-0.398055493832,0.113985314965,-0.662130653858,-0.172665476799,0.533389866352,-0.442560523748,0.230234384537,-0.332929819822,-0.085540436208,0.091887138784,-0.455517321825,0.402331858873,-0.414432585239,-0.401356428862,0.655874490738,-0.065294399858,0.783014178276,0.745308518410,-0.401068300009,0.996817946434,0.699873328209,0.115380600095,1.101686596870,0.295582264662,-0.202085837722,-0.581599235535,-0.344322592020,-0.099110506475,-0.347253084183,-0.408073514700,-0.996743857861,-0.372158318758,-0.371763199568,-0.688134789467,0.494700551033,-0.211330100894,-0.439819335938,0.645909965038,-0.202209308743,0.159963876009,0.999736070633,0.600491166115,0.669135868549,0.716690778732,-0.209383293986,0.418350875378,0.477730780840,-0.618185341358,-0.070669747889,0.059116456658,-0.549404799938,-0.017566597089,-0.521169781685,0.001963277115,0.210292920470,-0.155275881290,0.866451382637,0.465551882982,-0.044097587466,0.157049819827,-0.231971263885,-0.309839695692,0.278871774673,-0.269528716803,0.363597273827,-0.075654082000,0.268446236849,0.402994513512,0.496766746044,0.266808122396,-0.014092789963,0.456566870213,-0.102773644030,-0.529418051243,-0.138162016869,-0.389807224274,-0.263717085123,-0.597293078899,-0.195566266775,-0.643172860146,0.074579834938,0.374878913164,0.196364745498,0.303628832102,0.359930008650,-0.105749435723,0.653396725655,-0.534529983997,-0.203184768558,0.022538585588,-1.049735903740,0.784388899803,-0.242153987288,-0.746407449245,-0.338617980480,-0.106798984110,0.136285185814,-0.174110159278,-0.455871284008,0.279530316591,-0.201851218939,-1.435661792755,0.223019227386,0.112408936024,-0.659698128700,0.885153949261,-0.266943961382,0.268368065357,0.857030153275,0.956992626190,0.731302261353,0.347261309624,-0.051506184042,0.245850041509,-0.499022215605,0.202011734247,0.148406460881,-0.438642203808,-0.421972841024,-0.759491860867,-0.019031852484,-0.643337488174,-0.497779250145,-0.326714843512,-0.511007666588,0.523071348667,0.144628077745,0.249113932252,0.688295304775,0.032910615206,0.635081052780,0.856206893921,0.454204380512,0.754528105259,0.602544963360,-0.370618969202,-0.101901076734,-0.445215284824,-0.322891175747,-0.127213776112,-0.209967747331,-0.183082804084,0.031149016693,0.396120995283,0.200241923332,0.316552698612,0.375776171684,-0.478883206844,-0.217191129923,0.208156764507,0.136840820313,0.825695931911,-0.567728698254,0.003988292534,0.187280997634,0.675363183022,0.096299365163,0.277480602264,-0.120089173317,-0.884083867073,-0.045731600374,-0.583932936192,-0.720823168755,-0.164841189981,-0.720716118813,-0.485851407051,-0.067084811628,0.480764150620,0.192294135690,-0.017130313441,0.472178429365,1.183078169823,0.388477772474,0.119714625180,0.038368277252,-0.068006768823,-0.054169163108,-0.388514846563,-0.564905226231,-0.400936573744,-0.558360934258,0.151884391904,0.278723597527,-0.597251951694,0.187676116824,-0.603380501270,-0.645391345024,0.227143347263,0.441572725773,-0.249690160155,0.153617173433,-0.434765040874,0.621527433395,0.841274559498,-0.066722609103,0.462716013193,0.349241077900,0.519811570644,0.963376402855,-0.453352361917,-0.137680470943,-0.033141106367,-0.488806605339,0.091689571738,0.151369899511,-0.416786849499,0.303888142109,-0.222990408540,-0.046637091786,-0.225048363209,-0.052255276591,0.335308790207,-0.273278295994,0.308617293835,0.901946783066,-0.013615347445,0.351899951696,0.758310616016,0.425421983004,0.786640286446,-0.322129726410,-0.529311001301,-0.059729721397,-0.535427212715,-0.194043397903,0.020217226818,-1.271619081497,0.218117192388,0.390144735575,-0.110108159482,0.126098364592,0.351558297873,-0.367153406143,-0.001452907454,-0.242112815380,-0.014808953740,0.298949062824,-0.541111230850,-0.251385897398,0.624050438404,-0.278093874454,0.353900253773,0.712702512741,0.206098809838,0.164174422622,-0.634731173515,-0.052308779210,-0.072118535638,-0.723292648792,0.791307687759,-0.346351712942,-0.103123493493,-0.451998263597,-0.013228454627,0.681228339672,0.117249213159,0.767493188381,0.411683142185,0.022723801434,0.624523818493,0.508464097977,0.261790871620,-0.273405909538,-0.476549506187,0.453282386065,0.774267852306,-0.174953922629,-0.162219375372,-0.335226476192,-0.329954028130,0.432110279799,0.211996883154,-0.299397706985,0.244355976582,-0.076860032976,-0.498902857304,-0.244232490659,-0.521371483803,-0.225974425673,0.278209120035,-0.170356482267,0.339893877506,-0.097233667970,0.182835847139,-0.132984235883,0.984054625034,0.469692438841,-0.166849747300,-0.085458114743,-0.104271821678,-0.886104702950,-0.004432808142,-0.376792788506,-0.847707629204,-0.281316608191,-0.756985306740,-1.096611738205,0.088116973639,-0.158041745424,0.356522083282,0.323619693518,0.295014292002,0.741760611534,0.837463200092,0.850037276745,0.323627918959,0.658504545689,0.634924650192,0.446890413761,-0.327784955502,-0.887388944626,-0.378579080105,0.410806447268,0.468819856644,-0.140145882964,0.037569798529,0.271413803101,0.176670238376,0.118623919785,-0.127929940820,-0.319907158613,0.004025335424,-0.707240760326,-0.118142358959,-0.206543326378,-0.055420391262,0.306028395891,0.087026268244,0.436950594187,0.446754604578,-0.607661008835,-0.184708565474,0.075966887176,-0.655730426311,-0.088108748198,-0.523956239223,-1.242116451263,0.156790509820,-0.768238186836,0.265528082848,-0.209132224321,0.125620916486,0.834816753864,-0.020262502134,0.438736885786,0.635834217072,0.307411342859,0.119714625180,0.946443617344,0.500446379185,0.017764160410,-0.123933404684,-0.001185374800,0.442832201719,-0.570325791836,0.201987057924,-0.112791709602,-0.637241899967,0.209992438555,-0.478846162558,-0.391988664865,0.528343796730,-0.175838828087,0.327381581068,0.303945749998,-0.107930846512,0.568181455135,0.468778729439,0.150624915957,0.392503142357,-0.346536934376,0.612357258797,0.430624455214,-0.712262094021,-0.394347041845,-0.546976387501,-0.905161321163,0.418334424496,-0.175884097815,-0.813031315804,-0.800387263298,-1.277023315430,-0.161931261420,-0.259053796530,-0.651882052422,0.104708112776,-0.238009288907,0.227126866579,0.153324946761,0.403928816319,0.954428434372,0.226023823023,0.520791172981,0.413173109293,-0.014767794870,0.324409931898,0.259543567896,-0.792311966419,-0.292886376381,0.807981133461,-0.425162672997,0.363206267357,0.316276967525,-0.055654995143,0.813364684582,0.095858961344,-0.047213312238,-0.096410490572,-0.199908524752,0.656467139721,-0.003663137555,-0.203295901418,0.498515963554,-0.326731294394,0.434032380581,0.637908637524,-0.070035897195,0.179082140326,0.321602880955,-0.590608894825,0.011528593488,-0.395758777857,-0.494042009115,-0.717341065407,-0.196031361818,-0.450870484114,0.306386470795,0.174875721335,-0.436818838120,0.438852131367,0.466798961163,0.846958577633,0.685759902000,-0.266894549131,0.215005591512,0.051897190511,0.046534195542,-0.819332718849,-0.578734576702,0.255188971758,-0.151209384203,-0.416708678007,0.007186335046,-0.132646739483,-0.525475025177,0.646128058434,-0.365725189447,0.287264078856,0.074662148952,-0.336407721043,0.126225963235,0.037244644016,0.260045737028,0.302361130714,0.108564697206,0.341313868761,0.061236139387,0.402731090784,0.518268108368,0.191067606211,-0.168738931417,0.514909565449,-0.269574016333,0.150003418326,0.252311974764,-0.219862326980,-0.969945311546,-0.159704566002,-0.653849482536,-0.308534950018,-0.000547412666,-0.780207157135,-0.407805979252,0.121323943138,0.127872303128,0.207131907344,0.153234392405,0.246212229133,0.663558840752,0.593094885349,-0.088841371238,0.024526558816,0.510740160942,-0.526569843292,-0.254765063524,-0.527318954468,-0.491473734379,0.076296158135,0.325969845057,-0.072307862341,-0.011203438975,-0.010063339025,0.011911370791,0.152460604906,-0.086318336427,0.477208018303,-0.676988959312,-0.165701404214,0.203884482384,-0.083289049566,1.042018651962,-0.055988386273,0.082325927913,1.054740786552,-0.071608163416,0.678985178471,-0.002267852658,-0.457521766424,-0.670827507973,0.109675981104,-0.105535402894,-0.309687405825,-0.714575290680,-0.528364419937,-0.243417546153,0.195488080382,0.635377407074,0.403990566730,0.175143241882,-0.441004693508,0.482756257057,0.791143059731,-0.405278831720,0.165787845850,0.129168808460,0.255180746317,-0.296405464411,0.038368277252,-0.219224378467,-0.241182625294,0.195323422551,-0.193096756935,-0.876901626587,-0.139195114374,-0.308539062738,-0.110408619046,0.151456326246,-0.324508726597,0.650231599808,-0.294302225113,0.370742470026,1.113013505936,0.401640385389,0.219792366028,0.997406542301,-0.163664042950,0.663587689400,0.228839099407,-0.508015453815,-0.620951175690,-0.034063063562,0.019859144464,-0.300677746534,-0.594465494156,-0.398405313492,-0.959206938744,-0.079996339977,-0.633253633976,-0.136400416493,-0.152448251843,0.542675316334,0.036149814725,0.147665604949,0.553191423416,0.803256094456,0.577100574970,0.619576513767,0.268775522709,0.339227110147,-0.329513639212,-0.136021763086,-0.348496079445,-0.084532044828,-0.862380743027,-0.310090750456,-0.045706905425,-0.420120716095,0.124929450452,0.286621987820,-0.219166770577,-0.698729097843,0.151785612106,-0.698078811169,0.250472187996,-0.205971226096,-0.907569050789,0.795654058456,0.052880886942,0.382822573185,0.658891439438,-0.443610042334,0.468963950872,0.417260169983,-0.061273179948,-0.389667272568,0.248924598098,-0.657199800014,-0.452006489038,-0.504739224911,-0.603117048740,0.275233328342,-0.189878121018,0.683339774609,-0.269874453545,0.417288959026,1.165145277977,0.382596164942,0.031165478751,1.160337924957,-0.040253356099,-0.067043654621,0.164865881205,-1.175574898720,-0.642148017883,0.320713877678,-0.286708414555,-0.009075526148,-0.823263406754,-0.642790079117,0.675610125065,-0.891908109188,-0.445692688227,0.208716526628,-0.875938475132,0.438687473536,0.191549181938,-0.697407901287,0.525771379471,-0.078843891621,0.739620447159,0.923979103565,-0.267931759357,0.156053781509,0.353805601597,-0.295467019081,0.701676070690,-0.593374788761,-0.418667793274,0.491831779480,-0.154477402568,-0.288889855146,-0.322825312614,-0.991644322872,0.018513251096,0.374730765820,-0.896357417107,0.418651342392,-0.298665076494,-0.202966645360,0.770991683006,0.172360911965,0.871974885464,0.614283442497,-0.409822791815,0.484608411789,0.601042687893,-0.236552253366,-0.104913905263,-0.238881841302,-0.350270032883,-0.200106084347,0.391774654388,-0.449281752110,0.208263784647,-0.103761456907,-0.178024366498,-0.100736290216,-0.146509036422,0.060128964484,-0.823806703091,-0.612048566341,-0.416091263294,0.081992544234,0.262293010950,-0.234881207347,-0.033511534333,0.107766218483,0.162416934967,0.573215186596,-0.192100703716,0.021460223943,0.071834541857,-0.217405155301,-0.748588919640,-0.299965679646,-0.427879184484,-0.017476046458,-0.130452975631,-0.243088275194,-0.075888685882,0.146669551730,0.604479432106,0.818229675293,0.074164129794,0.785899400711,-0.100728049874,0.764826059341,0.129469275475,0.028074448928,0.642201483250,-0.545461773872,-0.232749179006,0.155880913138,-0.413893371820,-0.094632431865,-0.190145641565,-0.404480367899,-0.358094334602,-0.517272055149,-0.321812808514,-0.177612781525,-0.335485786200,-0.155185326934,-0.239351049066,-0.197945252061,0.684739172459,-0.008388173766,0.077629707754,0.182259619236,0.322265565395,0.180658534169,-0.070953741670,-0.121937207878,-0.121566772461,-0.829322040081,-0.500977277756,0.186774745584,-0.365268349648,-0.513654232025,-0.660628318787,-0.537769198418,-0.206300497055,-0.117319181561,0.008054787293,0.143734931946,-0.514963030815,1.113322138786,0.748539507389,0.246994256973,1.513690829277,0.698169291019,0.572457849979,0.099308066070,0.367560893297,0.036960646510,0.411185115576,-0.144652783871,-0.356221616268,0.097534120083,-0.067990303040,0.729149580002,0.029169276357,-0.542337834835,0.639694929123,-0.334539115429,0.668572008610,-0.485703259706,-0.637385964394,0.454348415136,-0.307349592447,0.023518165573,0.306073665619,-0.355900585651,0.126279458404,-0.671679496765,-0.569202184677,0.275299191475,-0.672815442085,-0.800465524197,-1.019331812859,-1.062964320183,-0.676351010799,-0.350957393646,-1.186276197433,-0.248764082789,-0.501405298710,-0.382098168135,0.650359213352,-0.267199128866,0.079914018512,0.858787655830,-0.074114739895,0.483027905226,0.732236504555,0.828136622906,-0.114532731473,-0.041628062725,0.333917617798,-0.390720963478,-0.048884365708,0.006671849638,0.191084071994,-0.541312932968,0.039039168507,0.041553974152,0.205045148730,0.672354519367,-0.457311868668,0.191907256842,0.684348165989,0.592716217041,0.451072156429,0.327307522297,0.373718202114,0.585933268070,0.846160113811,0.085038296878,-0.440984129906,0.259407758713,0.211828127503,-0.324241161346,-1.242824435234,-0.195599198341,0.110388033092,-0.397232264280,-0.492930710316,-0.968311309814,0.082395896316,-1.078971028328,-0.552014291286,0.136445701122,-0.376286536455,0.489584535360,-0.019147098064,0.477570235729,0.735245168209,0.198216900229,0.516498327255,0.230283766985,0.591806650162,-0.260198026896,-0.789192080498,-0.641662359238,0.222373038530,-0.082939192653,-0.650457978249,0.389749586582,-0.235313355923,0.330168038607,0.822641968727,0.110227510333,-0.358460634947,0.317631065845,-0.573877811432,0.110025830567,-0.116570092738,-0.512452363968,0.567629933357,0.017566597089,0.198517352343,0.395425409079,0.519782721996,0.616514325142,0.313976168633,-0.500717997551,0.145303085446,-0.065343789756,-0.742040574551,-0.661953628063,-0.436987608671,-0.768600404263,-0.515996098518,-0.235827863216,0.358600586653,-0.546177923679,-0.052424028516,0.668008089066,0.089553423226,0.364288747311,0.555360436440,-0.406954020262,-0.229501739144,0.101526528597,-0.424825161695,-0.160626515746,-0.236486405134,0.167360112071,-0.246541514993,-0.072970524430,-0.258214145899,0.119109593332,0.151209384203,-0.434361696243,-0.134210780263,-0.360358059406,0.010647794232,-0.266310095787,0.268672615290,0.088499762118,0.766180157661,0.636608004570,0.085923217237,1.025357484818,0.760603189468,0.113182723522,0.587484955788,-0.059264626354,-0.463588595390,0.409345328808,0.029761962593,-0.560283064842,-0.429237395525,-0.657516717911,-0.640818536282,-0.132597357035,-0.577899038792,-0.497330605984,0.174344763160,-0.856964290142,0.015755606815,0.478167057037,-0.665839016438,0.465440720320,0.567876875401,-0.082762211561,0.421495437622,0.054053913802,0.610011160374,0.232745066285,-1.113894343376,-0.223052144051,-0.270277827978,-0.347125500441,0.206897288561,-0.146517261863,0.103765569627,0.296944648027,0.538740515709,0.236062452197,0.242919534445,0.185062527657,-0.156951040030,0.614398717880,-0.031239565462,0.114170536399,0.612744152546,0.377611845732,0.121274553239,0.543679594994,-0.083157338202,0.679898917675,0.621918439865,-0.906342506409,0.218549370766,-0.777276635170,-0.849456965923,0.322257339954,-0.740756332874,-1.216215133667,-0.094294920564,-0.381958246231,0.253769010305,0.282201528549,0.388296723366,0.186799436808,-0.148665770888,0.900806665421,0.356867790222,-0.455974161625,-0.343079566956,-0.265795618296,-0.518803179264,-0.316663831472,-0.506212651730,-0.944204628468,-0.228814393282,-0.600816309452,-0.267874151468,0.233988061547,-0.797172844410,-0.711566507816,0.649951756001,-0.389881342649,-0.147468030453,0.667497754097,-0.567761659622,0.340132623911,0.341309756041,0.373364269733,0.788965761662,0.272195816040,0.459283381701,0.891253769398,0.311008602381,0.062470901757,0.780754566193,-0.558731377125,0.130749315023,0.520149052143,0.222727000713,-0.411592602730,-0.101641781628,-0.207699894905,-0.139306247234,0.685796976089,0.050925843418,0.281032621861,0.894332408905,0.993158876896,0.748374879360,0.657648444176,-0.121826082468,0.119418285787,0.994410157204,-0.666509926319,-0.257699668407,-0.063475176692,-1.130040884018,0.275570839643,-0.449903279543,-0.815941274166,0.403080970049,0.014619622380,-0.512275397778,0.059598013759,-0.556928634644,-0.168327346444,-0.085025951266,-0.794229984283,-0.382711470127,-0.494379520416,-0.082667544484,-0.006433128379,-0.157617822289,1.029942512512,-0.016541741788,0.009701140225,0.530512869358,-0.299726992846,-0.090421877801,0.138083830476,-0.839418292046,-0.105724737048,-0.651972591877,-0.008898543194,0.192211836576,-0.207769870758,-0.315305590630,0.901370525360,0.273265957832,0.631512582302,0.605195581913,-0.018640842289,-0.138919338584,1.044306993484,-0.247693955898,0.682677149773,-0.422845423222,-0.214725703001,-0.122887969017,0.090380713344,-0.239552721381,0.077744945884,-0.376854538918,0.165845468640,-0.473742485046,-0.217652112246,-0.296035021544,-0.868995010853,-0.495095700026,0.568786501884,-0.503125727177,-0.210486352444,0.084709025919,0.190363794565,0.307555377483,0.059758532792,1.040310502052,0.536509692669,-0.462983548641,0.406579464674,0.497198909521,-0.093595221639,-0.096056520939,-0.374240964651,-0.082144826651,-0.302266478539,-0.670288324356,-0.928218543530,0.028136188164,-0.401302903891,-0.508628726006,0.020027896389,0.125155821443,0.884627103806,0.504232943058,1.038923382759,0.870670199394,1.570407629013,1.235185384750,0.232950851321,0.458484888077,-0.206839680672,-0.211260139942,0.229304179549,-0.503405630589,-0.240170121193,0.114870235324,-0.232531040907,-0.272051751614,0.701947689056,0.147780850530,0.494655251503,-0.031741704792,-0.689052641392,-0.294277518988,-0.433620810509,-1.037017822266,0.010886515491,-0.163581728935,-0.262321799994,-0.038207761943,-0.029922483489,-0.188466370106,0.928712368011,-0.220376834273,-0.449738621712,0.085840895772,-0.654907286167,-0.730071544647,-0.447618961334,-0.879255890846,-0.122414648533,0.286864846945,-0.276513367891,0.492066383362,1.100674033165,0.241861745715,0.646852493286,1.060832381248,-0.023213589564,0.938392996788,0.313268214464,-0.050065621734,-0.265190571547,-0.315725415945,-0.400055795908,0.515193521976,0.021698946133,0.366688311100,-0.427027165890,-0.198299214244,-0.102473184466,-0.212202683091,-0.007013467606,-0.075295999646,-0.207127794623,0.099884293973,-0.174418851733,-0.572536051273,0.070686206222,0.497873902321,-0.136552721262,0.520408391953,-0.139190986753,0.120525464416,-0.004264056683,-0.751692295074,0.001564036240,-0.921007394791,-0.622638702393,0.240174233913,-0.398973315954,-0.551079928875,0.036260943860,-0.962232112885,0.097941592336,0.396042793989,-0.402673482895,0.247673362494,-0.612332582474,-0.010479043238,1.100653529167,0.020208993927,0.771979510784,0.369552969933,-0.070496879518,0.430595636368,0.292886376381,0.023715728894,0.734109282494,-0.264248043299,-0.250377506018,0.477846026421,-0.073908947408,0.466111600399,0.436637789011,-0.232148259878,0.459764897823,0.676182270050,0.239466309547,0.456842631102,-0.490004330873,0.224077001214,-0.348689526320,0.270438343287,0.174023732543,-0.240746334195,0.034054830670,0.222747564316,-0.319660186768,-0.002374865580,-0.457830458879,-0.161186292768,-0.717271149158,-0.627437829971,-0.887302458286,-0.550911188126,-0.729059040546,0.100361742079,-0.840348422527,-0.145537689328,0.038438249379,0.230489566922,0.148760423064,0.766982793808,-0.469626575708,0.502401351929,0.426257491112,-0.222603514791,-0.151645660400,0.106724895537,-0.115821003914,0.061409000307,-0.523128986359,0.294088184834,0.126798063517,0.430369287729,0.283144086599,0.620617806911,-0.697716593742,0.788648843765,0.527372479439,-0.309395194054,0.343906879425,-0.088038779795,0.074468702078,0.776449322701,-0.048431616277,0.748197913170,0.322224408388,0.219421952963,0.802531719208,0.238091588020,0.114075869322,0.871641516685,-0.507221043110,-0.288667589426,-1.229884028435,0.009729951620,-0.510567307472,-0.576409101486,-0.860446333885,-0.685484170914,-0.467041790485,-0.579401314259,-0.680936098099,0.015257584862,-0.115948595107,0.770826995373,0.547400295734,1.083424329758,0.635467946529,0.354529976845,1.242355108261,-0.289190292358,-0.172150999308,0.255184859037,-0.509386003017,0.179892987013,-0.140606865287,-0.520873427391,-0.059964329004,0.330456167459,0.596136510372,0.082116022706,-0.563522279263,0.039026819170,-0.136318102479,0.350525230169,0.198978349566,-0.650420963764,0.394458144903,0.231621414423,0.754906773567,1.130728244781,-0.229530543089,0.662377595901,0.683537364006,0.002214346081,0.710080683231,0.099476821721,-1.488896608353,-0.405715107918,-0.103321053088,-0.863932490349,-0.666448235512,-0.660862982273,-0.361177146435,0.386415749788,0.318845242262,0.017809433863,-0.095784872770,0.112458325922,0.062293920666,0.434629201889,0.417050272226,-0.420310050249,-0.147628560662,-0.704734206200,-0.901193559170,-0.186980545521,-0.205329149961,-0.552627503872,-0.345475018024,0.120015084743,-0.540831387043,-0.135836556554,-0.057120248675,-0.323669075966,0.575359582901,0.082523494959,0.284930378199,0.206415742636,0.695374667645,0.226612389088,1.106856107712,1.108103156090,0.893990814686,0.749391555786,-0.160581260920,0.509707033634,0.107688009739,0.404237538576,0.413761675358,-0.018204558641,-0.044727321714,-0.517004549503,-0.278419017792,0.059075295925,-0.435678780079,0.099390394986,-0.841221034527,-0.263544231653,0.090635895729,-0.011256945319,-0.050666544586,0.631273865700,0.721876800060,-0.018739623949,-0.145932823420,0.393651455641,0.348607212305,-0.390045940876,-0.418684244156,-0.928811192513,0.094599492848,-0.562382161617,-0.240128949285,-0.356143385172,-0.247825652361,-0.148175969720,0.078189462423,0.355122655630,-0.619485914707,-0.054823584855,-0.687982559204,-0.564082026482,1.154583930969,-0.723551988602,-0.008108293638,0.653516113758,-0.470025807619,0.847407162189,0.729515969753,-0.268438011408,0.470729619265,0.172262132168,0.168755397201,-0.198319792747,-0.133819773793,-0.502113282681,0.467506885529,-0.249365001917,-0.867406249046,0.123163737357,0.518807291985,0.284370601177,0.997159540653,-0.061141468585,0.275381505489,0.989281773567,-0.190935894847,0.328110128641,-0.130860447884,-0.152740493417,0.126843348145,-0.610385715961,-0.754141271114,-0.305221676826,0.043286763132,-0.058392055333,-0.372660458088,-0.036841284484,-0.534414708614,-0.658352255821,0.362086743116,-0.167911648750,-0.095439136028,-0.678956389427,0.201143294573,-0.309279948473,0.275435000658,-0.195702105761,0.100435830653,0.528516650200,0.433114558458,0.537695109844,0.034499347210,-0.721292316914,0.538349509239,-0.074357576668,-0.196134254336,-0.396030426025,-0.605059802532,-0.157136246562,-0.041356410831,-0.717357635498,0.337951183319,-0.789319694042,-0.187581449747,0.541325330734,0.485402792692,0.559854984283,-0.160161435604,1.132008314133,0.704388439655,0.180139943957,0.663846969604,0.369943976402,0.450158447027,0.371944308281,-0.228588029742,-0.291083604097,0.256860047579,-0.600375890732,0.578528821468,0.349953114986,-1.105213880539,-0.148143053055,0.001761598745,-0.580092787743,-0.029342144728,-0.262478202581,-0.282032787800,-0.058639012277,-0.254374027252,0.246512696147,0.643255174160,0.005276564509,0.370404928923,0.404896050692,0.001716324012,0.147447466850,-0.006774746813,-0.441177576780,-0.195763826370,-0.216059252620,-0.664583683014,0.281345427036,-0.349459201097,-0.934281110764,0.393589735031,0.249249756336,0.204378381371,0.596309423447,0.215865805745,0.313630431890,0.805828571320,0.896135151386,0.383020132780,0.414576619864,-0.041788578033,-0.862133800983,0.508908569813,-0.436308473349,-0.506323814392,-0.430426895618,-0.575338959694,-0.563085973263,0.084857195616,-0.893784999847,-0.520577132702,-0.562876105309,0.017439004034,0.138532459736,-0.505134344101,-0.122204743326,-0.108881615102,-0.159828037024,0.908742129803,-0.357518106699,0.087067425251,0.230259060860,0.274480134249,-0.107967898250,0.474314570427,-0.188684508204,0.148587554693,-0.279225736856,-0.344203233719,0.008223538287,-0.714727520943,-0.708594858646,0.382205218077,-0.686525464058,-0.094360776246,0.338144630194,0.047620788217,0.601820588112,0.547968327999,0.968776404858,1.197767734528,0.912643909454,0.261593312025,0.344960540533,0.310284197330,0.493930876255,0.056260030717,0.108330085874,0.326862990856,-0.110281027853,0.581866741180,0.439136117697,-0.043813597411,0.542099058628,0.198986575007,0.022921361029,-0.039356090128,0.069101594388,-1.090709447861,-0.308102816343,-0.236124202609,-0.077942512929,0.640686869621,-0.737299025059,-0.342614501715,0.401376992464,-0.474705576897,-0.122641019523,-0.593634068966,-0.700684070587,-0.272516846657,-1.124253988266,-0.807594239712,-0.365173667669,-0.706026554108,-0.521848917007,-0.234922364354,-0.408612698317,0.040590856224,0.123381882906,0.335345834494,0.340708851814,0.375932604074,0.102168612182,0.227542594075,1.197599053383,0.577495694160,-0.418297410011,0.152065485716,-0.019826216623,0.813451170921,0.635155141354,-0.442531734705,-0.009462418966,0.226390123367,-0.226674124599,0.529562115669,-0.054490197450,-0.340412497520,0.398611098528,0.313980281353,-0.026325199753,0.056037776172,0.606191635132,-0.241314336658,0.152843385935,0.322619527578,0.179316759109,0.424722284079,0.295944482088,-0.508855104446,-0.575581789017,-0.174925103784,-0.324191778898,-0.062993623316,-0.218269497156,-1.066812634468,-0.245006278157,-0.703203022480,-0.133576929569,0.178460657597,-0.883301854134,-0.452870815992,0.251245975494,0.011553288437,0.037232294679,0.245771825314,0.075493559241,0.612970530987,0.808030486107,0.097678184509,0.284243017435,0.014063978568,0.175258502364,0.303966343403,-0.485439807177,-0.065162688494,-0.413909882307,0.072040334344,0.414885312319,0.176283344626,-0.108552344143,0.039121486247,0.530940890312,0.138795882463,0.003136304440,0.084980674088,0.223216786981,-0.090878739953,0.330958306789,0.094920538366,0.177015975118,0.697267889977,0.375171154737,0.020398326218,-0.121496804059,0.201324403286,-0.305822610855,-0.297154545784,-0.650334537029,-1.111251831055,-0.532451450825,-0.909301877022,-0.375669151545,-0.799107313156,-0.402196049690,0.199603959918,-0.251995056868,-0.094648882747,0.700474202633,0.216503769159,0.380517691374,0.323948949575,-0.200698778033,0.196624040604,-0.233679369092,-0.465432494879,0.550429642200,-0.545519411564,-0.593601167202,0.072381950915,-0.606236934662,-0.374191552401,0.789216756821,-0.299447089434,0.248463615775,-0.552479326725,0.177225887775,0.418424993753,0.358147829771,0.253612607718,0.497104227543,0.618251204491,1.115869879723,0.415938973427,1.160531401634,0.178382441401,0.752383768559,0.398100733757,-0.229168355465,-0.543844223022,-0.454566538334,-0.732327044010,-0.616427838802,-0.266100198030,-1.220573902130,-0.583130359650,-0.550734221935,-0.565897107124,0.249607831240,-0.416424661875,-0.021559005603,0.694539129734,-0.126769259572,0.540197551250,-0.295697510242,-0.016619943082,0.882384002209,0.185095459223,-0.291338801384,-0.125373974442,-0.584579110146,-0.779260516167,0.278793573380,0.102160379291,-0.049876291305,-0.017657145858,-0.439844042063,-0.001078361878,0.215849354863,0.075119018555,0.018402120098,-0.031926918775,-0.547486782074,0.015360482037,0.967434585094,0.091961219907,0.787488162518,0.171994596720,0.150287419558,0.950855851173,-0.373240798712,0.491486072540,0.214301779866,-0.379031866789,-0.144751548767,-0.392396122217,-0.439535379410,-0.416297048330,-0.304550766945,-0.157498449087,0.327085256577,0.004498662427,0.061421349645,-0.095451489091,0.255267202854,0.208897635341,0.911067605019,-0.425598978996,0.266544699669,0.021863581613,-0.334699630737,-0.137240067124,-0.393980741501,-0.299117803574,-0.331118822098,-0.460139453411,-0.128337413073,-0.924324870110,-0.349866658449,-0.294075846672,-0.135626628995,0.067237094045,-0.864199936390,0.241598337889,0.495190352201,0.305925488472,0.424973368645,0.421240240335,0.579096734524,0.180288121104,1.065298080444,1.022295236588,-0.128197461367,0.019373470917,0.273920387030,0.179012179375,0.199315831065,-0.553796470165,0.578244805336,0.248710572720,-0.548647463322,0.331386357546,-0.347582370043,-0.664596080780,-0.067718654871,0.149488940835,-0.123661756516,-0.423763275146,0.221660986543,0.063862070441,0.529990136623,0.697765946388,0.467210561037,0.516127884388,0.253719627857,0.102349705994,0.070867307484,-0.999073386192,-0.280769199133,-0.336049646139,-0.280155926943,0.155144155025,-0.174636989832,-0.988561511040,0.116775885224,-0.300200283527,0.064121372998,-0.024374270812,-0.750025391579,-1.023492932320,-0.171652987599,-0.325813442469,0.000041158848,0.249788939953,0.124867722392,0.634702384472,0.140096500516,0.694407403469,0.553393065929,-0.442552298307,0.226974591613,-0.554858326912,-0.580306887627,-0.244903385639,-0.473487287760,-0.412234693766,0.200879886746,-0.273722797632,-0.100777439773,0.226439520717,0.396195083857,0.460691004992,0.775181651115,0.295907437801,0.005251869094,0.758693397045,-0.398820996284,0.575614690781,0.295121282339,-0.471984982491,-0.086775198579,-0.128246858716,-0.421594232321,0.038323003799,-0.807956457138,-0.329246103764,-0.278291463852,-0.180353969336,-0.697753667831,-0.124600186944,-0.214491114020,-0.305909037590,0.240380018950,-0.091195665300,0.473746597767,1.272952675819,-0.104243017733,0.460036575794,0.908709228039,-0.133539885283,0.728902637959,0.351406037807,-0.102292090654,-0.190240308642,-0.245471373200,-0.341400325298,-0.766777038574,0.520894050598,-0.432052701712,-0.168068051338,-0.249747782946,-0.970793187618,0.057470098138,0.497380018234,-0.021768914536,0.630792319775,1.073616266251,-0.217775598168,0.579940557480,1.322026371956,-0.128275662661,1.239227056503,0.109515465796,-0.480760037899,0.361498177052,-1.089919209480,-0.546700596809,0.535007417202,-0.553936362267,0.126546993852,-0.387053698301,-0.698774397373,0.419869631529,-0.507863163948,-0.254995524883,-0.390745639801,-1.023649334908,0.040286280215,-0.151892617345,-0.685315430164,-0.092142321169,-0.240705192089,-0.521280944347,0.801148772240,0.082181870937,-0.843340694904,-0.391136646271,-0.259737014771,-0.568502485752,0.057898152620,-1.111214876175,-0.739525735378,0.335761547089,-0.396256804466,-0.196661099792,0.485312223434,0.181757479906,0.433036357164,0.811298549175,0.745440244675,0.571519434452,0.319557309151,0.976576030254,0.223130345345,0.234424352646,0.026547456160,-0.107963778079,0.503940761089,-0.596074819565,-0.088079936802,0.488403260708,-0.381558984518,0.485538601875,-0.032914731652,-0.428109645844,0.648395895958,0.072122648358,-0.528775990009,0.231572031975,-0.170409977436,0.489959031343,0.581858515739,-0.446939826012,-0.111873865128,0.456686258316,0.241413116455,0.250686198473,0.174632877111,0.065792419016,-0.804178059101,0.049061350524,-0.223467856646,-0.502998173237,-0.247212395072,-0.394412904978,-0.618794500828,-0.572260320187,-0.179596647620,-0.631475508213,0.416511118412,0.287836164236,-0.769481122494,0.031004961580,0.574038386345,0.217170536518,0.815953612328,0.414609581232,-0.343898653984,0.960692763329,0.890669286251,-0.034845080227,-0.056581068784,-0.141425922513,0.295911550522,0.819723725319,0.057988703251,-0.030148856342,0.198677897453,-0.486682802439,0.753009319305,-0.648889839649,-0.073423273861,0.083803527057,-0.492580890656,0.230337277055,-0.384773492813,0.199447557330,-0.179765388370,-0.713632643223,-0.005474126898,0.209482073784,-0.147714987397,0.116545401514,-0.794090032578,-0.440840095282,0.270232528448,-0.428550034761,-0.980576694012,-0.075901031494,-0.519478142262,-0.593452990055,0.017052110285,-0.651519894600,-0.042727001011,0.053996294737,0.103218160570,1.160337924957,0.072682410479,0.358267188072,0.829284965992,-0.078843891621,0.288297146559,0.150974765420,-0.068286642432,0.090368375182,-0.390893846750,0.082288891077,-0.099970728159,-0.163355350494,-0.003728991607,0.142780050635,0.152168378234,-0.135433197021,-0.198484435678,0.283670902252,-0.326900035143,0.753589749336,-0.185342416167,0.455023437738,0.346652179956,-0.137404710054,0.661323904991,0.019669814035,1.054880738258,0.888619542122,-0.190215632319,0.155263528228,-0.443301379681,-0.498734116554,0.227933585644,-0.620045721531,-0.592699766159,-0.792834699154,-1.026851534843,0.067471697927,-0.237622395158,-0.350817471743,0.079864628613,0.056272376329,0.669222295284,0.942698121071,0.559447526932,0.480253785849,0.162672117352,0.468861043453,0.686982333660,0.110470347106,0.018690234050,0.132498562336,-0.956733345985,-0.225443467498,0.208535417914,0.355649501085,0.669423997402,-0.469404309988,-0.009845197201,-0.060622867197,0.142372578382,0.497433483601,-0.340688258410,0.095455609262,-0.593835771084,-0.043492555618,0.521811902523,-0.175242021680,0.452158749104,0.601120889187,0.074435777962,0.345911324024,0.155621618032,-0.502705931664,-0.652079641819,-0.301200449467,-0.792682409286,-1.001588344574,-1.263354420662,-1.272709846497,0.063878536224,-0.919780910015,-0.380612373352,0.538077890873,-0.371273398399,0.298780322075,0.674037933350,0.351089090109,-0.181584611535,0.272117614746,-0.096118256450,-0.370479047298,-0.146858885884,0.021731872112,-0.510069251060,-0.267409026623,0.375385165215,-0.329143196344,0.489152342081,-0.644115447998,0.040105182678,0.588740289211,-0.008309971541,-0.167018488050,0.399969369173,0.425352007151,0.390860885382,0.977580308914,0.293343245983,0.419248133898,1.584237098694,0.966965436935,1.038956284523,0.543383240700,-0.478697985411,0.512427687645,-0.052057713270,-0.296286106110,0.361456990242,-0.474088191986,-0.914994180202,0.370075672865,0.124307952821,0.279052883387,-0.392861187458,-0.422664314508,-0.125579759479,-0.181588739157,0.346380501986,-0.369215458632,-0.078201815486,0.561011552811,-0.231024608016,0.116166740656,1.152332544327,0.360526829958,0.195113524795,0.110923096538,-0.215351328254,-0.389498561621,-0.375257581472,-0.550137400627,-0.466037511826,-0.277694642544,-0.698132336140,0.498927563429,-0.163400635123,-0.266380071640,0.251636981964,0.417684108019,-0.861845731735,0.069751903415,-0.081704430282,-0.651495218277,0.301583230495,0.098180316389,-0.591658413410,0.222879290581,0.158893734217,0.553545355797,0.399598926306,-0.459859579802,-0.256995856762,0.259765833616,-0.285930514336,-0.861034870148,-0.497289448977,-0.344771206379,-0.644720435143,-0.485398679972,0.035635333508,0.001432328019,0.524133265018,0.769777476788,-0.383007794619,0.703569352627,0.512452363968,-0.569132208824,0.510880112648,-0.376883327961,-0.819262742996,0.047554936260,-0.375072360039,-0.322080343962,-0.075061395764,-0.126448214054,-0.090388946235,0.369380086660,0.066319249570,-0.082618154585,-0.613575518131,-0.156844034791,-0.203929752111,-0.402854591608,0.109890013933,-0.212684229016,0.035923443735,0.341877758503,0.690768957138,0.583504915237,0.949332952499,1.064421415329,0.768933773041,0.123546518385,-0.195241123438,-0.285465419292,-0.076485484838,-0.730548977852,-0.087627194822,-0.066953100264,-1.049884080887,-0.364799112082,0.004926714115,-0.146035715938,0.390926748514,-0.118949070573,0.925588428974,0.611101865768,0.574301779270,0.534245967865,0.508591651917,0.591567873955,0.309934347868,-0.195500418544,0.131411969662,-0.421112656593,0.091487891972,-0.215923428535,-0.134910479188,-0.496141105890,-0.458205014467,0.363638430834,-0.536604344845,-0.541596949100,-0.227847158909,-0.606463313103,0.171015009284,-0.445906728506,-0.767258584499,0.547355055809,-0.626178383827,-0.166236475110,0.356752544641,-0.306905090809,0.210716843605,0.318956375122,-0.068821713328,-0.226567119360,-0.531290769577,-0.415416270494,-0.165466815233,-0.071134842932,0.001135984203,-0.413741111755,0.039479568601,-0.194347977638,0.504558086395,0.420063078403,0.059919051826,0.475108921528,0.370614856482,0.847744703293,0.321965098381,0.523906886578,0.239326357841,-0.062549099326,0.340079098940,0.157321467996,-0.071604050696,0.249196246266,-0.980272054672,0.044760249555,0.016854548827,-0.350459367037,0.013088514097,-0.063368164003,-0.324681580067,-0.219944655895,0.404793173075,-0.227620780468,0.135746002197,0.337543725967,-0.037042964250,0.347928076982,0.263305515051,-0.245520755649,0.287313461304,-0.005585255567,0.481315702200,-0.386325180531,-0.133506953716,0.543214440346,-0.257053494453,0.040084604174,-0.065915897489,-0.583912372589,0.269619286060,0.075193107128,-0.839936852455,-0.434839099646,-0.159408226609,-0.282827168703,0.165923669934,0.059021789581,0.656862258911,0.414350241423,0.817431151867,1.369145035744,-0.027008436620,0.159013107419,0.768641531467,0.133778601885,-0.340573012829,0.644522905350,-0.063059471548,-0.448355674744,0.670066058636,0.194846004248,0.616349637508,0.253925412893,-0.198430940509,-0.558134555817,-0.446997433901,-0.053053755313,-0.335164725780,-0.696728765965,-0.656537115574,-0.435114890337,0.008384057321,-0.062363889068,-0.230892911553,0.016570553184,0.341988861561,-0.003613747191,-0.266820460558,-0.696420073509,-0.650231599808,-0.966804921627,-0.782347440720,-0.418881833553,-0.609397888184,-0.650013506413,-0.498557150364,-0.020036127418,0.166298210621,0.356666117907,0.129605099559,0.291861504316,0.406694710255,0.760039329529,0.532402038574,-0.101151987910,0.266997456551,0.742645561695,0.142611294985,0.350088924170,0.280415236950,-0.403410226107,0.255139589310,0.068558290601,-0.120640702546,0.215902864933,0.116405457258,-0.086244247854,0.050028581172,-0.179234430194,0.308283895254,0.086425349116,0.132984235883,0.429500818253,0.077428027987,0.428883463144,0.436065673828,0.753330409527,1.034819841385,0.808573842049,-0.197945252061,0.319845408201,-0.007260421291,-0.752009212971,-0.092426307499,-0.235280454159,-0.542732954025,-0.732084155083,-0.662550449371,-1.122924566269,-0.973233938217,0.380464166403,-0.652524173260,-0.185823976994,0.002769990359,-0.528619587421,0.738896012306,0.228102341294,-0.121846660972,0.867435097694,-0.061651840806,0.728466391563,0.888158559799,-0.835635721684,-0.073793701828,-0.250813782215,-0.228596255183,0.095883652568,-0.551701486111,-0.561402559280,0.067327640951,0.345178693533,0.685381233692,-0.068809360266,-0.536612570286,0.807672441006,0.659788727760,-0.541510522366,0.093060158193,0.113318540156,-0.003477922641,0.707384765148,-0.292972803116,-0.346899122000,0.172599643469,-0.426644384861,0.198402121663,-0.207016661763,-0.519556403160,-0.306176573038,-0.986231863499,-1.144306540489,-0.267985284328,-0.299463540316,-0.448536783457,-0.018270412460,-0.229621097445,0.281798183918,0.288638770580,0.176003471017,0.630113184452,0.116100884974,0.414255589247,0.394256472588,-0.265157639980,-0.039154414088,-0.301789015532,-0.605965256691,0.048213478178,-0.041628062725,-0.160894051194,0.305448055267,-0.455793112516,0.362132012844,0.044933114201,0.163499414921,0.023600483313,0.006317883730,0.042241327465,0.882569193840,-0.061400771141,0.009215466678,0.475755155087,0.657817184925,0.454360753298,0.882363379002,0.588217556477,0.295187145472,0.282534927130,0.711764097214,-0.698247492313,0.295759260654,-0.379727452993,-0.267458438873,-0.343836903572,-0.716653823853,-0.281254887581,-0.373109072447,-0.341025769711,0.114413365722,-0.309251129627,0.191549181938,-0.038339469582,0.394655734301,0.445598036051,-0.030161203817,0.420334756374,-0.549589991570,-0.148875668645,0.490238934755,-0.610496819019,-0.520869314671,0.197648912668,-0.500536859035,-0.138845264912,0.302949696779,-0.304085701704,0.250933170319,0.296981662512,-0.519255936146,0.279929548502,0.534003138542,0.067545786500,-0.091335594654,0.323068171740,0.599528014660,-0.026489835232,0.434933781624,0.726379632950,0.014364438131,0.662583410740,-0.321969211102,0.255164295435,-0.200204864144,-0.273426473141,-0.202398642898,-0.787409961224,-1.135947108269,0.735401630402,-0.880754113197,-0.727157473564,0.549697041512,-0.890870928764,0.428611785173,0.543568432331,-0.303060829639,0.617255151272,0.119237184525,-0.036487322301,-0.107268199325,-0.273447036743,0.311370819807,0.056062467396,-1.016327261925,-0.084227465093,-0.412419915199,-0.805334568024,0.542667090893,0.154403313994,-0.699704587460,-0.475018382072,-0.093615800142,0.425339668989,-0.238560810685,0.281337201595,0.335671007633,-0.483509480953,1.097895860672,0.667407214642,0.028749456629,1.195458769798,0.289898216724,0.698157012463,0.575297772884,0.220895424485,-0.240091904998,-0.440000444651,0.519095420837,-0.225867420435,-0.501792252064,0.252797633410,-0.742028176785,0.538868129253,-0.220385059714,-0.997130751610,0.499861896038,-0.208909973502,0.128267437220,0.372113019228,0.331555098295,-0.281217843294,0.720498025417,0.660175621510,0.356188684702,0.764735579491,0.167384818196,0.042978070676,0.564892888069,-0.548091769218,-0.145587086678,-0.701676070690,-0.351410150528,0.136820241809,-0.557381391525,-0.638192653656,0.743929743767,-0.566782057285,-0.533608019352,-0.172426775098,-0.540510356426,-0.088100522757,-0.103555664420,0.030432853848,-0.024452472106,0.057523608208,0.353208780289,0.429764270782,-0.219710037112,0.569416224957,0.188050657511,0.084828391671,-0.664596080780,-0.404970139265,-0.468074887991,-0.921155631542,-0.153423726559,-0.112330734730,-1.028226256371,-0.350829809904,0.956560492516,0.632566273212,-0.115150116384,0.850778102875,0.804482698441,0.610612094402,0.396083950996,0.292338937521,-0.011874327436,0.102016322315,-0.295738697052,-0.124307952821,-0.637628734112,-0.090495966375,-0.107906155288,-0.106811329722,-0.038689319044,-0.356703162193,-0.384806454182,0.021908855066,-0.212848871946,-0.414753615856,-0.498816430569,0.286181598902,0.305678546429,-0.334460914135,0.186190292239,0.327752023935,0.434295833111,0.902341902256,0.762282431126,0.344985216856,0.067508742213,0.374191552401,-0.556887447834,-0.247710421681,-0.173254057765,-0.717678606510,0.018340384588,-0.923090100288,-0.655121266842,0.434950262308,-0.762698173523,-0.188581615686,0.237383663654,0.035697069019,0.697506725788,0.145603552461,0.225266501307,0.458612471819,0.774193823338,0.724934935570,0.407950043678,0.802235364914,-0.120500765741,-0.070735596120,0.409271240234,-0.422137498856,-0.439346045256,0.267236173153,-0.396561414003,-0.567564070225,-0.041652753949,-0.054658953100,-0.402352452278,0.348512560129,-0.190133303404,-0.404007017612,-0.079304866493,-0.334987759590,-0.107288770378,0.422372102737,-0.361082494259,-0.098423160613,0.298973768950,-0.044978391379,0.304912984371,0.431834518909,-0.447046846151,0.349804967642,-0.008128873073,-1.188988566399,-0.229345351458,-0.303056716919,-0.626746356487,-0.057894036174,-0.652079641819,0.254555135965,0.473837137222,0.246607363224,1.030152559280,0.571490585804,0.471705108881,0.886425793171,0.882235825062,0.220722571015,0.178197249770,-0.158642664552,-0.099732004106,-0.053613517433,0.072641253471,-0.548462212086,-0.187272772193,-0.335724502802,0.337379097939,0.107762090862,-0.164672449231,0.118537485600,-0.350920349360,-0.212910607457,-0.406324267387,0.014422060922,0.019365239888,-0.084157496691,0.151711523533,0.177505776286,-0.392869472504,0.830540299416,-0.049645807594,-0.240540534258,0.097505316138,-1.141618847847,-0.049542903900,-0.182428374887,-0.658158779144,-0.116343721747,-0.973044574261,-0.672066390514,-0.061660073698,-0.291598111391,0.181736901402,0.298533380032,-0.546857059002,-0.005885715131,0.854247808456,0.656162559986,0.284029006958,0.683331549168,0.129790306091,1.099525690079,0.642016291618,0.139335051179,0.619909882545,-0.181337669492,-0.016002560034,0.475331217051,-0.453290641308,0.219166770577,0.026753250510,-0.038858070970,0.586155533791,-0.805186510086,0.229382365942,0.490045487881,-0.820913255215,0.406052649021,0.068138472736,-0.884869992733,0.624375641346,-0.498338967562,0.586649417877,0.199871480465,-0.547910749912,0.893097639084,-0.565588474274,-0.235259860754,-0.283736765385,-1.054773688316,-0.514592587948,-0.509295463562,-1.126324295998,-1.057967662811,-0.233280137181,-0.587464332581,-0.213816106319,0.220203951001,0.609871268272,0.023715728894,0.882338702679,0.329114377499,0.246368631721,0.636616230011,-0.173727393150,-0.463127583265,0.324348181486,-0.245430216193,0.014833648689,-0.102670744061,0.278019785881,-0.526084184647,0.179794207215,0.293256789446,0.363971829414,-0.270578265190,-0.162276998162,0.015796765685,0.560645222664,0.151431635022,0.777811706066,0.579586565495,-0.102609016001,0.525001704693,0.407554924488,0.487263143063,0.726811707020,0.671453118324,-0.496215194464,0.236325889826,-0.601783514023,-0.203419387341,-0.373203724623,-0.471342921257,-0.080778360367,-0.546791195869,-0.744831144810,-0.070492759347,-0.887895166874,-0.390387594700,0.120982319117,-0.119973927736,-0.079959295690,0.887796342373,-0.253546744585,0.907873630524,0.532336175442,0.388037383556,0.436757147312,0.322528988123,0.279341012239,-0.482892066240,-0.320717990398,-0.444128692150,-0.050991699100,-0.280065387487,-0.114524498582,0.612147331238,0.011026456021,0.503450930119,0.096875585616,0.367235690355,0.009647633880,-0.074974961579,-0.008997324854,-0.836319029331,0.022497426718,0.121183998883,0.470412701368,-0.412852078676,-0.127724140882,0.582056105137,0.045842722058,-0.062660232186,0.308650225401,-0.643407464027,-0.385559618473,-0.175147354603,-0.937368094921,-0.877004504204,-0.575108468533,-0.611258327961,0.036767199636,-0.286947131157,-0.220858380198,0.393993079662,-0.008902658708,0.718333065510,0.459715545177,0.118043579161,0.556928634644,-0.001473486773,-0.003037523245,0.023703381419,-0.266198962927,-0.588884353638,-0.017336107790,0.156094938517,0.157593116164,0.222961604595,-0.458081543446,-0.258650451899,0.401290535927,0.110593825579,0.210317596793,-0.021822420880,-0.104020752013,0.521264433861,0.891780495644,0.046455994248,0.309835582972,0.820505738258,0.755322515965,1.213836193085,0.570383429527,-0.229608759284,0.107222922146,0.007754327264,-0.055580910295,0.576643705368,-0.523235976696,-0.960149526596,-0.277554690838,-0.255719929934,-0.772477507591,-0.320396929979,-0.275908350945,-0.817077279091,-0.004786774516,0.165841355920,-0.679211556911,0.617337465286,-0.157794803381,0.108741678298,0.551071703434,0.134955748916,0.400245100260,-0.623009145260,0.123686455190,-0.073225706816,-0.447964668274,0.087754786015,-0.549849271774,-0.107074744999,0.557192027569,-0.703733980656,-0.235881373286,0.759615361691,-0.662686288357,0.232596889138,0.669852077961,-0.286107510328,0.513917624950,0.116467200220,-0.106951266527,0.378430932760,0.463456898928,0.257065832615,-0.143401548266,0.147727340460,0.173521593213,0.020118445158,-0.001057782443,-0.426492124796,-0.419865518808,-0.297706067562,-1.003732681274,0.223006889224,-0.327529758215,-0.458917051554,-0.638818264008,0.305921375751,0.513156175613,0.071245968342,0.270150214434,0.266598224640,0.247957363725,0.652799963951,-0.293808341026,0.222146645188,-0.043562527746,-0.548943817616,0.120097398758,-0.586521863937,0.001712208032,-0.522120594978,-0.542485952377,-0.350224763155,0.354505300522,-0.149702966213,-0.073270983994,0.033795531839,-0.567242980003,0.822460830212,0.082733407617,-0.130531176925,1.165458083153,0.064100787044,0.260716617107,0.646268010139,0.390074729919,1.073608040810,0.144014820457,0.125324577093,0.485843181610,-0.011462739669,0.094912305474,-0.225303545594,-0.672774314880,-0.000037042963,-0.464794546366,0.183177471161,-0.344186753035,-0.927016675472,0.756022155285,0.617399215698,-0.018459744751,1.189239740372,0.201069205999,-0.143846064806,0.941236972809,0.362663000822,0.152781650424,0.459019958973,-0.743020117283,-0.460505783558,-0.151888504624,-0.672148704529,-0.313465803862,-0.980280280113,-0.640024185181,0.874880790710,-0.823074042797,-0.610970199108,-0.018233370036,-0.509513616562,-0.515502274036,0.148776888847,-0.564831078053,-0.489946693182,0.380925148726,-0.402755826712,-0.185704603791,0.143932506442,0.440342068672,0.224044069648,0.345388621092,-0.457797527313,0.372014254332,0.131247341633,-0.701980590820,-0.077600896358,0.152028441429,-0.334711998701,-0.393820226192,-0.055087003857,-0.462448477745,0.044118169695,0.867274522781,-0.179868280888,0.443260222673,0.135618403554,0.250274628401,1.124562621117,0.313350558281,0.454875230789,-0.268722027540,0.149595960975,-0.284251242876,0.084058716893,-0.506480216980,-0.466004610062,-0.544618010521,-0.108358897269,-0.383131265640,-0.161173939705,0.103489808738,-1.024246215820,0.475384712219,0.096978485584,-0.486896842718,0.326574891806,-0.990985691547,0.752614200115,0.324191778898,0.564007937908,0.622116029263,-0.223624259233,0.741620719433,0.501071929932,0.755236089230,0.706948518753,-0.145587086678,0.409040778875,-0.260790705681,0.041862666607,-0.106947153807,-0.847485363483,-0.086310110986,-0.015039443038,0.088125213981,0.071838654578,-0.454673558474,0.745580255985,0.365869253874,0.776511073112,1.196290135384,-0.217619165778,0.652157843113,1.220289826393,0.019068894908,0.446528255939,0.535134971142,-0.076139755547,-0.607809185982,0.116524815559,-0.004930830095,0.015747375786,-0.412070035934,-0.468659371138,-0.482937365770,-0.600799858570,-0.192191243172,-0.488633751869,-0.934170007706,-1.022859096527,-0.325731128454,-0.733298420906,0.241890549660,-0.058169804513,-0.926465153694,-0.457744002342,0.107922621071,-0.092512749135,-0.101798176765,-0.168450817466,-0.253612607718,-0.684496402740,-0.745691359043,-0.589855670929,-0.641382455826,-0.034808039665,-0.576429724693,-0.264721363783,-0.354904532433,0.328250050545,0.428060233593,0.907392084599,0.200604110956,0.636743903160,1.013380289078,0.406641215086,0.184424579144,1.350055575371,-0.151468679309,0.727947711945,0.385761290789,0.416811555624,-0.354641109705,-0.263387829065,0.274710625410,0.234934717417,0.185910403728,-0.010326755233,-0.369981020689,-0.152802228928,-0.045690435916,-0.010561360978,0.104485854506,0.371734410524,-0.487827032804,0.642172694206,-0.008013627492,0.254345208406,1.057119727135,0.158074676991,0.485859632492,0.121426843107,-0.233189582825,-0.331386357546,-0.484023958445,-0.200982779264,-0.473293840885,-0.491811215878,-0.599951982498,-0.493050068617,-0.725996792316,-0.384337216616,0.017739463598,0.351945191622,-0.187503248453,0.772749125957,0.233634099364,0.264725476503,0.520799398422,0.277645260096,0.858092069626,0.842513382435,-0.207403570414,0.146772459149,-0.042776390910,-0.004465735052,-0.202760830522,-0.386144101620,-0.329394280910,0.366116195917,0.044719088823,0.109667755663,-0.145632356405,0.438839793205,-0.577866137028,0.108630545437,0.146504923701,-0.591909527779,0.493832081556,0.082408241928,-0.301933079958,-0.223196193576,-0.436510175467,-0.096142955124,-0.097336560488,-0.047797769308,-0.279546797276,-0.423075914383,-0.229180693626,-0.698502779007,-1.080057621002,-0.365161329508,-0.817571163177,-0.323117554188,-0.176534414291,-0.395491272211,-0.230152055621,-0.051378592849,0.637241899967,0.290416836739,0.319903045893,0.163668155670,0.240775153041,0.281798183918,0.406591802835,-0.210214704275,0.038071934134,-0.734681367874,0.268158137798,0.576841294765,-0.833528459072,0.260263860226,-0.669382810593,0.129699766636,0.766307830811,0.059309899807,0.111709237099,-0.014887155034,0.229160130024,0.658702135086,0.354270666838,0.483069062233,-0.117240987718,0.874069869518,0.745201587677,0.137021914124,-0.172237426043,0.157226800919,0.595506787300,0.034824501723,0.103654451668,-0.173949643970,-1.114346981049,0.035367798060,-0.329756468534,-0.713225245476,-0.585571050644,-0.845592141151,-0.836689472198,-0.122908554971,-0.349557995796,-0.331423401833,0.057013239712,0.378435045481,0.492099314928,0.218606993556,0.072653599083,0.431768685579,0.288778722286,-0.858738243580,0.257979542017,-0.130164861679,-0.249649003148,0.212898269296,-0.686661303043,0.171138495207,0.255275428295,0.058215074241,-0.029321564361,0.793567299843,0.059503350407,-0.425907671452,0.377303153276,-0.431620508432,-0.232098862529,0.652022004128,-0.043961770833,-0.040096949786,0.538160204887,0.120471946895,0.426014661789,0.917875230312,-0.311621874571,0.526339352131,0.001481718617,-1.319235801697,-0.238194480538,-0.879556357861,-0.585266470909,-0.262671649456,-0.757314622402,-0.360551506281,0.315309703350,0.004416344687,0.573330461979,0.916076660156,-0.108659356833,0.054634258151,0.557027399540,-0.276764452457,0.622819840908,0.224896058440,-0.588390469551,-0.522474527359,-0.277739912271,0.061939951032,-0.128094568849,-0.301044046879,-0.461839318275,-0.169088780880,-0.039903506637,0.146463766694,-0.024127317593,-0.093134246767,-0.326109796762,-0.065265588462,0.515872657299,0.678775250912,0.222381263971,0.503261625767,0.767933547497,-0.001452907454,0.284053683281,0.306308269501,0.529381036758,0.220813125372,0.080276213586,-0.609171569347,-0.394491106272,-0.286716669798,-0.193426012993,0.358230143785,-0.596231222153,-0.873024463654,-0.543687820435,-0.319948315620,0.289910584688,-0.319009870291,0.960170090199,-0.319594353437,-0.256436079741,1.349281668663,0.498952269554,-0.020048474893,1.148965716362,-0.179683059454,0.697115659714,0.695078313351,-0.796740651131,0.268261015415,-0.894562840462,-0.378204524517,0.068406008184,-0.608615875244,0.194652542472,0.526388764381,-0.286041647196,-0.226978704333,0.229551136494,0.044303383678,0.175073280931,-0.245845928788,0.301916599274,0.104292407632,-0.238326206803,0.055774353445,0.524713575840,0.161968305707,0.098135039210,0.334629684687,-0.581693887711,-0.069677814841,-0.342334598303,-0.060100149363,-0.528487861156,-0.805964350700,-0.826580822468,-0.032424941659,-0.157099217176,0.272846132517,0.099032305181,-0.036796011031,0.260354429483,0.857935607433,0.264128684998,0.275793105364,0.379867374897,-0.526059448719,0.273751616478,-0.707989871502,-0.301307469606,0.029873091727,-0.756228029728,-0.143360391259,-0.050436053425,-0.810784101486,0.696321308613,-0.153213813901,0.119517065585,0.393684417009,-0.408637404442,0.117096923292,0.314577072859,0.267334967852,-0.219170883298,0.460230022669,0.278715372086,0.780915021896,-0.050222028047,0.547091662884,0.426586776972,-0.181671038270,0.841665565968,-0.218553483486,0.266293644905,0.543840110302,-0.454443067312,0.309008300304,-0.161626696587,-1.341832041740,-0.102674864233,0.124736003578,-0.669930219650,-0.354525864124,-0.326743662357,-0.186787083745,0.058964166790,0.246352180839,0.232642158866,0.733129680157,0.190223857760,0.006461939309,0.588196992874,-0.415263980627,-0.135449647903,0.263128519058,-0.380805820227,-0.435991585255,-0.216372057796,-0.888808846474,-0.203213572502,0.701750099659,0.049164246768,0.017146775499,-0.926975429058,-0.122595749795,-0.053605284542,-0.444881886244,-0.088647931814,-0.614131212234,0.080395579338,0.402014940977,-0.489954918623,0.827634453773,0.432793527842,-0.309053570032,0.663213133812,0.060108382255,0.439415961504,-0.032671894878,-1.042500138283,0.055572677404,-0.016418265179,-0.672749638557,-0.307189077139,0.168438479304,0.026156449690,0.372685134411,0.149657681584,0.693411350250,0.682956993580,0.877399623394,0.930692076683,-0.153094455600,0.518634438515,0.653598427773,-0.439498305321,0.218380630016,-0.826988279819,-0.251237720251,0.241944059730,-0.433460325003,-0.627865910530,-0.219347849488,-0.197727099061,-0.130852207541,-0.011549172923,-0.616431951523,-0.067875057459,-0.158498615026,0.331312268972,0.074032418430,-0.364173501730,0.664653718472,0.090685285628,0.488950639963,0.830075204372,0.026839684695,0.077358052135,0.180996045470,-0.117459118366,-0.011903138831,-0.299340069294,-1.153781294823,-0.326027482748,0.165084019303,-0.363856583834,-0.101888731122,-0.179646030068,0.343112528324,0.171529501677,0.152411222458,0.191117003560,0.377459585667,0.022657945752,0.579199671745,0.923888564110,-0.128086343408,0.784133672714,0.551100552082,-0.084075182676,0.748889386654,-0.407254457474,-0.203028380871,0.277826339006,-0.466646701097,-0.035754691809,-0.474792003632,-0.563604593277,-0.421289652586,-0.403220891953,0.207189530134,-0.362276077271,-0.130555868149,0.333040952682,-0.141006097198,-0.298981994390,-0.013961081393,0.180057615042,-0.296249061823,0.265668004751,0.157235026360,0.259189605713,0.053625863045,0.322343766689,-0.422166287899,-0.074291720986,-0.575742363930,-0.381863564253,-0.579413712025,-0.406916946173,-0.668312668800,-0.652614712715,0.136470392346,-0.245343789458,0.878667354584,0.688245892525,0.005037843250,0.862619519234,1.321791768074,0.567572295666,-0.031881641597,0.091059833765,0.068406008184,0.053609400988,-0.316248118877,-0.808433830738,0.120393745601,0.246035262942,-0.203431725502,-0.078843891621,-0.158486261964,0.324735075235,0.464885085821,-0.088787868619,0.572610139847,-0.224245741963,-0.601976990700,0.436921745539,-0.013981661759,0.722020864487,0.149439558387,0.978946745396,0.197031512856,0.065434336662,0.832215487957,-0.108832225204,-0.313976168633,-0.080144509673,0.074365809560,-0.758487582207,0.080523170531,-0.617102861404,-0.745003998280,-0.393153429031,-0.327961951494,-0.232065930963,0.055844325572,-0.010791850276,0.297150433064,-0.119130179286,0.549371838570,1.101954102516,0.133988514543,0.774782419205,0.717863857746,0.260568439960,0.602824807167,0.244759336114,-0.991413712502,0.429928869009,0.194512605667,-0.290104031563,-0.366276711226,0.052576314658,-0.390807390213,-0.286535561085,0.795444130898,-0.013594767079,-0.161169812083,-0.886894941330,-0.010153887793,-0.205711930990,-0.071653440595,-0.248500674963,-0.604849874973,-0.276377558708,0.229975059628,0.002020899439,-0.187532067299,-0.097431227565,0.593695819378,-0.140503957868,-0.665608525276,-0.018262181431,-1.163980484009,-0.312947183847,-0.178991615772,-0.525380373001,-0.414959400892,0.334102839231,-0.087882377207,-0.044628538191,0.346730381250,0.429566681385,0.920575320721,1.405982255936,-0.009355406277,0.984865367413,0.099925450981,-0.502310812473,0.414399623871,0.183716624975,0.153872355819,0.387189537287,-0.348607212305,0.176550894976,0.339338243008,0.136346921325,0.238692507148,-0.391708761454,0.376945108175,-0.226048529148,0.099888414145,0.419799685478,0.110672026873,0.080465555191,1.062116384506,0.225324124098,0.713019430637,0.328575193882,0.192853912711,0.210790917277,0.238918885589,-0.069624312222,-0.477804839611,-0.504953265190,-0.375076472759,-0.844283223152,-0.285930514336,-0.822337329388,0.031877528876,-0.639180481434,-0.546610116959,-0.462608993053,-0.100863881409,-0.015129992738,0.094315506518,-0.297973603010,0.157407894731,0.365745753050,0.564234316349,0.393552660942,0.218759268522,-0.106284491718,0.219290226698,-0.063479296863,-0.319935977459,-0.019319964573,0.121616162360,-0.188635125756,0.186943486333,-0.415025264025,0.024250794202,0.332003742456,0.104358263314,-0.132416248322,0.088738478720,-0.180605024099,0.028325520456,0.012643998489,0.219961106777,0.391256004572,-0.178197249770,0.039059747010,0.638295531273,-0.083704754710,-0.150554955006,0.239429250360,-0.367112219334,-0.097567044199,-0.500890851021,-0.757886648178,-0.627808272839,-0.593926310539,-0.551738500595,-0.766567051411,-0.171154960990,-0.148299455643,1.282921314240,0.040689639747,0.242388576269,0.650239825249,0.753964245319,0.725017189980,0.630800545216,-0.109799459577,-0.185235396028,-0.228781461716,0.391276627779,-0.680285811424,-0.133935019374,0.054634258151,-0.251801609993,0.615086078644,-0.134708806872,-0.020431252196,0.298776179552,0.092331640422,0.048966683447,0.545169532299,-0.463658571243,0.063088282943,0.304686605930,0.589682877064,0.370520174503,-0.252772957087,0.353525698185,0.591781973839,0.138470709324,-0.395450085402,0.108869269490,-0.288906306028,0.206563919783,-0.159692212939,-1.019220709801,0.060388267040,-0.479002565145,-0.461304277182,0.262972116470,-0.699815690517,-0.211276605725,0.231242761016,-0.112890489399,-0.373343706131,0.342832624912,0.045789219439,0.845806121826,0.217174679041,0.070480413735,0.237507134676,-0.238663703203,-0.106058120728,-0.113688968122,-0.602335035801,0.363712519407,-0.251583456993,-0.233395367861,-0.253386229277,-0.261255800724,-0.011923718266,-0.177271157503,-0.438967376947,0.615596413612,-0.409040778875,-0.449812740088,-0.059511579573,-0.581821501255,0.186881750822,-0.124060995877,-0.491588950157,0.185548201203,0.363391488791,0.128567889333,0.240470573306,0.039380788803,0.034882124513,0.132000550628,-0.210873246193,-0.011038803495,-1.188235402107,-0.392149150372,0.033762603998,-0.244071975350,-0.067508742213,-0.224550336599,-0.537267029285,0.728972613811,0.665888428688,0.484357327223,0.792538344860,0.377381354570,0.350187689066,0.386028856039,-0.232732713223,-0.143459171057,0.281724095345,0.041080649942,-0.332263022661,-0.265042424202,-0.603952586651,-0.070891998708,0.359534889460,-0.340396016836,-0.012261220254,0.109918825328,0.007367433980,0.399887025356,0.010532549582,0.287354618311,0.403126209974,0.144846215844,1.329990625381,0.948616802692,0.167487710714,0.754610478878,0.510316252708,0.170372933149,0.228686779737,-0.162556871772,-0.005762238987,-0.335448741913,-0.611496984959,-0.126938015223,-0.499693125486,-0.529953062534,-0.257123440504,-0.489600986242,-0.202991321683,0.215948134661,0.399598926306,0.075662314892,0.233518838882,0.493074804544,0.387687563896,0.314079046249,0.198562636971,-0.078210048378,0.522910833359,0.347919851542,-0.512547016144,-0.719901144505,-0.800798952579,0.216335028410,-0.124093934894,-0.427714526653,0.424290120602,-0.987133264542,-0.100246496499,0.448442131281,-0.427747428417,0.019451672211,-0.490753412247,-0.427113622427,0.075028464198,-0.098349072039,0.212363198400,-0.607656896114,0.000555644452,-0.085165888071,0.120900005102,0.348471373320,-0.206506296992,-0.155222371221,-0.360769689083,-0.654779672623,0.074328765273,-0.255995690823,-0.615674614906,-0.463736742735,-0.463214039803,0.106144562364,0.247710421681,0.649470150471,0.347800493240,0.420956224203,0.550133287907,0.826284468174,0.531484246254,0.833034515381,-0.294557422400,0.354813992977,-0.300434917212,-0.478237032890,-0.198780789971,-0.443268448114,-0.040759608150,-0.408592104912,-0.220183387399,-0.218310639262,-0.303414821625,0.181625753641,-0.549363613129,0.210593372583,0.434423416853,-0.284889221191,0.098073311150,-0.430163502693,0.197974056005,0.806301891804,0.340811729431,0.138631239533,0.201530188322,0.476343721151,-0.262375295162,-0.161992996931,0.305131137371,-0.491045653820,-0.319203346968,-0.284963279963,-0.886820912361,-0.283226400614,-0.402916312218,-0.463592708111,0.088372170925,0.223813593388,-0.122295290232,0.064532957971,0.372495800257,0.259185492992,0.521182119846,1.148788809776,0.083219081163,0.692748665810,0.463423937559,0.057128481567,0.178403034806,0.044056430459,-0.460394650698,0.228732064366,-0.713319897652,0.584348618984,0.001687512849,-0.126160115004,-0.164141491055,0.409975051880,-0.524363696575,0.134758189321,-0.387905687094,-0.810759305954,-0.078078337014,-0.519412338734,-0.611447632313,-0.321380645037,-0.316099971533,0.344462513924,-0.242956578732,-0.531278431416,0.258185327053,-0.176600277424,0.530216515064,-0.304102152586,-0.890599310398,-0.080016918480,-0.177160039544,-0.636048316956,-0.599087655544,-0.859997689724,0.355591893196,-0.214923262596,0.112511828542,-0.028243202716,0.309489846230,0.556475877762,0.122208856046,0.722292542458,0.550186753273,0.151098251343,0.568247318268,-0.489498078823,0.014529073611,0.337580770254,-0.302147120237,0.534184217453,0.227242127061,-0.664332628250,0.283131718636,0.352097511292,0.024473050609,0.626861572266,0.166051253676,-0.805219411850,-0.153077989817,0.199431091547,-0.040940705687,0.596367061138,-0.351023256779,0.267890602350,1.201970100403,-0.118039466441,0.784734547138,0.144949108362,-0.621642649174,0.739101767540,-0.831153571606,-0.039080329239,0.199344649911,-1.239795088768,-0.163639351726,-0.934902667999,-0.663369536400,-0.361041307449,-0.699214816093,-0.277871608734,-0.164022132754,0.175711244345,0.110906638205,0.485151708126,0.727075219154,0.384160220623,0.625268757343,0.279048770666,0.162104129791,0.284020751715,-0.187457963824,0.158198148012,-0.083182036877,-0.483069062233,0.129041224718,-0.146727189422,0.143780216575,0.495363235474,0.565539062023,-0.585723340511,-0.013590651564,0.291001290083,-0.236346453428,0.278493136168,-0.072254359722,-0.617884874344,0.763731300831,-0.415667325258,0.322220295668,0.512123107910,-0.313560456038,0.259300768375,0.060557015240,-0.953559994698,0.086927488446,-0.771530807018,-0.587139189243,-0.432847023010,-0.697514951229,-1.326611518860,-0.048974916339,0.133893847466,-0.007754327264,0.439053803682,-0.061104428023,-0.079255484045,0.722683489323,0.540987789631,0.465226680040,0.069155097008,-0.266417115927,0.249904185534,0.181963264942,-0.038220107555,0.083136759698,-0.349360436201,0.269491672516,0.013454827480,-0.378048151731,0.017735347152,0.031367160380,-0.671831786633,0.134593546391,0.423022419214,-0.266783446074,-0.169492140412,0.613040506840,0.130263641477,0.789138674736,-0.033211074769,0.648984491825,0.752416670322,0.596321761608,0.038615230471,-0.027263620868,-0.226674124599,-0.427726864815,-0.168389081955,-0.316194623709,-0.648157179356,-0.355740040541,-1.372639417648,-0.475043088198,0.152341246605,-1.007655024529,0.267203241587,-0.278406679630,-0.957926988602,0.911783754826,0.867994904518,0.006774746813,0.350529342890,0.611011326313,0.303287208080,0.766373634338,0.357493430376,-0.127077937126,-0.437415659428,-0.302126526833,-0.489930242300,0.105802938342,-0.022283401340,0.069965928793,-0.622745752335,-0.158206388354,-0.084964215755,0.280246496201,0.841142833233,-0.663670003414,0.000222257790,-0.187606140971,-0.267944097519,0.691501617432,-0.262140721083,-0.015842041001,0.532422602177,0.074468702078,0.255794018507,0.152921587229,0.045517567545,0.579413712025,-0.157543733716,-0.601359605789,0.067315295339,-1.208185076714,-0.007902499288,-0.141800463200,-0.586970448494,-0.568996369839,-0.396738350391,0.057457752526,0.256670713425,-0.074238218367,0.665468633175,-0.018863100559,0.074777394533,0.624721348286,-0.069797180593,-0.664550781250,-0.666600465775,-0.184860840440,0.256086230278,-0.326760113239,-0.477224528790,-0.359469056129,-0.598531961441,0.523310065269,0.096813842654,0.328587561846,-0.529800832272,-0.118648611009,0.429854780436,-0.251048386097,-0.056284725666,0.469112098217,0.303744077682,0.425553679466,0.754569292068,0.449870318174,1.109403848648,0.511275231838,0.511740326881,1.187280535698,0.000506253855,-0.507019400597,0.202752605081,-0.292351305485,-0.076695397496,-0.427792727947,-0.650437414646,-0.412782073021,-0.637834608555,-0.482818007469,-0.382917255163,-0.395849317312,0.203518167138,-0.007301579695,0.605516612530,-0.123949877918,0.622696340084,-0.146686017513,0.277147233486,0.317268848419,0.193384841084,0.162820279598,-0.892134487629,-0.307114988565,-0.394692778587,-0.845081686974,0.151756793261,-0.364136427641,-0.621687948704,-0.083564810455,-0.001362357871,-0.357744485140,0.405706882477,0.246027007699,-0.447120934725,-0.202797874808,0.810360133648,0.048678569496,0.019990852103,0.425866484642,0.287070631981,-0.025255069137,0.603326976299,0.040055792779,-0.611315965652,0.147101730108,0.221302896738,-0.600277125835,-0.344133257866,-0.615275382996,-0.348068028688,-0.104296520352,0.645988106728,-0.103856123984,0.495638966560,0.697910070419,0.738480329514,0.529496252537,1.138568997383,0.592872679234,-0.059416916221,0.419009447098,-0.274817645550,-0.572149157524,0.145064368844,-0.840327918530,-0.321956872940,-0.472750544548,-0.724185824394,-0.282045125961,-0.023777468130,-0.433019906282,-0.101106710732,-0.236087158322,-0.446532368660,0.239050582051,-0.229468807578,-0.115722224116,-0.175497233868,0.029066380113,-0.298516899347,0.630730509758,-0.012623419054,0.116919942200,0.071756340563,-0.603174686432,-0.271998256445,-0.137305930257,-0.609949469566,-0.139474987984,-0.284189522266,-0.711336076260,-0.146895930171,-0.332147806883,-0.631438493729,0.364128202200,0.045752175152,-0.173085302114,0.501825153828,0.385341495275,-0.366803556681,0.776778578758,0.469610124826,-0.101909317076,0.855173885822,1.105201482773,-0.391408324242,0.441630363464,-0.472618818283,-0.722029149532,-0.147443339229,-0.404035866261,-0.174723431468,0.594823539257,-0.516280114651,-0.345178693533,-0.236383497715,0.666666328907,0.394314110279,0.525121033192,0.058560810983,-0.352891862392,-0.211046129465,0.616888821125,-0.500092387199,0.260914176702,-0.036796011031,0.059248164296,0.870468437672,-0.167858138680,-0.186984658241,0.425635993481,-0.354999214411,0.294586211443,-0.497137159109,-1.261777997017,-0.012211831287,-0.309695661068,-0.611826300621,0.614007711411,-0.217532753944,0.130218356848,1.036552667618,0.336835801601,0.204337224364,0.966364502907,0.379599809647,0.759290218353,0.032359085977,-0.513674795628,0.667283713818,-0.377192020416,-0.135593712330,0.272274017334,-0.364692091942,-0.362658828497,0.700157284737,-0.139495581388,-0.180987820029,0.004424576182,-0.010911210440,-0.116244941950,-0.559468150139,0.066800810397,-0.782409131527,0.208963483572,-0.022098185495,0.474775552750,0.008569272235,0.146562546492,0.273467630148,0.200801670551,0.046163763851,-0.232847958803,0.270438343287,-0.199151203036,-0.158177569509,-0.219829410315,-1.042286157608,-0.538217782974,-0.519478142262,-0.641942203045,0.248685881495,-0.715830564499,-0.634290814400,0.111528135836,0.097661711276,0.707709908485,0.573964297771,0.397866159678,0.408637404442,0.400673180819,0.253917187452,1.056156635284,0.560546457767,0.213260456920,-0.220685511827,-0.131165012717,0.168677195907,-0.105807051063,-0.045583426952,-0.121179886162,0.434291720390,0.345894843340,-0.125369861722,-0.085268788040,-0.185869261622,-0.159568741918,0.010507853702,-0.143360391259,0.006453707814,0.589777529240,-0.587336778641,0.246059954166,0.447948217392,0.039207920432,0.015471611172,-0.052654515952,-0.054663065821,0.060495276004,-0.410423725843,-0.426479786634,-1.005177378654,-0.157276198268,-0.524116814137,-0.111947946250,-0.273327678442,-0.136906683445,0.298319339752,0.367099881172,0.157774209976,1.460937500000,0.286107510328,0.277241915464,0.315042167902,0.204370155931,1.097986340523,0.235045835376,-0.537690997124,-0.417149037123,0.047834813595,0.336481839418,-0.101209610701,-0.589567542076,0.420355319977,-0.162832632661,-0.572976469994,0.212980568409,0.115656360984,0.418778926134,0.438164770603,0.190116837621,0.283592700958,0.379665672779,0.097711108625,0.652462422848,-0.205168634653,0.016978025436,0.789146900177,-0.693707704544,-0.679314494133,0.535740077496,-0.956980288029,-0.980708360672,-0.352821886539,-0.293433785439,-0.380114346743,-1.208967089653,-0.780832767487,-0.397014141083,-0.991372585297,-0.046344865113,0.275879532099,-0.492885470390,0.941031217575,0.758701622486,-0.007968353108,0.573248088360,0.612118542194,-0.174385920167,0.335465192795,-0.126604616642,-0.171636521816,-0.465568333864,-0.414395511150,0.015290512703,-0.056428782642,0.231551453471,0.695275843143,0.077860198915,0.336909860373,-0.253415048122,0.042780507356,0.709771990776,-0.820983231068,-0.496379852295,0.534723401070,-0.298578649759,0.576561391354,1.034828066826,-0.115718111396,0.390231162310,0.632352232933,0.006132668816,0.522215247154,-0.419474512339,-0.360954850912,-0.088166370988,-1.072632551193,-0.549050807953,-0.579755306244,-0.709730863571,0.435579985380,-0.230806484818,0.457287162542,0.670477628708,0.268339246511,0.627878248692,0.261914342642,-0.046855233610,0.041084762663,0.263461917639,0.075958654284,0.214853301644,-0.637085497379,-0.777848720551,0.441947281361,-0.026580385864,-0.239025905728,-0.174180135131,-0.812047600746,0.319314450026,-0.071978598833,-0.386600971222,-0.660484313965,0.214161843061,-0.404184013605,0.451076269150,0.655442297459,0.355958163738,0.493362873793,0.569222748280,0.406793475151,0.844048619270,0.214087754488,0.291717469692,-0.213149338961,0.633405864239,0.196056067944,-0.530537545681,0.015916125849,0.178584128618,-0.556821584702,-0.326060414314,0.115874506533,-0.252764731646,-0.837747156620,-0.367931276560,-0.395544767380,-0.283308714628,0.573927223682,-0.060450002551,0.018871331587,0.797238647938,0.150168061256,0.372886806726,0.517560184002,0.576919496059,0.533184111118,-0.146776571870,-0.748226702213,0.047443807125,-0.465523034334,-0.042014952749,0.182835847139,-0.670514702797,0.212568983436,0.554668962955,-0.239124685526,0.197570696473,-0.562147557735,-0.911343336105,0.351525396109,-0.859791874886,-0.147216960788,0.310716390610,-0.519992709160,0.220080479980,0.802004873753,0.083293162286,1.192034363747,0.080860674381,0.759084463120,0.246961325407,-0.307995766401,-0.177892670035,-0.562773168087,-0.456081211567,-0.546005010605,-0.717229962349,0.033318087459,-0.005906294566,0.377373129129,0.404451549053,0.038146022707,0.974641561508,0.764266312122,-0.363589048386,0.326496690512,0.500236392021,-0.103432193398,0.163635239005,-0.522383987904,-0.677264750004,0.529817283154,-0.219705924392,0.128448531032,0.259695887566,-0.978839755058,0.231123387814,0.005996844731,-0.595255732536,0.523437678814,-0.622218906879,-0.450919896364,0.266680538654,0.407781302929,0.557965815067,0.882388055325,0.295738697052,0.800815403461,1.242260456085,0.365453571081,-0.133453443646,0.107790917158,-0.046558890492,0.095702558756,-0.159210667014,-1.403730750084,-0.037890836596,-0.022892551497,-0.200406551361,-0.443782925606,-0.705092251301,-0.202184617519,0.015879085287,0.338856697083,0.457801669836,0.113219760358,0.121961899102,0.524902939796,0.049666382372,0.421392530203,0.154078155756,0.220434442163,0.594337880611,-0.759973406792,0.364683866501,-0.102201536298,-1.228780984879,0.801860809326,-0.385576069355,-0.480327904224,0.537081837654,-0.755289614201,-0.137297689915,0.223093301058,-0.847221970558,0.125633269548,0.178707614541,-0.410925835371,0.495079219341,-0.488876551390,0.517646610737,0.143166944385,-0.242557331920,0.331151753664,-0.022341022268,0.339976221323,-0.225892096758,-0.596659302711,0.037536870688,-0.525100469589,-0.393495082855,0.515563964844,-0.809812724590,-0.089874461293,-0.227044567466,0.213910773396,0.941525161266,0.264305651188,-0.375837922096,1.276060104370,0.694127500057,0.307464838028,1.061647295952,-0.171278432012,-0.151703283191,0.722292542458,-1.223603129387,-0.093142479658,-0.232419893146,-1.052341222763,0.547828435898,-0.273150682449,-0.943010985851,0.912512302399,-0.064022585750,-0.476874649525,0.024761164561,-0.508427023888,-0.324607491493,0.643654406071,0.014417945407,-0.183444991708,0.232934400439,0.396594315767,0.481105804443,0.234074503183,0.167244866490,0.281361877918,-0.328566968441,0.289313793182,-0.036750737578,-0.663838684559,-0.482262343168,-0.594770073891,0.007429172285,-0.717513978481,-0.239351049066,-0.621827900410,-0.278307914734,0.281617075205,0.204440116882,-0.056334115565,0.585007190704,-0.263762354851,0.629306435585,0.579882919788,0.159716919065,0.461291939020,0.461892843246,-0.342281103134,0.331785619259,-0.360810816288,-1.018862605095,0.391223102808,-0.226106137037,-0.266347140074,0.453504681587,-0.713249921799,-0.083523653448,-0.126538768411,0.182378992438,-0.346335262060,-0.373545378447,-0.286650806665,-0.526878535748,-0.511526286602,0.208514854312,-0.633702218533,0.694732546806,0.329184353352,0.113219760358,0.660410225391,0.030877368525,0.386028856039,0.356686711311,-1.183065891266,0.400031059980,-0.707088470459,-0.503829538822,-0.354245990515,-0.801366865635,-0.059717375785,0.344812363386,0.350294709206,0.704071521759,-0.446857511997,0.811055719852,0.982358813286,0.143829599023,0.826424419880,0.965850055218,-0.184716790915,0.169343963265,0.258024811745,-0.067183591425,0.496779084206,-0.169331625104,-0.142331406474,-0.052592776716,0.048271097243,-0.229061335325,-0.151065319777,-0.239667981863,-0.590423703194,0.191063493490,-0.391935139894,-0.591736674309,0.533764421940,-0.053267780691,0.452837884426,0.031951613724,-0.294717937708,0.415510952473,0.468449443579,-0.128004029393,-0.291268825531,0.136544480920,-0.878231048584,-0.014850112610,-0.070715017617,-1.107090711594,0.169702053070,-0.844270944595,-0.451627820730,-0.280653953552,-0.390741527081,-0.103082343936,-0.684809148312,0.333464860916,1.124809622765,-0.237025588751,0.241725921631,0.248735278845,0.298677444458,1.490427732468,-0.089462868869,0.162198781967,0.484731882811,-1.146615624428,0.330682545900,0.396680772305,0.139598473907,0.519910335541,0.013528913260,-0.473606646061,0.651865601540,0.588629186153,-0.302702754736,0.050979353487,-0.776202380657,0.399298459291,0.118665076792,-0.446231901646,-0.083548344672,-0.218561708927,-0.350397646427,0.706648051739,0.280476957560,-0.370853602886,0.344882339239,-1.147586941719,-0.539275586605,-0.157749518752,-0.986314177513,-0.839286565781,-1.085786938667,-0.470622599125,-0.304567247629,-0.302110046148,-0.011676765978,0.052860312164,-0.009590012021,1.359764814377,0.088837258518,-0.133445218205,0.858478963375,0.094138517976,0.502919971943,0.235642641783,0.242446213961,0.125439822674,0.035491276532,-0.183000475168,-0.196842208505,0.188635125756,0.000798481691,0.170500531793,0.412493973970,-0.102209776640,-0.188758611679,0.661747872829,-0.331946134567,0.302542239428,1.107876896858,0.000226373668,0.089660435915,0.731561481953,-0.199583381414,0.518268108368,0.835211873055,-0.659731090069,0.041977912188,-0.043941188604,-0.209975987673,-0.251147180796,-0.362609446049,-1.008679986000,-0.853383421898,-0.796621263027,-0.446075469255,-0.392280876637,-0.610891997814,-0.553059697151,-0.147970184684,-0.488921850920,0.286099284887,0.454484254122,0.539131522179,0.036046922207,0.475051313639,-0.172484382987,0.775992512703,-0.202048793435,-0.018937185407,0.259230762720,-0.770843505859,-0.667658269405,0.534892141819,-0.232695668936,-0.123081423342,0.268705546856,-0.506385564804,0.104201860726,-0.304443776608,-0.044566802680,0.518099367619,-0.039685361087,-0.625890254974,0.011335146613,-0.223488435149,0.089812718332,0.458637177944,-0.198422685266,0.112009696662,0.394680440426,1.069492101669,0.276949673891,-0.439004391432,0.513711869717,-0.580269813538,-0.350204199553,0.125682651997,-0.560130774975,-0.822633743286,-0.077234581113,-0.251418828964,-0.405789196491,0.578915715218,0.317079544067,-0.392865300179,0.401558101177,0.516444802284,-0.014422060922,0.687780797482,-0.134317785501,0.149007380009,0.986034333706,-0.721226513386,0.506183862686,0.047081608325,-0.026107057929,-0.528327345848,0.442655205727,-0.603845596313,-0.430101752281,0.199426978827,-0.435855776072,-0.509925246239,0.219821184874,-0.554195702076,0.657883048058,0.535563051701,0.162705048919,0.483990997076,0.534472346306,0.711043834686,1.144294142723,0.559472262859,-0.052555732429,-0.336428314447,0.977860152721,0.200904563069,-0.627939939499,0.090047329664,-0.683224558830,-0.413016706705,0.460431694984,-1.460641145706,-0.732631683350,-0.446338921785,-0.066804923117,-0.580026984215,0.466123968363,-0.598828315735,-0.779729664326,0.568502485752,-0.140800312161,0.767917096615,0.311963498592,-0.460036575794,-0.152197197080,-0.597190201283,-0.450816988945,-0.342392235994,-0.838224649429,-0.154835477471,-0.816249966621,0.118792667985,0.295401185751,-0.560332477093,-0.276521623135,0.452035307884,-0.854922831059,0.555767893791,-0.137347072363,-0.024559484795,-0.169335737824,-0.366046190262,0.122155345976,0.692279517651,-0.044657349586,0.856132864952,-0.079029105604,0.163149565458,0.454389601946,0.376875102520,-0.221393451095,-0.623754084110,0.120932929218,-0.401405781507,-0.532607853413,-0.674223124981,0.268730252981,0.415301024914,-0.111692763865,1.333332657814,-0.089820958674,1.009054422379,0.479418277740,0.268940150738,1.002242684364,-0.225743934512,-0.508591651917,0.106741353869,-0.594239115715,-0.455686092377,-0.216573759913,-0.520881652832,0.069879494607,-0.330509662628,-0.185470014811,-0.313441097736,-0.343285381794,-0.027753412724,-0.898756980896,-0.408423393965,0.089277662337,-0.268874317408,0.063969083130,0.134000867605,0.027662862092,0.420680463314,0.870884180069,-0.248595342040,1.151735782623,0.162326395512,-0.232391104102,0.151834994555,-0.665262818336,-0.089392900467,-0.155337616801,-0.395248413086,0.062166325748,-0.285469561815,-0.115388825536,-0.066846087575,0.408851444721,-0.157272085547,-0.244623497128,0.658282279968,0.294010013342,0.063886761665,0.769905090332,0.269569903612,-0.198789015412,0.924913406372,0.328184187412,0.106391504407,0.205403223634,-0.892838299274,-0.063602775335,0.323891311884,-0.592757403851,-1.334559202194,-0.058861270547,-0.104259483516,0.117068119347,0.244779899716,-0.348648369312,-0.168232679367,0.034960325807,-0.005424736533,0.429616063833,-0.307678848505,-0.453072488308,-0.068731158972,0.437288075686,0.004589211661,0.052156493068,-0.209317445755,0.251435309649,0.563493430614,-0.185910403728,-0.509797632694,-0.153559550643,-0.496737897396,-0.234243243933,-0.410695344210,-0.570461630821,-0.225887984037,-0.039446640760,0.788241326809,0.344832956791,0.556656956673,0.780408799648,0.550614833832,0.886471092701,0.545009016991,-0.322142064571,0.797440350056,-0.544502735138,-0.119599379599,0.301274538040,-1.525655627251,0.276142954826,-0.265729755163,-0.418268561363,0.896694898605,-1.230917096138,-0.283205807209,0.523729860783,-0.833808302879,0.320759147406,-0.491765916348,-0.381081551313,0.967751502991,-0.225340574980,0.263079136610,0.022843161598,0.469696551561,0.163935691118,0.949225962162,-0.302097707987,-0.139046937227,-0.020863419399,-0.021925320849,-0.335716277361,-0.520251989365,-0.809322953224,-0.579763531685,-0.255398869514,-0.310576438904,-0.517737150192,-0.442947417498,0.033297508955,0.356814295053,0.212573096156,0.748860597610,0.619868695736,0.678540706635,0.911907196045,0.830741941929,0.641390681267,0.401043564081,-0.028588935733,0.651449918747,-0.776329934597,-0.454759985209,-0.270207822323,0.017554249614,0.081453360617,-0.062853679061,-0.050427820534,-0.472639441490,0.402270138264,-0.190870046616,0.087413161993,0.116862326860,-1.173755764961,-0.229509979486,-0.458435475826,-0.380188405514,0.207251265645,0.182366624475,0.421330779791,-0.371656179428,-0.045217111707,0.071369446814,-0.304888278246,0.448154002428,-0.316894322634,-1.032021045685,-0.677573442459,-0.545428872108,-0.127366065979,-0.251735746861,-0.499112784863,-0.107082977891,0.176328614354,0.756203293800,0.876876950264,0.547853112221,0.513802349567,0.677462279797,0.424775809050,0.629960894585,-0.134663522243,0.015928473324,0.746959030628,-0.447351425886,-0.366684198380,0.441041767597,-0.192697510123,0.059997253120,0.304674267769,0.417231380939,-0.205670773983,-0.421725928783,0.412403404713,0.318120867014,0.147698536515,-0.735665023327,0.324788600206,0.270532995462,0.208136186004,1.041257143021,0.214816257358,-0.369231909513,0.254847347736,-0.115574046969,-0.478685647249,-0.216977119446,-0.697934746742,-0.100287653506,-0.921896517277,-1.229340672493,-0.243874415755,-0.595333933830,-0.763739526272,-0.057486563921,-0.464251220226,-0.168018653989,-0.434431642294,-0.593959212303,0.562213420868,0.041907940060,-0.015434568748,0.550693035126,0.429307371378,-0.410670638084,0.832729995251,0.166561633348,-0.385115116835,0.791476428509,-0.064368322492,-0.170562267303,0.224694386125,0.039409600198,0.285041481256,0.130798712373,0.485645592213,0.089059516788,0.258646309376,0.283267527819,-0.047822464257,-0.051534995437,0.232868522406,0.506266176701,0.187861338258,0.128765463829,0.324488133192,-0.263198494911,0.238145098090,0.356065183878,-0.255077838898,-0.112935766578,-0.431657552719,-0.118105314672,0.209992438555,-1.350092530251,-0.688888013363,-0.114837303758,-0.425734788179,-0.030506938696,-0.357666254044,-0.104675188661,0.983391940594,0.037734434009,0.471244156361,0.322277903557,-0.171084985137,1.173101305962,-0.064158409834,-0.521552562714,0.287659198046,-0.909997463226,-0.240190684795,0.163993313909,-0.706005990505,0.048242285848,0.322784155607,-0.081387512386,-0.117232747376,-0.607339978218,0.481122255325,0.220652580261,-0.402764052153,-0.110614411533,0.126637548208,0.489695638418,0.000987812411,0.583393752575,0.126979157329,0.476100862026,0.670358300209,0.331246405840,0.557471871376,-0.722947001457,-0.361835658550,-0.346331119537,-0.305168181658,-0.315964132547,-1.027921676636,-0.732845664024,-0.311823546886,-1.121977806091,-0.654833197594,-0.506994724274,-1.340461373329,0.907437384129,0.189466536045,-0.054411999881,0.217680931091,0.206251099706,0.793752491474,0.623815894127,0.829840600491,-0.022814350203,0.688534021378,0.189865782857,0.049567598850,0.254970848560,-1.414851903915,0.274360775948,0.027794571593,-0.070776753128,0.348833590746,-0.037211716175,0.531990468502,0.115952707827,-0.260152757168,0.564028501511,-0.267548978329,0.173677995801,0.021987058222,0.413333624601,0.750589191914,0.131955265999,0.182572409511,0.648799300194,0.597770571709,0.853840291500,-0.176530301571,0.106576725841,-0.237050265074,-0.058359134942,-0.194566115737,-0.641250789165,-0.569642603397,-0.522610366344,0.148863315582,-0.721876800060,0.184967860579,0.130185440183,0.310806930065,0.278443723917,0.541934490204,0.276673883200,-0.070126444101,0.139491453767,-0.355143249035,0.098143279552,-0.830560863018,-0.364185839891,-0.253019928932,-0.610994875431,-0.309732675552,-0.612814128399,0.005609950982,-0.411975383759,-0.888541400433,0.362893462181,-0.564263164997,0.070023551583,0.407834827900,0.392289131880,0.363008707762,0.562884330750,0.742472767830,0.664744198322,0.461855769157,0.566086471081,1.187622070313,0.291910916567,0.197558358312,0.020032012835,-0.466457366943,0.119488254189,0.035194929689,-0.130765780807,-0.083964049816,-0.149085581303,-0.213647350669,0.028864700347,-0.116376645863,-0.106375046074,-0.281711727381,-0.045620471239,-0.197434887290,0.985746264458,0.532953619957,0.430986672640,-0.096101798117,0.024785859510,0.160910516977,-0.084404453635,-0.213713198900,0.141360059381,-0.703124821186,-0.149641230702,0.154975414276,-0.368585735559,-0.138577729464,0.073999494314,-0.144076541066,0.160531863570,0.031042004004,-0.325566500425,-0.296310782433,-0.325772285461,-0.572943568230,-0.160396039486,0.372713953257,-0.415173411369,0.399125576019,0.553063809872,-0.570062398911,0.957173705101,0.318005621433,-0.404739677906,0.715892314911,-0.730907142162,-0.408250510693,0.310695797205,-0.565526664257,-0.281510055065,-0.093755744398,0.604187190533,-0.430673867464,0.425804764032,0.522639155388,0.617325127125,1.023468255997,0.778198599815,0.145681753755,0.242359772325,-0.058466143906,-0.043113894761,-0.154518544674,-0.404393911362,0.501969218254,-0.144331738353,-0.149546563625,-0.346458733082,-0.161108091474,0.277550578117,-0.227736026049,-0.270570039749,-0.541531085968,-0.253785461187,-0.488917738199,0.141248941422,-0.180288121104,-0.548223555088,0.296701788902,0.479183644056,0.416721016169,-0.114985473454,0.379949688911,-0.142232626677,-0.483451843262,0.443980485201,0.297998309135,-0.410217911005,-0.121961899102,-0.089977361262,-0.608154952526,0.336070239544,-0.342766791582,-0.555549800396,-0.307440131903,-0.608002603054,0.534702837467,0.032243844122,-0.117850132287,-0.014261540957,0.205403223634,0.342692673206,1.083654880524,0.537765085697,0.237095549703,0.511048853397,0.390967875719,-0.411106914282,-0.302134752274,-0.085816197097,-0.370590150356,-0.367972463369,-0.008857384324,-0.126044854522,-0.266194850206,-0.075851641595,0.561353206635,-0.695810914040,-0.271755397320,-0.098554864526,-0.628750801086,0.123649418354,-0.060985065997,-0.342396348715,0.255666434765,-0.061491321772,-0.093484096229,0.638357281685,0.734920024872,-0.236408188939,0.364716798067,-0.219047397375,-0.879576981068,-0.048941988498,-0.133902087808,-0.739505171776,-0.246755525470,0.077596776187,-0.786862552166,0.141001984477,1.325911760330,-0.279575586319,1.264152884483,1.071755766869,0.315630763769,1.160494327545,0.834602713585,-0.183667242527,0.623638868332,0.013961081393,-0.398034870625,0.511645674706,-0.755009651184,-0.139067515731,0.280711591244,-1.233036875725,0.307929933071,0.351261943579,-0.770073831081,-0.170784533024,-0.333678901196,-0.516407728195,0.091438502073,0.206370472908,-0.265931457281,-0.216067492962,0.425199717283,0.499203324318,-0.039849996567,0.137754559517,0.830585539341,0.010026295669,0.040611434728,-0.698770225048,0.020176067948,-0.461909294128,-0.181658700109,-0.562431573868,-0.860191106796,-0.193854063749,-0.092660918832,-0.605187356472,0.345232188702,-0.396894782782,0.138495400548,0.277246028185,0.467679768801,0.677017807961,0.280118882656,1.327611565590,0.901337623596,-0.125472754240,1.092960953712,0.524195015430,-0.196500584483,1.034548282623,-0.425327301025,0.070657394826,-0.042640566826,0.178012028337,0.816492795944,-0.512831032276,-0.426833719015,0.983733534813,-0.097966291010,0.472046732903,0.121743753552,-1.204497337341,0.107626274228,0.759417831898,-0.425294399261,0.020311892033,-0.290511518717,-0.155403465033,0.312185734510,-0.007947773673,0.211375385523,-0.937656164169,-0.623264312744,-0.144027158618,-0.539250910282,-0.162577450275,-1.085893988609,-0.573647379875,-0.127691209316,-0.483669966459,-0.000502137933,-0.113092169166,-0.360683232546,0.363803058863,0.574976742268,0.441387504339,0.316680312157,0.610912561417,0.253534406424,0.274171441793,0.499952435493,0.216796010733,0.042381264269,0.335205882788,0.200410664082,-0.184778541327,0.210288777947,0.400784283876,0.178835183382,0.125345155597,-0.209984213114,-0.069760136306,-0.153670668602,0.288235425949,-0.634788811207,0.459517955780,0.662616312504,-0.613028168678,1.102419137955,-0.022579746321,-0.001753366902,0.703836858273,-0.158934906125,-0.209140449762,0.385851860046,-0.630623519421,-0.427043616772,-0.151559233665,-0.616493701935,-0.721053659916,-0.287650942802,0.199295267463,-0.456892043352,-0.362724691629,-0.791826307774,-0.203040719032,0.737949311733,-0.374985933304,0.673157095909,0.165829002857,-0.102897122502,0.467350512743,0.450376570225,0.417988657951,-0.467943221331,0.632726728916,0.420396506786,-0.662587523460,0.040084604174,0.296594798565,-0.211889877915,0.326303243637,0.002025015419,-0.301476240158,0.199381709099,-0.115837462246,-0.304851233959,0.151291698217,0.163882195950,-0.272121727467,0.062693163753,-0.050802364945,0.206193476915,0.556010782719,0.166289985180,0.439860522747,0.364515095949,0.401784449816,0.087429627776,-0.842217087746,0.287650942802,-0.363440841436,-0.906873524189,-0.333300232887,-1.256962418556,-0.567930340767,-0.365198343992,-0.872172474861,-0.213371589780,-0.037771478295,0.351710617542,0.491300851107,0.140578046441,0.265207052231,0.297846019268,0.364840269089,0.218623459339,-0.538567662239,0.049975074828,-0.241190850735,0.100283533335,-0.301554411650,-0.375138223171,-0.304180353880,0.106004618108,0.126649886370,0.195833787322,-0.165524423122,-0.171455413103,0.269154161215,0.227591976523,0.235724970698,0.319594353437,0.157930612564,0.943344354630,0.723420262337,0.830087542534,0.483480632305,0.074781514704,1.068932294846,-0.093405887485,-0.021608395502,0.053350102156,-0.709595024586,-0.091549627483,-0.006638922729,-1.301331758499,0.078374683857,-0.902625918388,-0.181407630444,-0.440708369017,-0.826342105865,0.319536715746,-0.703289508820,-0.119438864291,1.050908923149,-0.642921805382,0.490407705307,0.514835476875,-0.052679210901,0.833367884159,-0.427582830191,-0.242499709129,-0.478603303432,-0.274068534374,-0.360629707575,-0.242573797703,-0.599355161190,-0.273204207420,-0.054218553007,-0.051316853613,0.057503025979,0.389617890120,-0.809528708458,0.293865948915,-0.082605808973,-0.066866666079,-0.228666216135,0.007704936434,-0.103139959276,0.629211783409,0.564962863922,0.096204698086,0.237881690264,0.289857089520,0.159642830491,-0.206979617476,0.483731716871,-0.558109879494,-0.186334341764,-0.240392372012,-0.491638332605,0.196294784546,-0.190232083201,-0.099826671183,0.413753449917,0.015842041001,0.447623074055,0.241474851966,0.442375302315,0.214198887348,0.464831560850,-0.087240293622,-0.060746341944,0.415733188391,-0.759125590324,-0.262552291155,-0.040994215757,-0.065504305065,0.020427135751,-0.905350625515,-0.572947680950,-0.173472210765,-0.405060708523,-0.203279450536,0.049896873534,-0.676672041416,-0.171994596720,-0.036919489503,0.377117961645,0.186503082514,0.734594881535,-0.192471131682,1.313049554825,0.116228476167,0.265396386385,0.553092658520,-0.275443226099,0.243442237377,0.175526022911,-0.277110189199,0.172891855240,-0.324060082436,0.187556743622,-0.283539205790,-0.567284166813,0.067319415510,-0.372639894485,-0.376887470484,-0.432801753283,-0.048913177103,0.471602201462,0.823386907578,-0.454517185688,0.098884135485,1.043689608574,-0.557587146759,0.528615415096,0.301463872194,-0.633504629135,-0.186939373612,-0.112240180373,-0.777309536934,0.161445587873,-0.668740749359,0.117413848639,0.229723989964,0.026061782613,0.250970214605,0.007136944216,-0.971118330956,-0.145784646273,-0.069821871817,-0.768291711807,-0.627767145634,0.369952201843,0.632788479328,-0.023888597265,0.064685247838,0.742201030254,0.068410120904,0.715764701366,0.465025007725,-0.670214235783,-0.241647705436,0.053259551525,-0.653330862522,-0.481912523508,-0.450664699078,-0.227587848902,0.008091829717,-0.091018684208,0.169282227755,0.229575827718,0.250344574451,0.124563142657,0.879996776581,-0.070912577212,0.605216145515,0.015171151608,-0.194907724857,0.296586573124,-0.043978232890,-0.252102047205,-0.664443731308,-0.073254518211,-0.318989306688,-0.441745579243,-0.225159496069,-1.017701983452,0.381295561790,-0.731347441673,-0.404142886400,-0.212001010776,-0.609356760979,0.621543884277,-0.589773356915,-0.005276564509,0.658883213997,0.138059124351,0.499104559422,0.499009877443,0.003630210645,1.132329344749,0.078498154879,-0.324232935905,0.676696717739,-1.019039630890,-0.309259355068,0.407332688570,-0.624301552773,-0.075604692101,-0.500195264816,-0.538831114769,0.327768504620,-0.167269557714,0.428842276335,0.388909965754,0.307382524014,0.685426533222,1.252949476242,0.557348430157,0.384571820498,0.279983073473,0.759500086308,0.047571398318,0.218022555113,-0.699844479561,-0.596136510372,-0.499170422554,-0.059421028942,-0.240429416299,-0.590040922165,0.094278454781,-0.563641607761,0.014397365041,0.354743987322,-0.691690921783,-0.572157382965,0.071657553315,-0.697811245918,-0.373771727085,-0.162392243743,-0.584542095661,0.052732717246,0.110219284892,-0.446766942739,-0.402903974056,-0.139730170369,-0.539995849133,-0.446005493402,-0.181123629212,-0.883240103722,-0.434357583523,-0.328328251839,0.041611596942,-0.412115335464,0.041718609631,0.602256894112,0.109305553138,1.354508876801,0.150797784328,0.252949923277,0.865953326225,0.642378509045,0.973073422909,0.403253823519,0.222200155258,0.638386070728,0.502002120018,-0.284815102816,0.204493626952,-0.005033727270,-0.580817222595,0.293334990740,0.310078412294,0.144739210606,0.145669400692,-0.455488532782,0.072962291539,0.415967792273,0.126378238201,0.132000550628,-0.295360028744,0.406427145004,0.677672207355,-0.525812506676,0.586690604687,0.156646460295,0.152176603675,0.210762113333,-0.651050686836,-0.050831180066,-0.702141165733,-0.226888149977,-0.415572643280,-1.021500825882,-1.002543091774,-0.500726222992,-0.368277043104,-1.015030741692,-0.618411719799,-0.777568876743,0.011968993582,0.016261860728,-0.198933079839,0.207971543074,-0.143981888890,0.878288686275,0.862002074718,-0.178765222430,0.547198653221,-0.003000480123,-0.384308427572,1.020496606827,-0.802375316620,-0.690497338772,0.838887333870,-0.690834820271,0.403871208429,0.506562530994,-0.811179220676,0.542358398438,0.094171442091,-0.047028101981,0.680331110954,-0.446211338043,-0.256300270557,0.508126616478,-0.260482013226,0.616172671318,-0.115076027811,-0.249360889196,0.431554675102,0.295858025551,-0.023678686470,0.451512575150,-0.268952488899,0.205111011863,-0.639777243137,-0.669419884682,-0.764089345932,0.031980425119,-0.538707613945,-0.549841046333,-0.539633691311,0.218026667833,0.433287441730,0.024501862004,0.098596028984,0.350833922625,0.586394250393,0.905461788177,0.143405660987,0.240626975894,-0.304571360350,-0.431612253189,0.068356618285,-0.236437007785,-0.270891070366,0.552573978901,-0.541333556175,0.151929661632,0.203863903880,-1.282110452652,0.923909127712,-0.221064180136,0.077419795096,0.229621097445,-1.205196976662,0.861088395119,0.361366480589,0.586727619171,0.571412384510,-0.049477051944,0.501162528992,0.807157933712,0.176357448101,0.028539545834,-0.330106317997,-0.772292315960,0.748794674873,-0.622008979321,-0.661258041859,-0.623692393303,-0.998711287975,-0.590226113796,-0.064150176942,-0.765167653561,-0.595766127110,0.093574643135,-0.369894564152,0.547486782074,0.364626228809,0.295808643103,0.642045140266,0.542909920216,0.705952465534,0.381423175335,0.011697344482,0.811026871204,-0.241532474756,-0.644843935966,0.042426541448,-0.297088682652,-0.500038862228,0.429282695055,0.140520423651,0.022867856547,0.463946640491,-0.072081491351,0.122040100396,0.384510099888,-0.237157285213,0.486011922359,0.300706535578,0.274451345205,0.093895681202,-0.014549653046,0.332987427711,0.922744333744,0.040763724595,0.260066300631,0.246014669538,-0.432653605938,-0.183975949883,-0.536970674992,-0.858775258064,-0.784224271774,-0.323516786098,-1.080728411674,-0.490572303534,-0.130218356848,-0.172517314553,0.237363085151,0.029580865055,-0.252974629402,0.513423740864,0.080457314849,0.299521178007,0.196097224951,-0.272125840187,0.063787981868,-0.048662107438,-0.442247718573,0.206975504756,-0.406196683645,-0.670708119869,0.386580348015,-0.230534836650,0.007857224904,-0.351261943579,-0.325834035873,-0.105716496706,0.398853957653,0.124213285744,0.906593620777,0.609471976757,0.663332462311,0.938228309155,0.445009469986,0.723514914513,1.115594148636,0.164367854595,0.753400385380,0.395758777857,-0.297673135996,-0.234337911010,0.155374661088,0.019945578650,-0.078708067536,0.032153293490,-0.582805216312,-0.425965249538,-0.262181848288,-0.109494887292,0.140932008624,-0.510048687458,-0.469173848629,0.084276854992,0.578216016293,0.493634521961,0.341371506453,0.718567669392,-0.374315023422,0.042714655399,0.813751578331,-0.421672403812,-0.757483303547,-0.595445036888,-0.604812800884,-0.595128118992,-0.297829568386,-0.351932853460,-0.204077929258,0.071418836713,0.139483228326,-0.341091603041,-0.057749982923,0.092459231615,-0.388753563166,-0.680396914482,-0.574882090092,0.129790306091,0.114573888481,0.714669942856,-0.400574386120,0.025781903416,1.016668796539,0.131066232920,0.394347041845,-0.284675180912,-0.993381142616,0.581138253212,0.017731232569,-1.308324575424,-0.025415590033,-0.742822587490,-0.205419704318,0.321520596743,-0.172332108021,0.079119659960,0.537810325623,1.131971240044,0.892657220364,-0.379953801632,0.328595787287,0.453245371580,-0.200501218438,0.853585183620,-0.085379913449,-0.857594013214,0.603351712227,-0.206716209650,0.282403200865,0.330822467804,-0.798374652863,0.212293237448,0.205283880234,-0.582105517387,-0.464000165462,-0.266252487898,-0.093681663275,-0.346491664648,0.142170891166,0.002905814908,0.971171855927,0.323224544525,0.615518271923,0.192812740803,0.627606570721,0.228987261653,-0.383188873529,0.530903875828,-0.416008979082,-0.200089633465,0.004037683364,-1.216042280197,-0.546350777149,-0.002963437233,-0.394515812397,-0.231695517898,-0.655475258827,-0.402492374182,0.392852962017,0.277410656214,0.530998528004,0.187108114362,0.447063297033,0.847436010838,0.942883431911,0.601849377155,0.470198690891,0.022415108979,-0.487559497356,0.467967897654,-0.427875071764,-0.270812898874,-0.238145098090,-0.948353409767,-0.033939588815,0.092216402292,0.118862643838,-0.128843665123,-0.191532701254,-0.212289124727,-0.509480714798,0.332579970360,-0.189005538821,-0.870093941689,-0.095270387828,-0.481039941311,0.353278726339,0.518272221088,-0.439967513084,0.102427907288,0.041393455118,0.218923926353,0.755137324333,-0.459110498428,-0.757919609547,-0.248525351286,-0.199151203036,-0.099341005087,-0.544786751270,-0.199583381414,0.241149708629,0.266812235117,0.628627300262,0.032704822719,0.757516205311,0.526178836823,0.488082230091,0.803782939911,0.251682251692,-0.256765365601,0.184099420905,-0.612274944782,-0.043418470770,0.007334506605,-0.202044665813,-0.327891975641,0.142442539334,-0.260173320770,-0.456805616617,-0.038553494960,-0.545947432518,-0.057482447475,-0.032655432820,-0.557599544525,0.278801828623,-0.146974131465,-0.122410528362,-0.129777967930,0.317462325096,0.853671610355,0.512995660305,-0.081971958280,-0.143780216575,0.290248066187,0.226690590382,-0.237083196640,-0.241046786308,-0.309991985559,-0.177703335881,0.014730752446,-0.158745571971,-0.124534323812,-0.618111252785,-0.444552630186,0.497544616461,-0.107391670346,0.212577223778,0.850214183331,0.529039382935,-0.136223435402,0.857425272465,0.203164204955,0.394878000021,0.572667777538,0.572317898273,1.122525334358,-0.114989586174,-0.133951470256,0.075328923762,-0.008717444725,1.042677164078,0.135326176882,-0.170883312821,0.101596504450,-0.730771243572,0.356773108244,-0.058486726135,-0.611933290958,0.003461459186,-0.454694181681,0.007157524116,0.013100861572,-0.852650880814,0.626985132694,-0.247508734465,-0.410250842571,0.356727868319,-0.553561806679,-0.409707516432,-0.416799217463,-0.346483439207,-0.273903906345,-1.307694911957,-0.297298610210,-0.458089768887,-0.953485906124,-0.519297122955,-0.599968433380,0.235136389732,0.289091527462,0.425183266401,0.324883252382,0.014710172080,1.312580466270,0.239939615130,1.092960953712,0.673317611217,-0.051921885461,0.619712352753,0.201011583209,-0.508562862873,0.271841853857,-0.103312827647,0.126168340445,0.030441084877,-0.051810756326,-0.084639057517,0.225978538394,0.088709667325,-0.222698181868,0.074904985726,-0.068854637444,0.039323166013,0.603318750858,0.759335517883,-0.172587290406,0.792608261108,0.638451933861,0.932408511639,0.374640196562,0.212750092149,0.310671120882,-0.073176316917,-0.318330764771,-0.815229237080,-0.771152138710,-0.746498048306,-0.824436485767,-0.492568552494,-0.648988604546,-0.013800561428,-0.269397020340,-0.373767614365,-0.655059516430,-0.006927034352,0.386366337538,0.773704051971,0.779050529003,0.365642845631,0.323545575142,0.176357448101,-0.329612404108,0.954626023769,0.151234075427,-0.973410904408,0.149892300367,-0.728877961636,-0.325340121984,0.773741126060,-0.457525879145,-0.759730637074,0.085038296878,0.131761819124,0.342824399471,0.353270500898,-0.660480201244,0.564831078053,0.151192918420,-0.015895547345,0.169957235456,-0.287296980619,0.693526625633,0.455327987671,-0.389766067266,0.413864582777,0.121813729405,0.092681489885,-0.457542330027,-0.814315438271,-0.528380870819,-0.052053596824,-0.894986808300,-0.407604306936,-0.320738554001,-0.633442878723,0.040105182678,0.248183757067,-0.122476391494,0.243742719293,0.250859051943,0.677429378033,0.213071122766,0.549137234688,-0.196270078421,-0.101831100881,0.162828519940,0.222315415740,-0.617390930653,-0.364597439766,-0.198328018188,-0.298451036215,0.434287607670,-0.014492030255,-0.011565636843,0.360111117363,-0.627396702766,0.005959801376,0.117516748607,-0.243845611811,0.255925714970,0.623005032539,-0.065150342882,0.599038243294,0.718905150890,0.480706572533,0.593428254128,0.577281653881,0.016751652583,0.309325218201,0.144887387753,-0.173134699464,-0.406402468681,-0.233918070793,-0.149546563625,-0.718938112259,-0.055000569671,0.140285819769,-1.021204590797,-0.104975648224,-0.460653930902,0.508641064167,0.254398733377,-0.422137498856,-0.068414241076,0.591419756413,0.122101843357,0.630635857582,0.386621534824,-0.332197189331,0.173002988100,0.432089716196,-0.611365318298,0.231329202652,-0.226575344801,0.054539591074,0.150365620852,-0.057498913258,0.303505331278,0.201015695930,-0.735113561153,0.541498184204,-0.071048408747,-0.490584671497,-0.121328055859,0.204880520701,0.041982024908,0.155300572515,-0.000856104016,0.121966011822,0.491790622473,0.203353524208,0.578327119350,-0.468247771263,0.389609664679,-0.179514318705,-0.202431574464,-0.247751578689,-0.496890217066,-0.521412670612,-0.034408796579,-0.315128624439,-0.178802281618,-0.028564240783,0.171615928411,-0.024341342971,-0.049905102700,0.182918146253,0.143611460924,0.284300625324,0.144146516919,0.078024834394,0.033910777420,-0.020616468042,-0.045003086329,-0.382139325142,-0.272644430399,-0.103271663189,-0.848197400570,0.192174777389,-0.275537908077,-0.527018487453,-0.320207595825,-0.186564847827,0.103028833866,-0.292149633169,0.430871427059,0.337053924799,0.145932823420,0.859816610813,0.220459133387,0.279550909996,0.493486374617,0.600635170937,0.610015332699,0.326830059290,-0.520503044128,0.025320924819,0.432579517365,0.094570688903,0.078473463655,-0.345421522856,-0.407937705517,-0.604689359665,-0.282761275768,0.430323988199,-0.591325044632,-0.022472729906,-0.070105865598,0.156592965126,0.659265935421,0.791241884232,-0.034824501723,1.063042521477,0.731273412704,0.250517427921,0.768925547600,-0.354628771544,-0.419540375471,0.370631307364,-0.595807254314,-0.350364685059,0.177633360028,-0.621173441410,-0.055119931698,0.344795912504,-0.776774525642,0.093282423913,0.369742304087,-0.664731860161,-0.203633412719,-0.316137015820,-0.392680138350,0.229678720236,0.374594897032,-0.168854176998,-0.084445610642,0.354377686977,0.336387157440,-0.156819328666,0.539308488369,-0.515601038933,-0.339930921793,-0.309415757656,-1.164807796478,-0.281238436699,-1.199788689613,-0.663702905178,0.638274967670,-0.516942799091,0.587579607964,0.268907219172,0.021151533350,1.414563775063,0.105897605419,0.546568930149,0.502718269825,0.278571307659,0.250348687172,-0.470643222332,-0.386284023523,0.363482028246,-0.173035919666,-0.503179252148,-0.401253521442,-0.361502289772,-0.196673437953,-0.063680969179,-0.759043276310,0.322364330292,-0.690485000610,-0.158510968089,0.380064934492,-0.555920243263,0.254505723715,0.341564953327,-0.209193959832,0.859240353107,0.503594994545,0.381172090769,0.156531214714,-0.168796554208,0.716151595116,0.859153926373,-0.367260426283,-0.140261128545,-0.403451412916,0.076662473381,0.363119810820,-0.331085890532,-0.501388847828,-0.093833945692,-0.127571851015,-0.209045782685,0.034417029470,-0.456130594015,0.461189031601,0.512798070908,-0.592279970646,0.578339457512,0.478274047375,0.703845083714,1.078263044357,0.347364217043,0.191388636827,-0.286058098078,-0.528030991554,0.301570892334,0.133375242352,-0.922172248363,0.082383558154,-0.565312683582,-0.203493461013,0.440103322268,-0.652647614479,0.130107238889,-0.178510040045,-0.701696693897,-0.217401042581,-0.492617905140,-0.563892722130,0.365037828684,-0.007869572379,-0.661945402622,0.540160536766,0.437819004059,0.216199204326,0.718398869038,-0.330690771341,0.354974478483,-0.177546933293,-0.541926264763,0.143627911806,-0.838986098766,-0.003033407032,-0.874201655388,-0.535056829453,0.547918975353,0.085449889302,0.215186700225,0.618913829327,0.271212130785,0.314288973808,1.557055711746,0.508480548859,0.816492795944,0.191450402141,-0.047826584429,-0.002613586839,-0.066833741963,0.251196563244,0.144722744823,-0.600289463997,-0.260416150093,-0.252011507750,-0.186075046659,-0.003922438249,-0.240915089846,-0.272669136524,0.255180746317,-0.520642995834,0.208148524165,-0.080691926181,-0.293429672718,-0.053819309920,-0.066393338144,0.839282453060,0.084692567587,0.076810643077,-0.115096606314,-0.662237644196,-0.393235743046,-0.040487959981,-0.537748634815,-0.684286415577,-1.313843965530,-0.141388878226,-0.346475183964,-0.367062866688,-0.267071515322,-0.806314170361,0.196817502379,-0.259551823139,-0.008264696226,0.570128262043,0.277036100626,0.904667377472,0.224463909864,-0.351047933102,0.990870475769,0.523272991180,0.213729664683,0.844661891460,-0.639999508858,-0.462325006723,0.811014533043,-0.649021565914,0.550351440907,0.366762399673,-0.634113788605,0.591925978661,0.194183319807,-0.190092131495,0.289404332638,-0.501071929932,-0.117718428373,0.063668623567,-0.534488797188,0.554240942001,0.307291954756,0.104790426791,0.228415146470,-0.466284483671,0.192368224263,0.414601296186,-0.666966795921,0.293108642101,-0.300303190947,-1.280711054802,0.080864794552,-0.989479303360,-1.207036733627,0.286836028099,-0.230419576168,-0.662348747253,0.200694665313,0.086203090847,0.684302926064,0.444898337126,0.416416436434,0.598721325397,0.104489967227,0.564851701260,-0.177464604378,-0.859614968300,-0.070212878287,0.160297244787,-0.474458634853,0.115849815309,-0.590864062309,-0.033235769719,0.145348355174,-0.767612576485,0.316532135010,-0.048094116151,0.042953375727,0.265091806650,-0.018834289163,0.196471765637,0.264997124672,0.677326500416,0.633916258812,0.359596639872,0.011141700670,0.167479470372,0.532537877560,-0.524557173252,0.370795965195,-0.806116640568,-0.829062700272,0.017982302234,-0.514432132244,-0.257477402687,-0.136495083570,-0.522408723831,-0.354706972837,-0.188556909561,-0.676618576050,-0.104498207569,0.175670087337,0.136244013906,0.140899091959,-0.090356022120,1.043072223663,0.650071084499,0.357872068882,0.527034938335,0.344038575888,0.434530407190,0.764933109283,-0.556109547615,-0.337128013372,0.067710421979,-0.852424442768,0.791793346405,-0.088466830552,-0.149921104312,0.652976870537,0.441955506802,0.509777009487,0.425607204437,-0.543498456478,-0.356715530157,0.096587471664,0.261622101068,0.073641411960,-0.361790418625,-0.631582558155,0.467881441116,-0.047645483166,0.293096303940,-0.025748975575,-0.294940203428,-0.415025264025,-0.249332085252,-0.691781461239,-0.645078539848,-0.691983163357,-0.762228965759,-0.905708670616,-0.919669747353,-0.195142343640,-0.025798365474,0.114096447825,-0.093644611537,0.581846177578,0.506459653378,-0.008807993494,0.481282770634,-0.279645562172,-0.109881773591,0.250155240297,-0.135338529944,-0.102720141411,-0.288325965405,-0.529928386211,0.097077265382,0.138746485114,-0.126213610172,0.089676901698,0.148867443204,-0.152464732528,0.302990853786,0.331234067678,0.077522687614,0.289906471968,0.253151625395,0.592806816101,0.968928694725,0.377348452806,0.791340589523,1.142907142639,0.288309514523,0.918286800385,0.230213791132,0.012932110578,-0.112713508308,-0.775235176086,-0.347240746021,-0.175801798701,-0.853115916252,-0.345322728157,-0.076506070793,-0.840027451515,-0.870546698570,0.044060546905,-0.257139891386,0.200875774026,0.083000935614,-0.037010036409,-0.039854113013,0.524614810944,-0.136552721262,0.669152379036,0.225855067372,-0.563616931438,0.114178761840,-0.046834655106,-0.977094590664,0.286910086870,-0.209428563714,-0.333209693432,-0.214005440474,-0.490440607071,-0.161610215902,-0.574705123901,0.131486058235,0.486933887005,-0.367392122746,0.142895296216,0.218627586961,0.078349985182,0.843974530697,0.240375906229,0.475364118814,0.714982688427,-0.714036047459,0.503245174885,0.522898495197,-0.273418247700,0.594461381435,-0.240190684795,-0.769197165966,0.137260645628,-0.563933849335,-0.472804039717,-0.099583834410,-0.730532526970,-0.260741323233,0.124937690794,-0.460851490498,0.810594737530,0.060371797532,0.389272153378,0.420824527740,0.693855881691,0.507192254066,0.132161065936,-0.032140944153,0.412115335464,-0.199208825827,-0.625412821770,-0.017632450908,-0.907342731953,-0.390473991632,0.614044785500,-1.540361642838,-0.070891998708,0.395046740770,-0.683681368828,0.780030131340,-0.529940724373,-0.275373280048,0.482715100050,0.482937365770,0.493675708771,0.486205369234,-0.443206697702,0.423047095537,0.531167328358,0.529475688934,0.603380501270,-1.199743390083,-0.079140231013,0.222595274448,-0.348985880613,0.024715887383,-1.231472730637,-0.427097141743,-0.453212440014,-0.723021030426,-0.284510523081,-0.162655651569,-0.180987820029,0.910104453564,0.293964743614,0.375064134598,0.465650647879,0.860475122929,0.225694537163,0.443326085806,0.137742206454,0.114981360734,-0.441165238619,-0.732697486877,-0.247533440590,-0.889129936695,-0.514827251434,0.390918523073,-0.544618010521,0.041200008243,0.952177047729,-0.139396786690,0.260374993086,-0.014878924936,-0.643246948719,0.057095553726,0.349533289671,0.044216953218,-0.244549423456,-0.723568439484,0.148591682315,0.337506681681,0.431678146124,0.511727988720,-0.014636087231,-0.037738546729,0.389654934406,0.072756499052,-0.481838405132,-0.152814581990,-0.420791625977,0.023316487670,-0.414609581232,-0.161639034748,0.277645260096,0.459587961435,0.287749737501,-0.179164469242,0.438749223948,0.918146967888,0.036898910999,0.231888964772,0.039475452155,-0.566703855991,0.575874030590,-0.503570318222,-1.230468511581,0.342684447765,-0.094183795154,-0.477240979671,-1.083107471466,-0.334300398827,0.165207505226,-0.262449413538,0.186544254422,-0.674910426140,-0.112182557583,-0.153250858188,0.259152591228,0.307510107756,-0.613229811192,0.462362080812,0.462716013193,0.381871789694,0.624404430389,0.700219094753,-0.027160724625,0.355188548565,0.012890951708,0.375842034817,0.510192751884,-0.312823712826,-0.330974757671,0.045118328184,-0.614703297615,-0.153538972139,0.061972878873,-0.023900944740,-0.088084056973,-0.083120293915,0.145644694567,1.044747471809,0.105765894055,0.490251272917,0.138433679938,0.597626507282,1.449581742287,0.189499452710,-0.064146064222,0.713253974915,-0.040101066232,-0.577158212662,0.679252743721,-0.667366027832,0.187388002872,0.046809960157,-0.711652994156,0.160461887717,-0.250834375620,-0.439037352800,0.350912123919,-0.512102484703,-0.098735958338,-0.410131484270,-0.744357764721,0.162692695856,-0.266795784235,-0.245175033808,0.142253205180,-0.390371084213,-0.079304866493,0.193557724357,-0.394124776125,-0.501392960548,-0.585892140865,-0.062363889068,-0.415560305119,-0.640826821327,-0.230884686112,-0.463720291853,-0.427372932434,0.428410112858,0.109869435430,-0.131481945515,0.674589395523,0.653561353683,0.331678599119,1.127929449081,0.685751676559,0.439592957497,0.737825870514,-0.539481401443,0.676416873932,0.584163427353,0.060544665903,0.312572628260,-0.292277216911,0.489740908146,-0.394787460566,-0.877090930939,0.498092055321,-0.331266999245,-0.124970614910,0.257460951805,-0.908964395523,0.090335436165,0.056008961052,0.020357167348,1.080983638763,-0.040286280215,0.458534270525,0.956144750118,-0.671996414661,0.378439158201,0.136507436633,-0.499207437038,0.043949421495,-0.015237006359,-0.692320644855,-0.485962510109,-0.788142621517,-0.373570054770,0.007844876498,-0.745189189911,-0.477475583553,-0.248537719250,-0.441531568766,0.289396107197,0.553426027298,-0.037405163050,0.572087407112,1.279011249542,0.808409154415,0.479360640049,0.621432781219,-0.184984341264,0.004716804251,0.052617471665,-0.291437566280,-0.409859836102,-0.285506576300,-0.704207301140,-0.345470905304,0.951016306877,0.195162907243,0.112161979079,0.420437633991,-0.426401555538,0.659722864628,-0.312560290098,-0.554088652134,0.225632801652,-0.366301417351,-0.195533335209,-0.384888738394,-0.455319762230,0.368960291147,0.660895884037,-0.491732984781,0.227880075574,-0.208230853081,-0.408110558987,0.070966087282,-0.834919631481,-1.122953414917,-0.445688575506,-0.269372314215,-0.203085988760,-0.353212893009,0.206456914544,-0.205197438598,0.542823493481,0.390790939331,0.667666494846,0.808100461960,-0.373689413071,0.418276786804,-0.153810620308,0.052868541330,0.636344611645,-0.628475070000,0.152822807431,0.461921632290,-0.052728600800,0.601433634758,-0.284407645464,0.348989993334,0.653512001038,-0.554018676281,0.102263279259,0.117121621966,0.266071379185,0.088660277426,-0.113100402057,0.631973564625,-0.294602692127,0.734599053860,0.478368729353,0.189343050122,0.304723650217,0.337634265423,-0.055473893881,-0.317684590816,-0.394626915455,-0.076287925243,0.327237546444,-0.605319082737,-1.123233199120,0.074616879225,-0.785154461861,0.018686117604,-0.222467705607,-1.259238481522,0.134058475494,-0.590316653252,0.261609762907,0.231802523136,-0.078839771450,-0.180687353015,0.179292067885,0.661002874374,0.895353138447,0.005416504573,-0.262865096331,0.152588203549,-0.327418655157,0.304394394159,0.036018107086,-0.893916726112,0.581352293491,0.445095896721,-0.042891636491,0.343799859285,-0.000823176932,0.254386395216,0.290136963129,-0.315305590630,0.537057161331,-0.059194657952,-0.346997916698,-0.013133788481,-0.240738108754,0.480237334967,0.663554728031,-0.098246179521,0.189943969250,-0.233243077993,-0.238280922174,0.292725861073,-0.797152221203,-0.411086350679,-0.148566991091,-0.479171305895,-0.814550101757,-0.504463434219,-0.143895447254,-0.573075234890,0.067142434418,0.427451103926,-0.425763577223,0.114133484662,1.365819334984,-0.123134925961,0.384123206139,-0.501693427563,-0.142207935452,0.056626345962,0.158288702369,-0.244076088071,-0.412518709898,-0.945608079433,-0.572943568230,0.003239201615,-0.148402348161,-0.152139574289,-0.385362058878,-0.291857391596,0.000168751285,0.121579125524,0.549478828907,0.355423122644,-0.050670661032,0.590629458427,0.449145942926,0.470248103142,0.256695389748,0.677466392517,0.076300270855,0.478652715683,0.146624282002,-0.283395141363,-0.119751669466,-0.483632951975,0.082264192402,-0.171080872416,-0.988841354847,0.256419628859,-0.703100144863,-0.630269587040,0.608043789864,-0.465988159180,-0.061454277486,0.638394296169,0.607854485512,0.805746197701,1.595905542374,-0.293038636446,0.932947635651,0.683784306049,0.305925488472,0.093488208950,-0.244862228632,-0.474829077721,-0.111260600388,-0.168837711215,-0.440342068672,0.186103850603,-0.063322886825,-0.404015243053,0.402405947447,-0.400673180819,-0.155778020620,0.279781371355,-0.036894790828,-0.846217691898,0.036269180477,-0.164059177041,0.129926145077,0.248443052173,-0.184309318662,0.192413508892,0.511715650558,0.176320388913,-0.267779469490,-0.271648406982,0.010833009146,-0.554883062840,-0.098344959319,-0.897715628147,-0.824098944664,-0.232580438256,-0.248430699110,-0.396429687738,-0.090438336134,0.268487393856,0.300986438990,-0.201513722539,0.432204961777,0.599297523499,0.561982929707,0.578993856907,-0.000028811195,-0.362893462181,-0.096673905849,-0.041121806949,-0.512534677982,0.303727626801,-0.280238270760,-0.576721906662,1.025563240051,-0.313535779715,-0.522705018520,0.579800546169,-0.095027558506,0.191549181938,0.126715749502,-0.122352913022,-0.145986318588,0.380262494087,0.273858636618,0.631619572639,0.733961045742,0.357707440853,0.609031617641,0.465461313725,0.321207761765,0.770036756992,0.384209632874,-0.026773832738,0.017722999677,-0.624408543110,-0.478237032890,-0.486295938492,-0.181712195277,-0.299796938896,-0.451895356178,-0.658389329910,-0.062647886574,0.128288015723,0.047727804631,0.122813887894,0.111668072641,0.140833228827,0.473828911781,0.136169940233,1.175286889076,-0.419515699148,-0.271689563990,-0.204279601574,-0.710665166378,0.442651093006,-0.556257724762,-0.789336204529,-0.307053267956,-0.762628197670,0.226147308946,0.332966864109,-0.935779392719,0.013590651564,-0.182593002915,-0.577512145042,-0.812290430069,0.146373212337,0.334292173386,-0.080370888114,0.441169351339,-0.392601907253,-0.230567753315,0.369157850742,0.390140622854,0.244705826044,0.350739240646,-0.517634272575,-0.240869820118,0.183375030756,-0.298179417849,-0.475664585829,-0.182461291552,-0.342137038708,0.460736274719,-0.167812868953,0.580269813538,0.564637660980,0.325121968985,1.104876399040,0.912936151028,0.242433845997,1.350026726723,0.297068089247,0.078452885151,0.602186918259,-0.306616961956,-0.525051057339,0.525520324707,-0.506315588951,-0.252982854843,-0.400755494833,-0.812438666821,-0.171496570110,0.662073016167,-0.241297855973,-0.183815419674,-0.631319105625,-0.097995109856,0.417124360800,-0.059491001070,0.101719975471,0.867151141167,-0.190981179476,0.329060882330,0.299574702978,-0.583965837955,0.364679753780,0.102917701006,-0.956531643867,0.100016005337,-0.749321579933,-0.679507911205,0.010870052502,-0.191853746772,-0.692678749561,-0.470104008913,-0.113092169166,-0.099266916513,-0.301480352879,0.079827584326,-0.266318321228,0.590131461620,0.573001146317,0.313157111406,0.236642807722,0.386065870523,0.099320419133,0.504451096058,0.593008458614,-0.399014443159,-0.031033771113,-0.006852948107,-0.737261950970,-0.488329172134,-0.565921843052,-0.304270923138,0.622330009937,0.053996294737,-0.663542389870,0.220047548413,0.147007063031,-0.260350316763,0.141244828701,-0.250542134047,-0.318758815527,0.143413901329,0.640275299549,0.172509089112,0.722811102867,-0.195891439915,0.088178724051,0.525952458382,0.029465621337,-0.284609317780,-0.019431093708,-0.446030229330,-0.557920575142,-0.436361998320,-0.535744190216,-0.507056474686,0.413860470057,0.038055472076,-0.178728178144,0.988870203495,0.150789558887,0.723654866219,1.026283502579,0.223755970597,0.234449028969,-0.049905102700,0.191359847784,-0.578944504261,-0.105387233198,-0.200583547354,-0.552825093269,0.108437106013,0.284238904715,-0.448051124811,0.084425032139,0.160815849900,0.038890995085,-0.326900035143,-0.393881976604,0.212972342968,0.122468151152,-0.775243401527,0.266248375177,0.464864522219,0.106852486730,0.570795059204,0.152979210019,0.238276809454,0.708920001984,-0.116961106658,0.282584309578,0.133313521743,-0.231584385037,-0.130650535226,-0.787422239780,-0.601371943951,0.549532353878,-0.561489045620,-0.144994392991,-0.151904955506,-0.356826633215,-0.028979945928,0.241762965918,-0.240557014942,0.322368472815,0.177007749677,0.994340181351,0.566749155521,0.445742100477,0.887006103992,0.178003787994,-0.152283623815,0.532677829266,0.008400521241,0.279378026724,0.280188858509,-0.655191242695,-0.402056127787,-0.016871012747,-0.322076231241,0.482377588749,0.352274447680,-0.425175040960,0.044463906437,-0.181671038270,-0.125312238932,0.166364073753,-0.789134502411,-0.245771825314,-0.127584204078,0.175735935569,-0.327887833118,-0.101814649999,0.003383257426,-0.201382026076,0.256456673145,-0.236445233226,-0.219150289893,-0.187622621655,-0.684512853622,-0.896262705326,-0.284391194582,-0.809487581253,-0.163927465677,-0.523659884930,-0.064039058983,-0.062149863690,0.844213247299,0.181119516492,0.511188805103,1.210008502007,0.597210764885,1.041849851608,0.152250692248,-0.097040213645,0.420005500317,-0.084264509380,-0.512370049953,-0.257321000099,0.192080110312,0.023719845340,-0.306637525558,0.685986280441,0.129703879356,-0.224752023816,0.264881908894,0.169924303889,0.050954658538,0.511382222176,0.076386705041,0.602071642876,0.062561452389,0.645354270935,0.397804379463,0.433340936899,0.333991706371,0.436098575592,-0.081576839089,-0.066352181137,-0.066718496382,-0.649243831635,-0.513468980789,-0.843488931656,-1.150731444359,-0.175332576036,-0.355966418982,-0.001263576676,-0.583451390266,-0.178715839982,-0.118455164135,0.148538172245,0.117063999176,0.939129710197,-0.187046378851,0.409892737865,0.059552740306,-0.601907014847,0.782248616219,-0.057943426073,-0.497272998095,0.364527463913,-0.683129906654,-0.468395918608,0.313144773245,-0.571663498878,-0.028358446434,0.415918409824,-0.245537236333,0.107741519809,-0.014599043876,-0.531471908092,0.502574265003,0.199591606855,0.233769908547,0.432188510895,-0.195208191872,0.578915715218,0.531883478165,-0.111886218190,0.422479093075,-0.256271451712,0.194372668862,-0.221237048507,-0.733808815479,-0.280394673347,-0.781042635441,-0.634159088135,-0.019492831081,-0.945608079433,0.176291570067,-0.520844638348,-0.707125484943,0.980638325214,0.273500531912,-0.110038183630,0.763850629330,0.468947470188,0.719501972198,0.746670961380,-0.116269633174,0.079757615924,-0.024493630975,-0.114129371941,-0.123472437263,-0.787199974060,0.004939062055,-0.257699668407,-0.384979277849,0.662838578224,-0.676976621151,-0.125065281987,0.403801232576,-0.578681051731,0.864986121655,0.797547340393,-1.015520572662,0.792320191860,0.236115977168,0.337741285563,0.902753472328,-0.970558583736,0.298442810774,0.286473840475,-0.135408505797,0.247883290052,-0.417412489653,0.012277685106,-0.327307522297,-0.746477484703,-0.187120482326,-0.541934490204,-0.108865156770,-0.531591236591,-0.464613437653,-0.454475998878,-0.104481741786,-0.033001165837,0.228419259191,0.224517405033,0.382616788149,0.341721355915,0.613332688808,0.436469018459,0.117302715778,0.165837228298,-0.357106536627,0.352402091026,0.090401299298,-0.348347932100,0.186828255653,-0.310329496861,-0.078568123281,0.434312283993,-0.115825116634,-0.137795701623,-0.386514514685,0.344989359379,-0.205761328340,-0.601116776466,0.137849226594,-0.314548283815,0.139985352755,0.025609036908,-0.711076736450,0.701363205910,0.811887085438,0.331719726324,0.309061795473,0.121916621923,0.139763101935,0.602927744389,-0.523396492004,-0.393293380737,0.161103978753,-0.761282324791,-0.070628583431,-0.870275080204,-0.734203934669,0.169343963265,0.148101881146,0.591345608234,-0.350426435471,0.248932838440,0.192512288690,0.277550578117,0.450734674931,0.198509126902,-0.013977544382,0.419853180647,0.027901584283,-0.719259083271,0.027881003916,-0.523301839828,-0.232395216823,-0.317919194698,-0.474808454514,0.137960344553,-0.563197135925,-0.254732131958,-0.323228687048,0.303081423044,0.193232566118,0.308119267225,0.195162907243,-0.108984507620,0.897958517075,0.653833031654,0.417840510607,0.141491785645,1.095319271088,-0.301295131445,0.688999116421,-0.094097360969,0.144146516919,-0.166545167565,-0.425623655319,-0.147270485759,-0.420787513256,-0.654001772404,-0.138380169868,-0.375504523516,-0.500730335712,0.103926099837,0.124950036407,-0.171249628067,0.755318343639,0.379023611546,1.292334437370,0.704400837421,0.017237326130,0.720864295959,0.646078705788,-0.447347313166,0.216808348894,-0.101538881660,-0.987623035908,0.624033987522,-0.473623096943,-0.851782381535,0.348631918430,-0.695531010628,-0.094089128077,-0.185786932707,0.130938649178,-0.282732486725,-0.207823380828,-0.154547363520,0.270269602537,-0.650297462940,0.371940195560,0.363115698099,-0.048662107438,0.313334107399,-0.771259188652,0.212898269296,0.526927947998,-0.590921700001,-0.235124051571,-1.134115695953,-0.708092749119,-0.135149195790,-0.372248888016,-0.581401705742,0.147887855768,-0.404328048229,-0.272883176804,0.452829658985,0.233963355422,1.147570490837,-0.057103786618,0.011833169498,0.505373060703,0.662653326988,-0.081391625106,-0.101489491761,0.049781631678,0.349397450686,-0.817661702633,0.200637042522,0.145521223545,-0.985490977764,-0.043731275946,0.087223827839,-1.174973964691,0.255971014500,-0.472384214401,-0.051226302981,0.986050784588,0.000024695310,-0.082449406385,0.140734449029,0.243660390377,0.823893129826,1.199698209763,0.362790554762,-0.221471652389,0.758421778679,0.154259249568,0.134391874075,-0.434740334749,-0.577964901924,0.274904072285,-0.348615467548,-0.702416956425,-0.067051880062,-0.322084456682,-0.250636816025,-0.662772715092,0.372936218977,-0.351990461349,-0.523042559624,0.253242164850,0.475697487593,0.320302277803,0.875712156296,-0.056786864996,0.305081725121,1.092915654182,0.393581509590,0.932503163815,-0.480978190899,-1.132469296455,0.212680116296,-0.006696545053,-0.161589637399,0.112297795713,-0.562830805779,-0.440078645945,0.728935539722,-0.136293411255,-0.701223313808,0.065566048026,-0.619008541107,-0.261502742767,-0.275760173798,-0.374726653099,0.116956979036,-0.845867872238,-0.081881411374,0.469675987959,0.241334900260,0.786920130253,0.083881735802,-0.170302972198,-0.051921885461,-0.250463932753,0.165137529373,-0.398820996284,-0.235515043139,-0.713052392006,-0.586266636848,-0.319968909025,0.468025475740,-0.127547159791,0.397368133068,0.476886987686,0.017504857853,0.883968591690,0.975460588932,-0.160511285067,0.584690213203,0.462967097759,-0.092393383384,0.682829439640,-0.708611309528,-0.204201385379,0.716526150703,-0.136528030038,0.113400861621,-0.328377634287,-0.568148553371,-0.320652127266,-0.026255229488,-0.445289343596,0.064792260528,-0.307966977358,-0.105893485248,0.469429016113,-0.330283313990,0.393132865429,-0.231152206659,0.426463276148,0.717077672482,-0.140862047672,0.258082449436,-0.015516885556,-0.454237282276,0.267404913902,0.164808258414,-0.812842011452,-0.006614227314,-0.472009658813,-0.837566077709,-0.356213390827,-0.803795337677,-0.012335306965,-0.560060799122,-0.700807571411,0.218812778592,0.472231954336,0.584348618984,0.456159383059,1.125105977058,0.228349298239,0.605845928192,0.841200411320,0.136552721262,0.372952699661,-0.192820981145,-0.319442063570,-0.145060256124,-0.232893228531,0.112388350070,0.163659930229,-0.489156454802,0.656454801559,0.472861677408,0.244779899716,0.323895424604,-0.756380319595,0.179127424955,0.180489793420,-0.080786585808,0.678713560104,0.025950655341,-0.807688891888,0.632796704769,0.565637826920,-0.170426458120,0.215503618121,-0.428105533123,-0.756125032902,-0.129654496908,-0.781293690205,-0.682644188404,-0.480875283480,-0.664270937443,0.027247158810,-0.655631661415,-0.313836246729,-0.070727363229,0.707158386707,0.010734228417,0.575145542622,0.195944935083,0.570222914219,0.633624017239,-0.147990748286,-0.051333315670,0.633245348930,-0.280472844839,0.164540722966,0.028107378632,-0.533764421940,0.217969015241,0.079115539789,0.203011900187,-0.320289939642,0.589546978474,-0.443564802408,-0.344100326300,0.258955031633,-0.691460430622,0.707845747471,-0.024814669043,0.323212206364,0.617930173874,0.241322562099,-0.165195167065,0.755314290524,0.808532655239,-0.194051638246,-0.917998731136,-0.344087958336,0.095208652318,-0.402587056160,-0.868406474590,-0.453364700079,-0.754664003849,-0.105082660913,0.331744432449,-0.975234270096,-0.820534586906,0.186066821218,-0.296891123056,-0.037919647992,0.421684771776,-0.340717077255,0.990693449974,1.037034273148,-0.085474587977,1.232419490814,0.340404272079,-0.341350913048,0.903218567371,-0.260189771652,-0.674955725670,0.131942927837,-0.545120179653,-0.003329750849,0.167590603232,-0.421816468239,0.288992732763,1.046179771423,-0.343450009823,-0.017924679443,-0.114746756852,-0.035684723407,-0.015599204227,0.175451949239,-0.472256630659,-0.382423341274,0.524754703045,-0.117656677961,0.149801746011,0.787784457207,-0.241824701428,0.706425786018,0.289461970329,-0.682055652142,0.004473967012,-0.517630159855,-0.407028108835,-0.311506628990,-0.976337254047,-0.235107570887,-0.035906977952,-0.893435180187,0.285255521536,0.478311091661,0.157391443849,0.861137747765,0.494490653276,-0.286037534475,0.744975149632,-0.226209044456,-0.236795082688,-0.249369114637,-0.050942309201,-0.272710323334,-0.401792675257,0.027477648109,0.146290898323,0.240915089846,-0.674803435802,0.197171464562,0.262828052044,-0.223356738687,0.162149399519,-0.561135053635,-0.234127998352,0.000613266835,0.487028539181,0.413897484541,0.428212553263,0.455266237259,1.081070184708,0.696234822273,0.816768586636,0.598581373692,0.256180912256,-0.348792403936,0.489144116640,-0.250142902136,-0.291375845671,-0.225608125329,-0.307086169720,-0.568856477737,-0.001201838371,-0.752478420734,-0.562649667263,-0.406077325344,0.166277632117,-0.412259370089,0.057173758745,0.169047623873,-0.199904412031,0.502862393856,0.409271240234,0.012993848883,0.058161571622,-0.520317852497,0.374442636967,-0.648778676987,-0.421170264482,-0.050127360970,-1.112544298172,-0.789253830910,0.014492030255,-0.531665325165,0.322236746550,0.051963049918,-0.643148183823,0.303715258837,-0.197224959731,-0.189729943871,0.688266515732,-0.351681768894,0.005041958764,0.621066451073,-0.109820038080,0.602709591389,0.359785974026,0.356682598591,0.620325624943,0.023131273687,0.696024954319,-0.669596850872,-0.616419613361,-0.140820890665,-0.246105223894,0.005869252142,0.099583834410,-0.358308374882,0.207757532597,0.504533410072,0.583278477192,0.859894812107,0.652116715908,0.750799179077,1.063528180122,0.753462135792,-0.260066300631,0.357003629208,-0.034910935909,-0.272887289524,0.233292475343,-0.621564447880,-0.452833771706,-0.950514256954,-0.047456152737,-0.232082411647,-0.071398258209,-0.492436796427,-0.386740893126,-0.324743300676,-0.334086388350,-0.066397458315,0.093755744398,-0.341223329306,0.003226853907,0.198714911938,0.081535674632,-0.137141287327,0.611019611359,-0.416358798742,0.110873706639,-0.335885018110,-0.672729074955,-0.081827908754,-0.764669656754,0.111812129617,-0.242940098047,-0.775453269482,0.264725476503,-0.158807292581,-0.887524724007,-0.063211761415,0.537711560726,-0.258123606443,0.690600216389,0.048308141530,-0.489621549845,1.261782169342,0.310881018639,-0.021945899352,1.179275155067,0.281843453646,0.255143702030,-0.153818845749,-0.491638332605,-0.545330047607,-0.104909792542,-0.151954352856,-0.392112135887,-0.194990053773,-0.114516258240,-0.426191657782,0.640234172344,0.076123289764,-0.313642770052,0.353546291590,-0.061981108040,-0.337588995695,0.353463947773,-0.947600185871,0.079819358885,0.118698000908,0.068010881543,0.084013439715,0.311399638653,0.066311024129,-0.115442343056,-0.311461359262,-0.395318388939,-1.073463916779,0.366437226534,-0.604487657547,-0.772563934326,0.011590331793,-0.506998836994,-0.556821584702,1.091125249863,0.236914455891,0.257637917995,0.600626945496,0.527524709702,-0.182378992438,0.864097058773,0.034779224545,0.479533523321,0.098908826709,-0.758907377720,0.076423749328,0.452269881964,0.463337510824,-0.190293818712,-0.235440969467,0.019710972905,0.011861979961,0.013508334756,-0.143121659756,0.056029543281,-0.541802704334,-0.438197672367,0.478047698736,-0.289338469505,-0.065504305065,0.116866439581,0.351019144058,0.561093926430,-0.102695442736,1.052110671997,0.306542873383,-0.487909346819,0.828988552094,-0.865323662758,-0.162054732442,0.020530033857,-1.082584738731,-0.070945508778,-0.305291652679,-0.757392823696,0.062828980386,-0.461995750666,-0.321487665176,0.985651552677,-0.243676841259,-0.180526822805,0.512464702129,0.041352294385,0.979181349277,1.069780230522,0.162272870541,0.408789694309,0.356592059135,-0.220677286386,0.245533108711,-0.187955990434,-0.129790306091,-0.467078864574,-0.635517299175,-0.249365001917,0.043521367013,0.066932521760,-0.225229457021,-0.115113064647,0.380587637424,0.305633276701,-0.113651931286,-0.559624493122,-0.366947621107,-0.499092221260,0.063388742507,0.505410075188,-0.392770677805,-0.056350581348,0.351685881615,-0.238729551435,0.553442478180,-0.207321241498,-0.192133620381,0.148180082440,-0.871118843555,-0.368396401405,-0.600561141968,-0.771617293358,0.167071998119,-0.148735731840,-0.322615414858,0.745855927467,0.138507753611,0.933754384518,1.414485692978,0.311136186123,0.689361333847,0.411325097084,0.079436577857,0.680820882320,-0.163342997432,-0.532015144825,0.096085332334,-0.378402084112,0.463160544634,0.143660843372,-0.315523713827,-0.016838084906,0.487065583467,0.537419319153,0.009384217672,-0.236107736826,0.222397714853,0.237700581551,-0.395445972681,0.823296308517,0.039174992591,0.194796606898,0.494087308645,0.351883441210,0.489102959633,0.375763833523,-1.031284332275,0.023859784007,-0.634653031826,-0.683562040329,-0.770761191845,-1.132415771484,-1.271602630615,-0.624437332153,-0.713916659355,-0.425195604563,-0.128390908241,-0.553216099739,0.578594624996,0.293314427137,-0.474549204111,0.588357508183,-0.230493679643,-0.140458688140,0.447450190783,0.308666676283,0.477479696274,0.078045405447,-0.636570990086,-0.165256887674,0.227106302977,-0.515156507492,0.615551173687,-0.513724207878,-0.144928544760,0.157757744193,0.162207022309,-0.347269564867,0.081576839089,0.418717205524,-0.568193793297,0.280835062265,0.444309771061,0.192364111543,0.593790471554,-0.193335458636,0.230880573392,0.484349101782,0.166483432055,-0.511658012867,0.157140374184,-0.012594607659,-0.220829576254,0.135062769055,-0.754515767097,-0.801045894623,0.768036425114,-1.016541242599,-0.387634038925,0.247232988477,-0.447701245546,0.634710609913,0.279513865709,0.047089841217,0.655557572842,0.006865296047,0.351438939571,0.616238534451,0.510480821133,-0.337889462709,-0.060717534274,-0.404928982258,0.114207573235,-0.657520830631,-0.418507307768,-0.093134246767,0.364235222340,-0.312226921320,0.294816732407,-0.528158545494,0.664061009884,0.018974229693,0.379418760538,0.056667502970,-0.506788909435,0.188968509436,0.906572997570,-0.185313597322,0.286967724562,0.963619232178,-0.106379158795,1.193907141685,0.436909407377,-0.449631631374,1.150072932243,-0.873695373535,-0.149209052324,0.521869480610,-0.804318010807,-0.049670502543,-0.949452340603,-1.242886185646,0.316984891891,-0.638859450817,-0.210449323058,-0.126147761941,-0.625672161579,0.659496486187,0.229040771723,0.718530595303,0.427101254463,-0.532500863075,0.464325308800,-0.149740010500,0.116146154702,-0.453665167093,-0.255555272102,-0.575231969357,0.451208025217,-0.216590210795,-0.051502071321,-0.028008596972,-0.651305854321,0.516909897327,-0.161392077804,-0.395894616842,-0.370116829872,0.033902544528,-0.086812242866,0.283609151840,0.213190495968,-0.118479855359,0.804729580879,0.185342416167,0.636159420013,0.693975269794,0.305913150311,-0.202468618751,0.203822746873,-0.539460837841,-0.232037127018,0.185490578413,-0.157457292080,-0.449483424425,-0.162762671709,0.171266078949,-0.312124013901,-0.096077106893,0.613867759705,0.509439527988,-0.066397458315,-0.026588616893,0.561912953854,0.692378282547,0.166429921985,0.808787822723,0.061067383736,0.029140463099,-0.020686438307,-0.104222431779,-0.242042839527,-0.335424035788,-0.284399420023,-0.405624568462,-0.239857316017,-0.283452749252,-0.366173833609,-0.158774375916,-0.252649486065,-0.109836511314,0.627376139164,0.654388666153,0.017097385600,-0.153337299824,0.880614161491,0.130214244127,0.825930535793,0.737998783588,-0.402615845203,0.335876792669,0.292857557535,-0.475866258144,0.329032063484,0.000851988152,-0.644992053509,-0.008297624066,-0.395981073380,-1.026777505875,0.288939237595,-0.211264252663,-0.587200939655,0.118780329823,0.248912245035,0.189882233739,0.878420352936,0.733919918537,0.538806378841,0.725387632847,0.344170302153,0.695070087910,0.328505247831,-0.267557203770,0.024485398084,-0.637336552143,-0.573886036873,0.218734592199,-0.289243817329,-0.438782155514,-0.221092984080,-0.254954367876,0.337481975555,0.215108484030,-0.470182240009,-0.255069613457,-0.306773364544,-0.599379837513,-0.004976104945,-0.447236180305,0.567691683769,0.150921270251,-0.784030735493,0.563493430614,0.425154447556,-0.260621935129,0.537295818329,-0.136532142758,-0.784520566463,-0.274290800095,-0.847283720970,-0.831223547459,-0.208770036697,-0.494404226542,-0.781083881855,0.150600224733,-0.052148260176,0.443585366011,0.821641743183,-0.013142020442,0.710673391819,0.182885229588,0.790805518627,0.766497194767,-0.085943788290,-0.058449681848,-0.432686507702,-0.156535327435,0.254604518414,-0.366552501917,0.054951176047,-0.733298420906,-0.001362357871,-0.049777511507,-0.276830285788,-0.050020352006,-0.155045375228,0.355048567057,0.062824867666,-0.286996543407,0.454171419144,0.420943886042,0.603730320930,0.462333232164,0.892299175262,-0.292520046234,0.567835688591,0.774951159954,-0.395071446896,-0.098480775952,0.120735369623,0.079872861505,0.096859119833,-0.236297070980,-0.141668766737,-1.197455048561,-0.522346973419,-0.109852962196,-0.400348037481,-0.021785378456,-0.254386395216,-0.495536059141,0.541008353233,0.251307696104,0.311984062195,0.712908327579,0.073279216886,0.580109298229,0.666752815247,-0.170920342207,0.279670268297,0.381752431393,-0.555171132088,-0.457237750292,-0.214873880148,0.130185440183,0.290972471237,0.321874558926,-0.459843128920,-0.017694188282,-0.574577510357,0.009590012021,0.147677958012,-0.738155126572,-0.513929963112,-0.117858372629,-0.687933146954,0.611813962460,0.674791097641,-0.694032847881,0.394569337368,0.455620229244,0.380937516689,1.037976741791,0.075756981969,-0.605751276016,0.191298082471,-0.019797405228,-0.768402814865,0.232424005866,-0.433727830648,-0.407032221556,0.420808076859,-0.683010518551,0.154234558344,0.866821825504,-0.176896631718,0.514975368977,0.738978385925,0.731228113174,0.200571179390,0.420334756374,0.040594972670,0.355349034071,0.777622401714,-0.391091406345,0.005494706333,-0.118298761547,-0.471153587103,0.330703109503,-0.572124421597,-0.676528036594,-0.396223872900,-0.253694921732,-0.240363568068,0.267462551594,-0.897225856781,0.169191673398,0.133753910661,0.076102711260,0.761142373085,-0.135293245316,-0.198599681258,-0.155321151018,0.711109638214,-0.080469667912,-0.184638604522,-0.195578604937,-0.802560508251,-0.300723016262,-0.221438720822,-0.162672117352,-0.630755245686,-0.392268508673,-0.402912199497,-0.823852002621,-0.585883855820,0.523528218269,-0.368989080191,-0.007894267328,0.478171169758,0.607768058777,0.836158454418,0.620169162750,0.366272598505,0.741369664669,0.715377807617,0.441222876310,0.096686251462,-0.392523705959,0.151098251343,0.161046341062,-0.473083913326,-0.164623051882,0.522001206875,0.794662117958,0.318318426609,0.168775975704,-0.027502343059,0.629417598248,0.331999629736,-0.079292520881,0.176056981087,-0.318692982197,-0.668584346771,0.207679316401,-0.181140094995,-0.513333201408,0.372672796249,-0.142253205180,0.217479243875,0.245528995991,-1.289889454842,-0.608632385731,-0.875967323780,-1.097961664200,-0.264079272747,-0.092928446829,-0.754054844379,-0.740163683891,-0.281246662140,-0.152057260275,0.417288959026,0.411551445723,0.526985585690,0.524302005768,-0.049509979784,0.417980432510,0.649803578854,-0.346923828125,-0.371425658464,-0.159017220140,-0.014368554577,0.050884686410,-0.049456469715,-0.369100213051,0.513543069363,-0.536452114582,0.755902826786,0.327270478010,-0.298973768950,-0.112939879298,-0.066245168447,-0.117298603058,0.591868340969,0.622301220894,-0.436584264040,0.901049554348,0.325677633286,0.410629510880,1.107033133507,-0.062977150083,0.311930567026,-0.102637819946,-0.313725084066,-0.373578280210,-0.848061621189,-0.135297372937,-0.716620802879,-0.815649032593,0.508015453815,-0.542790532112,0.217549204826,-0.136968418956,-0.301167517900,0.439160823822,0.030844440684,-0.002769990359,0.492926597595,0.206111177802,0.131835907698,0.558278620243,0.270421862602,-0.163001388311,0.471927344799,0.328830391169,-0.091240942478,-0.505537688732,-0.429718971252,-0.276167660952,0.209659069777,-0.205180972815,-0.483303695917,-0.183757796884,0.064644090831,-0.022699106485,0.620325624943,0.385691374540,-0.699585139751,-0.592386960983,0.284103065729,-0.012034847401,-0.270915776491,0.082074865699,-0.568000316620,0.070756182075,1.277056217194,-0.471890330315,0.344170302153,0.276274651289,-0.458810031414,0.251480579376,-0.194792494178,-0.861203610897,-0.741596043110,-0.159663408995,-0.500610947609,-0.016385337338,-0.416922688484,-0.317441731691,0.297747224569,0.296351939440,0.570881485939,0.740859270096,0.514502048492,0.159791007638,0.793340921402,-0.431925058365,-0.004902018700,-0.419375717640,-0.452508628368,0.620971798897,-0.407126903534,0.276019483805,0.105136163533,-0.876457095146,0.610151112080,-0.325471818447,-0.158284574747,0.435707569122,-0.100139483809,-0.328414678574,-0.233856350183,0.081428669393,1.525803804398,0.465469539165,0.707611203194,0.040846042335,0.041138269007,1.705980777740,0.571325957775,-0.545404136181,-0.441111713648,-0.649840593338,0.079132005572,-0.119652897120,-0.997155427933,-0.399800598621,-0.681656420231,-0.568288445473,-0.139997705817,-0.887532949448,-0.165849581361,-0.190779492259,-0.002210230101,-0.238433212042,0.329698860645,0.160955801606,0.152538806200,-0.053806964308,0.107967898250,0.633648753166,-0.363128066063,-0.436152100563,0.530475854874,-0.341832458973,-0.174834549427,-0.306287676096,-0.248307213187,0.275891870260,-0.071748107672,0.446330696344,0.145665287971,-0.363358557224,0.415399789810,0.323516786098,0.134004980326,0.701820075512,0.253386229277,-0.589839220047,0.438773900270,0.432665944099,0.448726117611,0.739657402039,-0.272450983524,-0.180465087295,0.362893462181,-0.450454801321,0.249216824770,-0.091487891972,-0.592596888542,-0.485583841801,-0.309448689222,0.050090316683,0.484649568796,-0.583315551281,-0.026893192902,0.108346551657,0.441091150045,0.340280771255,0.549417138100,-0.091109223664,0.442284762859,-0.135256215930,-0.328822165728,0.091660752892,-0.467539817095,0.066809043288,-0.960845112801,-1.141623020172,-0.629619240761,-0.056346461177,0.197624206543,-0.771695494652,-0.730367839336,0.233020812273,-0.783182919025,-0.116524815559,0.084544390440,-0.421001523733,-0.130963340402,-0.025053393096,-0.223093301058,0.715744137764,0.406493008137,0.520210802555,0.474610894918,0.246339842677,0.272031188011,0.017294948921,0.123818166554,0.040022864938,-0.276361107826,-0.213025853038,-0.809903264046,-0.363288581371,0.653367877007,-0.325665265322,-0.315762460232,0.299595266581,0.569523215294,0.471297621727,1.151912689209,0.245932340622,-0.041652753949,0.967327654362,0.589711666107,-0.314486533403,0.040681406856,-0.068208441138,-0.261967837811,-0.098616607487,-0.371055275202,-0.212157398462,-0.337325572968,0.075283654034,-0.465914040804,0.063030660152,-0.492860734463,-0.594070374966,0.169607385993,-0.153571888804,-0.407921224833,0.359374403954,-0.688373506069,0.029222782701,0.042685840279,0.206205844879,0.256728321314,0.396034538746,-0.476166725159,0.339807480574,-0.190063342452,-0.390502810478,0.289593666792,-0.593399465084,0.111552834511,-0.089923858643,-0.874127507210,0.416095376015,-0.704446017742,0.037125281990,0.133700400591,0.227768957615,0.028329635039,0.607759773731,0.214174181223,1.067508220673,0.766221404076,0.360658526421,0.544712662697,0.352344453335,-0.209412112832,0.470713168383,-0.039397250861,-0.777782857418,0.156374812126,-0.094418399036,-0.316458046436,-0.185823976994,-0.718452394009,-0.084832504392,-0.011820821092,-0.091866552830,-0.004622138571,-0.468383580446,0.104802779853,-0.679816603661,-0.142010375857,0.393453896046,0.331629216671,0.355554819107,0.288194268942,0.286790728569,0.399565994740,0.530158936977,-0.439111411572,0.053411837667,0.060450002551,-0.359687209129,-0.394779235125,-0.725758075714,-0.786837875843,-0.189371868968,-0.642469048500,-0.278077423573,0.092582710087,-0.016385337338,0.193043217063,1.036721467972,0.091957099736,1.066541075706,0.552709877491,0.361436426640,1.130929946899,-0.001514645643,0.716328561306,-0.053148422390,0.135404378176,-0.294734388590,-0.298492223024,0.148377656937,-0.525302171707,-0.326562553644,-0.135079219937,0.022061141208,-0.203625172377,-0.239198759198,-0.266219556332,-0.671086788177,0.031194292009,0.234370842576,-0.395943999290,-0.148258283734,-0.386642098427,-0.275546133518,0.454529523849,-0.270339548588,0.116384871304,0.019994968548,-0.966241002083,0.188882067800,-0.485201120377,-0.376410007477,-0.607175350189,-0.350241214037,-0.829873502254,-0.302233546972,0.055222827941,0.302591621876,-0.048579789698,0.098657757044,1.163046121597,0.703832805157,0.464831560850,1.085671663284,0.644498169422,0.196936875582,0.749786674976,0.074102394283,0.162112355232,0.155210018158,0.044418629259,0.432023853064,-0.220862507820,0.075024351478,0.214935630560,0.122719228268,0.530278265476,0.104835703969,-0.271496117115,-0.023826858029,0.751515269279,0.244471207261,0.020036127418,-0.094529531896,-0.145895764232,0.973509728909,0.619485914707,-0.815599679947,0.448956608772,-0.098130926490,-0.588382244110,0.210478112102,-1.060420751572,-0.815768361092,-0.453945070505,-0.663982808590,-0.906560719013,-1.221228361130,-0.566148221493,-0.062491480261,-0.689513623714,-0.826395571232,-0.773399472237,-0.118389315903,0.183728992939,0.651882052422,-0.098826512694,-0.043019231409,-0.257938385010,-0.028374912217,0.133506953716,0.479414165020,-0.118389315903,-0.375537455082,-0.332921564579,0.060289483517,0.365626394749,-0.053930439055,-0.152493536472,-0.162927299738,0.248669415712,-0.120278507471,0.629895031452,0.187046378851,-0.356633186340,0.311753600836,0.667147934437,0.398631662130,0.344532489777,0.742694973946,-0.524944067001,0.178888708353,0.352710783482,0.057548303157,0.504471659660,-0.007149291690,-0.565781891346,0.174752250314,-0.838125884533,0.200385972857,-0.106321543455,-1.068339586258,0.086289525032,0.105181440711,-0.259366601706,-0.131148561835,0.325220763683,0.542806982994,0.431476444006,0.203341171145,0.066586785018,0.458838850260,0.247232988477,-0.398067831993,0.395993411541,-0.909380137920,-0.735903799534,0.291635125875,-0.120167374611,-0.163363590837,0.030770355836,-0.795291841030,0.879753947258,-0.330715477467,-0.045571081340,0.819991290569,-0.726293146610,0.069533757865,0.602153956890,-0.304859489202,0.201970592141,0.353435158730,-0.162799715996,0.815241515636,0.069591380656,0.459929555655,0.491502523422,0.293902993202,-0.439909875393,0.071599930525,-0.640509903431,-0.650215148926,-0.393091708422,-0.993883311749,-0.093372963369,-1.310966968536,-0.633175373077,-0.039080329239,-0.551182806492,0.529055833817,0.150200992823,-0.338914304972,0.548532247543,0.426438599825,0.262469977140,0.594218552113,0.160708844662,0.397660344839,-0.355266720057,0.234901785851,-0.197097390890,-0.502874732018,0.072521887720,-0.486180663109,-0.396479099989,1.042014479637,-0.090956941247,-0.560772895813,0.530311167240,-0.346615135670,0.213923111558,0.466761946678,-0.760660767555,0.166812703013,0.475006043911,-0.263622432947,0.377085030079,0.641571819782,0.347425937653,0.699799239635,0.102991789579,-0.353945523500,0.417922854424,-0.524586021900,-0.457785189152,-0.571498870850,-0.924390673637,-0.261161118746,-0.154921919107,-0.481319814920,-0.281119048595,-0.134906351566,0.226624742150,0.469618350267,0.041080649942,0.218310639262,0.407534360886,-0.227501422167,0.474808454514,0.226427167654,-0.422170400620,0.549441814423,-0.603483378887,-0.139174535871,-0.825547695160,-0.627001583576,0.040821347386,-0.338058203459,-0.541745126247,-0.611373543739,-0.191359847784,0.068529486656,-0.059202887118,0.279287487268,-0.034347061068,0.692793965340,0.694246888161,1.239622235298,-0.080523170531,0.619086682796,0.824942708015,-0.007252188865,1.431809425354,0.277772843838,-0.218763396144,0.422956556082,-0.564184904099,0.071381792426,0.700182020664,-0.193767622113,-0.571074903011,-0.774868786335,-0.422071635723,0.170545801520,0.276883810759,-0.298405766487,0.157156825066,-0.181930348277,0.171015009284,0.566827297211,0.751054346561,0.245668932796,0.054774194956,0.153349637985,-0.277439445257,-0.226085558534,-0.703655779362,-0.409114837646,-0.671321392059,-0.411036968231,0.241767078638,-0.782421469688,-0.770407199860,0.062890715897,0.298492223024,-0.462456703186,-0.235420390964,-0.224192246795,-0.109210893512,-0.763253808022,0.033774949610,0.549684643745,0.228612706065,0.221986129880,-0.065335556865,0.981457471848,0.301253974438,-0.081774406135,0.209412112832,0.164536610246,-0.344911158085,0.196006670594,-0.384687036276,-0.532904207706,-0.211638808250,-0.242240399122,0.303007334471,-0.243948504329,0.232979670167,0.568251430988,0.219216153026,0.445379883051,0.642065703869,0.420993298292,-0.028267895803,0.712723076344,0.173373416066,-0.207617580891,0.247932687402,-0.161289185286,-0.447474896908,0.214235931635,-0.303278982639,-0.248200207949,-0.159070715308,-0.328974455595,0.021521963179,0.233226627111,-0.619461238384,0.163454145193,0.133729219437,-0.004391649272,-0.098756544292,0.259206086397,0.193969309330,0.235856667161,-0.047489080578,0.477920114994,-0.352274447680,1.199615836143,0.025362081826,-0.458254367113,0.203032493591,-0.287120014429,-0.344371974468,1.116507887840,-0.857330620289,-0.775650799274,0.486806303263,-1.321400642395,-0.131341993809,-0.455607891083,-0.940784275532,0.900592684746,-0.344301998615,-0.031379505992,0.928893506527,0.466054022312,0.718551218510,0.557776510715,0.048752658069,0.362634152174,1.043331503868,0.457871586084,-0.532793045044,-0.507435142994,-0.035643562675,-0.733302533627,-0.609402000904,0.619819343090,-0.312008768320,-0.289140909910,0.209387406707,-0.255226016045,-0.498437762260,-0.107218801975,-0.136993110180,-0.135445535183,-0.184955522418,-0.216071605682,-0.361815094948,0.522281110287,0.119574680924,0.772707998753,0.002378981560,0.329435437918,0.934795677662,-0.307440131903,-0.327233433723,-0.418363213539,-0.627742409706,-0.059820272028,-0.830132842064,0.176246315241,-0.237144932151,-0.214923262596,0.415910184383,0.896081626415,0.130992144346,1.565518021584,0.823703825474,0.101551227272,0.857474684715,0.084671981633,0.463304579258,0.272018849850,-0.061071496457,0.174554690719,-0.149283140898,-0.329929322004,-0.520523607731,-1.004028916359,-0.176069319248,-0.139034584165,-0.432760626078,-0.688962101936,-0.560711145401,-0.169862568378,-0.006321999244,0.183375030756,-0.008170031942,-0.094755902886,0.307748824358,0.257613241673,0.887899219990,-0.044554453343,-0.110211052001,-0.043690118939,0.198056384921,-0.308041036129,-0.510410845280,-0.347405374050,-0.925851821899,-0.068578876555,-0.251155406237,-0.475417613983,-0.026440443471,-0.549857497215,-0.022744379938,-0.582702279091,0.099044658244,0.413580566645,0.578911602497,1.199936866760,0.668115139008,0.859339177608,0.694868385792,0.582241296768,1.607121348381,0.607270002365,-0.153304368258,0.489679187536,-0.578977406025,-0.254727989435,0.373730599880,-0.464535206556,0.158901959658,0.160519510508,0.246245160699,-0.006791209802,0.360477447510,0.261687964201,-0.089874461293,0.127818807960,-0.307016193867,-0.950152039528,0.030774472281,0.226591795683,-0.170163035393,-0.084025785327,-0.068648844957,0.458303779364,-0.343882173300,-0.615962743759,-0.288914561272,-0.590662419796,-0.332901000977,-1.230719566345,-0.587307989597,-1.106382846832,-0.545791029930,-0.097785189748,-0.796403110027,-0.142006263137,0.582434773445,0.518074631691,0.088388629258,-0.224871367216,0.335773885250,0.453492343426,0.650021731853,0.037458665669,0.019719203934,0.607072472572,-0.489967256784,0.673930883408,0.577520430088,-0.086540594697,0.512020230293,-0.198081091046,0.568123817444,0.171179652214,0.136635035276,-0.160441309214,-0.676054656506,0.788237273693,0.862615406513,-0.221438720822,0.664456129074,0.484513759613,0.731528580189,0.992047667503,0.362164974213,0.137816295028,0.448857814074,-0.608809351921,-0.094607733190,0.542354285717,-0.613184511662,-0.049946263433,-0.512847483158,-0.215013816953,-0.187680244446,-0.169471561909,-0.741410791874,-0.148781001568,-0.171574786305,-0.863438546658,-0.151015937328,0.192183002830,0.070299312472,0.374154537916,-0.439008504152,0.944027543068,0.656261384487,0.643061757088,0.781606554985,-0.136532142758,-0.284469395876,0.115685172379,-0.861890971661,-0.383225947618,-0.300875306129,0.215808182955,0.280822694302,0.480994641781,0.196500584483,-0.406110227108,0.335288226604,0.173760309815,-0.196776330471,-0.095817796886,-0.090541243553,-0.907696723938,0.524322569370,0.684681534767,-0.478549838066,0.184988453984,0.210539847612,0.366367280483,0.711031436920,-0.222945123911,-0.304028064013,-0.321960985661,-0.671527206898,-0.502401351929,-0.806059002876,-0.671037435532,-0.352900117636,-0.322030961514,0.308041036129,0.274163216352,-0.285638302565,0.254707425833,0.813566446304,0.703137218952,0.316861391068,0.392638951540,-0.056334115565,-0.358065515757,-0.243985533714,0.222183704376,-0.132099330425,-0.358493596315,-0.047682527453,-0.188248217106,0.221953198314,-0.439144343138,0.151612743735,0.216207429767,0.063392862678,0.013936386444,0.046649437398,0.411143988371,0.140927895904,0.470318049192,0.430258154869,1.010445594788,1.000962615013,0.098982915282,0.493626296520,0.896345078945,0.233354210854,-0.217932000756,-0.543268024921,-0.274208486080,-0.127156153321,0.133980289102,-0.739229381084,-0.495890051126,-0.246154621243,-0.426936626434,-0.194405600429,-0.524129152298,-0.366256147623,-0.251846879721,0.003877163632,-0.070340469480,0.856696724892,-0.342137038708,0.137548759580,0.474298089743,-0.166726261377,0.594737112522,0.214989140630,-0.304740101099,-0.054000411183,-0.872250676155,-0.702248156071,0.144471675158,-0.280332922935,0.212338507175,-0.122464038432,-0.236251786351,0.332868069410,0.211947500706,0.260346204042,0.539580166340,0.295928001404,0.026148216799,0.252180278301,0.206238761544,0.566975474358,0.265700936317,0.320466935635,0.521165668964,-0.209901899099,0.276184111834,-0.288556456566,-0.077580310404,-0.234193846583,-0.067866824567,-0.087750673294,-0.165108725429,-0.597926914692,-0.590855836868,0.565218031406,-0.356233954430,0.324010699987,0.183708399534,-0.161750152707,0.522416949272,0.884273231030,0.066191658378,0.200896337628,0.024962842464,-0.678775250912,0.140833228827,-0.521005213261,-0.696448862553,-0.930955588818,-0.552903294563,0.393025845289,-0.671465456486,-0.743353486061,-0.375006496906,-0.212840646505,-0.460168302059,-0.170414105058,0.037454552948,-0.023369994015,-0.203501686454,0.255184859037,0.222249552608,0.418338537216,-0.053033173084,0.387852162123,0.573791384697,0.430431008339,-0.665637373924,0.001341778552,0.128436192870,-0.193611234426,0.107671551406,-0.202320441604,-0.802753984928,0.548725664616,0.141047254205,-0.841636717319,0.331748545170,-0.260634303093,0.566045284271,0.633158922195,-0.708380818367,1.012491226196,0.451537281275,0.361913859844,0.965467214584,-0.172406181693,0.071793384850,0.674181938171,-0.496606200933,0.389622002840,-0.762681722641,-0.358341276646,-0.029951294884,-0.244619384408,-0.139458522201,-0.016624059528,0.085840895772,0.288585275412,-0.201966464520,-0.680355787277,-0.247134208679,-0.035166122019,0.083503067493,-0.009754647501,-0.320252895355,-0.274331957102,0.121686138213,0.750745654106,0.665353417397,0.317635178566,-0.429537862539,0.472886353731,0.574742197990,-0.709640264511,0.183416172862,-0.319380313158,-0.447725981474,-0.438749223948,-0.070657394826,-0.532607853413,-0.312696129084,0.451887100935,-0.106099285185,-0.203193008900,0.492288649082,0.372952699661,0.526779770851,0.461691170931,0.117743119597,0.611357092857,0.463358104229,-0.371532708406,0.319956541061,-0.378751963377,-0.532764256001,0.480249673128,-0.292878121138,-0.340605944395,-0.362741142511,-0.272681504488,-0.891574740410,-0.144232958555,-0.233872815967,-0.459596186876,-0.025197448209,-0.422075748444,0.478677421808,0.180131688714,0.719078004360,0.360703796148,0.309275835752,0.811755359173,0.420342981815,0.291141241789,-0.018587335944,-0.238140985370,0.682895243168,-0.159823924303,-0.127415448427,-0.225365281105,-0.701165676117,-0.415395677090,-0.026304619387,-0.531591236591,-0.338148742914,-0.092492170632,-0.270681172609,0.142096817493,0.449331164360,0.491399616003,0.837059855461,0.446836948395,0.637217164040,-0.246965438128,0.509102046490,0.451726615429,-0.432044416666,-0.448034644127,-0.455739587545,-0.724049985409,0.000650309783,-0.030819745734,-0.878017008305,-0.291458159685,-0.276846766472,-0.756347417831,0.288470029831,-0.931371212006,-0.952547490597,0.361889183521,0.050448402762,-0.027362402529,0.267232060432,-1.489147782326,0.390428721905,0.202534466982,-0.116640068591,0.042751695961,-0.659891605377,-0.576878309250,0.282148033381,-0.580109298229,-0.181024834514,-0.735315203667,-0.107268199325,0.336374819279,-0.405134797096,0.076563693583,0.412181168795,-0.081070587039,1.049056768417,0.129675075412,0.418988823891,1.197977662086,0.808289825916,0.131823569536,0.865965723991,0.749766051769,0.520708858967,0.840146780014,-0.075295999646,0.076242655516,0.482673913240,0.164310246706,0.143714353442,-0.149591833353,0.123204901814,-0.368976742029,0.176373898983,-0.210404038429,0.682207942009,-0.208317279816,0.123978681862,-0.134692341089,0.531171441078,0.170936822891,0.012631650083,-0.180851981044,-0.544531583786,0.071217156947,-0.306205391884,-0.967981994152,-0.454681783915,-0.792044401169,0.025024579838,-0.684512853622,-0.944484472275,-0.846024215221,-0.665357530117,-1.020764112473,-0.545198321342,-0.752713024616,-0.960363566875,-0.017792969942,-0.067076571286,-0.345442116261,0.581669211388,0.449359953403,0.469643056393,0.628754913807,0.355077385902,0.342873781919,0.807804167271,-0.453648716211,0.168002188206,0.012969153933,-0.145352482796,0.001407632604,0.082321815193,0.364358723164,0.659117817879,-0.513003885746,0.299570560455,0.384814679623,0.385506153107,-0.297249197960,-0.235251635313,-0.663995146751,0.324302941561,0.132329821587,-0.108313634992,0.861705780029,-0.214561074972,-0.156551793218,0.695588648319,0.328879773617,0.391206622124,0.085412845016,-0.365227162838,-0.920270681381,-0.155378773808,-0.303702920675,-0.504784464836,-0.411580264568,-0.686006903648,-0.725700497627,0.046171996742,0.144183561206,0.285086780787,-0.003276244272,0.053477693349,0.785232603550,0.480665385723,0.096492804587,-0.392885923386,-0.214104220271,0.629063606262,-0.519918560982,0.104790426791,-0.091138035059,-0.886137723923,0.139442056417,-0.200719356537,-0.159128338099,-0.204082041979,-0.632981956005,0.022921361029,-0.177641600370,-0.280201226473,-0.472285449505,0.083564810455,0.267404913902,0.533332228661,0.878210484982,0.445186436176,0.629672765732,0.411329209805,0.465601235628,0.264116317034,0.175303772092,0.550820648670,-0.400903642178,-0.106156900525,-0.175703018904,-1.171450734138,-0.185548201203,-0.646161019802,-0.518955469131,-0.197760030627,-0.414584845304,-0.357559263706,0.094805300236,0.422199249268,0.287350505590,0.549573540688,1.023246049881,-0.110811971128,0.586896419525,0.425137966871,0.037339307368,-0.155399352312,-0.568650662899,0.198496788740,-0.308218032122,-0.496449798346,0.334749042988,-0.047464385629,-0.017282601446,0.026819106191,-0.168133899570,0.157523155212,-0.070846728981,-0.031852833927,0.051526766270,-0.397602707148,0.196656987071,-0.003214506200,-0.242569670081,0.768209338188,-0.215104371309,-0.112503603101,0.514946579933,-0.112631194293,0.227307975292,-0.201414927840,-0.748292565346,-0.577215850353,-0.766661763191,-0.440103322268,-0.096422843635,-0.341984748840,-0.737175524235,-0.248348385096,-0.170825690031,0.012421741150,-0.152925699949,0.283991932869,0.405809789896,0.443828225136,0.045694556087,0.441877275705,-0.318207293749,0.216972991824,-0.107552185655,-0.312140494585,0.311395525932,-0.318087935448,0.053395371884,-0.057910501957,-0.406781136990,0.504039525986,-0.487720012665,0.576516151428,0.228723838925,-0.146496683359,0.568304896355,0.402228951454,0.524462521076,0.848851859570,0.403965890408,1.020113825798,0.786751449108,0.752293229103,0.079531244934,0.631150364876,0.325714677572,-0.040878966451,0.246311008930,-0.852860748768,-0.302373498678,0.324780344963,-0.702844977379,0.534015476704,-0.642662525177,-0.760220468044,0.244203686714,-0.638781249523,0.314223110676,-0.113828912377,-0.272644430399,0.162120580673,0.682611286640,0.239812046289,0.172377377748,0.346158266068,0.108350671828,-0.277328312397,-0.138795882463,-0.861821055412,-0.645325481892,-0.375274032354,-0.961981058121,-0.644016623497,-0.191800251603,-0.177876189351,-0.161009311676,-0.399611264467,-0.592609226704,0.055305145681,-0.152896896005,-0.908610403538,-0.262696355581,-0.072719454765,-0.235539749265,0.521811902523,-0.555743217468,0.326546072960,0.481253951788,0.235840201378,0.196385338902,0.267042726278,-0.191331028938,-0.693670690060,0.126135408878,-0.370676606894,-0.939549505711,-0.151497483253,0.042294833809,-0.418054550886,0.533698558807,0.093117780983,0.283020585775,0.645564198494,0.530595183372,0.747156560421,-0.048287563026,0.653178572655,0.231156334281,0.531714677811,-0.361934453249,-0.138861715794,0.150423243642,0.035223744810,0.442136615515,-0.344660073519,-0.236198276281,0.408888459206,-0.062874257565,0.099522098899,-0.227731898427,-0.250439256430,-0.123814046383,-0.648173689842,0.151061207056,0.366820007563,0.461345404387,0.237741738558,0.393420964479,-0.109272629023,0.663846969604,0.581298768520,0.207662865520,0.150122791529,-0.018430933356,0.222554117441,-0.370367914438,-0.909927487373,0.403336107731,-0.720621466637,-0.578014314175,-0.258127719164,-1.004028916359,-0.373533040285,0.693740606308,-0.708759486675,-0.238799512386,0.069653123617,0.196410030127,0.741229712963,1.007181763649,0.008631010540,0.767863571644,0.303884029388,0.230958759785,0.064121372998,-0.284103065729,-0.169590920210,-0.844723641872,-0.061450161040,-0.224410399795,-0.565963029861,-0.126316502690,-0.042117848992,-0.076440215111,0.127938166261,-0.321907490492,0.385938286781,0.323739051819,-0.353591561317,-0.227818340063,-0.041891478002,0.322393149137,0.047147460282,0.044764366001,-0.287634491920,0.149324297905,-0.210144743323,0.108745798469,0.525014042854,-0.273154824972,-0.145801112056,-0.171834081411,-0.476615339518,0.363436728716,-0.854247808456,-0.665839016438,0.325360715389,0.190256789327,0.601771175861,0.748823523521,-0.225612238050,0.862607181072,0.810553550720,0.031395968050,0.867710888386,-0.725017189980,0.133762151003,0.167113170028,-1.079773664474,-0.219294339418,0.332703441381,-0.598610162735,0.317594021559,-0.193775862455,-0.524960517883,0.166010096669,-0.298311114311,0.294067621231,0.310045510530,-0.033606201410,-0.409629344940,0.139158070087,-0.134445384145,0.237717062235,0.417132586241,0.368775069714,0.590514242649,0.240536421537,-0.368075370789,0.174229517579,-0.294820845127,0.009845197201,-0.180288121104,-0.547774851322,-0.241660073400,-0.473166257143,-0.370330840349,0.094842337072,-0.546647131443,-0.143697887659,0.749333858490,-0.072102077305,0.127213776112,0.334209859371,0.491502523422,0.566094696522,0.632755577564,0.330184519291,0.334148108959,0.575964570045,0.635657250881,0.332435905933,0.366655379534,0.070817910135,0.212140947580,-0.368486940861,0.265931457281,-0.253126919270,-0.388490170240,-0.250513315201,0.100139483809,-0.103670902550,-0.283782035112,0.032527837902,-0.643868446350,0.216952413321,-0.525763094425,-0.058375593275,0.337613701820,-0.370269119740,-0.515065968037,-0.232876777649,-0.473396718502,-0.128839537501,-0.372380584478,-0.423853814602,-0.526466965675,-1.169084191322,-1.160708308220,-0.449746847153,-0.567201852798,-0.060713421553,-0.952119410038,-0.525516211987,-0.466877192259,0.107387550175,0.467803239822,0.113376170397,0.511201143265,0.261334002018,0.802733361721,0.524701237679,0.231991857290,0.307135552168,-0.413979798555,0.302287042141,0.593667030334,-0.032210916281,-0.558764278889,-0.033272814006,0.245730668306,0.185432970524,0.224813759327,0.001613426954,0.156955152750,0.424812823534,0.316816121340,-0.202283397317,0.683430373669,0.345759034157,0.776881515980,0.555562138557,0.467687994242,1.158337593079,1.196907639503,0.277719318867,0.674186050892,0.126596391201,-0.403558403254,0.318779408932,-0.312313348055,-0.580714344978,-0.725688099861,-0.765970289707,-0.607216477394,-0.870789527893,-0.847497761250,-0.459192812443,-0.336679399014,-0.211877509952,0.202633246779,-0.089018352330,0.770925819874,0.361033082008,0.293779522181,0.219018593431,-0.083206728101,0.636171758175,0.264783114195,-0.347388923168,-0.412736833096,-0.248405992985,-0.757417500019,0.299854546785,-0.594535470009,-0.604096651077,0.096435181797,0.429492592812,0.139582008123,0.059301666915,0.121809616685,-0.395935773849,0.168714240193,0.546445488930,-0.125184640288,0.496235758066,-0.128856018186,0.184000626206,0.038310658187,0.298055917025,0.386695623398,-0.259313106537,0.608669400215,0.211321875453,-0.768448054790,0.061495434493,-0.834824979305,-0.069653123617,0.390461623669,-0.950489580631,-0.031902223825,0.269936203957,-0.082885690033,1.044146537781,0.253843069077,0.177514001727,0.716024041176,0.562233984470,1.046134471893,-0.358275443316,0.035404842347,-0.181341782212,-0.310946881771,0.533982574940,-0.843447685242,-0.268310427666,-0.321104854345,0.039496030658,-0.092895522714,-0.332888662815,0.513736546040,-0.302114188671,-0.612674176693,0.445861458778,0.095891885459,-0.000485674420,-0.165446221828,0.159379407763,0.551742613316,0.335358172655,0.348681300879,0.372948586941,0.450775831938,0.108926892281,0.368392288685,-0.520116150379,-0.925744891167,0.170447021723,0.327616214752,-0.566662728786,-0.194459095597,-1.018755555153,-0.566991984844,-0.371265172958,-0.294372200966,-0.301233381033,-0.299821615219,0.716431498528,-0.421087980270,0.582903981209,0.629623353481,0.046069100499,0.774395525455,0.292622953653,-0.093377076089,-0.121986597776,0.208086788654,-0.342589795589,-0.405612200499,-0.064446523786,-0.561398446560,0.478586852551,0.072838820517,0.224377468228,0.127510115504,0.138647705317,0.669498085976,0.970538020134,-0.011993689463,-0.817056655884,0.823222279549,0.498923450708,-0.184445157647,0.178028479218,-0.094834104180,0.556023120880,0.310317128897,0.042722884566,-0.049810439348,0.150291547179,-0.188548684120,0.241754740477,-0.726321995258,-0.476862311363,-0.488456755877,-0.877403795719,0.270063787699,-0.438053637743,-0.712978303432,0.595333933830,-0.063121214509,0.535003304482,0.735702097416,-0.178715839982,-0.051913660020,0.121398031712,-0.010952369310,0.239692673087,-0.396878331900,-0.357518106699,0.203748643398,-0.740953922272,0.050271417946,-0.325331896544,-0.404731392860,-0.406324267387,-0.196442961693,-0.429570794106,0.042801089585,0.334617316723,0.098921179771,-0.727770805359,0.007182219066,0.294973105192,0.273414134979,0.624149262905,0.738360881805,-0.244969233871,1.124871373177,0.245405524969,0.000436283794,0.529529154301,-0.572062730789,0.271887123585,0.495564907789,0.241071492434,-0.377080917358,-0.827811479568,-0.093866869807,0.183766022325,0.336185485125,-0.732594609261,0.090742915869,0.056881528348,0.118578642607,0.969838261604,-0.327587395906,0.159568741918,0.796473085880,0.349932551384,1.478742837906,-0.398215979338,-0.010227974504,0.281098484993,-0.837142169476,0.148801580071,0.227822452784,-0.662513434887,-0.610118210316,-0.220636129379,0.162902608514,0.053424187005,0.095278620720,0.368799746037,-0.312786668539,0.029864860699,-0.178888708353,-0.476775884628,-0.173900246620,0.179073914886,0.853967905045,-0.252291411161,0.048921406269,0.107799142599,0.003547892906,0.817069053650,-0.468840479851,-0.208481907845,-0.023176547140,-0.656495988369,-0.262321799994,-0.485917270184,-0.594663083553,-0.199472233653,0.242783695459,0.147455692291,0.681380629539,0.149719431996,0.452623873949,0.877321422100,0.231592610478,0.824909746647,0.556681692600,0.176340967417,-0.344186753035,-0.004111769143,-0.264326244593,-0.010746574961,-0.026098825037,-0.612172007561,0.000967232918,-0.697827696800,-0.518646776676,0.456447511911,-0.607274115086,0.124139212072,0.194837749004,-0.436518400908,0.084733724594,0.397047042847,-0.257757306099,0.730684757233,0.294026464224,0.051650237292,-0.048110578209,0.432233750820,0.208556011319,0.602631390095,-0.178275436163,0.326698362827,-0.386428087950,-0.588283419609,0.326167404652,0.083190262318,-0.821522414684,-0.065105065703,-0.766427159309,0.241919368505,0.236651033163,-0.361658662558,-0.476150274277,0.586229622364,0.519659280777,0.794283449650,1.146677374840,0.467687994242,0.682092666626,0.258629858494,-0.434460490942,0.580018758774,-0.124349117279,-0.568580687046,-0.133939132094,-0.882351100445,-0.421651810408,0.022065259516,-0.512559354305,0.597210764885,0.331666231155,-0.665423333645,-0.173887893558,-0.112252533436,-0.277348905802,-1.044475793839,-0.290025830269,-0.275085151196,-0.061137355864,0.231893077493,0.229584053159,0.128073990345,0.130325376987,0.220739021897,0.463987827301,-0.285675346851,-0.140771493316,-0.337926506996,-0.831005454063,-0.397388696671,-0.862030923367,-0.392354935408,-0.064137831330,-0.504307031631,0.292256653309,0.857939779758,-0.174682274461,0.161824241281,1.107325315475,0.207329466939,1.441847920418,0.762335956097,-0.451026916504,0.798205971718,0.276953786612,0.154292181134,0.822769522667,-0.562221646309,0.351908177137,0.133823886514,-0.250377506018,0.492984235287,-0.514551460743,-0.364424556494,0.191170513630,-0.411786049604,-0.204427778721,-0.147546246648,-0.181197717786,0.314663499594,0.328361183405,0.352113962173,0.388572454453,-0.293034523726,0.743188858032,-0.046431299299,-0.464856296778,0.484822452068,-0.285625964403,-0.813360631466,-0.631327331066,-0.345483243465,-0.765245854855,-0.396507889032,-0.725972115993,-0.648906290531,-0.039656549692,-0.574318230152,-0.261210530996,0.059491001070,0.269150048494,0.669638037682,0.186252012849,0.514769613743,0.648391783237,0.688307702541,0.390609830618,0.602314472198,0.139207452536,0.799992144108,0.667674720287,-0.560188412666,-0.146233275533,-0.182490110397,-0.194327384233,0.327665597200,-0.367737829685,0.056025426835,0.509600043297,-0.496783196926,0.332913339138,0.263671815395,-0.228069409728,-0.058252118528,0.365688145161,0.460188865662,-0.334440350533,0.351027369499,0.312370955944,0.160317838192,0.097599983215,-0.363720744848,-0.391445338726,0.432011514902,-0.675898253918,-0.403447300196,-0.722304821014,-1.103880286217,-0.298553943634,-0.356373876333,-0.725309431553,-0.391194283962,-0.124382041395,0.204687073827,0.070554494858,0.515152394772,0.430134654045,0.138993427157,0.099600300193,0.468210697174,0.270500063896,-0.059025902301,-0.341544359922,-0.493988513947,0.134342491627,-0.361971527338,-0.300224989653,-0.158556237817,-0.289684206247,-0.379291117191,0.373310744762,-0.152654066682,0.187013477087,0.302505195141,-0.000798481691,0.483929276466,0.024921681732,0.504837989807,-0.024888755754,-0.156889289618,0.587847113609,0.242491468787,0.148295342922,0.200698778033,0.326220929623,-0.083799414337,0.167286023498,-0.482842683792,-0.712554335594,-0.142985850573,-0.885512053967,0.104024879634,-0.713393986225,-0.962746620178,-0.287029474974,-0.825881063938,0.333440184593,0.564699411392,0.025390895084,0.697695970535,0.512456476688,0.382670283318,0.845365703106,0.225628688931,0.223928838968,0.747457027435,-0.484139204025,-0.179164469242,-0.343713432550,0.026736788452,0.412209957838,0.435328900814,-0.030124161392,-0.236173599958,0.498713523149,0.007375665940,0.178226038814,0.010096265934,-0.216450273991,-0.080831862986,-0.956519246101,0.333135604858,0.024567717686,-0.139845430851,0.072258472443,-0.092623874545,0.599383950233,0.353990823030,-0.592172980309,0.299912184477,-0.481990695000,-0.344890594482,-0.398413538933,-1.306739926338,-0.277361243963,-0.909738183022,-0.880622386932,0.142854124308,-0.463851988316,0.113491408527,-0.018179863691,-0.352690190077,0.525841355324,0.424812823534,-0.297216266394,-0.285000324249,0.343268930912,0.308440297842,0.251970380545,-0.358361840248,-0.595091104507,0.194014579058,0.165882512927,-0.243779748678,0.168170943856,-0.584904313087,-0.172262132168,0.413263648748,-0.347660571337,0.228604480624,0.043056271970,0.417037934065,0.393005281687,0.796263217926,0.677063047886,0.091072186828,0.615810453892,0.896929562092,0.517848312855,0.469033867121,0.383662194014,0.440144509077,0.516366541386,-0.344306111336,-0.147356912494,0.546383738518,-0.787940859795,-0.476187288761,-0.546955823898,-0.915574491024,-0.864553928375,-0.051658470184,-1.214799284935,-0.415362745523,0.076390825212,-0.303875774145,0.365420609713,-0.195043563843,0.244232490659,0.286996543407,0.416877388954,-0.072423107922,-0.425903558731,-0.276999056339,-0.744077920914,-0.478097051382,-0.627981126308,-0.513654232025,-0.806544661522,-0.329632967710,0.204386606812,-0.112647652626,-0.056292958558,-0.237021476030,0.195405751467,0.165396839380,0.166804462671,-0.343190699816,-0.335946768522,0.311053901911,1.288510680199,0.393672049046,-0.507850825787,1.227891921997,0.612349033356,-0.102683097124,0.584422767162,-0.051576156169,0.396816581488,-0.553565919399,-0.485513895750,-0.536653757095,-0.087623067200,-0.394095987082,-0.244339495897,-0.075007885695,0.021517844871,0.417939305305,0.288947463036,0.625729739666,0.857964456081,0.747531116009,0.389589101076,0.332213640213,-0.328962087631,0.052226465195,-0.119879268110,-0.557751774788,0.085293479264,-0.022159922868,-1.078193068504,-0.052889123559,-0.441725015640,-0.527368366718,0.199817970395,-0.343507647514,-1.166186571121,0.363379150629,-0.674865186214,-0.296458959579,0.410415440798,-0.295133620501,0.567201852798,0.630841672421,0.035046759993,0.778663754463,-0.250616222620,0.517506659031,0.292318373919,-0.396680772305,-0.018183978274,-0.758676946163,-0.284148335457,-0.182634174824,-1.114890336990,-0.177925586700,-0.431385904551,-0.019641002640,0.065841808915,0.055218711495,-0.564435958862,0.589921534061,0.019970273599,0.580714344978,0.416910350323,0.293347358704,0.101633548737,0.611003100872,-0.001872727647,0.179584279656,0.004918482620,-0.844114482403,0.454669445753,-0.504652798176,-0.494548261166,0.105720624328,-0.286992430687,0.057375434786,-0.272924333811,-0.219705924392,0.452232867479,-0.166940301657,0.601318418980,-0.331538647413,-0.056309420615,0.009766994976,-0.106268040836,0.167870476842,0.156992197037,-0.403192073107,0.432118505239,0.346759200096,0.357090085745,0.477854251862,-0.192738652229,-0.009927514941,0.108445338905,-0.297409713268,-0.191363960505,-0.308761328459,-0.484773039818,0.012022499926,-0.060030180961,-0.671144425869,0.967681527138,0.366643011570,0.254892647266,0.987026214600,-0.123324260116,-0.071110144258,0.895311951637,-0.541350007057,0.338831990957,-0.902136087418,-0.956115901470,0.080576680601,-0.555175244808,-0.239750280976,-0.196356520057,-0.879321753979,-0.938154220581,-0.154736697674,0.199735671282,-0.736064314842,-0.510567307472,-0.326286762953,0.206366360188,0.005194246769,-0.258823305368,-0.371232211590,0.116804696620,0.329200834036,0.198974221945,0.497388243675,-0.223270297050,-0.049283608794,0.716563224792,-0.257798433304,-0.586571216583,0.073361538351,0.407262712717,-0.528203845024,-0.538843452930,-0.237420707941,-0.294960767031,0.604923963547,-0.030152972788,-0.311679482460,0.870608448982,-0.136737927794,0.543247401714,0.758989751339,1.015162467957,0.646395564079,0.401339918375,-0.166458725929,0.332160145044,0.559546291828,-0.265071213245,-0.321273624897,0.117343880236,-0.492547929287,0.048633292317,0.319894790649,-0.463794380426,0.280464619398,0.298846185207,-0.248620018363,-0.498483061790,-0.086009643972,-0.329505413771,-0.059882011265,-0.543428540230,-0.136783212423,0.166590452194,-0.100419364870,-0.151242300868,0.479792803526,0.027736946940,-0.066599130630,-0.297776043415,-0.227427333593,-0.876444756985,-0.423215866089,-0.548400521278,-0.553125560284,-0.264359176159,-1.069014668465,-0.513670682907,0.510513782501,0.464551687241,0.763389587402,0.403595447540,0.504512786865,0.855795323849,0.873687148094,0.036450278014,0.508295297623,0.576228022575,0.452558010817,0.716028094292,0.471256494522,-0.534616410732,0.792435467243,-0.359847694635,-0.000135824201,0.228497475386,-0.379122406244,0.276134699583,-0.911890745163,-0.264231592417,0.410436064005,-0.516193687916,-0.308592587709,0.405974417925,0.276311695576,0.773358285427,0.633541703224,-0.183922439814,0.769188940525,0.029251592234,0.198813706636,-0.267174452543,-0.580981850624,0.121035829186,-0.006721240468,-1.240379571915,-0.516378879547,-0.898880422115,-0.979547619820,0.285963445902,-0.868307650089,-0.891731142998,-0.199476376176,-0.968023240566,0.200838729739,0.501187205315,-0.027860425413,1.056131958961,0.285234928131,0.431649297476,0.962573766708,0.095237463713,0.859470844269,0.349977791309,-0.247422292829,-0.287613928318,-1.104431867599,0.082260079682,-0.156086698174,-0.339873313904,0.115919783711,0.166438162327,-0.313243538141,0.816179990768,0.295310616493,-0.109890013933,0.462053328753,0.128880709410,0.040405642241,0.316104084253,-0.512032568455,0.302805632353,0.225048363209,-0.009429492056,0.674597620964,0.173002988100,-0.281415402889,0.361761569977,-0.447964668274,-0.161058694124,-0.277554690838,-0.667209625244,-0.602870106697,-0.127979323268,-0.604351878166,0.280509889126,-0.387214243412,0.252262562513,0.647531628609,0.299097239971,1.084523320198,-0.281785845757,0.679561436176,0.845028162003,-0.807322621346,0.252517789602,-0.104535244405,0.291668057442,0.165425643325,-0.275661408901,0.382921367884,-0.355242013931,-0.111758626997,0.205304443836,-0.121233388782,-0.024950494990,-0.079642377794,0.105152629316,-0.053317170590,-0.402373045683,0.454521298409,-0.222451224923,0.149439558387,-0.062330957502,0.396610796452,0.601063251495,0.273512899876,-0.078251205385,-0.206872612238,0.016517044976,-0.108807526529,-0.069430857897,-0.625560998917,-0.718382418156,-0.862080276012,-0.953024864197,-0.687612116337,0.024411315098,-0.592633903027,-1.537167668343,-0.122373491526,-0.367713153362,0.363502621651,-0.021394370124,-0.346063613892,0.803260207176,0.608130216599,0.159708693624,0.579932332039,-0.150275066495,0.297245085239,0.731594383717,-0.091804809868,-0.209440916777,-0.336720556021,0.167034953833,0.054317329079,-0.087898842990,0.255065500736,0.011713808402,0.916126012802,0.167590603232,0.119883380830,0.110383920372,0.087660118937,0.373993992805,0.268158137798,0.385864198208,0.361699849367,0.134634718299,0.557159066200,0.347430080175,0.400627881289,0.034631054848,0.304394394159,-0.058758374304,-0.737270176411,-0.665316343307,-0.885977149010,-0.273891568184,-0.423347562551,-0.285440742970,-0.588670313358,-0.033462144434,-0.455200433731,0.588015913963,0.400965392590,-0.093982122838,0.806783437729,0.094998732209,0.238342657685,0.317552864552,-0.448466807604,0.009244277142,-0.330587893724,-0.737303197384,-0.367914825678,-0.696366608143,-0.206872612238,-0.141998022795,-0.462860077620,-0.347092568874,-0.417556524277,-0.483414798975,0.246059954166,0.557653009892,0.245862379670,0.184832051396,-0.072686523199,0.401092976332,0.724844396114,0.394655734301,0.606953084469,0.300916463137,0.480286717415,0.647794961929,-0.123867563903,-0.651915013790,-0.278884112835,-0.423075914383,-0.018270412460,-0.502454876900,-0.925831317902,0.209152817726,-0.328739851713,-0.936487317085,0.375936716795,-0.370289713144,-0.216437920928,0.443182021379,0.682697713375,0.876169025898,0.950888752937,0.453586995602,0.363263905048,0.848753154278,0.414235025644,0.256234407425,-0.182675316930,0.093076616526,-0.331518054008,-0.495523720980,-0.160428956151,-0.633245348930,-0.098624832928,-0.184004753828,-0.099929571152,0.380949854851,0.715196728706,-1.035046339035,-0.045130677521,0.094397820532,-0.294022351503,0.782236218452,-0.003000480123,-0.067265905440,-0.143064051867,0.273636370897,0.544622123241,0.029486199841,0.788533568382,-0.142191484571,-0.917533636093,0.571058452129,-0.924600601196,-0.497042477131,-0.260782450438,-0.972764670849,0.294228136539,0.145912230015,-0.546428978443,0.168924137950,0.246047601104,0.441959619522,1.301521062851,-0.072912901640,-0.260317385197,0.414432585239,-0.253349184990,-0.116496004164,-0.577602684498,-0.181057780981,-0.518877267838,0.387428253889,-0.472277224064,-0.850691676140,0.372380584478,-0.092105269432,0.054934717715,0.281049072742,-0.163824573159,-1.047928929329,0.224599733949,0.786566197872,-0.377974063158,0.472849339247,-0.447322607040,0.271133929491,0.908807933331,0.118134133518,0.517325580120,0.692151904106,0.100629270077,0.706915616989,0.035104382783,0.013236685656,0.133766263723,-0.011524477974,0.058272700757,0.047126878053,-0.551438033581,-0.252307862043,-0.376228928566,0.034178309143,-0.289054483175,0.091022796929,-0.110663801432,0.444939523935,0.793213367462,0.415226936340,0.135927096009,0.214581668377,0.765361189842,0.184478089213,0.483690530062,-0.198727279902,-0.754058897495,-0.301085203886,-0.554590821266,-0.154251024127,-0.289289087057,-0.447865903378,-0.219533070922,-0.005276564509,-0.539794206619,0.625314056873,-0.031712893397,-0.525915443897,-0.235910162330,-0.300747722387,-0.486295938492,0.507900178432,-0.068578876555,-0.048542745411,0.152542918921,0.444614380598,0.529204010963,0.156629994512,0.266482979059,-0.584443330765,-0.278410792351,0.213643237948,-0.432217299938,-0.547943651676,-0.754392266273,-0.130444735289,-0.111252367496,0.123525939882,0.625091791153,1.033543944359,0.442420601845,0.034400567412,1.250986099243,0.776206552982,0.191722035408,0.502998173237,-0.197385504842,-0.007009351626,0.208185568452,-0.434995532036,-0.164968788624,0.161210983992,-0.242890700698,-0.181238889694,-0.196158960462,-0.542280197144,-0.049892753363,-0.204748809338,-0.089512258768,-0.640036582947,-0.308790147305,0.416593372822,-0.292557090521,0.547322154045,0.145965740085,-0.550046861172,0.749840080738,0.590966939926,-0.236115977168,0.068681769073,-0.127905249596,-0.803116202354,-0.191026449203,-0.605162680149,-0.228411033750,-0.546037971973,0.408756762743,-0.367787241936,-0.640954434872,-0.047464385629,-0.418021619320,0.416177690029,0.196364745498,-0.106490284204,0.261296957731,0.598280906677,1.004391193390,0.589563429356,0.351797044277,-0.052078291774,0.591415643692,0.574194729328,0.028708297759,0.019241761416,-0.057869337499,0.065010398626,0.026181144640,-0.520811736584,-0.361617535353,-0.052992016077,-0.116310790181,-0.266939848661,0.269392907619,-0.201135069132,-0.185782819986,-0.055585023016,-0.312572628260,-0.784306526184,0.730096220970,-0.051691398025,0.742538571358,0.609509050846,-0.762718796730,0.434917300940,-0.005223058164,-0.229662254453,0.233094915748,-1.054605007172,-0.201233848929,-0.794201135635,-0.352595537901,-0.431254208088,-0.621531546116,-0.155609264970,-0.044385705143,0.002955205273,0.786315083504,0.307522445917,0.412576287985,0.319108664989,0.778651356697,0.753404498100,-0.228913173079,-0.138956397772,0.393087595701,0.189598232508,0.211996883154,-0.592349886894,-1.160593152046,0.533418655396,-0.134412452579,-0.052922043949,-0.782446205616,-0.547581434250,0.858791708946,0.248969867826,-0.671975851059,0.239906713367,0.155617490411,0.599939584732,0.223397880793,-0.451302677393,0.339988559484,0.278489023447,-0.035890515894,1.049933433533,-0.242153987288,-0.187071084976,0.124941803515,-0.236033648252,0.236972078681,0.536785483360,-0.491523087025,-0.471050679684,-0.423610985279,-0.685681700706,-0.246278077364,-0.619271934032,-0.044146981090,0.404595583677,0.273940950632,0.001942697680,0.772292315960,1.050686597824,0.582965672016,0.485909044743,0.392256170511,1.005514740944,0.105938754976,-0.035684723407,-0.170006632805,-0.738299250603,0.244158416986,0.388127952814,-0.234741270542,0.075016118586,-0.111507557333,0.431410580873,0.350093036890,-0.298018872738,0.303678214550,-0.726235568523,-0.196282431483,0.226209044456,-0.529323399067,-0.148077189922,-0.211391851306,-0.178123146296,0.338844329119,-0.111235909164,0.203979149461,0.105914063752,-0.465683579445,-0.190565481782,-0.123015560210,-0.933783113956,-0.780824542046,-0.174702852964,-0.834331035614,-0.574968516827,-0.513226151466,-0.344244390726,0.203020140529,0.846872150898,-0.223842397332,0.522935509682,0.503162801266,0.609101533890,0.580405652523,0.283987820148,-0.497524052858,0.170615777373,0.055716734380,0.457834571600,0.402957499027,0.199118271470,-0.282625466585,0.148517593741,-0.159321784973,-0.094085015357,0.200690552592,0.081194058061,-0.127456605434,0.751223027706,-0.147505089641,-0.288070797920,0.336234867573,1.179917216301,0.554372608662,1.071751713753,0.208679482341,-0.106576725841,0.456278800964,0.253950089216,0.091442614794,0.168866530061,-0.268911331892,-0.220088720322,0.114985473454,0.065648369491,-0.539921760559,-0.675951778889,-0.438317030668,-0.786080539227,-0.300348460674,-0.189816385508,-0.272121727467,-0.387806922197,0.073921293020,0.031585302204,0.293421447277,0.575104355812,0.046048521996,0.416346460581,-0.120192065835,-0.374985933304,0.379212945700,-0.085495159030,-1.013709545135,-0.623717069626,-0.545585215092,-0.017615986988,0.413461208344,0.187647297978,-0.402097254992,-0.298508673906,0.362588882446,0.041529279202,0.005239521619,-0.273949176073,-0.591814875603,0.104514665902,0.442099541426,0.115512304008,0.370874166489,0.326978236437,0.115956820548,0.284778088331,0.280542850494,0.054708342999,-0.619341909885,-0.242265105247,-0.357773274183,-0.606878995895,-0.988121092319,-0.442148953676,-0.090170808136,-0.083235539496,-0.928584814072,0.219574227929,0.501479446888,0.553821146488,0.962219834328,0.184844389558,-0.329023838043,0.542094945908,0.714278876781,0.495231509209,-0.114742644131,0.096266426146,-0.175320237875,-0.199464008212,-0.112631194293,-0.560731709003,0.451277941465,-0.382271021605,0.194376781583,-0.427693963051,0.013627694920,-0.188145324588,-0.240240082145,0.736961483955,-0.276826173067,0.709664940834,0.336547672749,0.015632130206,0.385378509760,-0.265729755163,0.489510416985,0.533513367176,-0.044966042042,0.214379966259,-0.351154953241,-0.282481431961,0.048892594874,-0.290099918842,-0.491844117641,-0.589950323105,-0.598392069340,0.217224061489,-0.334362149239,-0.885092198849,-0.030675690621,0.014273888431,0.051045205444,0.455488532782,-0.233374804258,0.368561029434,1.079518437386,0.433316230774,0.620642483234,0.326027482748,0.061758853495,0.433431476355,-0.720094680786,-0.141421809793,-0.158428639174,-0.031239565462,-0.219656541944,0.204888746142,-0.542827606201,0.543572545052,0.469219088554,0.013528913260,0.172455579042,-0.381715416908,-0.356168091297,-0.091277979314,-0.151522189379,0.204559475183,-0.089504033327,-0.538440108299,-0.107490457594,0.716122806072,0.729923367500,0.261301070452,-0.036240365356,-0.109494887292,-0.053757574409,-0.022254588082,-0.323401540518,-1.236523032188,-0.492881357670,-0.446849286556,-0.788043797016,0.299463540316,-0.303468316793,0.185330078006,0.664604306221,0.374397337437,0.173640951514,0.266116648912,-0.282905340195,0.553368389606,-0.183580815792,-0.173031806946,-0.390955537558,-0.418943583965,-0.336757570505,0.434419304132,-0.370734184980,-0.740250110626,0.066767878830,-1.008091330528,-0.236593410373,1.083811283112,-1.005848169327,-0.044089362025,0.056041888893,-0.112260758877,0.271195650101,0.386456876993,0.818237900734,0.773181319237,-0.261510968208,1.239774465561,0.794719815254,0.372672796249,0.203415274620,-0.138260811567,-0.198953643441,0.503562092781,0.072670064867,0.063964970410,-0.753754377365,-0.502351999283,-1.129637479782,0.005976264831,-0.503936648369,0.074703313410,-0.420342981815,-0.603026509285,0.677511692047,0.297257453203,0.392643064260,0.454722970724,0.499244481325,0.947489023209,-0.174138978124,0.608014941216,-0.427595168352,-0.545593440533,0.081535674632,-0.649675965309,-0.827700316906,-0.369466543198,-0.593798696995,-0.230905264616,-0.211935132742,-0.274628311396,-0.168516680598,0.328040152788,0.090483613312,0.144578695297,-0.336712330580,-0.438638091087,0.247397616506,0.055259868503,0.242944210768,0.336699962616,-0.776860892773,0.352467894554,0.325504750013,0.433225691319,0.026765597984,-0.725675821304,-0.661175787449,-0.136910796165,-0.053210161626,-0.487839370966,-0.826984167099,-0.097744040191,0.176806077361,0.839006721973,0.378044039011,0.202299848199,0.924781739712,0.481809616089,0.765291154385,1.275759696960,-0.516206085682,0.328801572323,0.100942082703,-0.502183258533,-0.481167525053,-0.179148018360,0.263116180897,-0.281213730574,-0.460728049278,-0.128769576550,-0.380912810564,-0.065450802445,-0.149093821645,0.000884915236,-0.131498411298,-0.245796531439,-0.143730819225,0.293400853872,0.327739685774,0.181601077318,0.531064391136,0.645811200142,-0.370544910431,0.292952239513,-0.299006700516,-0.661130487919,0.759051501751,-1.090828895569,-0.457324206829,0.219438403845,-1.483060240746,-0.157383203506,0.204641789198,-0.713377535343,0.195080593228,-0.268314540386,-0.680820882320,0.310103118420,-0.590785920620,-0.162668004632,0.769057154655,-0.195652708411,0.448413342237,0.754499316216,-0.240939781070,0.526582241058,0.381715416908,0.062952458858,0.127843499184,-0.743316471577,-0.424203693867,-0.131313189864,-0.018607914448,0.030165320262,-0.258004248142,0.332563489676,0.436864137650,-0.580590844154,0.570548117161,0.206271693110,-0.605882942677,0.171492457390,-0.096027716994,-1.195779800415,0.730935871601,-0.260724842548,-0.450891047716,1.193898797035,-0.075090199709,-0.492029339075,0.990759372711,0.052847962826,-0.651178240776,0.405904442072,-0.420989185572,-0.482472240925,0.033585622907,-0.981247484684,-0.174842789769,-0.153353765607,-0.017904099077,0.229472920299,0.636793255806,0.109354943037,0.865747570992,1.310855746269,1.050176262856,-0.392095655203,-0.062721967697,0.118451051414,0.059281092137,0.452615648508,-0.333082109690,-0.248237252235,0.190911218524,-0.187540292740,-0.228575661778,-0.022073490545,0.293417304754,-0.246751412749,-0.058145109564,-0.148966223001,-0.721065998077,-0.189145490527,0.448265135288,0.388572454453,0.086384192109,0.179884761572,-0.436818838120,0.526215910912,0.997299492359,-0.023653989658,0.041722726077,-0.568325459957,0.065496072173,-0.090393066406,-0.717612802982,-1.081518650055,-0.432797640562,-0.615168392658,-0.504907965660,-0.956873238087,-0.634780585766,-0.238161578774,0.193034991622,-0.248159050941,0.242512062192,0.229061335325,0.976106762886,0.554990053177,0.079395420849,0.415115833282,0.920130729675,0.562826693058,0.484410852194,-0.429504930973,-0.181111276150,-0.289433151484,0.331909060478,0.188021853566,0.464806884527,-0.568062126637,-0.406941682100,0.186515450478,0.258016586304,0.272525101900,0.017916448414,-0.189524158835,0.460118889809,-0.045385863632,0.133753910661,0.387872755527,-0.157391443849,0.364564508200,0.440737217665,0.240297704935,0.082251846790,0.027415910736,-0.550433754921,-0.058062788099,-0.414630144835,-0.615505933762,-0.796831250191,-0.917274355888,-0.580261588097,-0.266997456551,-0.362049669027,-0.250365167856,0.291758626699,-0.388321399689,0.576647818089,0.290211051702,-0.738332152367,0.943628370762,0.445305794477,-0.205617263913,0.272632092237,-0.185474127531,-0.038689319044,-0.031638804823,-0.293524324894,-0.025662541389,0.052745062858,-0.613678455353,-0.247726872563,0.029091075063,-0.383353531361,0.403690099716,0.057005006820,0.135688379407,0.449104785919,0.361140072346,0.082046046853,0.674210727215,-0.066298678517,0.538345396519,0.359835356474,0.230934083462,0.549277186394,-0.521285057068,-0.149678274989,-0.117286257446,-0.075353614986,-0.354834556580,-0.735051810741,-1.001357674599,-0.077897243202,-0.290478587151,-0.198509126902,-1.273109078407,-0.515103042126,0.196323588490,0.056083045900,-0.039973475039,0.476742953062,-0.073814280331,0.924954593182,0.833326756954,0.523906886578,0.171698257327,-0.138972863555,0.204007938504,0.207889229059,-0.113096281886,-0.816727340221,0.021172111854,0.074069462717,0.283662676811,-0.086231902242,0.080733083189,0.257588535547,1.020459651947,0.076687164605,-0.089759215713,-0.107383437455,-0.714501142502,0.571120202541,0.496762633324,-0.192689254880,-0.475174784660,0.248982235789,0.327492743731,0.547964215279,0.350788623095,0.041331715882,0.317021936178,0.764686107635,-0.440938889980,-0.337803006172,0.235737308860,-0.857544660568,0.287198215723,-0.375669151545,-0.588341057301,0.781355500221,-0.166973218322,-0.137626960874,0.446709364653,0.036816589534,0.857272922993,0.327509194613,0.122694537044,0.034487001598,-0.896015763283,0.174649327993,-0.190343201160,-0.750572741032,-0.036602564156,-0.546712994576,-0.122743926942,-0.398038983345,-0.290787249804,0.340379565954,-0.343223631382,-0.427319407463,-0.050995815545,-0.135906517506,-0.217335194349,0.248982235789,0.284448802471,-0.065282046795,0.209243342280,1.127563118935,0.225937381387,0.294886678457,1.138276815414,-0.109725371003,0.296133786440,0.081025309861,0.692295968533,-0.224974274635,-0.497927397490,-0.344832956791,-0.717386364937,-0.268409192562,-0.050736512989,-0.879268288612,-0.484999418259,-0.586278975010,0.027835728601,0.434752702713,0.299871027470,-0.076806530356,0.006811789703,0.363436728716,1.082263708115,0.443577140570,0.068080849946,-0.401998490095,-0.006235565990,-0.248545944691,0.181066006422,-0.887792289257,-1.194335103035,0.555372774601,0.068307228386,-0.207868650556,-0.362481892109,-0.229147776961,0.101098477840,-0.037853792310,-0.133474037051,0.149414852262,-0.354278892279,-0.267079770565,0.782520234585,-0.079634144902,0.461061418056,0.398388862610,-0.274797052145,0.596935033798,0.676997184753,0.057787023485,-0.356427401304,0.067533440888,-0.610570967197,0.034915052354,0.329624742270,-0.288609981537,0.539452552795,-0.514020502567,0.071929208934,0.583155035973,0.500812649727,0.832548856735,0.360555619001,0.261029422283,0.609006881714,1.638253927231,-0.001601079246,-0.172706648707,0.200945734978,-0.233461216092,0.065006285906,0.230724155903,-0.927168965340,-0.803490698338,-0.441930800676,-0.558113992214,-0.116220243275,-0.592292308807,-0.273051917553,0.107564538717,-0.080111585557,-0.213482707739,-0.067018955946,-0.476072043180,0.404632627964,-0.110478579998,-0.010643677786,0.313576906919,-0.551964879036,0.382497400045,0.364383429289,-0.659340083599,-0.214993253350,-0.239577427506,-0.230592459440,0.321705788374,-0.441893756390,-0.896604418755,-0.425384938717,-0.656162559986,0.243281722069,-0.483497142792,-0.457213073969,0.307094395161,0.262593477964,-0.027255389839,0.669658601284,0.491588950157,0.799477696419,-0.075995698571,0.494194298983,0.408213436604,-0.350463479757,-0.201093912125,-0.270993977785,-0.708537280560,0.196817502379,0.050641849637,-0.112013809383,-0.396553158760,0.573630869389,0.174855142832,0.430805563927,-0.097307749093,-0.466556161642,0.406455993652,0.273628145456,-0.649354934692,-0.235276341438,0.483962208033,0.350027203560,0.340247839689,0.026144102216,-0.179160356522,0.812241077423,0.017097385600,0.098456084728,-0.096533961594,-0.847444236279,-0.437880754471,0.223937064409,-0.455303311348,-0.623021483421,-0.059635054320,0.144516944885,-0.084750182927,0.651845037937,0.177077710629,0.332670509815,0.477339774370,0.375817328691,0.499145686626,0.295018404722,-0.022028215230,0.513740658760,0.400018721819,-0.146673679352,0.072077378631,0.091010443866,0.119858689606,0.154304534197,0.077884890139,0.406867563725,-0.350924462080,-0.104786314070,-0.924324870110,-0.245870605111,-0.207214236259,-0.445046514273,0.169298693538,0.222611755133,-0.224381580949,0.241466626525,-0.137783363461,0.234658941627,0.370553135872,0.236173599958,0.421869963408,-0.236272379756,0.424746960402,-0.408493340015,-0.249068647623,0.086153700948,-0.649787068367,-0.252460151911,-0.184832051396,-1.103975057602,-0.120690092444,-0.744600653648,-0.065627783537,-0.192528739572,-0.089915618300,0.349854320288,0.465815275908,0.921888291836,0.575433671474,0.943924665451,1.025040507317,-0.251797497272,0.825362563133,0.468609958887,-0.609974145889,-0.106897763908,-0.040607322007,-0.975954532623,-0.261613875628,-0.029016990215,-0.011117004789,0.346092432737,-0.122686296701,0.334246903658,0.500742673874,-0.216742500663,-0.111528135836,-0.127777636051,-0.495634853840,-0.080543749034,0.231370344758,-0.255715817213,0.080453202128,0.164647743106,0.296994030476,0.472865790129,-0.258613407612,-0.514740824699,-0.244742870331,-0.585797429085,-0.592181205750,-0.541971504688,-0.601211428642,-0.877527236938,-0.004663297441,-0.323755502701,0.242240399122,0.669493973255,0.208774149418,0.918743729591,0.860878467560,0.101485379040,0.456570982933,0.507356882095,0.277538239956,0.192586362362,-0.504916191101,0.000279880158,0.340935200453,-0.348508447409,0.212511375546,0.319993585348,-0.223681882024,0.636126458645,-0.187367439270,0.045525804162,0.224702626467,-0.478422254324,0.686900019646,-0.126608744264,0.350842148066,0.801276385784,-0.418140977621,0.732890903950,0.273726940155,0.656681239605,0.535299658775,-0.405192404985,-0.272739112377,-0.039043284953,-0.726647138596,-0.308020472527,-0.019377585500,-0.917677700520,-0.922637403011,-0.392680138350,-0.588213443756,-0.629343509674,-0.482929140329,-0.431715160608,-0.230942308903,0.202201068401,-0.651626884937,0.625165879726,0.255839288235,0.138260811567,0.451940625906,-0.057902269065,0.346178829670,-0.098093889654,0.479039609432,-0.123665884137,-0.526277661324,-0.019114170223,-0.560604095459,0.291063040495,-0.090265467763,-0.286305069923,0.495157390833,0.099941916764,-0.543930649757,1.041269540787,0.206683278084,-0.448890745640,0.151423409581,-0.132737278938,0.135383799672,0.791320085526,0.365828067064,-0.423322886229,0.874164581299,0.137462317944,0.119224831462,0.340717077255,-0.647572755814,-0.127674743533,-0.667884647846,-0.861129522324,-0.274307280779,-0.597684144974,0.404920727015,-0.563575804234,-0.051893077791,-0.098616607487,0.182959318161,1.110626220703,0.810998082161,0.340288996696,0.198735505342,-0.221640393138,0.320545107126,-0.351792931557,0.325019091368,-0.259687632322,-0.734088659286,0.078728646040,-0.190923556685,-0.540592670441,-0.012837444432,-0.018467975780,0.250636816025,-0.664579570293,-0.210873246193,0.068969883025,0.124493174255,0.466111600399,-0.047962408513,-0.502903521061,0.434604525566,0.534431159496,0.352846592665,-0.085421070457,0.007211030461,0.599219322205,0.679285645485,0.338482141495,0.074011839926,-0.312354505062,-0.006729471963,0.092105269432,-0.202225774527,0.094237305224,-0.047369718552,-0.494243681431,-0.199459895492,-0.835359990597,0.196669325233,-0.575293660164,-0.360098779202,0.159589320421,0.690209209919,-0.104996219277,0.361531078815,0.494972229004,0.325973957777,0.468099594116,0.468387693167,0.014282120392,0.077465072274,-0.684047698975,-0.390770316124,-0.078329406679,-0.151024162769,-0.709150493145,-0.228316366673,0.139754876494,0.279056996107,-0.136853173375,-0.795131385326,-0.065166808665,-0.093105427921,0.102687217295,-0.539950609207,-0.050538949668,-0.124147437513,-0.105185553432,0.102090410888,0.434769153595,0.810228407383,0.465745270252,0.485411018133,0.377718895674,-0.065961174667,-0.241013884544,-0.223587214947,-0.477039307356,0.199447557330,-0.725124239922,-0.324035376310,0.502866506577,-0.465708255768,0.704273164272,0.738286852837,-0.057548303157,0.443918794394,0.018496787176,0.740332484245,0.258304715157,-0.248212546110,0.025357965380,-0.082539953291,0.171652987599,-0.107972010970,-0.570181787014,-0.015936706215,-0.219854101539,-0.163124874234,-0.022592093796,0.014125716873,-0.324446976185,-0.408625066280,-0.162993147969,0.209218665957,-0.214511692524,0.086124889553,0.440630197525,0.099546797574,0.276217043400,0.376418262720,0.562839031219,0.391169577837,0.364980220795,0.584241628647,-0.125497445464,-0.453735142946,-0.167565912008,-0.134675860405,-0.396182745695,0.110742002726,-0.252670079470,-0.804075181484,-0.238276809454,-0.236943259835,-0.276953786612,-0.073456197977,-0.188017740846,0.559990823269,-0.025032810867,0.303665876389,1.456467628479,-0.004202318378,0.737578868866,1.135893702507,-0.189355388284,0.309683293104,0.262749850750,-0.498293727636,0.108906313777,-0.612546563148,-0.515493988991,0.280016005039,-0.211848720908,-0.049040768296,-0.061026226729,0.008565156721,0.264305651188,0.046114373952,0.078712180257,-0.453274160624,-0.563534617424,0.158737331629,0.150575533509,0.203077763319,-0.052810922265,-0.468136608601,0.518358647823,0.306328862906,-0.458114445210,0.316968411207,-0.613126933575,-0.224422737956,-0.104580521584,-0.851720631123,-0.690044581890,-0.461312502623,-0.028045639396,0.146595463157,-0.104712225497,0.140689179301,0.373273730278,1.297462701797,0.019068894908,0.420495271683,0.423368126154,0.040483843535,0.355546593666,0.328982681036,-0.849049448967,-0.257514446974,0.190413191915,-0.333119124174,-0.034318245947,-0.787397563457,-0.477199792862,0.135087460279,0.275961846113,-0.081519216299,-0.206263467669,-0.137869790196,0.150847181678,0.343314200640,0.407373815775,-0.121735528111,0.101559467614,0.693440139294,0.926806747913,-0.266363590956,0.561563134193,0.365766346455,-0.333448410034,0.136968418956,-0.060758691281,-0.096920855343,-0.388313174248,-0.690283298492,-0.163342997432,-0.614102363586,-0.306781589985,-0.194006353617,-0.485983103514,-0.787895560265,0.018998924643,0.177448153496,0.042019069195,0.142364352942,0.071974478662,0.245825335383,0.857713401318,0.328200668097,0.739122390747,-0.092043533921,-0.507871389389,0.294722050428,-0.100398778915,-0.269199460745,0.039372555912,-0.725906252861,0.476216107607,-0.007894267328,-0.011265177280,0.390939086676,-0.365947425365,-0.153086230159,0.455118089914,-0.567078411579,-0.011475087143,-0.414588958025,-0.448676705360,0.213281035423,0.157786563039,0.661138713360,0.394931495190,0.023530513048,-0.163054898381,0.624392092228,-0.164487227798,-0.286230981350,-0.007355086040,-0.388341963291,-0.181666925550,-0.252262562513,-1.786030769348,0.188503399491,0.278550744057,-0.037940226495,1.151789188385,0.445993155241,-0.626161873341,0.746312797070,0.924958705902,0.509501278400,0.780565202236,0.512468814850,-0.578672826290,0.489160567522,0.265124708414,0.007593807764,-0.372969150543,-0.432155579329,0.328575193882,0.147229313850,-0.654401004314,0.083013281226,-0.186009183526,0.297648459673,-0.665629148483,-0.440564334393,0.506640732288,-0.374129831791,0.534949839115,-0.074275262654,0.146916508675,0.359711885452,-0.216800123453,1.098044037819,0.209712564945,-0.416490495205,0.443095564842,-0.549281299114,-0.263750016689,0.284494072199,-0.868673920631,-0.677989125252,-0.439049690962,-0.776733279228,-0.284629911184,-0.457883983850,-0.657800734043,-0.417330145836,-0.151847332716,0.775288701057,0.223883554339,0.340819954872,1.292235612869,0.581669211388,0.134326010942,0.475491702557,0.216717794538,0.265742123127,0.329641222954,0.324064195156,-0.559546291828,0.184766173363,0.159070715308,-0.197451353073,0.315219163895,-0.006190291140,0.332575857639,0.296335488558,0.042517092079,0.296483665705,-0.100999698043,0.065100952983,0.229732215405,0.372483462095,0.197196170688,0.360498011112,0.505084931850,-0.302299380302,0.082445286214,0.689781188965,-0.628816664219,-0.499425590038,-0.338679701090,-0.894497036934,-0.816653311253,-0.671733021736,-0.737097382545,-0.533484518528,-0.381526082754,-0.675001025200,-0.008840920404,0.143825471401,-0.030474012718,0.331719726324,0.394454032183,-0.209412112832,1.340296745300,-0.126518189907,-0.089829191566,0.075044929981,-0.024197285995,-0.031655270606,0.002230809536,-0.528331458569,-0.176884263754,-0.322170883417,-0.226064980030,-0.097138993442,-0.091022796929,-0.555405735970,-0.540341615677,-0.553133785725,0.541580498219,0.079988107085,-0.309617429972,0.932009220123,0.458628922701,0.388033270836,0.009022019804,0.193096756935,0.434147685766,0.418947696686,0.150641396642,-0.475491702557,-0.434942036867,-0.344063282013,-0.764060497284,-0.332542926073,-0.395483046770,-0.482941478491,-0.272619754076,-0.135721296072,-0.525034606457,-0.141709908843,-0.221599236131,0.628244519234,-0.084643177688,-0.309901446104,1.240013241768,0.792233765125,0.360168755054,1.024752497673,0.027008436620,0.394742161036,0.699251770973,-0.032046280801,0.019196486101,-0.738048136234,-0.379344642162,0.018813708797,-0.345717877150,0.121356867254,0.088837258518,0.001971508842,0.261930793524,0.260885357857,0.044060546905,0.063396975398,-0.540489792824,0.452228754759,-0.376570552588,-0.155601024628,0.232983782887,-0.000740859308,0.238910660148,0.331793844700,0.171344280243,0.029445039108,0.489144116640,0.354669898748,-0.352591425180,-0.142158538103,-0.701342701912,-0.887919843197,-0.047550819814,-0.808392703533,-0.267141520977,0.030638648197,-0.386255204678,0.066208124161,0.645675301552,0.460295885801,0.694415628910,0.222340092063,0.115483492613,0.298319339752,0.087334960699,-0.523701071739,0.378015249968,-0.505887508392,-0.275686085224,-0.075168408453,-0.519432902336,-0.341095715761,0.890986204147,-0.192759245634,-0.432134985924,0.107725054026,-0.499252736568,-0.317141294479,0.421964615583,-0.445832669735,0.043772432953,0.191071733832,0.006021539215,0.560348927975,0.100341163576,1.249372720718,0.292322486639,-0.020151372999,0.469947636127,-0.634311378002,0.210581019521,-0.127123221755,-0.674054384232,-0.226875811815,-1.092108845711,-0.458361387253,-0.339959740639,-0.858050882816,-0.479249536991,-0.726601839066,-0.113997668028,-0.283004134893,0.039508379996,-0.334572046995,0.668835401535,0.660858809948,-0.027625817806,0.377208471298,-0.208498388529,-0.121698491275,0.223850622773,-0.336778163910,-0.337300866842,-0.247549906373,-0.303357183933,-0.063005968928,-0.113269150257,0.109338484704,0.346429914236,0.121459767222,0.368425190449,0.237342506647,-0.018649075180,0.371627330780,0.484945893288,0.589320659637,0.142421960831,0.431064873934,0.924814641476,0.306032508612,1.132498025894,0.178876355290,0.069081008434,0.507035851479,0.229579940438,-0.045805681497,-0.527117252350,-0.616901218891,-0.646552026272,0.231991857290,-0.097077265382,0.194541424513,0.385164499283,-0.202472731471,0.222335979342,0.878696143627,-0.008565156721,0.343594074249,0.319380313158,-0.605224370956,-0.013117324561,0.187161624432,-0.497997373343,-0.180246949196,-0.252505421638,-0.385604918003,-0.526569843292,-0.641164302826,-0.380369484425,-0.646300911903,-0.409246563911,-0.482702761889,-0.329015612602,0.017772391438,-0.851358413696,0.057618271559,0.062870144844,0.413695812225,-0.030235290527,0.373100847006,-0.401875019073,0.212182089686,-0.158008813858,0.177633360028,0.520589470863,-0.350101292133,-0.314066708088,0.231995970011,0.237149044871,0.085824437439,0.637945711613,-0.880671739578,0.348570168018,0.398886889219,-0.456171751022,0.114746756852,-0.793793618679,-0.147834345698,0.854124307632,0.174641102552,1.124620318413,1.000369906425,0.640839159489,1.123867034912,0.702737927437,0.408748537302,1.089552998543,-1.068397283554,0.091631941497,-0.568020939827,-0.945842683315,0.297887176275,-0.257819026709,-0.127407222986,0.313869148493,0.404912501574,0.084408566356,0.227600216866,-0.371005862951,-0.190421417356,-0.757228136063,-0.916113615036,-0.296788245440,-0.474569767714,-0.628046989441,0.017348455265,0.110153421760,0.305674433708,0.279028177261,0.378933072090,0.008326435462,-0.794781446457,-0.429562568665,-0.131617769599,-0.765040099621,-0.979975759983,-0.368083596230,-1.203999280930,0.052568081766,0.180333390832,0.107078857720,0.583118021488,0.635023415089,0.090557694435,1.158596873283,-0.192055433989,0.415132284164,0.398524671793,-0.295187145472,-0.000740859308,0.377755910158,-0.764949560165,0.158445104957,0.177991449833,0.144043624401,0.385032802820,-0.113697208464,-0.252542465925,-0.333975255489,-0.229843363166,-0.064244844019,-0.695374667645,-0.483945757151,-0.123340718448,0.169101133943,0.189754649997,0.408497452736,0.022583859041,0.749449133873,0.453220665455,0.264865428209,0.361308842897,-0.030375231057,0.249739557505,-0.444725483656,-0.561674237251,-0.183502614498,-0.138083830476,-0.022176388651,-1.071455359459,0.027704020962,-0.260798931122,-0.156687617302,-0.332444131374,-0.572075068951,-0.224859029055,0.833750724792,-0.074781514704,0.640254735947,1.139367461205,0.164026245475,0.888413727283,1.137560606003,0.659945070744,0.363963603973,0.350611656904,-0.550923526287,-0.353060603142,-0.219265550375,-0.706907391548,-0.305929601192,0.483707040548,-0.177571624517,0.511089980602,0.074518091977,-0.457435339689,0.336247205734,0.244323045015,-0.031223103404,-0.222640559077,-0.989269375801,-0.231963038445,0.160313725471,-0.246784359217,0.095381520689,0.682924091816,-0.434563368559,0.462909460068,0.197179690003,-0.234543696046,-0.272109389305,-0.661323904991,-0.745604932308,-0.590843498707,-0.499178647995,-0.420943886042,-0.082041934133,0.094113826752,0.114001780748,0.500289916992,0.404875487089,1.093882799149,0.832104384899,0.394495218992,0.339272409678,0.186828255653,-0.311263799667,0.281806409359,0.147916659713,-0.515214145184,0.283386915922,-0.205316811800,0.177164152265,-0.280666291714,0.207510575652,0.254127085209,0.071501150727,0.230481311679,-0.153345525265,-0.486435860395,0.003235085402,0.131078585982,-0.057799372822,0.176044613123,-0.047645483166,0.203069537878,0.820876181126,0.028831774369,0.356522083282,-0.554586708546,-0.129563942552,0.180642083287,-0.719814717770,-0.581389307976,-0.978144168854,-0.635422646999,-0.728260576725,-0.012187135406,-0.506525456905,-0.834680855274,0.496849030256,-0.519198298454,-0.314313650131,0.218775749207,-0.173772662878,0.392643064260,0.395754665136,0.030613951385,0.292096108198,0.446906924248,0.363671362400,0.453471720219,0.289700657129,0.344334930182,-0.402825742960,0.357234120369,-0.004321679007,-0.144220605493,0.600968599319,0.192257106304,0.023616947234,0.585534036160,0.209231004119,-0.055790822953,-0.269705712795,0.169393360615,0.483822286129,0.145784646273,0.547153413296,0.189552947879,-0.198686122894,0.456682145596,-0.326480209827,-0.159865081310,1.019665241241,-0.337490200996,-0.409719884396,-0.559920847416,-0.630006134510,-0.529994249344,-0.467795014381,-0.829293191433,-0.584130525589,-0.170776307583,-0.096217036247,0.310629934072,0.423438131809,-0.053704064339,0.314807564020,0.542662978172,0.258119493723,0.189766988158,-0.176822528243,-0.339120119810,-0.501899242401,-0.179394960403,-0.396116882563,-0.585875630379,0.018393889070,-0.011022340506,-0.145336017013,0.112116701901,-0.569268047810,0.081350468099,-0.144195914268,0.074695080519,-0.216656059027,-0.106560260057,0.303085535765,-0.129102960229,0.064726404846,0.697621881962,-0.290235728025,0.873234331608,0.857351183891,-0.411732554436,0.786813080311,-0.141479432583,-0.198735505342,0.185383573174,-0.428994566202,-0.442371189594,-0.519177734852,-0.309629797935,-0.367103993893,-0.363971829414,-0.517148613930,-1.195071816444,-0.571786940098,0.188984975219,-0.281633555889,0.338041752577,0.782553255558,0.248891681433,0.993759810925,0.436526626348,-0.122274711728,0.858005583286,0.798650443554,-0.233111366630,0.193446606398,-0.965084493160,-0.167117282748,-0.099699079990,-0.425549566746,0.038277730346,0.295569926500,-0.420252412558,0.459028184414,0.205946519971,-0.194936528802,0.046353094280,0.011355726980,0.152645826340,0.228151738644,-0.024279603735,0.475693374872,0.059816155583,0.655191242695,0.601758837700,0.319310337305,-0.155765667558,1.092944502831,-0.670679330826,0.106708429754,-0.239478647709,-1.311604857445,-0.362169086933,-0.683981835842,-0.550499618053,-0.084700793028,-0.278040379286,0.370232045650,0.052934393287,0.135774806142,0.452541530132,0.320359885693,0.273747503757,0.337403774261,-0.343264788389,-0.405468165874,0.187326267362,-0.507360994816,-0.583920598030,0.182790562510,-0.650894284248,-0.163458257914,-0.665094077587,-0.281324833632,0.272430419922,-0.668716013432,0.095776647329,-0.605701863766,-0.300982326269,0.249389708042,0.161857172847,0.074851483107,1.293322205544,0.470540314913,0.216763079166,0.777260184288,0.540259301662,0.677219510078,0.281917542219,-0.111314110458,0.096805617213,-0.229938030243,0.253645509481,-0.413638204336,-0.180086433887,-0.173344612122,-0.484225630760,0.068183749914,0.160848781466,-0.800169169903,-0.090722337365,0.277344793081,0.000444515579,0.335909694433,0.051901310682,0.040685523301,0.967887341976,0.273298859596,-0.454513072968,0.551228106022,0.030350536108,-0.127748832107,0.299780488014,-0.919455766678,-0.931898057461,-0.442782789469,0.081408083439,0.002090869471,-0.320117086172,-0.099970728159,-0.426829606295,0.257279843092,0.387255370617,-0.240396484733,-0.470157533884,-0.017373150215,-0.665472745895,0.510394394398,-0.076423749328,0.122739799321,0.487291991711,-0.284703999758,0.213655591011,0.407608419657,-0.419478625059,-0.069212719798,-0.078135959804,-0.411979496479,-0.587637245655,-0.191964879632,-0.526792109013,-0.313206493855,0.166738614440,0.162486910820,0.262177735567,0.546507239342,0.720926046371,0.052386984229,0.467926710844,-0.030169436708,0.625803828239,0.500631511211,-0.962326824665,0.051358010620,0.004008871969,-0.448668479919,0.174546435475,-0.424586474895,-0.262782782316,0.273200094700,-0.097867503762,0.135581374168,-0.893657445908,-0.005255985074,-0.007746095303,-0.232740953565,0.411942452192,-0.722518861294,-0.341663718224,0.668481469154,-0.575956344604,0.969801306725,-0.842776834965,0.271438479424,0.922007620335,-0.430336326361,-0.137511715293,0.566135823727,-0.628627300262,0.234774202108,0.596675753593,-0.476088523865,-0.520614147186,-0.178016141057,-0.239314019680,0.261486262083,-0.890661060810,-0.298574507236,-0.232526928186,0.223348483443,0.660002708435,0.642148017883,-0.391482412815,0.984066903591,1.205040574074,0.823275804520,-0.030478127301,0.395779401064,0.056548140943,0.072665952146,0.040660824627,-0.238671943545,-0.527911603451,-0.210292920470,-0.454916417599,0.169376894832,-0.133729219437,-0.130415931344,-0.247566357255,0.067500509322,-0.374208003283,0.028230855241,-0.029218666255,-0.319923609495,-0.269857972860,0.279995411634,-0.325986295938,0.295339435339,0.615151941776,-0.744119107723,0.033597968519,0.308288007975,-0.586048483849,0.036067500710,-0.360946625471,-1.113038182259,-0.001880959491,-1.247298359871,-0.352821886539,0.087956465781,-0.274982273579,0.159902125597,0.238824218512,0.188338771462,0.810203671455,0.472441852093,0.624058663845,0.829955875874,0.550120949745,-0.025835409760,-0.006655385718,-0.910688936710,0.236667513847,-0.620239138603,-0.104004301131,0.535089731216,-1.500956177711,0.447001546621,0.237050265074,-0.591218054295,0.106712542474,-0.206246986985,0.210807397962,0.173743858933,-0.330139249563,0.212824165821,-0.662134766579,0.587283253670,0.757429897785,0.180234611034,0.149065002799,0.106868952513,-0.108025513589,0.701519668102,-0.042558249086,-0.435300111771,0.157856523991,-0.489773809910,-0.759648263454,-0.471449941397,-0.953185439110,-0.470709055662,-0.111165933311,-0.454068511724,-0.362926363945,-0.423944383860,0.059700910002,0.894451737404,0.606619656086,0.381929427385,0.817805767059,0.001938581816,1.388217926025,1.006284475327,-0.427171260118,0.184169381857,0.013104977086,-0.666304111481,0.262004882097,0.193039104342,-0.009734068066,0.277657598257,-0.487316668034,0.277233660221,0.397211700678,-0.162466317415,0.448557376862,-0.167524740100,-0.338527411222,0.688484668732,-0.200143143535,-0.378965973854,0.036742504686,-0.079004406929,-0.147048220038,-0.128325060010,0.145348355174,-0.078424073756,-0.363852441311,-0.729882240295,-1.040816783905,-0.266808122396,-0.700354874134,-0.533990800381,-0.630845785141,-0.944846630096,0.046316049993,0.037804402411,-0.369627028704,1.015442371368,-0.594284415245,0.936178565025,0.140882626176,0.352208644152,0.465564221144,0.653462588787,0.377513051033,-0.120385520160,-0.280221790075,0.330460280180,-0.212955892086,0.563188910484,-0.008931470104,0.344219684601,-0.496396303177,-0.429319709539,0.853906154633,0.113355584443,-0.058680173010,0.376035481691,-0.351706504822,0.348426103592,0.372635781765,0.371372193098,0.051888961345,0.664242088795,0.156115517020,0.038668740541,0.345014065504,-0.122850932181,-0.431583464146,0.165153995156,-0.156963378191,-0.519099533558,-0.061845287681,-0.657063961029,0.150484994054,-0.535003304482,-0.283823192120,-0.119792826474,-1.089429497719,-0.395869940519,0.144158869982,0.245380818844,-0.071093678474,-0.019974390045,0.234547808766,0.504352331161,0.579932332039,0.384012073278,0.947682499886,0.167010262609,-0.128267437220,0.562497437000,-0.357118874788,0.191071733832,-0.406048536301,-0.191063493490,0.611752212048,-0.355880022049,0.038462944329,0.562472701073,-0.120727136731,0.433970689774,0.092179358006,-0.132996588945,0.418902426958,-0.725984513760,0.439226627350,0.390325814486,0.211585283279,0.911450326443,0.338556230068,-0.044924885035,0.282230347395,0.171348407865,-0.273442924023,-0.088549152017,-1.053176760674,-0.477179229259,-0.739801526070,-1.023357152939,-0.292799949646,-0.700428903103,-1.312675118446,0.729268908501,-0.490288347006,0.295117169619,0.053329519928,0.555426299572,0.900930166245,0.510715484619,-0.314013212919,-0.134017333388,-0.075501792133,0.261708557606,-0.045439369977,-0.765352904797,0.026465140283,-0.682524859905,0.152542918921,0.153827086091,-0.571531772614,0.434818536043,0.617489755154,-0.559562742710,0.407880067825,0.558455586433,-0.315375566483,1.200229048729,0.648235440254,-0.309271693230,0.719110906124,0.564617097378,0.458291441202,1.159292459488,0.021480804309,0.408069401979,0.154189273715,-0.264416784048,0.166487544775,-0.725181877613,-0.390692144632,-0.432032078505,-0.830947756767,-0.295705765486,-0.649964094162,-0.571502983570,-0.826543748379,-0.298055917025,0.067171245813,0.047933593392,0.364955544472,0.374121576548,0.327377468348,0.145089060068,0.526248812675,-0.107650972903,-0.436773598194,-0.218306526542,-0.208708301187,-0.202727913857,-0.579652428627,-1.112095594406,0.120348468423,-0.083219081163,0.124604299664,0.098324373364,-0.708887100220,0.608899891376,-0.404072880745,-0.047283284366,0.255724042654,-0.682199716568,0.322302579880,0.478031247854,0.011989572085,0.598334431648,0.382740259171,0.247759804130,1.050275087357,0.215026170015,-0.161227434874,0.351134389639,-0.287296980619,-0.637155473232,-0.384617120028,-0.592485785484,-0.512201309204,0.476561844349,-0.483472406864,0.325360715389,0.243648052216,0.328077167273,0.598317921162,0.262741625309,0.023213589564,0.869999289513,0.638089776039,0.487378388643,-0.217125281692,-0.339910358191,0.373022615910,0.086659960449,0.081321649253,-0.356024056673,-0.514028787613,-0.113594301045,-0.128761351109,-0.681755185127,-1.148311257362,-0.394116550684,0.191853746772,0.318981081247,0.010207394138,-0.209313333035,0.572844743729,0.636015355587,-0.039261426777,0.528261482716,0.076971165836,0.149970501661,0.586451828480,0.332419425249,-0.152773410082,-0.145064368844,-0.468223065138,0.400780171156,0.114882580936,-0.482529878616,-0.002395445015,-0.065360255539,-0.644950926304,-0.074172362685,-0.560974538326,-0.446857511997,-0.217717960477,-0.441782623529,0.522873759270,0.336737006903,0.195117637515,1.068314909935,0.166718035936,0.163293614984,0.434365808964,0.299805164337,0.268376290798,-0.151057094336,-1.058700323105,-0.414605468512,-0.341589629650,0.011997804977,-0.085519857705,0.059622708708,0.518782556057,0.036861866713,0.045233577490,0.422252744436,-0.888434350491,-0.089944437146,-0.103749103844,-0.692802190781,-0.106556147337,0.412424027920,-0.339745700359,0.553697645664,0.444737851620,0.232613340020,-0.001564036240,0.178814619780,0.377974063158,-0.232168823481,-0.441539794207,-0.165693178773,-0.683878958225,-0.654034674168,0.029399765655,-0.854733467102,0.081659153104,0.369244277477,0.293055117130,0.435847520828,0.520906388760,-0.116788238287,0.978387057781,0.120150908828,0.439020842314,0.183811292052,-0.676898419857,-0.138981088996,0.516169011593,-0.814286708832,0.056198291481,-0.522766768932,-0.502504289150,0.373080283403,-0.487773507833,-0.691641509533,-0.018904259428,-1.075517773628,0.281238436699,-0.042665261775,-0.667748808861,0.270685285330,0.126143634319,0.339194178581,1.336987614632,0.306407064199,-0.187239840627,0.861907482147,0.186157345772,0.607467591763,0.112157866359,-0.642847716808,0.078160658479,-0.414720684290,-0.551911354065,0.629915595055,-0.408332854509,-0.324463456869,0.117310956120,-0.500870287418,-0.624643146992,1.081082463264,0.028745340183,0.027329476550,0.938767492771,-0.013030891307,0.454117923975,0.696535289288,0.467564523220,1.012701153755,0.685056090355,-0.424557626247,0.059499230236,-0.246204003692,-0.616670668125,-0.041916172951,-0.205950647593,-0.476648300886,-0.250784993172,0.136248141527,-0.987437844276,0.565835356712,0.685801088810,-1.329965949059,0.169504493475,-0.479681670666,-0.764183998108,0.307917594910,-0.626952171326,-0.756088078022,-0.143652617931,-0.556056022644,0.126900956035,0.750593364239,-0.812167048454,0.061437815428,-0.186840593815,-0.417103797197,-0.196825727820,-0.403661310673,-1.092524647713,-0.048802047968,-0.073032259941,0.040179267526,0.209634363651,-0.243281722069,0.900888979435,1.089223623276,1.084008812904,0.658344030380,0.618876814842,0.500401079655,0.409151881933,0.258638083935,0.024695308879,0.057116135955,0.022633250803,-0.080049842596,0.222373038530,0.254958510399,0.035376030952,0.356028169394,-0.196056067944,0.249019265175,-0.018171630800,-0.156465366483,-0.291248232126,-0.168417900801,-0.043867100030,0.026860266924,-0.447820633650,0.121751993895,-0.035647679120,-0.019373470917,0.611789226532,-0.471429318190,-0.723840117455,-0.267651885748,-0.436090350151,-0.643884897232,-0.366988778114,-1.159436583519,-0.728523969650,-0.305530369282,-0.964746952057,-0.217746779323,-0.499758988619,-0.660714745522,-0.042257793248,0.041043605655,-0.735772073269,0.302085369825,0.350521117449,0.363827764988,0.696638226509,0.307226121426,0.746535062790,0.504257678986,0.478743284941,0.300401985645,0.231423854828,-0.286700189114,0.205946519971,0.130913943052,0.171253740788,0.039668899029,-0.190964713693,0.302575170994,0.738443255424,-0.021414948627,0.189252495766,0.234757721424,-0.583319664001,0.337276190519,0.217302262783,-0.303929299116,0.156399518251,-0.157309114933,0.134066715837,0.381480783224,0.539748907089,-0.380369484425,0.040179267526,-0.025012232363,-0.756985306740,-0.168660730124,-0.470980703831,-0.605430245399,-0.053617630154,-1.067866325378,-0.158683821559,-0.360695570707,-0.316795557737,0.292948126793,0.364786773920,0.287399888039,0.465831726789,0.095426797867,0.603619217873,0.260658979416,0.752692401409,-0.191355735064,0.117582596838,-0.591650187969,0.291013658047,0.504274129868,-0.290993064642,-0.024374270812,-0.195800885558,-0.099098160863,0.156897529960,-0.465494245291,0.050971120596,0.252875864506,-0.210914403200,-0.073032259941,0.284687519073,0.186581298709,0.300097405910,1.118290066719,-0.117039307952,0.754980921745,0.812652647495,0.187848985195,0.203201234341,0.037104703486,-0.634698271751,-0.029786659405,-0.220183387399,-0.334090501070,-0.492465615273,-1.062351107597,-1.189338445663,-0.361531078815,0.084346830845,-0.718987464905,-0.278838872910,-0.188635125756,0.329682379961,0.499820709229,0.850913941860,0.032848879695,0.493457525969,0.875349938869,0.044237531722,-0.101547114551,-0.025588454679,-0.140376374125,-0.392754197121,-0.576549053192,-0.184922605753,-0.834030568600,0.186387851834,0.106984190643,-0.226213157177,0.898448288441,-0.143545597792,-0.095175720751,0.163046658039,-0.274817645550,0.092986077070,0.406328409910,-0.232938513160,0.017760042101,0.497079551220,0.214668080211,0.524190902710,0.216688990593,0.215878173709,0.051086362451,-0.390066504478,-0.084820158780,-0.490992158651,-0.966846108437,-0.617786049843,-0.685237228870,0.076090365648,-0.792246162891,-0.391445338726,0.380933374166,-0.357386410236,0.490695804358,0.310621708632,0.030827976763,0.872707545757,0.486304163933,-0.301163405180,0.231958925724,-0.404978394508,-0.325249582529,0.343659937382,-0.469284981489,0.057811718434,-0.322874695063,-0.651972591877,0.082214802504,-0.071776911616,-0.150970652699,-0.020628815517,0.042838130146,-0.016965677962,-0.130189552903,0.353538036346,0.603429853916,0.132992476225,0.505006730556,0.304410845041,0.290511518717,1.191787362099,0.447614848614,0.027321245521,0.234959393740,-0.270104944706,0.039368439466,0.232119441032,-0.244479447603,-0.037417508662,-0.767192780972,-0.319339156151,0.627199113369,-0.696304857731,0.282818913460,-0.031733471900,-0.768217563629,0.602590262890,0.487999916077,0.269890934229,0.062417391688,0.562254548073,0.311090946198,0.374957114458,0.477656692266,0.035787619650,-0.028802961111,-0.486448198557,-0.409452348948,-0.052214115858,-0.397606819868,0.069566689432,-0.469638943672,-0.025716049597,0.150843068957,-0.639937818050,-0.248163163662,-0.111676298082,-0.514786064625,0.006289071869,-0.377690047026,-0.363823652267,0.065829463303,0.085067108274,-0.408065289259,0.314313650131,0.061013877392,0.080543749034,0.277542352676,0.202806100249,-0.399891138077,-0.336193710566,-0.310621708632,-0.519181847572,-0.606940746307,-0.413893371820,-0.296224355698,-0.962512075901,-0.164392560720,0.032219149172,0.636661529541,0.494363069534,-0.206168800592,0.347310721874,0.503236949444,0.277418881655,0.808977186680,-0.268911331892,0.267392575741,0.464621663094,-0.315708935261,-0.184881433845,0.399413704872,-0.250846713781,-0.352607876062,0.720794320107,-0.671329617500,0.213947817683,-0.068340152502,-0.448400944471,-0.041109457612,0.263519525528,0.091623716056,0.608187854290,-0.318038552999,0.459098160267,0.992627978325,0.255699336529,0.307979315519,0.964483559132,0.681574046612,-0.099386267364,-0.032445520163,0.386378675699,-0.028440764174,0.036750737578,-0.318906992674,-0.734335601330,-0.034857429564,-1.127571344376,-0.236889749765,0.075460635126,-0.704989314079,0.007972469553,-0.118146479130,0.232477530837,0.985774993896,0.112236067653,0.960396468639,0.496581524611,0.654804348946,0.681372404099,-0.412909716368,0.184041798115,0.050831180066,-1.085638761520,0.010865936056,-0.803264319897,-0.412913829088,-0.110807858407,-0.488440275192,-0.500717997551,-0.173101767898,-0.492070525885,0.277077257633,-0.523059010506,-0.499890685081,-0.252135008574,-0.233502373099,0.018731392920,-0.386209964752,-0.341532021761,0.379982590675,-0.371771425009,0.900674939156,-0.105440735817,-0.483460068703,0.118693888187,0.010544897057,-0.348035126925,0.081412203610,-0.508571088314,-0.341564953327,-0.138573616743,-0.338963717222,0.191861972213,0.869921088219,0.194080427289,0.848349750042,0.530578732491,0.292869895697,0.923888564110,0.616921782494,0.140396952629,0.192977383733,0.170957401395,0.294878453016,0.113293841481,0.029737267643,0.486435860395,-0.844871819019,0.512921571732,-0.075365968049,-0.290301591158,0.613258600235,-0.915599167347,-0.313786834478,1.098031640053,-1.275376915932,0.511040627956,0.646181583405,-1.156999945641,0.878959596157,0.173793241382,-0.335847973824,0.975176632404,-0.372425824404,-0.341980636120,0.330447942019,-0.099201060832,-0.285239070654,-0.068673536181,-0.343581706285,-0.112614728510,-0.360790252686,-1.065372109413,-0.292750567198,-0.093591108918,-0.666752815247,-0.405048370361,-0.482591599226,-0.035252552480,-0.064800493419,0.534443557262,0.740217208862,-0.192812740803,0.895274937153,0.665427446365,-0.082383558154,0.570646882057,0.329986959696,0.256650120020,0.391939252615,-0.087602496147,-0.186910554767,0.320005923510,0.020373629406,0.352233320475,0.322603046894,-0.611311852932,0.331814408302,-0.127152025700,-0.084346830845,0.279118716717,-0.736866831779,-0.860643923283,0.452463328838,-0.419890254736,0.088763169944,-0.021489035338,-0.591246843338,0.539073884487,0.287428706884,-0.170726910233,-0.372290015221,-0.572585463524,-0.641119003296,-0.259136110544,-1.206514120102,-0.347286015749,-0.465391337872,-1.060136795044,0.149077355862,-0.443807631731,0.100555181503,0.740007340908,0.204934030771,0.740369439125,0.334008157253,0.346627473831,0.384452462196,0.499565541744,0.161548480392,-0.250616222620,-0.684142410755,-0.284786313772,0.401805013418,0.329805850983,-0.380451828241,-0.423454582691,0.276974350214,-0.389576703310,0.519478142262,-0.306612849236,-0.483801722527,0.497120678425,-0.621350467205,0.104070149362,0.536637306213,0.614106535912,0.772045314312,1.028510212898,-0.040380947292,0.896340906620,0.833787679672,0.063269384205,-0.260321497917,-0.027415910736,-0.315622508526,-0.395236074924,-0.081638582051,-1.076723694801,-0.594708323479,-0.347104936838,-0.530101299286,0.108218960464,-0.204436004162,-1.029860258102,-0.141940414906,-0.293902993202,0.157230913639,0.500038862228,0.189902797341,0.311049789190,0.583698332310,0.781725943089,0.664382040501,-0.176723748446,-0.480541914701,0.071694597602,-0.114578008652,-0.578553497791,-0.263256102800,-0.680829107761,0.132490336895,0.361736893654,0.037969037890,0.777585327625,0.554422020912,-0.391540020704,0.278830617666,0.773082613945,-0.280555188656,0.037495709956,0.212091565132,0.292495369911,-0.048600371927,-0.326443195343,0.393507421017,0.272751450539,-0.109412573278,-0.304678380489,-0.209016978741,-0.087096244097,-0.158613860607,-1.224257588387,-0.873559474945,-0.961606562138,-0.471272945404,0.105922304094,-0.284057796001,0.396458506584,0.201048627496,0.767851293087,1.523198485374,0.260860681534,0.329838782549,0.721098959446,-0.535962283611,-0.023287676275,-0.045538149774,-0.869369506836,-0.106543801725,-0.283897280693,-0.013808793388,0.482287019491,-0.295853912830,-0.130395352840,0.217355757952,0.378875434399,-0.116014450788,0.093014888465,-0.261827886105,-0.625363409519,0.425088614225,0.221237048507,0.552458763123,0.207391202450,0.842920899391,0.738336205482,0.640040695667,0.237272545695,0.258078336716,0.044258110225,-0.177913248539,-0.616839468479,0.106469713151,-0.142730653286,-0.801222860813,-0.238676056266,-0.390021264553,-0.386230528355,-0.275797218084,-0.742950141430,0.027098987252,-0.386172890663,-0.433163970709,0.117261566222,-0.218347698450,0.250019431114,0.485727936029,-0.544548034668,0.366449594498,0.396919459105,0.303604125977,-0.017027415335,0.416486382484,-1.100962162018,-0.104489967227,0.006231449544,-0.156687617302,-0.204328998923,-0.118500441313,-0.251468211412,0.460600465536,-0.196364745498,0.310642302036,0.759063839912,0.134219005704,-0.014479682781,0.745855927467,0.226287230849,0.266836941242,-0.051695514470,0.297730773687,0.757302224636,0.526261150837,0.008968513459,0.065759494901,0.013129672967,-0.224081113935,-0.621560335159,0.227291524410,-0.553298413754,-0.590106785297,-0.206946685910,-0.650087535381,-0.086655840278,0.755149602890,-0.134165495634,0.026666820049,0.192187130451,0.284119516611,1.235621571541,-0.386432200670,-0.417548298836,0.239276975393,-0.648305416107,0.279205173254,-0.460933834314,-0.380287170410,-0.311868816614,-0.576956510544,-0.055552102625,0.240116611123,-0.131745368242,-0.391157209873,0.347409486771,-0.461682945490,-0.235309243202,0.329793512821,-0.074884414673,0.427130073309,0.574100077152,-0.096200585365,-0.020073171705,0.896353304386,0.043286763132,0.052753295749,0.223377302289,-0.888747155666,0.355892360210,0.281016141176,-0.259988099337,-0.483447730541,-0.697687745094,-0.494223117828,0.882211148739,-0.530763983727,-0.160717070103,-0.647692084312,-0.282049238682,0.409332990646,-0.025061624125,-0.202505648136,0.493091255426,0.147957831621,0.746872603893,0.796259045601,0.386234641075,0.506900012493,0.176526188850,-0.299685806036,0.549618840218,-0.111762739718,-0.756454348564,-0.166964992881,-0.315013349056,0.138997554779,0.094784714282,0.049357689917,0.263223171234,-0.253258615732,-0.104201860726,0.468354791403,-0.274364888668,0.016200123355,0.282987684011,-0.323026984930,0.112186677754,1.087494969368,0.113977089524,-0.038240686059,0.565991818905,0.438810944557,0.107354626060,0.170327663422,-0.256287932396,-1.358065009117,-0.094463676214,0.045916810632,-1.034659385681,0.194010466337,-0.508266508579,0.135124504566,0.940669000149,-0.142969384789,0.278402566910,0.931552350521,0.183296814561,0.723922431469,-0.081893764436,0.066965445876,0.804927170277,-0.581043601036,-0.628783762455,-0.063034780324,-1.144907474518,0.214725703001,-0.453656941652,-0.074406966567,0.254501610994,-0.646156907082,-0.168952956796,0.277060806751,-0.232440486550,0.541432321072,0.325488299131,-0.885594367981,0.375545710325,0.237358957529,-0.081482172012,0.618362307549,0.042813435197,0.004235245287,0.458859413862,0.174015507102,0.388881176710,0.495680153370,-0.132893696427,-0.025296229869,0.176028162241,-0.642641961575,-0.282069802284,0.106292724609,-0.499437928200,0.355818241835,-0.839274168015,-0.240124836564,0.416058331728,-0.264581441879,1.331418871880,-0.076279699802,0.764171600342,1.405233025551,0.299669325352,0.648227214813,0.621675610542,-0.185309484601,0.804330348969,-0.356731981039,-0.922279238701,0.199410498142,-0.419853180647,-0.672823667526,0.542469501495,-0.269767463207,0.463259339333,-0.244854003191,-0.193557724357,-0.045208882540,-0.388271987438,-0.076913543046,-0.479784578085,0.061981108040,0.015953170136,-0.612147331238,-0.446100175381,-0.008149451576,0.086688764393,1.033181786537,-0.251011341810,-0.366404294968,0.253954201937,-0.338239312172,0.238721325994,-0.394120663404,-0.522083580494,-0.663155496120,-0.194253310561,-0.032095670700,-0.465317249298,0.362531244755,0.093858644366,0.518045842648,1.172043442726,0.038561724126,0.746214091778,0.325912237167,0.652614712715,0.737764120102,-0.190310299397,-0.283304601908,0.408435732126,-0.327542126179,0.024707656354,0.129222318530,-0.050769440830,0.129238784313,-0.059235814959,-0.247800961137,-0.171266078949,-0.458814144135,0.360942512751,-0.061079733074,-0.202925473452,0.120270267129,-0.247002482414,-0.220512658358,0.672029376030,0.135589599609,0.047192737460,0.710825622082,-0.440535515547,-0.474545091391,-0.242771357298,-0.527051389217,-0.324072420597,-0.208802968264,-0.820118844509,-0.353505134583,-0.489020645618,-0.738994836807,0.345071673393,-0.511028289795,-0.319088101387,0.399837613106,0.205744847655,-0.170138329268,0.611908614635,0.241120889783,1.005568265915,0.771736621857,0.047534354031,0.527010262012,0.548268795013,0.061079733074,0.992833733559,-0.355373710394,-0.111532248557,0.322615414858,-0.188219428062,-0.010215626098,0.476590663195,-0.179020404816,0.155992031097,0.141825154424,0.297841906548,0.290573239326,-0.840718865395,0.235840201378,-0.377179682255,-0.020513569936,0.349660873413,0.190993517637,-0.569589078426,-0.300332009792,0.107033587992,0.284181267023,-0.101678818464,0.126798063517,-0.722210168839,-0.708882987499,-0.158774375916,-0.993665158749,-0.741978824139,-0.462172716856,-0.624515593052,0.117652565241,0.400389164686,0.150538489223,0.350088924170,-0.162894368172,0.645811200142,0.861672878265,0.281131416559,0.400928348303,-0.166582211852,-0.171373099089,0.310337722301,-0.699375271797,-0.056243568659,0.550462543964,-0.768538653851,0.102176837623,0.149748235941,-0.066105224192,1.238543868065,0.126011937857,-0.567609310150,0.804346799850,0.887998044491,-0.348845928907,0.355847060680,0.050884686410,-0.223360851407,0.931655228138,0.219557762146,0.054556056857,-0.097851052880,-0.129860281944,0.933865487576,-0.000979580684,-0.644580483437,0.191001757979,-0.862812936306,-0.374841868877,-0.038215991110,-0.710813343525,-0.629582226276,0.136165827513,-0.624383866787,-0.547651410103,-0.131420210004,-0.445931434631,0.518580913544,0.467358738184,0.489617437124,0.568107366562,0.550820648670,-0.027502343059,0.861034870148,0.683652579784,-0.317585796118,0.062656119466,0.402558237314,-0.354031950235,-0.055461548269,0.595021128654,-0.531681776047,0.599042356014,0.606059968472,0.201509609818,0.122871518135,-0.334946602583,0.518041729927,-0.407900631428,-0.133881494403,0.188478723168,-0.699531733990,0.232193529606,-0.144335851073,-0.053576473147,0.181827440858,0.191331028938,0.352640777826,0.183819532394,-0.551540911198,-0.607335865498,-0.169475674629,-1.081378817558,-0.514724373817,-0.303772896528,-1.211259603500,-0.819818377495,-0.070702672005,-0.532764256001,0.016298903152,0.280682772398,-0.493786841631,0.501026630402,0.588678538799,-0.487110882998,0.197488397360,-0.218804553151,-0.103263437748,0.604117214680,-0.518848419189,0.459176361561,-0.362045556307,0.285321384668,0.106687851250,-0.157646626234,-0.380546480417,0.296092659235,0.091438502073,-0.187622621655,-0.190524309874,0.006182058714,0.266614675522,1.071290850639,0.873543024063,0.403422564268,0.828877449036,0.728371679783,0.508772790432,1.258711695671,0.322742998600,0.069418512285,-0.014409713447,-0.177649825811,0.314309537411,0.228764995933,-0.203847423196,-0.104197740555,-0.524816513062,-0.992265760899,0.608636498451,-1.351936459541,-0.659076690674,-0.161173939705,-0.821547091007,-0.137688696384,0.162285223603,-0.035915210843,0.413613528013,0.171949326992,-0.125439822674,0.934429347515,-0.041961446404,-0.486937999725,-0.617440342903,-0.852058172226,-0.326579004526,0.299669325352,-0.556278347969,-0.876259565353,0.004996684380,-0.328019559383,0.362852275372,0.436160326004,-0.014784258790,0.482756257057,-0.396606683731,0.207827493548,-0.315190345049,0.088557377458,-0.009026135318,0.087050966918,0.678779363632,-0.105358421803,0.643897235394,0.633479952812,0.134638831019,0.451541393995,-0.379188239574,-0.873551249504,-0.352410316467,-0.189289540052,-0.714785158634,-0.855634868145,-0.295697510242,-0.390704512596,0.217709720135,0.686175644398,-0.020480643958,0.807240247726,0.323109328747,0.400154590607,0.300187945366,-0.075049042702,0.628116965294,-0.504837989807,-0.115166582167,0.041895590723,-0.801593303680,0.171208471060,0.188157662749,-0.478809088469,0.171447187662,-0.556447029114,0.067545786500,-0.324344068766,-0.575182557106,-0.267285555601,-0.231670811772,-0.488209813833,-0.095122210681,0.439658820629,0.235733196139,0.131930574775,0.441082924604,0.472050845623,0.624375641346,-0.069011040032,-0.003955365159,0.028840005398,-0.216660171747,-0.460225909948,-0.116203777492,-0.131008610129,-0.308802515268,-0.127119109035,-0.324269980192,-0.469675987959,0.265466332436,0.244619384408,-0.525145769119,0.243837356567,0.218771636486,-0.002724715741,0.186070933938,0.696839869022,0.721782147884,0.686570763588,0.259679406881,0.132646739483,0.509180247784,-0.300710648298,-0.527714073658,-0.117858372629,-1.013466715813,0.060091920197,0.032634850591,-0.645136177540,0.422281593084,-0.338778495789,-0.028819426894,0.419540375471,0.213429197669,-0.240902751684,-0.311234980822,0.250356912613,-0.055268105119,-0.177053034306,-0.044221065938,-0.188425213099,0.252958148718,0.472573548555,0.262412369251,-0.126793950796,0.132967785001,0.328369408846,0.040874853730,-0.128024592996,-0.292507708073,-0.321491777897,-0.316667944193,-0.094023272395,-1.091396808624,0.484773039818,0.358876377344,0.489638000727,0.530418217182,-0.300562500954,0.222710534930,1.039137482643,0.228007674217,-0.033931355923,-0.459555000067,-0.431439399719,0.200879886746,-0.184815570712,-0.369367748499,-0.170908004045,-0.360321015120,-0.689562976360,0.233444765210,-0.401994347572,-0.173957869411,0.000909610535,-1.069504499435,0.069476135075,-0.265392273664,-0.568099141121,0.600585818291,0.299932777882,0.048398692161,0.271232694387,0.800663053989,0.573523819447,0.208000376821,0.237844631076,0.023781580850,-0.579603016376,0.511003553867,-0.158593282104,-0.099081695080,-0.173859089613,-0.547988891602,-0.494325995445,0.413975685835,-0.474084079266,-0.624803662300,-0.451500236988,0.101040862501,0.481521517038,0.578232467175,-0.400636106730,0.988331019878,0.522256374359,0.229456469417,0.885104596615,0.700906395912,-0.106272153556,0.465555995703,-0.162100017071,0.003383257426,-0.195821449161,-0.578705728054,-0.452043533325,0.137589916587,-0.663488864899,0.039747100323,-0.252435445786,-0.311370819807,-0.214314118028,-0.539082169533,-0.258555769920,-0.431966245174,-0.199900299311,-0.329707086086,-0.094550102949,-0.115141883492,-0.181061893702,0.069546103477,0.042722884566,-0.604487657547,0.188462257385,-0.261268138885,-0.720518529415,-0.820304095745,-0.293730109930,-0.649021565914,-0.048332836479,-0.094122052193,-0.718798160553,0.062063429505,0.503459155560,0.413366556168,0.648910403252,0.106152787805,0.719588398933,1.190437436104,0.630672931671,0.293763041496,0.813743352890,-0.163548812270,0.478957295418,0.671716511250,-0.046735871583,0.154802545905,-0.147702649236,-0.338189899921,0.301649093628,-0.283938437700,-0.369565308094,-0.244878679514,-0.496527999640,0.032881803811,0.330637276173,-1.065092206001,0.806392371655,0.173529818654,0.608060240746,0.544807314873,-0.282563716173,0.033104062080,0.470223367214,-0.518519163132,-0.093043692410,-0.203625172377,-0.712327957153,-0.007774906699,-0.157123908401,-0.738994836807,-0.415901958942,-0.881840705872,-0.588703274727,0.042200166732,-0.153724178672,-1.053876519203,-0.307522445917,-0.103563897312,-0.289083302021,0.891307175159,0.378385633230,0.282357931137,0.631825387478,0.569119870663,0.293915331364,0.478623926640,-0.298714458942,0.040920127183,-0.676071107388,0.078864470124,-0.355192661285,0.204460710287,0.474281638861,-0.464465290308,0.413444757462,0.362074404955,-0.182732954621,0.624412655830,0.135396152735,0.108684055507,-0.058449681848,-0.487839370966,-0.127925813198,-0.048555094749,-0.072316102684,0.039582464844,0.052477534860,0.497664004564,0.601841151714,-0.300183832645,-0.503846049309,0.000152287743,-0.161013424397,-0.973830699921,-0.233926326036,-0.493218839169,-0.717192947865,-0.063820913434,-0.455019325018,-0.197681844234,0.602639675140,0.569123983383,0.112392470241,0.417099684477,0.578878641129,-0.131107389927,0.577524542809,-0.306028395891,-0.453673392534,-0.109568975866,-0.552960872650,0.244742870331,0.431867480278,-0.386053532362,0.202958390117,-0.024308416992,0.041665103287,0.441510945559,0.030148856342,-0.371145814657,0.684298813343,-0.379962027073,-0.104852169752,0.746131718159,-0.397911399603,0.436440229416,0.464716315269,0.229295954108,0.560966312885,0.155395239592,-0.411395043135,0.248788788915,-0.032601922750,-0.504533410072,-0.412275850773,-0.592316985130,0.066669106483,-1.159440636635,-0.366276711226,-0.167162552476,-1.111737608910,0.144611611962,-0.340400129557,-0.421610683203,0.159918591380,-0.389049887657,-0.119047850370,0.981552124023,-0.338428646326,0.601841151714,0.745913624763,-0.051316853613,0.425862371922,0.107334040105,-0.379603922367,-0.011787894182,0.069620192051,-0.241256713867,0.093533486128,-0.349973678589,0.567420005798,0.797440350056,-0.129666835070,0.653882384300,-0.116574205458,-0.277015507221,0.274690032005,-0.157160952687,-0.201591923833,0.620284438133,0.321207761765,-0.139516144991,0.097690522671,0.190721869469,0.082622274756,0.606570303440,0.106263913214,-0.238931238651,-0.256012171507,-1.254616379738,0.019743900746,-0.907120466232,-0.624725461006,-0.136931374669,-1.118059635162,-0.022600324824,0.348364382982,-0.601775288582,0.563365876675,0.376677542925,0.195636227727,0.917410135269,0.045167718083,-0.005218941718,0.503183364868,-1.016693472862,0.196183636785,0.289906471968,-0.949431777000,-0.103024713695,-0.301258087158,-0.423030644655,0.158700287342,-0.672288656235,0.084556743503,-0.047209199518,0.139495581388,0.476076185703,-0.323323339224,-0.438485801220,1.408978462219,-0.092549785972,0.292845219374,0.819468557835,0.299681693316,1.242252230644,0.222533553839,-0.813278257847,0.385230362415,-0.078724533319,-0.680335223675,0.083453677595,-0.576573729515,-0.652664065361,0.395874053240,-0.305670320988,-0.696897506714,0.035079687834,-0.477475583553,-0.075349502265,0.265873819590,-0.527709960938,0.114401020110,0.716423213482,0.660953462124,0.785249114037,0.148348838091,0.248039692640,0.674544155598,0.736302971840,0.264387995005,-0.907079339027,0.077753178775,-0.266845166683,-0.097669951618,0.023699264973,-1.111395955086,0.198253944516,-0.092241100967,-0.118969649076,0.439522981644,0.312622040510,-0.002877003746,0.127431914210,0.148743972182,-0.010182699189,0.398693412542,-0.233749330044,-0.299656987190,0.254851460457,-0.016813389957,0.307300180197,0.023090114817,0.128086343408,-0.209037557244,-0.517696022987,-0.480723023415,-0.120113871992,-0.629454612732,-0.522433400154,-0.485513895750,-0.584891974926,0.162050619721,0.248401880264,-0.291075378656,-0.269100666046,0.965693593025,0.348854184151,0.278657764196,0.260103344917,-0.190376147628,-0.132321581244,0.003346214304,-0.191433921456,-0.846077740192,-0.535225570202,-0.173324033618,-0.167759358883,0.157107442617,-0.123476549983,0.124789521098,-0.141355946660,0.317491143942,-0.141121342778,0.008573387749,-0.338613867760,0.219100892544,-0.204810559750,0.454562425613,0.166191205382,0.488020479679,0.147299289703,0.314610004425,0.221175312996,0.557727098465,0.391852796078,0.463707953691,-0.043414354324,-0.213951930404,0.282810688019,-0.584879577160,-0.463485687971,-0.158070564270,-0.235622078180,-0.024366037920,-0.235844314098,-0.488485574722,-0.125266954303,0.264169842005,-0.283057630062,0.379410535097,0.860327005386,0.275636702776,0.691452205181,0.420696973801,-0.018237486482,0.758080184460,0.638637185097,-0.882005333900,0.343602299690,0.008795646019,-1.224644541740,0.103580363095,-0.629495799541,-0.307621240616,0.325401872396,-0.120023317635,0.413263648748,-0.046616513282,-0.627120912075,-0.152724027634,-0.053185466677,0.055272217840,0.684648633003,-0.956404089928,0.006116204895,0.022386299446,0.368235856295,0.370824754238,-0.349615633488,0.371713787317,0.154304534197,-0.529446840286,-0.587032198906,-0.456299364567,-0.171097323298,-0.842505156994,-0.309699773788,-0.317865669727,-0.051753137261,0.278773009777,0.633327662945,0.136667951941,0.794530451298,0.509044408798,0.447870016098,0.880692362785,0.469350844622,-0.091578438878,0.257164597511,0.064639970660,-0.463284015656,0.070052362978,-0.158856689930,-0.908906757832,0.148447617888,-0.236091271043,-0.758759319782,0.319582015276,-0.498005598783,-0.561954081059,0.545111954212,-0.097760498524,0.011940181255,-0.255304217339,0.502026796341,0.831145286560,-0.099464476109,-0.186453700066,0.782244443893,0.175822377205,0.385378509760,0.209037557244,-1.151521682739,0.032367318869,-0.324521064758,-0.242442071438,0.076246768236,-0.542090833187,-0.266338914633,-0.252982854843,-0.236457586288,-0.226727634668,0.017286716029,-0.023374110460,0.062368001789,-0.098015680909,0.831890285015,0.441107600927,0.081527449191,1.042281985283,0.821279525757,-0.044961929321,0.488477319479,0.050555415452,0.546140909195,0.263931125402,-0.260922402143,-0.387675195932,-0.382316321135,-0.472223699093,0.016076646745,0.020077286288,-0.156477719545,0.080819517374,-0.062051080167,0.002959321253,0.723247468472,-0.100974999368,-0.107634499669,-0.167734667659,0.269434064627,0.390852659941,0.601260840893,-0.213865488768,0.081794977188,-0.368235856295,0.663982808590,0.129444569349,-0.665464520454,0.059803809971,-0.675108015537,-1.463110685349,0.117660805583,-0.853062450886,-0.269849747419,0.205049261451,-0.216322675347,0.312543839216,0.600133061409,0.183136299253,0.860343456268,0.350051879883,0.281176656485,1.027752876282,-0.540366292000,-0.444013416767,-0.133218854666,-0.589542865753,0.135457888246,-0.093973882496,-0.693781793118,0.670119583607,-0.487287878990,-0.443058550358,0.283160537481,0.163717553020,0.322294354439,-0.321244806051,-0.728861510754,0.012837444432,0.453430593014,-0.083396062255,-0.366445451975,0.178349524736,0.081770285964,0.412975549698,-0.058005165309,0.044039968401,0.193837597966,-0.067879177630,-0.011824936606,-0.220669060946,-0.120504878461,-0.496844917536,-0.421071469784,-0.306975036860,-0.583052158356,-0.387399435043,-0.119492366910,-0.739118218422,0.040014635772,0.084313899279,-0.184161141515,-0.207584649324,0.328838646412,1.370799541473,0.755861639977,0.691818535328,0.627479016781,0.264346837997,0.573787271976,0.294672667980,0.139672562480,-0.109029784799,-0.167812868953,0.124427318573,0.780585825443,0.050411358476,0.506167411804,-0.196331813931,-0.203546971083,0.180465087295,0.649507224560,0.427401721478,-0.480377256870,-0.148550525308,-0.195171147585,-0.602302134037,0.322833538055,-0.254620999098,0.263717085123,0.622095465660,-0.112573564053,-0.202608540654,0.224747881293,-0.320808529854,0.212153285742,-0.589011967182,-0.983330190182,-0.509756445885,-0.802449345589,-0.400800764561,-0.108169570565,-0.610673844814,-0.096097677946,0.294870227575,0.524009764194,0.577495694160,0.493881493807,0.334086388350,0.120274387300,0.014129832387,0.303966343403,0.195772066712,-0.514646112919,0.019990852103,0.029720805585,-0.033770836890,0.661159276962,-0.039030935615,-0.350031316280,0.490502357483,-0.243948504329,-0.021871812642,0.320746779442,-0.114594474435,0.248846396804,0.495161563158,0.106383278966,-0.075485326350,0.683636128902,0.444359153509,0.545009016991,0.086697004735,0.276468098164,0.238968282938,0.315215051174,0.047464385629,-0.529928386211,-0.358242511749,0.011442160234,-0.188264697790,-0.276867359877,0.070324011147,-0.775963664055,-0.409909188747,-0.058902427554,-0.696699976921,-0.047003407031,-0.251752197742,-0.066722609103,0.351047933102,0.037536870688,0.258753329515,0.577137649059,-0.253534406424,0.340486586094,0.796049177647,-0.027374750003,0.163281276822,-0.424545288086,-0.569770157337,0.140610978007,-0.366054475307,0.079708226025,0.245845928788,-0.313367009163,0.505381286144,-0.071385905147,0.499042809010,-0.201246187091,-0.062730208039,0.426496237516,0.155782133341,-0.046402484179,0.600589931011,-0.609225094318,0.184618011117,0.252904653549,-0.035178467631,0.288482367992,0.349940776825,-0.882598042488,0.350010752678,-0.803667664528,-1.186593174934,-0.285691797733,-0.799811124802,-0.120290853083,-0.473837137222,-0.323990106583,0.460094213486,0.136820241809,0.485958397388,0.952621519566,0.326414376497,0.871872007847,1.034696459770,0.152789875865,-0.420009613037,0.198385655880,-0.190223857760,-0.119220718741,-0.177810341120,-0.413716405630,0.424388915300,-0.530776321888,0.021200923249,0.355093866587,-0.696728765965,0.615226030350,0.005087233614,0.066076412797,-0.179576054215,-0.247545778751,-0.125695005059,0.784545302391,-0.138808220625,0.297603160143,0.231032863259,-0.126563459635,0.530706286430,0.408851444721,-0.583731293678,-0.214577540755,0.158420413733,-0.146669551730,-0.656039118767,-0.612748265266,-0.487514227629,0.118269950151,-0.411423861980,0.113824799657,-1.199582934380,0.377200245857,0.168138012290,-0.681998014450,0.558476209641,0.221739187837,0.214655742049,1.016895294189,0.026987858117,0.017373150215,0.346553385258,0.178822845221,-0.104436464608,0.220570281148,0.360353946686,-1.039557218552,-0.439889311790,0.757767319679,-0.203193008900,-0.090425990522,0.090784072876,-0.367972463369,0.555644452572,-0.211054354906,-0.183798953891,-0.322882950306,-0.126073673368,0.482451677322,-0.119899839163,-0.518650889397,0.267425507307,0.697905898094,0.016508813947,0.503973662853,0.282156258821,0.778182148933,0.196352407336,-0.358987480402,-0.401698023081,-0.079613558948,-0.693135559559,0.033968396485,-0.559883832932,-0.285337835550,-0.386852025986,0.472688794136,0.370446115732,0.140586271882,0.487761169672,0.462827146053,0.186894103885,1.028469085693,0.293372035027,-0.168430238962,0.002432487905,-0.300665378571,-0.229983314872,-0.012849791907,-0.632290482521,-0.503183364868,-0.029403882101,0.479401797056,-0.892599642277,0.470490902662,-0.269335269928,-0.044340427965,0.374973565340,-0.291301757097,-0.652231931686,0.505500614643,-0.151155874133,0.299150735140,0.675416707993,0.014072210528,0.350068360567,0.798502266407,0.236231222749,0.313309401274,-0.119331851602,-0.647181749344,0.272245198488,0.000872567587,-0.505578815937,-0.614485144615,-0.651639223099,-0.950571835041,0.287486314774,-0.185206577182,-0.139705479145,-0.320553332567,-0.214149489999,0.665682673454,0.065109178424,0.292890489101,0.757911384106,0.080321490765,0.287284642458,0.978959083557,0.228213474154,0.180744975805,-0.029082842171,-0.394729822874,-0.541650474072,0.069830104709,0.007289232221,0.023818625137,-0.794468700886,-0.178361877799,-0.017023300752,0.362453043461,0.275875419378,0.018155168742,-0.405011296272,0.181218296289,-0.255349487066,0.119624078274,-0.265087693930,-0.113252691925,-0.096398144960,0.405538171530,-0.547573208809,-0.021933550015,-0.113013967872,-0.587583720684,-0.078218273818,-0.012364117429,-0.914170980453,-0.570227026939,-0.877840042114,0.421738266945,-0.564913451672,-0.562538564205,0.869200825691,-0.246010556817,0.719913542271,0.687167525291,0.042274251580,0.724552154541,0.445285230875,0.307917594910,0.124098047614,-0.185395911336,-0.530401766300,0.208148524165,-0.755631208420,0.341840684414,0.423812687397,-0.973966479301,0.160227283835,-0.121665552258,-0.226925194263,0.417959868908,-0.037228178233,-0.195105299354,0.409164249897,-0.097694650292,-0.296965211630,0.845151722431,0.620288550854,0.374035179615,0.273940950632,0.751819908619,0.134272515774,-0.042261905968,0.460719794035,-0.375142335892,0.441539794207,-0.734220385551,0.038146022707,-0.078028947115,-0.658842027187,-0.462872445583,0.059231702238,-0.722877025604,-0.248290762305,-0.319582015276,-0.394659847021,-0.046443648636,-0.292079657316,0.552384674549,0.632409811020,0.250439256430,0.553993999958,0.461851656437,0.350537568331,0.219067990780,0.027041364461,-0.240515857935,-0.044978391379,-0.413424193859,-0.780182480812,0.067496396601,-0.528310894966,0.574128925800,-0.044513296336,0.197167351842,-0.569358587265,0.315511375666,-0.292643517256,-0.649075031281,-0.464452892542,-0.840850591660,-0.116257280111,-0.107910268009,-0.955350399017,-0.162087664008,-0.031638804823,0.783508062363,0.430241674185,-0.400199830532,-0.219063848257,-0.003621978685,-0.477389127016,-0.169039398432,-0.574305891991,-0.806894600391,-0.822127461433,-0.102790109813,-0.392264395952,-0.108009047806,-0.244804605842,0.703849256039,0.870118618011,0.140866160393,0.775074660778,0.156238988042,0.064993940294,0.639645576477,-0.226587682962,-0.906564772129,0.074217632413,0.699091315269,0.165861919522,0.110721416771,-0.255888670683,-0.457517653704,0.435197204351,0.209654957056,0.151312276721,-0.053399492055,-0.079387187958,-0.276081204414,0.308259218931,-0.375121772289,-0.096200585365,0.351574748755,0.419013559818,0.219965249300,0.495577245951,0.293133318424,0.402327746153,0.365202456713,0.020348934457,-0.359736561775,-0.060594055802,-0.115166582167,-0.112544752657,-0.476117312908,-0.680438101292,-0.583723008633,0.240729868412,-0.520568847656,-0.705495595932,-0.326266199350,-0.928609490395,0.313630431890,0.336238980293,-0.160795271397,0.427216500044,0.901436448097,0.328085422516,1.023176074028,0.384444236755,-0.194422051311,0.086948066950,0.576083958149,-0.418754249811,-0.253744304180,-0.399471342564,-0.350825697184,0.268870204687,-0.151090025902,-0.015125877224,0.246776103973,0.092286378145,0.553849935532,0.007548533380,-0.146101564169,-0.161807790399,-0.137750446796,-0.179250910878,-0.015640363097,0.442601680756,-0.295071899891,-0.013100861572,0.267199128866,-0.192401170731,0.143821358681,0.008104177192,-1.057588934898,-0.087977044284,-0.727453887463,-1.070376992226,-0.244508266449,-0.585949718952,-0.673148870468,0.256571918726,0.216260939837,0.786665022373,0.078638099134,0.133951470256,0.526343464851,0.237910509109,0.356295704842,0.616773545742,-0.261943161488,-0.182498335838,0.113507874310,-0.056519329548,-0.269001871347,0.288692265749,-0.638410806656,0.053477693349,0.208518967032,0.290194571018,-0.360547393560,-0.092961378396,0.168759509921,-0.303460061550,0.896143376827,-0.285132050514,-0.073180437088,1.085288882256,0.058334436268,0.610801398754,0.614299893379,-0.330254495144,0.708553731441,-0.043299108744,-0.607302904129,0.049472939223,-0.654841423035,-1.031296610832,-0.261239349842,-0.455521464348,-0.624276876450,-0.646247446537,-1.141882300377,-0.124530211091,0.304682493210,-0.518700301647,-0.056935038418,-0.975662291050,0.203571677208,1.152344942093,-0.245858266950,0.686459600925,0.161741927266,0.444894224405,-0.052942626178,0.628306269646,-0.450495958328,-0.633438766003,0.546540141106,-0.426911920309,0.140882626176,-0.240334749222,-0.282983571291,0.402669370174,0.579286098480,-0.183626100421,0.419400453568,0.618922054768,0.077230460942,0.105395458639,-0.269248843193,-0.286749571562,0.531101465225,0.293207406998,-0.026987858117,0.562674403191,-0.212523713708,-0.257716149092,0.849498093128,-0.208510741591,0.170698091388,0.186980545521,-0.786360383034,-0.524042665958,0.160803496838,-0.737858831882,-0.254102379084,-0.279892534018,-0.060598172247,-0.136947840452,-0.586394250393,0.112260758877,0.417770534754,-0.093233026564,1.160202026367,-0.821386575699,0.147286936641,-0.136289298534,-0.658315241337,-0.065607205033,-0.496840804815,-0.296924054623,0.109927050769,-0.779968440533,0.013376625255,0.603816747665,-0.505154907703,0.150188639760,0.127020329237,-0.469820022583,0.149912878871,-0.035734113306,0.064833417535,0.493313491344,-0.444305628538,0.450985729694,0.922052919865,0.029082842171,1.070611715317,0.449829190969,0.068101435900,0.836154401302,0.494610011578,-0.434909075499,0.530340015888,-0.200077295303,-0.549157798290,0.057988703251,-0.918031692505,-0.398689299822,0.133465796709,-0.941553890705,0.007988932543,-0.384674698114,-0.698358654976,0.804795444012,-0.260313272476,0.699432909489,0.137429401278,0.504245281219,0.906350731850,-0.611879765987,0.113203302026,0.193800568581,-0.405167728662,0.279341012239,-1.167520165443,-0.041521046311,0.047731917351,-0.760265648365,0.104724578559,-0.093673422933,-0.502179145813,0.474866122007,-0.619868695736,0.232284083962,0.541588723660,-0.001280040247,-0.156473591924,0.606068193913,-0.438917964697,0.215421289206,0.406558901072,-0.036454390734,0.654248714447,0.002239041263,0.209938928485,0.413395345211,-0.751153171062,0.032770674676,-0.360493898392,-0.483192533255,0.192713961005,-0.984840691090,-0.241495415568,0.335300564766,-0.417363077402,1.120467305183,0.122575171292,0.947851240635,0.782796025276,0.482505202293,1.703264236450,-0.361090719700,0.200283080339,0.358024358749,-0.836397230625,0.430381625891,-0.516613543034,-1.001538872719,-0.027164839208,0.115355901420,-0.638637185097,-0.218956843019,-0.224846661091,-0.524643599987,0.213153451681,0.107967898250,0.162054732442,-0.121595583856,-0.748506605625,0.167096689343,0.753112256527,-0.059025902301,0.325356602669,-0.029206318781,-0.023888597265,0.164087980986,-0.333263188601,-0.367713153362,-0.292388349771,0.239071175456,-0.669345796108,-0.551561474800,-0.461394816637,-0.118134133518,-0.529994249344,-0.145278394222,-0.276344627142,0.251250088215,0.084276854992,0.261428654194,-0.344520151615,0.056107740849,0.596231222153,0.637657582760,-0.117664918303,0.179201513529,0.517412006855,0.367202788591,-0.121105797589,-0.072184391320,0.097962170839,-0.520573019981,0.142438426614,0.228127032518,-0.729108452797,0.285765886307,0.011433928274,0.281151980162,0.590501904488,-0.591045200825,0.255184859037,0.144928544760,0.374829530716,-0.105107352138,0.106054008007,0.130206018686,0.169685587287,-0.048246402293,0.254513978958,-0.593432366848,0.650532066822,0.486678689718,-0.056782748550,-0.116072073579,-0.533826172352,0.171154960990,-0.195442795753,-0.016529392451,-0.406398355961,-0.585105955601,-0.513073861599,0.035174351186,0.055564448237,0.288729339838,0.393910765648,0.295524656773,0.544819712639,0.799736976624,0.575590014458,0.473952382803,0.031782865524,0.137445852160,-0.390708625317,0.432793527842,-0.008989091963,-0.818418979645,0.648157179356,-0.446059018373,-0.766777038574,0.480204373598,-0.165936008096,-0.168487861753,0.219660654664,-0.570482254028,-0.009441840462,-0.353529810905,-0.064681127667,0.411695480347,-0.188676282763,0.035499505699,0.356332719326,1.033222913742,0.645016789436,-0.364338129759,-0.203900933266,-0.241367846727,-0.132025241852,-0.384300202131,-0.474133491516,-0.636048316956,-0.512090146542,-0.788978099823,-0.703631103039,0.073575556278,-0.609311461449,-0.103991948068,0.056367043406,0.615970969200,0.304991185665,0.283814966679,0.381777137518,1.249298691750,0.321767538786,0.730207383633,0.548157691956,0.349603295326,0.069611966610,0.243890866637,-0.356443852186,-0.494745820761,-0.253645509481,0.235934868455,0.077049359679,-0.078489921987,-0.198422685266,0.317836880684,-0.099732004106,0.446071356535,-0.075831063092,-1.108008503914,0.941393435001,0.020978664979,-0.420594066381,0.448829025030,-0.133766263723,0.312597334385,0.283053517342,0.315988838673,0.098390221596,-0.270940482616,-0.254279375076,-0.687295198441,-0.415379196405,-0.597601771355,-0.744991600513,-0.390045940876,-0.066541507840,-0.657685518265,-0.084198653698,0.553257226944,-0.059223465621,0.555924355984,1.153777241707,0.433793693781,1.251430630684,0.393083482981,-0.040957171470,0.034165959805,0.025897147134,-0.130564093590,0.486719846725,-0.368775069714,-0.352632552385,0.279476821423,-0.174875721335,-0.278205007315,0.243919685483,-0.205522596836,0.044830217957,0.505072593689,0.141903355718,-0.008408753201,0.298767954111,-0.028033291921,0.451636046171,0.165059328079,0.358719944954,0.457208961248,-0.094578921795,0.533554553986,-0.356394499540,-0.726128518581,-0.258317053318,-0.389556139708,-0.047196850181,-0.470573246479,-0.920176029205,-0.633916258812,-0.285934656858,-0.497215360403,-0.556755721569,-0.611031949520,-0.522548615932,0.158198148012,0.007132828701,0.083313740790,0.872300028801,0.198262169957,-0.251439422369,0.740077316761,0.067809201777,0.539534926414,0.076152101159,-1.296232104301,0.548100054264,0.130420044065,-0.175978764892,-0.000074085925,0.433324456215,0.622860968113,0.609611928463,-0.078671023250,0.084569089115,0.739842653275,-0.067397616804,-0.322689473629,0.148743972182,-0.437465071678,0.112334847450,-0.110256329179,-0.262457638979,0.826864838600,0.039858229458,0.082037821412,0.363589048386,-0.143031105399,-0.228304028511,-0.473339140415,-0.491518974304,-0.430920809507,-0.622420608997,0.038998007774,-0.621543884277,-0.225595757365,0.402739346027,0.153073877096,0.217133507133,0.681512355804,0.875617504120,0.223085075617,0.180098786950,-0.492424458265,-0.001407632604,0.566461026669,-0.180786132813,0.088981315494,-0.928358376026,-0.229213625193,0.304217398167,-0.305065274239,-0.167520627379,0.265589833260,-0.406418919563,0.638867676258,-0.440486103296,0.344219684601,-0.124098047614,-0.196702256799,0.124563142657,0.292199015617,-0.160708844662,0.613126933575,0.066183432937,0.203341171145,0.634780585766,0.558863043785,0.116697683930,0.423944383860,0.655738651752,-0.286831915379,-0.062314495444,0.251373559237,0.503545582294,-0.278414905071,-0.502384901047,-0.308633744717,-0.746024727821,0.134029671550,0.216018095613,-1.365226626396,-0.018278645352,-0.125258713961,0.272039413452,0.404204577208,0.434209376574,0.329711198807,0.617057561874,0.346623361111,-0.200809895992,0.277019619942,0.332859843969,-0.498425424099,-0.765822112560,-0.369569420815,0.090915784240,-0.500166475773,0.135787159204,0.074250563979,0.504488110542,-0.875971496105,0.128860130906,0.225912690163,-0.149768829346,-0.178328946233,-0.159535825253,-0.524660050869,0.183844238520,0.184247583151,0.633014857769,0.632109344006,0.169648543000,0.708039224148,0.145714670420,0.393610298634,0.040891315788,0.004663297441,-0.347162544727,-1.112219095230,-0.280184745789,-0.623198509216,-0.190528422594,-0.240878045559,-0.608101427555,0.532636642456,0.563151836395,0.007173987105,0.983795285225,0.431863367558,0.473779499531,0.758890926838,-0.233794614673,-0.078671023250,0.323031097651,-0.381768912077,-0.222698181868,-0.113923579454,0.508373498917,-0.355620682240,-0.337185651064,-0.567880988121,-0.336111396551,0.418721318245,-0.134568855166,-0.848403215408,0.165442109108,-0.641839325428,-0.048007681966,0.997007250786,-0.419626832008,0.200809895992,0.847872257233,0.802951514721,0.054300867021,0.294067621231,-0.133177682757,-0.202983096242,0.315330296755,-0.265672117472,-0.386703878641,-0.305452167988,-0.429249733686,-0.387358278036,-0.269392907619,-0.162379890680,-0.299043744802,0.059239927679,0.324702173471,-1.152377843857,0.565378546715,0.094414286315,-0.105420157313,1.149805307388,0.077032901347,0.359493732452,1.387242555618,0.098081536591,0.593177258968,0.391815781593,-0.601775288582,-0.190763041377,-0.192965030670,0.479652881622,-0.181284159422,0.120393745601,-0.197513088584,-0.474018216133,0.076654240489,-0.113532572985,0.602878332138,0.412555724382,-0.722284317017,0.068319573998,0.024765279144,-0.188758611679,0.138849377632,-0.372541099787,-0.156247228384,-0.030190015212,0.608821690083,0.364375174046,-0.438757449389,-0.294380426407,-0.293516099453,0.030774472281,-0.156094938517,-0.743398785591,-0.551425695419,-0.146706596017,-0.184403985739,0.069068662822,0.160202577710,0.379237651825,0.875333487988,0.644790410995,0.749626100063,0.625919103622,0.036207441241,0.091261513531,-0.030251754448,0.139721944928,-0.628318667412,-0.247451111674,-1.028744935989,0.378509104252,0.083610087633,-0.324525177479,0.420812189579,-0.215087920427,0.403105646372,0.024337228388,-0.354958027601,0.131197944283,0.123023800552,0.166450500488,0.328036010265,-0.061384309083,0.010742459446,0.079971641302,0.371063500643,0.842130661011,-0.092150546610,0.424500018358,-0.342223495245,-0.223426699638,0.492395669222,-0.798341751099,-0.118817366660,-0.084462068975,-0.976983487606,-0.176880151033,-0.524050891399,0.054395537823,-0.227583736181,-0.128123372793,-0.270660579205,0.364856749773,0.354192495346,-0.351299017668,0.699013054371,-0.373956948519,0.449405252934,0.743719816208,0.172714874148,0.400290399790,0.239075288177,-0.377825915813,-0.047447919846,0.310350090265,-0.044114056975,-0.126114830375,-0.639904856682,-0.094080902636,0.610752046108,0.020818145946,0.132749632001,-0.201628983021,-0.239429250360,0.100728049874,-0.558871328831,-0.425808876753,0.223319679499,0.403710663319,-0.324623972178,-0.008659821935,-0.223023340106,0.300212651491,0.618156492710,0.039487801492,-0.095636703074,0.044603843242,-0.292487114668,-0.371882557869,-0.155168861151,-0.437288075686,-0.456369310617,-0.589859783649,-0.116763539612,0.481249839067,0.296755313873,0.509970486164,0.141804575920,0.413654655218,0.880741775036,0.915397524834,0.813829839230,0.181905642152,-0.107243500650,0.490181326866,-0.293186813593,0.194117486477,-0.058169804513,-0.496853142977,-0.004716804251,0.060021948069,-0.464946806431,0.138450145721,-0.027263620868,-0.634175539017,-0.028354329988,-0.254007726908,-0.717143595219,-0.037047080696,0.197891756892,-0.039100907743,0.492403894663,0.055667344481,-0.402809292078,0.307456612587,0.437872529030,0.038701664656,-0.285136163235,-0.351899951696,-0.862837612629,-0.139660209417,-0.365589380264,-1.262366652489,0.041636291891,-0.301686137915,-1.266898155212,0.156391277909,-0.311593085527,-0.628096401691,0.430752038956,0.171352520585,0.193084388971,0.824329435825,0.243075922132,0.641802251339,0.682294309139,0.876074373722,0.578277707100,0.140084147453,0.200455933809,-0.011219901964,0.687175750732,0.495033919811,-0.205020457506,0.212235599756,0.081243455410,0.415729075670,0.902444779873,0.312519133091,0.391354799271,-0.540650308132,0.721531152725,0.038969200104,0.567045509815,-0.094657123089,-0.294030576944,0.114351630211,-0.059914939106,0.358320713043,-0.167051419616,-0.401434570551,0.172817781568,-0.695242941380,0.552001893520,-0.669111192226,-1.536834359169,-0.299047857523,-1.025065183640,-0.522174060345,-0.057519488037,-0.749259769917,-0.579113245010,0.131691858172,-0.032758329064,0.311823546886,0.413407742977,0.173192322254,0.805289387703,-0.137421160936,-0.149513646960,0.346458733082,-0.345121055841,-0.224887832999,0.094105593860,-0.464498192072,-0.184506878257,0.298755615950,-0.310535281897,0.477891266346,-0.105090886354,0.016039602458,0.411942452192,-0.075929842889,0.354517638683,0.172006949782,-0.404216915369,0.921752452850,0.255913376808,-0.042014952749,0.098328493536,0.639682590961,-0.326443195343,0.892714917660,-0.229785755277,0.225427016616,-0.248060271144,-0.187886029482,-0.153567776084,-0.887339532375,-0.121883697808,-0.620053946972,-0.532142758369,-0.463353961706,-0.909960389137,0.123311907053,-0.075123131275,-0.223027452826,0.392429053783,-0.068591222167,-0.153596594930,0.936874151230,0.451652497053,0.521223306656,0.544692099094,-0.211931020021,0.618284106255,-0.109219126403,-0.657825410366,-0.305394530296,0.151402816176,-0.174418851733,-0.244541198015,0.413148403168,0.136486858130,-0.095348589122,0.016191890463,0.176555007696,-0.232510447502,-0.021542541683,-0.190483152866,-0.638085663319,-0.549594104290,0.851181507111,-0.100110664964,-0.165001705289,0.373269617558,0.283370435238,0.254571616650,0.015928473324,-0.334555596113,-0.015994329005,0.262795150280,-0.672860741615,-0.425915896893,-0.660640656948,-0.838467478752,0.226291343570,-0.175353169441,-0.474182873964,1.078337192535,-0.614818572998,-0.134766414762,1.331834435463,-0.342264652252,0.494494765997,0.338803172112,-0.039837650955,0.177155926824,-0.002951089526,-0.204110831022,-0.355567157269,0.286539673805,0.174809873104,-0.019472252578,-0.343618780375,-0.154703766108,0.316783189774,0.274648904800,-0.169088780880,-0.288572937250,-0.220940694213,0.380332469940,-0.312461525202,0.195603311062,0.264647275209,-0.062273338437,0.407917112112,0.756763041019,0.271438479424,0.606866657734,0.183992400765,0.380604088306,0.473952382803,-1.056757569313,0.053259551525,-0.566868484020,-0.883054912090,0.003449111478,-0.880190193653,-1.269804000854,-0.374689579010,-0.912956774235,-0.418412625790,-0.220928356051,-0.222517088056,0.130210131407,0.065664827824,0.140717998147,0.588040590286,0.293861836195,-0.138507753611,0.296212017536,-0.503508567810,0.152542918921,0.217779710889,-0.790562748909,-0.058445565403,0.146266192198,-0.257995992899,0.098060958087,0.216297984123,-0.104284174740,-0.713990807533,0.594304978848,0.111816242337,0.363189816475,0.364729136229,-0.283386915922,0.443918794394,0.282641947269,0.233222499490,0.799617648125,0.017632450908,0.011351609603,0.073801934719,0.187762558460,-0.516321301460,0.029745500535,-0.540181100368,-0.473565489054,-0.594938814640,-0.100419364870,-0.512901008129,-0.164655968547,-0.111116543412,0.120529577136,-0.298977881670,0.334979534149,0.238091588020,-0.138219639659,0.913335442543,0.334576189518,-0.310827493668,0.386419862509,-0.218076050282,0.138145551085,-0.001222417806,-0.396145671606,-0.829103827477,-0.168051570654,-0.558159232140,-0.159432917833,-0.189948081970,-0.186873525381,-0.100324690342,0.321681112051,-0.169138178229,-0.221751525998,0.696259558201,-0.142697721720,0.266655832529,-0.317429393530,0.002996364143,0.403270304203,0.384551227093,0.879626333714,0.053782269359,0.766155481339,-0.294771432877,0.340021491051,0.645251393318,-0.222768157721,0.154761388898,-0.855544328690,-0.499643713236,-0.315515488386,-0.269364088774,-0.770217895508,-0.218849822879,0.302143007517,-0.156531214714,0.546165585518,1.151780962944,0.104683414102,0.605183243752,0.284160673618,0.586727619171,0.477574348450,-0.156374812126,0.172681957483,-0.044122282416,-0.762282431126,0.364185839891,-0.357118874788,0.184095293283,-0.517300903797,-0.628507971764,0.880729377270,-0.448293924332,-0.507570922375,0.069081008434,-0.584480345249,0.000259300752,-0.142763584852,-0.699634611607,0.022802000865,0.091158613563,0.528384983540,0.144179448485,-0.790603876114,0.417782872915,-0.164458408952,0.019056547433,-0.390432834625,-0.478237032890,-0.249043971300,-0.576145708561,-0.193216100335,-0.724720895290,-0.229332983494,-0.280579864979,0.123381882906,0.460460484028,-0.152094289660,0.243767395616,0.049954492599,0.182757630944,0.954000413418,0.155913829803,0.682430207729,0.358291924000,-0.234955281019,0.905338227749,0.189388319850,-0.494737595320,0.561102151871,0.044365122914,-0.358197242022,-0.021102141589,-0.591732561588,0.136659726501,0.169813185930,-0.587484955788,-0.223303213716,-0.097616441548,0.002370749600,0.590584218502,-0.682631850243,0.049349460751,0.457575291395,-0.193051472306,0.555784404278,-0.024876408279,-0.115800425410,0.760389149189,-0.352455556393,0.285403698683,-0.367141038179,-0.697844147682,0.032848879695,-0.614217638969,-0.080284453928,-0.633796870708,-0.950077950954,-0.723926544189,-0.563542842865,-0.472602367401,-0.658525109291,0.143755510449,0.281929880381,0.941582739353,0.380431264639,0.571054339409,0.786656737328,0.380530029535,0.886084198952,0.026053551584,0.329863488674,0.136927261949,-0.546326100826,-0.131329655647,0.072110302746,-0.904494583607,0.503006398678,0.462633699179,-0.533196449280,0.728042423725,-0.107412241399,-0.206168800592,0.475145995617,-0.554862439632,-0.463835507631,0.308185100555,-0.470980703831,0.097776964307,0.448347449303,-0.038030777127,0.167532980442,0.405496984720,-0.131510749459,0.199509277940,-0.539003908634,-0.716900706291,-0.903160989285,-0.418280899525,-0.187066972256,-0.354048401117,-0.756808340549,-0.779503345490,-0.009343058802,0.785792350769,0.421935826540,0.387815147638,0.423549234867,0.074913218617,0.345038771629,0.804482698441,0.184284642339,0.237268418074,-0.031223103404,-0.196549966931,0.069937117398,0.103493921459,0.338095247746,-0.775194048882,0.468605846167,-0.434073567390,-0.233691722155,-0.029445039108,-0.764101743698,0.208531305194,0.444947749376,-0.054827701300,0.545194208622,0.065117411315,0.587900638580,0.263655364513,0.426076412201,0.224175781012,0.775881409645,0.228011786938,-0.570790886879,0.004416344687,-0.842315852642,-0.256929993629,-0.268392741680,-0.661393880844,-0.067183591425,-0.026107057929,-0.718765258789,-0.601705312729,0.045081283897,-0.244067862630,-0.040858387947,-0.682932317257,0.305295765400,-0.042401846498,0.090063787997,-0.034980908036,0.931856930256,0.271718382835,0.303805798292,0.606471538544,0.424672901630,0.206946685910,-0.004889671225,-0.263227283955,0.034182425588,0.237976357341,0.709372818470,-0.191672638059,0.037372235209,0.633726894855,0.099279262125,0.290453881025,0.588863730431,0.104387074709,-0.389889568090,-0.184737384319,0.458221465349,-0.045542266220,-0.129687413573,0.274583011866,-0.233749330044,-0.238869503140,0.817953944206,-0.550289690495,0.288029640913,-0.619263708591,-1.185905814171,-0.232238814235,-0.529553830624,-0.951016306877,-0.152254819870,-0.744184911251,-0.890809178352,0.269532829523,0.107527494431,0.136470392346,0.536324501038,-0.259848177433,0.404928982258,0.391243666410,0.032531954348,0.255917489529,-0.087013922632,0.247916206717,-0.044089362025,-0.328628718853,0.130662873387,0.280365854502,-0.205271527171,0.757565677166,0.027625817806,-0.478080600500,0.099756702781,0.323936611414,0.194043397903,0.494585335255,-0.404200464487,0.154226332903,0.488699615002,0.460802137852,-0.129950836301,0.059853199869,0.840467751026,0.190129190683,0.538452446461,0.099674388766,-0.250533908606,0.490839838982,-0.332456499338,0.161861285567,-0.290182232857,-0.042080808431,-0.710735142231,-0.581376969814,-0.588727951050,-0.823847830296,-0.382065236568,-0.683936595917,-0.507027626038,-0.219808831811,0.079918138683,0.359185069799,-0.039841767401,1.075406670570,0.613880097866,0.470281004906,0.189964562654,0.721897423267,-0.074546910822,0.277361243963,0.103864356875,-0.849370479584,0.342820286751,0.038228340447,0.156070247293,0.432756513357,-0.490901589394,0.770654141903,0.269956767559,-0.660801231861,0.268265128136,0.055930759758,-0.766250133514,0.185288906097,0.461308389902,-0.255435943604,0.128983601928,0.419001221657,0.251743972301,1.028464913368,0.045287083834,0.652499496937,0.363111585379,-0.273982107639,-0.590242564678,-0.197974056005,-0.649083256721,-0.778610169888,-0.114014126360,-0.270965188742,-0.891904056072,0.120208539069,0.418684244156,-0.258325278759,0.043957650661,0.516502439976,0.177036553621,0.422931879759,-0.005033727270,-0.478685647249,-0.281086146832,-0.343112528324,-0.091253280640,-0.188964396715,-0.973357379436,0.073069304228,-0.010248553939,-0.588946104050,0.137367650867,-1.100336551666,-0.127514228225,0.280649840832,-0.202057018876,0.250645041466,-0.558789014816,0.080074541271,0.880408406258,0.370701283216,0.811315000057,0.491473734379,0.311152666807,0.975958585739,0.878198087215,0.185844555497,0.156148448586,-0.347656458616,0.130827516317,0.328538179398,-0.387424141169,0.063874416053,0.092274025083,-0.233271881938,-0.188676282763,-0.043636608869,0.058820113540,-0.301216900349,-0.481574982405,0.251398235559,0.164635390043,0.226237833500,0.709150493145,0.265614509583,-0.020357167348,0.576586067677,0.103185236454,0.121957786381,0.479784578085,-0.674251914024,-0.114746756852,-0.395458310843,0.005861019716,0.150431469083,-0.322792381048,0.347154319286,-0.913438320160,0.002057942329,0.289869427681,-0.765365242958,0.386189371347,-0.368989080191,-0.781392514706,0.561773002148,-0.417992830276,-0.037133511156,0.076892964542,-0.521173894405,0.701992988586,0.220887199044,-0.397915512323,0.325924575329,-0.009565316141,-0.676001131535,0.192853912711,-1.725461363792,0.189906939864,0.012113049626,-0.834668517113,-0.069541990757,-0.120208539069,0.042657032609,0.392416685820,0.644144237041,0.039063863456,0.704116821289,0.416358798742,0.298488080502,0.088894873857,-0.588818490505,0.101102590561,-0.169039398432,0.024382501841,0.188017740846,0.018179863691,-0.252612411976,0.183502614498,0.073233939707,0.227756604552,-0.409044891596,0.022373951972,0.086520016193,0.146233275533,0.144455224276,-0.072974644601,-0.490053713322,0.671774148941,0.391186058521,0.268228113651,-0.099225752056,0.112075552344,0.570856809616,0.110737882555,0.179971173406,-0.009952209890,-0.157831832767,0.107276424766,-0.423635691404,0.038298308849,-0.424903392792,0.107663311064,-0.412304639816,-0.804231584072,-0.276208817959,-0.681347727776,0.212375536561,0.006593647879,-0.192483469844,1.141088008881,-0.256662487984,0.851897597313,0.856042385101,0.377467811108,0.457669913769,0.285473674536,0.136416882277,0.116430148482,-0.391852796078,-0.432999312878,-0.628845453262,-0.569095194340,0.127329006791,-0.076469026506,0.190450221300,-0.583891749382,-0.385802477598,-0.255761086941,-0.092278137803,-0.342655658722,-0.127419561148,-0.188042432070,-0.366774737835,-0.354525864124,0.083264350891,0.145665287971,1.050200939178,0.099180474877,0.163268923759,0.280682772398,-0.124760702252,-0.481064617634,0.189137250185,-0.816509246826,-0.390782713890,-0.395211398602,-0.481513261795,-0.012413508259,0.023777468130,0.140508070588,0.716365635395,0.656117320061,0.136198744178,0.792550683022,1.009289145470,0.434279382229,0.325772285461,0.116162613034,-0.049489401281,-0.080621950328,0.357230007648,-0.188540458679,-0.153057411313,-0.370787709951,-0.113647818565,0.150933623314,-0.789500772953,-0.130913943052,-0.267096221447,-0.866097450256,0.635611951351,-0.724000632763,0.578067779541,-0.052584543824,-0.373335480690,0.420141309500,-0.150554955006,0.787521064281,-0.013142020442,-0.034499347210,1.070134162903,-0.970896065235,0.244936302304,-0.362296670675,-0.786269843578,0.079885207117,-0.012833328918,-0.640180647373,0.116854086518,-0.492811352015,-1.035387873650,-0.023143621162,0.137705162168,-0.196928620338,0.433443814516,0.572968244553,0.128304481506,1.183786153793,0.818036258221,0.399467229843,0.915088832378,0.278941750526,0.542066156864,-0.137515828013,0.287926733494,0.088520333171,-0.097270712256,-0.077806688845,0.157733052969,0.214540511370,0.066582672298,-0.524557173252,0.828498780727,0.332785755396,-0.685459434986,0.380184262991,-0.352130413055,-0.202283397317,0.182383105159,-0.105288445950,0.001950929407,-0.043056271970,-0.291882097721,-0.260724842548,0.591975390911,-0.462790101767,-1.033441066742,-0.250834375620,-1.075624823570,-0.069743670523,-0.894822180271,-0.729557096958,-0.269866228104,-0.922275185585,-0.197010949254,0.093656964600,-0.225739821792,0.158008813858,0.176744341850,0.178057298064,0.556335926056,0.533229351044,0.159375295043,0.195125862956,-0.291511654854,0.535085618496,1.014104723930,-0.178514152765,-0.262330025434,0.176480904222,0.331765025854,0.474343389273,0.015348134562,0.180074080825,-0.138590067625,-0.381344974041,0.240766927600,0.398965090513,-0.291882097721,0.482953816652,0.092356339097,-0.554685473442,0.611221253872,0.212729498744,0.271269738674,-0.368692725897,0.058725446463,0.456381678581,-0.712015151978,0.150591999292,0.129539251328,-0.128469109535,-0.148204788566,-0.891068458557,-0.285732954741,-0.075958654284,-0.344293773174,-0.387506455183,-0.980461418629,0.007997164503,-0.005836324301,-0.619868695736,0.606027007103,0.208165004849,0.070579193532,1.304044008255,0.140137642622,1.062960267067,0.773370683193,-0.042373035103,0.210037708282,0.403155058622,-0.777803480625,0.926843822002,-0.167508274317,-0.071929208934,0.086268946528,0.139973014593,0.163783401251,0.498067349195,-0.160371333361,0.328735709190,-0.226200804114,-0.595794916153,0.272442758083,0.073238059878,-0.287218809128,0.195969626307,-0.287074744701,0.300591319799,0.341437339783,0.095990665257,0.393968403339,-0.292367756367,-0.428994566202,-0.309596866369,-0.324895590544,-0.518008828163,-0.644292354584,-0.778704881668,-0.646021068096,-0.122192390263,-0.841229259968,-0.644963264465,0.166516363621,0.147225201130,0.463411599398,-0.251974493265,0.535645425320,0.633097171783,0.813298881054,-0.323220431805,-0.533319890499,-0.105625957251,0.007910730317,0.104312986135,-0.332975089550,-0.571511209011,-0.000773786393,-0.067521095276,0.168084517121,0.280258834362,-0.310066074133,0.483772873878,0.454360753298,0.098871789873,-0.018208675086,0.246212229133,0.104761615396,0.774243175983,0.649009227753,0.351673543453,0.415379196405,0.575878143311,0.531212568283,0.635196268559,-0.629586338997,-0.437535047531,0.700589418411,-0.230444282293,-0.730787694454,-0.544510960579,-1.392292737961,0.083980515599,-0.221344053745,-0.351978123188,-0.566679179668,-0.890747487545,0.092858485878,-0.285477787256,0.237494781613,0.419705033302,-0.369775235653,0.079724691808,0.372104793787,-0.528154432774,0.478080600500,0.487184971571,0.064714059234,0.067661032081,-0.781779468060,-0.093718700111,0.201130956411,-0.241841152310,0.218911558390,-0.125625044107,0.104168929160,-0.276402264833,0.279332756996,0.578001916409,0.383974999189,-0.753276884556,0.603623330593,0.280715703964,0.220578506589,0.581253468990,-0.264141023159,0.324772119522,0.381719529629,-0.513353765011,0.013858184218,-0.144496366382,-0.676441550255,0.353875547647,-0.643716216087,-0.562888443470,0.477022856474,-0.218462929130,-0.371322780848,-0.160284906626,-0.076234422624,-0.018303340301,1.046653032303,-0.063857957721,0.856766700745,0.446437686682,-0.132395669818,0.909664094448,-0.041014794260,-0.007519721519,-0.286243319511,-0.161186292768,-0.555944919586,-0.798284053802,0.586962223053,-0.764978349209,-0.582685828209,0.224513292313,-0.449458748102,-0.177077710629,-0.032869458199,-0.307789981365,0.405612200499,-0.128897160292,-0.010750691406,-0.345993638039,-0.201752439141,0.562822580338,-0.168117433786,0.088223993778,0.744069695473,0.303525924683,-0.532550275326,0.244911611080,-0.760850131512,-0.114853769541,0.163108408451,-0.469313770533,-0.315898269415,-0.348533153534,-1.003444433212,0.201172113419,-0.406690567732,-0.372890949249,0.638600111008,-0.152102515101,0.195162907243,0.657039284706,-0.390638619661,0.190116837621,0.871728003025,0.157905921340,-0.163734018803,0.532031595707,0.347866356373,0.089211806655,0.057144943625,0.088141672313,0.246380969882,0.486612856388,0.112594142556,0.554640173912,0.266524136066,-0.356308043003,0.430068820715,0.089849770069,-0.180942535400,-0.591304481030,0.109149150550,0.145089060068,0.646638453007,0.343429446220,0.113758943975,0.287786781788,0.378426820040,0.064178995788,0.164561301470,0.394441694021,0.018949534744,-0.042167238891,-0.122031874955,-0.231802523136,-0.755503594875,-0.336638212204,0.196237176657,-0.867175817490,-0.763755977154,-0.094064436853,-0.061149705201,0.143236920238,-0.083132646978,0.114421606064,-0.238997086883,0.606854319572,0.576347351074,0.062721967697,-0.454825878143,0.266499429941,-0.244430050254,0.349438637495,-0.206761479378,-0.639011681080,-0.182243153453,-0.308427959681,-0.531953454018,-0.166989684105,0.212783008814,-1.220174670219,0.017607755959,0.459390401840,-0.487312555313,0.907824277878,-0.349002361298,-0.245055675507,1.333200931549,0.150505557656,0.181173011661,0.549450039864,-0.018175747246,0.789019227028,0.603298187256,-0.416527569294,0.261963725090,-0.278674215078,0.801074624062,-0.613415062428,-0.360839605331,-0.784862220287,-0.361098945141,0.154909566045,-0.487304329872,-0.513386666775,0.146056294441,0.511518061161,0.804992973804,0.471779197454,0.223813593388,0.464045435190,0.769090175629,-0.333370208740,0.878350377083,-0.072114422917,-0.510797739029,0.124637223780,-0.497470557690,-0.160330176353,-0.225513458252,-0.399533063173,0.074917331338,-0.190532535315,0.056428782642,0.086960420012,-0.437226325274,-0.115796305239,-0.306872159243,-0.547709047794,-0.396314442158,-0.198151051998,-0.131383165717,0.046406604350,-0.592852056026,0.468416512012,0.088438019156,-0.945682227612,0.312054038048,-0.493803292513,-0.426957190037,0.108416527510,-0.827790915966,-0.861117243767,-0.298385202885,-0.018200444058,-0.237700581551,0.015232889913,0.368149459362,0.510114550591,0.189647614956,1.041738629341,-0.048089999706,0.393223404884,1.071414232254,-0.079362489283,0.315215051174,0.226147308946,-0.383353531361,0.477512598038,-0.139022246003,-0.426467448473,0.659150719643,-0.304653674364,-0.140627443790,0.373356044292,-0.457830458879,0.068974003196,0.648906290531,-0.307835251093,0.208671241999,0.084437377751,-0.776128292084,0.514185130596,0.161935374141,-0.553393065929,0.866583108902,-0.332139581442,-0.149657681584,0.859129250050,-0.529879033566,0.083120293915,-0.012014267966,-0.775494456291,-0.350479930639,-0.711286664009,-0.483110249043,-0.908083617687,-0.149287253618,-1.005716443062,-1.097743511200,0.004362837877,0.069830104709,0.434859722853,-0.203802153468,-0.049102507532,1.242445707321,0.201604276896,0.005778701976,0.830268621445,0.715097963810,-0.150929495692,0.613069295883,-0.649083256721,0.035614755005,0.508011281490,-0.117796622217,0.517074465752,-0.121801383793,-0.492453277111,0.508295297623,0.075477093458,0.077712021768,-0.151933774352,-0.202328681946,-0.150781318545,0.117154546082,-0.163808107376,-0.351846426725,-0.403282642365,0.338124066591,0.314519464970,0.195578604937,-0.245528995991,0.079494200647,0.009503578767,-0.500693261623,-0.464625775814,-0.955650866032,-0.632179379463,0.008495186456,-1.018776178360,-0.196986258030,-0.426706135273,-0.054041568190,0.499479115009,-0.371890783310,0.118335813284,0.631693661213,-0.299957454205,0.804573178291,0.458028018475,-0.183165103197,1.096652865410,-0.037442207336,-0.115825116634,0.924193143845,-0.974057078362,0.927152514458,0.181831568480,-0.897435784340,0.643572092056,-1.013116836548,-0.356559097767,0.213149338961,-0.175130903721,0.347775787115,0.143290415406,-0.272590935230,1.198912024498,0.233140185475,0.569247484207,0.494317770004,-0.308510273695,0.673930883408,0.406027913094,-0.034174192697,0.338572710752,-0.333287894726,-0.382155805826,-0.418704867363,0.442749857903,-0.182477772236,-0.447800040245,-0.650672018528,-0.762883365154,-1.129032492638,-0.618559896946,-0.351607710123,-0.518626213074,-0.194722518325,0.279620856047,0.608010828495,0.671741247177,0.831861495972,0.577779710293,0.610542118549,0.757940173149,0.597478330135,0.022151691839,-0.521935343742,-0.235568568110,-0.658529222012,-0.263350784779,0.541255354881,0.059404566884,0.080494359136,0.958593726158,-0.138248458505,0.070719137788,1.056074380875,-0.515740990639,-0.188915014267,0.134749948978,-0.310675233603,-0.177382290363,0.162491023540,0.487394869328,0.332588195801,0.106885410845,0.752457857132,0.254316419363,0.318935811520,-0.362029105425,-0.137882143259,-1.069619655609,-1.283230066299,-0.787508666515,-0.395713508129,-0.707364201546,-0.688175916672,-0.224484473467,0.005099581555,0.553277790546,0.772255241871,-0.471400529146,0.437592655420,0.187153398991,0.784734547138,-0.334596753120,-0.602775454521,-0.159626364708,0.024934029207,0.123311907053,-0.277418881655,0.109733611345,-0.155699819326,0.127654179931,0.054835934192,-0.580656707287,-0.237338379025,-0.201439633965,0.149073243141,0.051181029528,-0.144545763731,-0.012997964397,0.622350573540,0.336667060852,0.534497022629,0.674511194229,0.463156402111,0.498890519142,0.595494449139,0.375344008207,-0.249760121107,-0.181885078549,-0.314758181572,-0.555562138557,0.073690801859,-0.702482759953,-0.069307386875,-0.025176865980,-0.649976432323,-0.345783710480,0.389391541481,-0.173089414835,-0.801189899445,0.213062897325,-0.607319355011,-0.106786631048,0.533908486366,0.160622403026,0.669061779976,0.327509194613,0.264350950718,0.484777152538,0.129226446152,-0.150147482753,-0.054531361908,0.031494751573,-0.876897513866,-0.499306231737,0.071377672255,0.300661265850,0.055799048394,-0.397355794907,0.107375204563,0.113631352782,0.354204833508,-0.168701887131,-0.454957544804,-0.619597077370,-0.365029603243,-0.183140411973,-0.096085332334,-0.383472859859,-0.168380841613,0.153975263238,0.222418308258,0.141174852848,-0.216285645962,-0.235910162330,0.047950062901,-1.143306374550,0.028852352872,-0.198138698936,-0.890200018883,-0.075300112367,-0.597634732723,-0.123801700771,0.450635880232,-0.020357167348,0.754478752613,0.581245243549,0.117286257446,0.442506998777,0.431678146124,0.668711900711,0.326019257307,-0.694016396999,0.055626183748,-0.078222393990,-0.495416700840,0.767900645733,-0.073600254953,0.352270334959,-0.009207234718,0.254839122295,-0.307382524014,0.020480643958,-0.132642626762,0.107535719872,0.147398069501,-0.239762648940,0.485538601875,0.162890255451,0.233798727393,0.709681510925,0.441490381956,0.559669792652,1.181810498238,-0.182778224349,-0.398314744234,-0.052551619709,-0.193183168769,0.413238972425,-0.468609958887,-0.533064723015,-0.825959324837,-0.273710459471,-0.289597779512,-0.152781650424,-0.187145173550,-0.407727807760,0.116343721747,0.156551793218,0.054210320115,0.672214567661,0.371047049761,0.400084584951,1.015734553337,0.016393570229,0.204127311707,0.425767689943,-0.182420134544,-0.060861591250,-0.418046325445,-0.338198155165,0.114849656820,-0.696782290936,0.130942761898,-0.368338763714,-0.347438305616,0.161182165146,-0.243137657642,-0.027103103697,-0.130123704672,-0.306699275970,0.031111974269,-0.615794003010,0.130963340402,0.585060656071,-0.441111713648,-0.289573073387,0.159745723009,-0.322520732880,0.451557844877,0.575182557106,-1.208765506744,0.369766980410,-0.475368231535,-0.834763228893,-0.421869963408,-0.151995509863,-0.274093240499,0.507764399052,-0.038886882365,-0.170574620366,0.279353350401,0.768221735954,0.551154017448,1.016306638718,0.635163366795,0.579232633114,-0.163931578398,0.208922311664,0.201497256756,-0.218853935599,-0.445174098015,0.001971508842,0.248163163662,0.048291679472,-0.294754981995,-0.043743625283,0.256469011307,0.069657236338,-0.205781891942,-0.071332402527,0.230695351958,-0.270327210426,-0.114079982042,0.104230672121,0.248294875026,-0.228122919798,0.076860032976,0.658241093159,-0.563810348511,1.070327639580,0.346746832132,-0.200221329927,0.717896759510,-0.522421061993,-0.211165472865,0.089545197785,-0.816636860371,0.117261566222,-0.101954579353,-1.539093971252,0.090072028339,-0.041455194354,-0.409349471331,0.285173207521,-0.324920296669,0.402854591608,0.667588293552,0.499828934669,0.606031119823,0.544449269772,0.441778510809,0.549964547157,0.206325203180,0.065668940544,0.167821094394,0.807931780815,0.529545605183,0.057042047381,-0.738262176514,0.550919413567,0.670506477356,-0.574334740639,0.285523056984,-0.800259709358,-0.669209957123,0.556249499321,-0.841793119907,-0.481916636229,-0.373487740755,-1.125410437584,0.409160137177,0.521754264832,-1.140915036201,-0.191697329283,-0.272109389305,-0.211177811027,-0.174813985825,-0.485752612352,-0.672062277794,-1.378463387489,-0.445272892714,-0.514349818230,-1.020052075386,-0.189713492990,-0.349043518305,-1.044739246368,0.448351562023,-0.119648769498,-0.097937479615,0.871081769466,0.214112445712,0.544366955757,0.720650255680,0.140257000923,0.932684183121,-0.163268923759,0.445202916861,0.646210432053,-0.130415931344,0.127744719386,0.627372026443,-0.345598518848,0.389589101076,-0.056383505464,-0.031865183264,0.180547416210,0.011503897607,0.223340258002,0.295145988464,-0.139977127314,0.360942512751,0.159646943212,0.570720911026,0.907700777054,0.363980054855,0.815723061562,0.950444281101,-0.372261226177,0.675663650036,0.601729989052,-0.108194269240,-0.785705924034,0.041586901993,-0.303583562374,-0.607265889645,-0.172599643469,-1.368671655655,-0.732652187347,-0.199426978827,-0.423446357250,-0.267565429211,-0.581767976284,0.217796161771,0.069443210959,0.302426993847,0.499059289694,0.456064730883,0.750716805458,-0.008046554402,0.574770987034,0.204217866063,-0.068315461278,-0.165219858289,-0.342914938927,0.091644294560,-0.517893612385,-0.691970825195,-0.152077823877,-0.451380848885,0.714995086193,-0.033820226789,-0.435295999050,0.282987684011,0.226151421666,0.110725529492,0.410209655762,0.105897605419,-0.305563300848,0.693073868752,-0.506200313568,-0.483776986599,0.520482420921,-0.356649637222,0.125530377030,0.059766765684,-1.696180939674,-0.559348762035,-0.336638212204,-0.924538850784,-0.699482262135,-0.847575962543,-0.423713892698,-0.611608147621,0.495482593775,-0.095233343542,-0.513275563717,0.791690409184,0.469717115164,1.038141369820,0.741925299168,-0.028704179451,0.264548510313,0.236428782344,0.165475040674,0.021731872112,-0.026127638295,-0.507550358772,0.025662541389,-0.069825984538,-0.290322184563,0.008663938381,0.747683465481,-0.223459631205,0.195010632277,0.039430178702,-0.355859398842,0.167409509420,0.472598254681,0.162268757820,-0.060668144375,0.316676199436,0.447030395269,0.316392183304,1.458245635033,-0.186503082514,0.103032946587,0.372195363045,0.224821984768,0.302101820707,-0.698815524578,-0.943570792675,-1.037268877029,0.044192254543,-0.030593372881,-1.172068119049,-0.366391956806,-0.513777673244,-0.059408683330,0.382192820311,0.127530694008,0.439378947020,0.065376713872,-0.214701026678,0.934433460236,-0.768406867981,0.795151889324,0.171965777874,-0.581521034241,0.982552289963,-0.256917655468,-0.618214130402,0.876267790794,-0.070356935263,0.343812227249,0.238392055035,-0.557377278805,0.237367212772,0.103769689798,-0.210889697075,-0.152530580759,-0.328081279993,0.138108521700,0.781577706337,0.076892964542,0.386576235294,0.063298195601,0.118187636137,-0.040413875133,0.511942028999,-0.598824203014,0.466749608517,-0.290239840746,-0.615172505379,-0.200184300542,-0.502002120018,-0.258321166039,0.352426767349,-0.576902985573,0.238066911697,-0.533970236778,-0.730734229088,0.489823222160,-0.483879864216,-0.431711047888,0.454076766968,-0.054510779679,0.347318947315,-0.159416452050,-0.456941425800,-0.006013307720,0.267721861601,-0.166355833411,-0.407295614481,0.045649278909,-0.512703418732,-0.077321015298,0.080358535051,-0.525092244148,-0.779848992825,0.121739640832,0.575713515282,-0.412617474794,0.206160560250,-0.420836895704,0.473351478577,0.651524007320,0.245920002460,0.799346029758,-0.068401895463,-0.277336537838,1.190918922424,-0.088462710381,0.366367280483,0.638419032097,-0.386267542839,0.731413364410,-0.468033730984,-0.066088765860,0.353418707848,-0.455772489309,-0.276698589325,-0.572811782360,-0.691822648048,-0.380657613277,0.226402491331,0.171122029424,0.262379437685,0.165479153395,0.313325852156,0.509085536003,0.751922786236,0.617444455624,0.413605242968,0.115870393813,0.452743232250,-0.508250057697,-0.613139271736,0.067121848464,0.213128745556,-0.028802961111,0.059824384749,-0.211630567908,0.003716644133,-0.000032927081,0.255444169044,-0.319940090179,-0.298829704523,-0.510929524899,-0.037454552948,-0.191125229001,0.188931465149,-0.222858712077,-0.083622433245,0.547968327999,0.924682915211,0.160774692893,0.408439844847,-0.029375070706,-0.566806733608,-0.210115924478,-0.989466965199,-0.417017340660,-0.335049480200,-0.954280257225,0.096225276589,-0.538942217827,-0.216968864202,0.634784698486,0.535176157951,0.356151640415,0.468651145697,0.098826512694,0.731569707394,0.876210153103,0.025440284982,-0.139458522201,-0.163935691118,-0.907326281071,0.317400574684,-0.007009351626,-0.391194283962,-0.363613724709,-0.706825017929,-0.491444885731,0.505109608173,-0.680450439453,0.303369522095,-0.699066579342,-0.077057600021,0.115594632924,0.225743934512,0.195430442691,-0.042105503380,0.212824165821,0.372578144073,0.240906864405,0.874794304371,-0.414605468512,0.210017144680,-0.099254563451,-0.320059418678,0.594844162464,-0.251390010118,0.222241312265,0.372722178698,-0.363449096680,0.002909930656,-0.090425990522,0.107745639980,-0.111095964909,-0.378649055958,0.110268674791,-0.235597372055,0.102003969252,0.536567330360,-0.088240452111,0.777103722095,1.220038890839,0.427990287542,0.700363099575,-0.200418889523,0.683142244816,0.609949469566,0.063491642475,-0.691349267960,-0.718592345715,-0.296779990196,0.042595293373,0.492165148258,0.188791513443,-0.533529818058,-0.039072096348,-0.066376872361,0.216882452369,-0.860063493252,-0.335164725780,-0.296072065830,0.124073348939,-0.396870106459,0.068570643663,-0.312062263489,-0.395618855953,0.141228362918,0.516350090504,-0.116183198988,0.185087233782,-0.140376374125,-0.118566296995,-0.842464029789,-0.755717635155,-0.921814143658,0.027016669512,-0.384106755257,-0.244018465281,0.372788041830,0.580883085728,0.388103276491,1.253496885300,0.680866122246,0.364749699831,0.296080291271,-0.047694873065,0.887508273125,0.271598994732,-0.182173177600,0.120825923979,-0.317026048899,-0.131951153278,0.219310805202,0.026670934632,0.244895160198,-0.299866914749,0.382925480604,-0.192722201347,-1.202710986137,0.153790041804,0.026996087283,-0.460369974375,0.300332009792,0.009067295119,-0.127934053540,0.468416512012,0.210222929716,-0.427825659513,0.652231931686,-0.900164604187,0.039446640760,0.176847234368,-1.142475008965,-0.306378245354,-0.346195310354,-0.425701856613,-0.353719145060,-0.064421832561,-0.644074261189,-0.052271734923,0.076415523887,-0.287996679544,-0.905828058720,0.396758973598,-0.039397250861,-0.110021717846,0.868752121925,0.309366375208,0.637970387936,0.793423295021,0.057420708239,1.415004134178,0.113647818565,0.134840503335,0.472799926996,-0.144105359912,0.275430887938,-0.402002602816,-0.128497928381,0.251303583384,0.353118240833,0.345726102591,-0.291429340839,0.201102137566,-0.031033771113,0.308646082878,-0.178822845221,-0.102979443967,0.049411199987,-0.362531244755,0.379850894213,0.277163684368,-0.010096265934,0.308987706900,0.372532874346,0.173970222473,-0.354612290859,-0.306024283171,-0.480504900217,-0.408205211163,-0.865768194199,-0.990907490253,-0.872880458832,-0.312852531672,-0.157160952687,-0.595910191536,0.322310835123,0.192462891340,0.787883281708,0.832943975925,0.328723371029,-0.235103458166,0.279999524355,0.138573616743,0.268470942974,0.212029799819,-0.622013092041,-0.256238520145,0.472758769989,-0.194854229689,0.136388078332,0.079473622143,0.141281858087,0.423713892698,-0.335621625185,-0.207736939192,0.127522453666,-0.146167412400,0.361387044191,0.378834277391,-0.221451058984,0.016294788569,0.546700596809,0.570247650146,0.620490252972,-0.170035436749,-0.426965415478,0.448664367199,-0.105856440961,0.124703079462,-0.938030779362,-0.905865132809,0.186453700066,-0.168706014752,-0.290235728025,-0.670403540134,-0.605261445045,-0.405488759279,0.353657394648,-0.241001531482,-0.414453148842,-0.391404211521,0.126723974943,0.935137331486,0.457151323557,1.074525833130,0.050843529403,0.669008255005,1.636805057526,-0.014944778755,0.461275458336,0.057774677873,0.018295109272,0.300290852785,0.630668818951,-0.103032946587,0.124719545245,0.228094115853,-0.271541386843,1.061894178391,0.245899438858,0.111960299313,0.254324644804,-0.340968132019,-0.723230957985,0.308073997498,-0.274677693844,-0.167837560177,-0.128193348646,-0.045850958675,0.259691745043,-0.348133891821,0.485283404589,-0.129884973168,-0.447079747915,-0.388049751520,-1.178649544716,-0.553121447563,-1.142688989639,-0.725412309170,-0.261041790247,-1.018640398979,-0.664130926132,0.142343759537,0.364877313375,0.020365398377,0.746592760086,-0.166462853551,0.746926128864,0.663735806942,0.119146637619,-0.258621633053,0.122422881424,-0.010989412665,0.009120801464,-0.061602450907,0.142636001110,0.170393511653,-0.034079525620,0.115236543119,-0.031659387052,0.408567428589,0.459085822105,-0.174896284938,-0.235840201378,0.236288830638,0.035890515894,0.912187159061,-0.085314065218,0.206695616245,1.348829030991,-0.085787393153,0.958618402481,0.902522981167,0.083889961243,0.224249869585,0.023176547140,-0.159704566002,-0.502269685268,-0.269096553326,-0.839335918427,-0.235663220286,-0.437983661890,-0.981704354286,-0.764406263828,0.073270983994,-0.476936399937,-0.134667634964,-0.157646626234,-0.735944926739,0.350220650434,0.681146025658,-0.765583395958,0.515535175800,0.022810235620,0.255131363869,0.556410014629,0.464691638947,-0.802037775517,-0.282024532557,-0.411642014980,-0.064882807434,0.104596979916,-0.329176127911,-0.548478722572,0.375759720802,-0.022555049509,0.478512793779,0.338292807341,0.051152214408,-0.133276462555,0.627870023251,-0.203378230333,0.091817162931,0.105169087648,0.306086003780,0.383575767279,0.035211395472,0.332419425249,0.651614546776,-0.136441588402,0.394787460566,-1.189951777458,-0.726807653904,0.085112378001,-0.897040665150,-0.075378313661,-1.079617261887,-1.399108648300,0.310605257750,-0.219310805202,0.716266930103,-0.000411588466,-0.156432434916,1.133761644363,0.520124375820,0.299908071756,0.009482998401,-0.005692268722,0.233420059085,0.363477915525,-0.655232429504,-0.150279194117,0.276702702045,-0.434937894344,-0.270479500294,-0.380353033543,-0.203234165907,-0.073098115623,0.124727778137,-0.334485620260,0.244623497128,-0.923863887787,-0.167294263840,0.701264500618,0.318124979734,1.079584240913,-0.287766218185,0.389490306377,0.497622817755,0.226612389088,0.405299425125,-0.099332764745,0.080807171762,0.055827863514,-0.381369650364,0.025378547609,-0.899341464043,-0.540967226028,-0.187408581376,-0.635677874088,0.064915739000,-0.202443912625,-0.341466158628,0.224019393325,-0.062721967697,0.049645807594,0.791567027569,0.343235969543,-0.141849860549,0.603047132492,0.056634575129,0.471404641867,0.211568832397,0.079918138683,-0.077983669937,-0.473775386810,-1.045908093452,0.778289139271,-0.105366647243,-0.373948723078,0.232732713223,0.242866024375,-0.157082751393,0.830457985401,-0.644173026085,-0.070212878287,-0.033614430577,-0.587328553200,0.417136698961,-0.798843860626,-0.827667415142,0.734129786491,-0.337469637394,0.479298889637,0.246306896210,0.167557671666,0.283489793539,0.622029542923,-0.248731166124,-0.131720662117,-0.305802017450,-0.259193718433,0.003712528152,0.013660622761,0.019616307691,0.031198408455,-0.188182368875,-0.032787140459,0.580183327198,0.468605846167,-0.341844797134,-0.070793218911,0.353254050016,0.295635789633,-0.063586302102,-0.671535432339,0.103839658201,-0.067237094045,-0.832462430000,-0.105798825622,-0.457106083632,-0.014179223217,0.508464097977,-0.640094161034,-0.489000052214,0.084890127182,-0.298615664244,0.107268199325,-0.612719476223,-0.325377166271,0.004449271597,0.316375732422,0.213947817683,0.182802915573,-0.076699510217,0.734541356564,0.820579886436,0.362486004829,0.180312797427,-0.536126911640,-0.592613339424,0.307452499866,0.014310931787,-0.198632612824,-0.223858878016,-0.559735655785,1.028781890869,0.367556780577,-0.990195453167,0.488102793694,-0.028321404010,-0.198439165950,0.570560455322,-0.182687669992,0.608759939671,0.864772140980,0.584089338779,1.177916884422,0.214614585042,0.832528233528,0.478467494249,0.120982319117,0.022048793733,-0.273883312941,0.208979934454,0.253900706768,-0.391317754984,0.413008481264,-0.271504342556,-0.323673188686,0.446701079607,0.431365340948,-0.052160605788,-0.015665058047,-1.540151834488,-0.082350626588,0.285560101271,-0.427335858345,-0.677458167076,0.369285434484,-0.342705041170,-0.160531863570,0.539020359516,-0.476808786392,-0.669617414474,0.071303591132,-1.058959603310,-0.514592587948,0.125262841582,-1.186025142670,-0.115759260952,-0.306798040867,-0.939545392990,0.388004481792,0.135560780764,0.975851595402,0.018151052296,0.319952428341,0.327986627817,-0.336169034243,1.443930625916,0.716925442219,-0.504628062248,0.290305733681,-0.774844110012,0.488057494164,0.506657183170,-0.945447564125,-0.183021038771,0.068891681731,0.453010767698,-0.041677448899,-0.759335517883,-0.895822405815,0.040862504393,-0.666016042233,-0.116290219128,0.296714127064,-0.251731634140,0.216865971684,0.333765327930,0.401636272669,0.765237629414,-0.111091852188,0.362617701292,-0.345372140408,-0.178226038814,-0.297953039408,-0.500606834888,-0.737591266632,-0.135947674513,-0.553586542606,0.005404156633,-0.299171328545,-0.505134344101,0.171245500445,-0.509443640709,0.079062029719,1.039178609848,-0.073489129543,-0.092936687171,0.029461504892,1.032531499863,0.916969776154,0.864697992802,0.667530655861,0.130016684532,-0.256526648998,1.064429640770,-0.271360307932,0.149558901787,-0.224134624004,-0.045748062432,0.146146833897,0.292680561543,-0.015689752996,-0.030478127301,0.107613928616,0.471902668476,0.329151421785,-0.310127794743,-0.590464830399,-0.095492646098,-0.152575850487,-0.168035119772,-0.019217066467,-0.694226324558,0.094344310462,-0.453640490770,0.348072141409,0.329900532961,-1.077271103859,-0.021703060716,-0.056511096656,-0.748930513859,-0.473051011562,-0.750778555870,-1.197265625000,-0.244121357799,0.045604001731,-0.331962585449,0.041105344892,0.519111871719,0.315103918314,0.253114581108,0.394589900970,-0.078201815486,0.642827153206,0.151674479246,-1.133016705513,-0.162145286798,0.257234573364,-0.217993721366,0.880334258080,0.074814438820,-0.372380584478,0.611278891563,0.543996512890,-0.059013556689,0.363980054855,-0.385687202215,0.248179644346,0.070332244039,-0.203361749649,0.019620422274,-0.200007304549,0.308868348598,0.313926756382,0.082667544484,0.638583660126,-0.316552698612,0.582953333855,0.214375853539,-0.684525191784,-0.160227283835,-0.350113660097,-0.550779461861,0.045414675027,-0.267199128866,-0.792612433434,-0.057198453695,-0.298743277788,-0.383917421103,-0.377080917358,-1.079707741737,0.224406287074,0.325994551182,-0.528059780598,0.565283894539,0.464263588190,0.077987790108,0.856754422188,0.962763071060,0.406369537115,0.578203618526,0.170105412602,-0.264330357313,0.363070458174,0.225278839469,0.330447942019,0.026930235326,0.287914395332,0.413140177727,0.694366276264,-0.063767403364,-0.229592293501,0.541564047337,-0.292762905359,0.145529463887,0.106584951282,-0.075110785663,0.220084592700,-0.126588165760,0.191199302673,0.284197747707,0.018974229693,0.297627866268,0.047081608325,-0.391634672880,-0.270504176617,-1.065890669823,-0.433871895075,-0.351406037807,-0.921122670174,-0.567362427711,-0.798189401627,-0.532472014427,0.467692106962,-0.062561452389,-0.176147535443,0.107700362802,0.279485046864,1.029378652573,0.323697865009,-0.650750219822,0.388560116291,0.217038840055,-0.295076012611,-0.109087415040,-0.055831979960,-0.846991539001,0.015846157447,0.025662541389,-0.147093489766,0.127621248364,-0.478446930647,0.089108906686,0.033597968519,-0.315824180841,-0.123665884137,0.061100311577,0.329110264778,-0.191944286227,0.739492833614,0.611496984959,0.576688945293,0.501001954079,0.390157073736,-0.123488888144,0.046974591911,0.473697185516,-0.363572597504,-0.366630673409,-0.102386757731,-0.333028614521,-0.567802786827,-0.486102491617,-0.291791528463,-0.401372879744,-0.417717039585,-0.104539357126,0.023571673781,-0.447524279356,0.514502048492,0.315416723490,0.683450937271,1.091684937477,0.541720390320,0.313778579235,0.603800296783,0.555150568485,0.396067500114,0.471120625734,-0.088586188853,-0.730170309544,-0.413588792086,0.121809616685,-0.114676788449,-0.289235591888,0.179539024830,0.034087758511,0.185235396028,0.087244406343,-0.392017453909,-0.294512152672,0.487987577915,-0.244537055492,-0.004329910967,-0.197138547897,-0.353682100773,0.544864952564,-0.486662209034,0.277353018522,0.517951190472,0.002877003746,0.507237553596,-0.269923865795,-0.858108520508,-0.059207003564,-0.391881644726,-1.206756830215,-1.037993311882,0.107004776597,-0.712517261505,0.043035689741,-0.009256625548,0.038351815194,0.342445760965,1.105679035187,0.357048898935,0.066907823086,-0.147657364607,-0.320569813251,0.025666657835,0.154662609100,-0.611155390739,0.261749714613,-0.141516476870,-0.310708165169,0.268804311752,0.378138691187,-0.404776692390,0.421281367540,-0.016587017104,-0.108552344143,-0.205073967576,-0.865801095963,0.221237048507,-0.091858312488,0.603565692902,0.045101866126,0.123604141176,0.451718389988,0.503932476044,0.414481937885,1.036252140999,0.091755419970,-0.010322638787,0.365519374609,-0.204761162400,0.168002188206,0.386181116104,-0.600692808628,-0.733989834785,0.204814672470,-0.636233448982,-0.674474179745,0.338914304972,-0.658076524734,-0.091467313468,-0.136795550585,-0.858396589756,0.332608759403,-0.069085128605,0.666559338570,0.352463781834,0.008005396463,0.182494223118,0.370898842812,0.111845053732,-0.005054306705,-0.326031595469,-0.338259905577,0.130761668086,-0.409106582403,-0.377788841724,-0.353772640228,-0.323545575142,0.368803858757,-0.775967836380,0.109527811408,0.271784216166,-0.551219880581,0.284341782331,-0.020645277575,-0.899732410908,-0.238157436252,-0.318042665720,0.651178240776,0.208300828934,-0.190503746271,-0.143376842141,0.127485424280,1.245779633522,-0.614526331425,-0.187285110354,-0.620980024338,-0.841599702835,0.050617154688,0.044665582478,-0.909927487373,0.459830760956,0.008659821935,0.473314404488,0.902506530285,0.629232347012,0.592633903027,1.133333683014,0.320606857538,0.270574152470,0.284666925669,-0.606846094131,0.088841371238,0.081021189690,-0.501676976681,0.027082521468,0.258255332708,-0.638838887215,0.329007387161,-0.071324169636,-0.257576197386,0.440745443106,-0.754787385464,-0.026000047103,0.095245689154,-0.255703449249,0.520033836365,-0.166409343481,0.197348445654,0.533912599087,-0.193495988846,0.064183108509,0.326171517372,0.328970342875,-0.155119463801,-0.498738229275,-0.202715575695,-0.553109109402,-0.362090855837,-0.627754747868,-0.884985268116,-0.525989532471,0.171241387725,0.046777028590,-0.249644890428,0.526503980160,-0.116784110665,0.095702558756,1.025612592697,-0.101942241192,0.464181274176,0.205827176571,-0.159708693624,0.757936120033,0.280962646008,0.113804221153,0.323105216026,-0.159527584910,-0.404138743877,-0.044015273452,-0.494465976954,0.565275669098,-0.200752288103,-0.627363801003,-0.448195159435,0.362041443586,0.270705848932,0.185712829232,-0.173970222473,0.167096689343,-0.155267640948,0.803066730499,0.033519767225,-0.374405562878,0.865278363228,0.008091829717,-0.097003176808,-0.080379121006,0.164870008826,-0.244915723801,-0.484044522047,-0.205168634653,-0.113656044006,-0.735261678696,-0.595115780830,0.095994777977,-1.362148046494,0.370536684990,0.188470497727,-0.682821214199,1.082399606705,0.240968599916,0.744864046574,0.203781574965,0.543527305126,0.855881750584,0.154691413045,0.245598971844,0.235811382532,-0.238927125931,-0.917015016079,0.149727657437,-0.336560010910,0.054951176047,0.502874732018,-0.458114445210,-0.112832866609,0.136869639158,0.073201015592,0.648577034473,-0.179699540138,0.290289252996,-0.089359976351,-0.517267942429,0.240676373243,0.272364586592,0.449915617704,0.053741108626,-0.083832345903,0.578849852085,0.261753827333,-0.130432397127,-0.046690594405,-0.330205112696,-0.146406143904,0.062705509365,0.021480804309,-1.098743677139,-0.043031577021,-0.313939124346,-0.941269993782,-0.162943765521,-0.654639720917,-0.314832270145,0.732141852379,-0.378328025341,0.890352368355,0.741275012493,-0.500075936317,1.520835995674,0.528014540672,0.290042281151,0.695983827114,-0.285823523998,-0.060054875910,0.012022499926,-0.356456190348,0.541103005409,-0.519823908806,0.159437030554,0.390889734030,-0.967916190624,0.635982394218,-0.201291471720,-0.330884218216,0.357135325670,-0.808265149593,-0.632796704769,0.260724842548,-0.073085762560,-0.549734055996,-0.090022638440,-0.003580819815,0.012652230449,0.658405780792,0.112857565284,-0.169274002314,-0.621012926102,-0.425870627165,-0.283069968224,-0.750338137150,-0.490436494350,-0.620465517044,-0.218364149332,-0.569453299046,-0.448903113604,0.486328840256,0.433534383774,0.621840238571,-0.076436094940,0.501397073269,0.307032674551,0.959556877613,1.022620439529,-0.201312035322,0.463078230619,0.321602880955,-0.036837171763,0.562604427338,-0.515053629875,-0.217964902520,0.804289162159,-0.483587652445,0.520206689835,0.070661514997,-0.478228807449,0.327698528767,0.280534595251,-0.136408656836,0.836154401302,-0.001564036240,0.607586920261,0.354636996984,0.190915331244,0.457986861467,0.116475425661,0.614884376526,0.257954865694,-0.051971279085,-0.058186266571,-0.289655417204,-0.185914516449,-0.478109389544,-0.430949598551,-0.419766753912,-0.206144094467,-0.961956381798,-0.449187070131,-0.832371830940,-0.497445821762,-0.030897948891,0.013664738275,-0.695148229599,-0.052889123559,0.262095451355,0.043517250568,0.625174105167,0.287955522537,0.215437769890,0.280267059803,0.192117154598,-0.223895892501,-0.326895922422,0.028560124338,-0.677400529385,0.015611551702,-0.144253522158,-0.312724918127,0.570675671101,-0.124270915985,0.120052136481,0.089549310505,-0.260292679071,0.331439882517,0.059075295925,-0.096336401999,0.681574046612,0.747716367245,0.035857588053,0.148225367069,0.588863730431,-0.113865949214,0.190339088440,0.436551332474,-0.863442718983,-0.521898329258,-0.488958895206,-0.620872974396,-0.503298640251,-0.818373799324,-0.702416956425,-0.244528830051,-0.366363167763,0.313963800669,0.646901845932,0.349574446678,0.659303009510,1.242672085762,-0.347631752491,0.671514868736,0.709319293499,-0.218364149332,0.335638076067,0.090919896960,-0.269718050957,-0.257061719894,-0.420832782984,-0.431241810322,-0.428039669991,0.352644890547,0.173554524779,0.160260215402,0.186980545521,-0.197706535459,0.046468343586,0.204505965114,0.806598186493,-0.013310771435,-0.344413131475,0.168862417340,0.328480541706,0.466288596392,0.627334952354,0.264955967665,-0.051497951150,0.514049351215,-0.892928898335,-0.000526833290,-0.544325768948,-0.302406400442,-0.257337480783,-0.432892322540,-0.468120157719,-0.457789301872,-0.228435724974,0.011746735312,-0.056383505464,-0.235288679600,0.020546497777,-0.313169449568,0.520074963570,0.836742937565,-0.096612162888,0.631780087948,0.382633239031,0.027457067743,1.173031330109,-0.100798018277,-0.213001161814,0.705236256123,-0.033606201410,-0.417441278696,0.048188783228,-0.362226665020,0.362366646528,0.176769018173,-0.585846841335,0.110766693950,0.341346800327,0.214412897825,-0.323574393988,-0.279933691025,-0.865838170052,0.590843498707,-0.078596942127,0.189133137465,0.268417418003,-0.098571330309,0.716752529144,0.676947832108,-0.164511919022,0.713896155357,-0.281390696764,-0.094200253487,0.139651969075,-1.087239861488,-0.859775424004,-0.383596390486,-0.485559165478,-0.014434408396,-0.132852539420,-0.016455307603,0.183848351240,0.142697721720,0.852469742298,0.177711561322,0.427632212639,0.047484964132,0.081597417593,0.220228657126,-0.728186428547,0.196364745498,0.126942127943,-0.575676441193,0.297467350960,-0.566572129726,-0.407744258642,0.672947168350,-0.525260984898,-0.465160876513,-0.631771862507,-0.573976635933,0.502994060516,0.071546427906,-0.343507647514,0.380937516689,0.753556847572,0.633722782135,0.926493883133,0.700058460236,0.537353456020,0.445919096470,0.358950436115,-0.042187821120,0.104012526572,-0.042072575539,-0.200299531221,-0.146698370576,0.076324969530,-0.549026131630,0.501318871975,-0.686455488205,-0.520774662495,0.409604609013,-0.044072892517,0.084412679076,0.293697208166,0.013339583762,0.505035579205,0.689538300037,0.391046106815,0.548618674278,0.562707304955,0.456764429808,0.439020842314,-0.025732513517,-0.110334530473,-0.941142320633,-0.093056038022,0.253859549761,-0.521593749523,0.017941141501,-0.527751088142,-0.329250216484,0.607023060322,-0.062051080167,-0.768003523350,0.219018593431,-0.332081943750,-0.408312231302,-0.453636378050,-0.440959453583,-0.249410271645,-0.464024841785,-0.145443022251,-0.350698113441,0.062055196613,0.006848832127,-0.032301466912,0.144084781408,-0.961367845535,-0.636735618114,-0.686673641205,-0.729865789413,-0.402109593153,-0.422923654318,-0.388901740313,0.648260116577,0.748070359230,0.116384871304,1.093002080917,0.070443369448,0.973225712776,0.450467139482,0.234259694815,0.315470218658,-0.194924190640,0.273372948170,-0.480727136135,0.037133511156,0.677606344223,-0.363066345453,0.543844223022,-0.047608438879,-0.206765592098,0.593304812908,0.135667800903,-0.931585252285,0.104028992355,0.093014888465,0.149600073695,0.462744802237,-0.132692024112,0.507422745228,0.592349886894,0.080881252885,0.981107592583,0.363679587841,0.226344868541,-0.386922001839,-0.459094047546,-0.222751677036,-0.001489950344,-0.630117297173,-1.074690461159,-0.240976825356,-0.057988703251,-0.005004916340,-0.326282650232,0.179670721292,-0.453940957785,0.389453262091,-0.384230196476,0.244734629989,0.123912826180,0.225031882524,0.097855165601,0.650206923485,0.367614358664,0.442819833755,1.100085496902,-0.206395164132,0.229143664241,0.360588580370,-0.627026259899,0.174266576767,-0.487312555313,0.020270733163,0.137713387609,0.039356090128,-0.068290762603,0.188688620925,0.355538368225,-0.017706537619,0.330089867115,-0.453899800777,-0.587225675583,-0.344421356916,-0.270125538111,-0.141047254205,0.526643931866,-0.526187062263,-0.443922907114,0.397713840008,-0.461551189423,0.346034795046,0.060651682317,-0.603940248489,-0.484303832054,-0.313136518002,-0.112149626017,-0.920435369015,-0.836603045464,-0.005778701976,-0.578117191792,0.253822505474,0.305497437716,-0.269927978516,0.155098900199,0.044249881059,0.862648308277,0.033560924232,0.232996135950,0.300636589527,-0.363930642605,0.047188617289,0.037911415100,-0.212873563170,0.064314819872,0.107280537486,-0.006972309202,0.271957099438,-0.428183764219,-0.268384516239,0.101016163826,-0.493000686169,0.095266267657,0.114960782230,-0.825642406940,0.375652700663,0.460481107235,0.208090901375,0.526042997837,0.211342468858,0.271775990725,0.618679225445,0.311576604843,0.281349539757,0.577047049999,-0.418330311775,-0.324747413397,0.170669287443,-0.804005205631,-0.164993479848,-0.378459721804,-0.390679806471,-0.024596527219,-0.867414474487,0.029066380113,0.299167215824,0.022950174287,0.503549695015,0.385567843914,0.523215413094,0.968920469284,-0.280674517155,1.184362411499,0.616773545742,0.014273888431,0.796419620514,-0.371573865414,-0.327118188143,0.277402430773,0.175678312778,0.010441999882,-0.016216587275,-0.127851724625,0.271183311939,-0.334049344063,-0.017377264798,0.118125893176,-0.752807736397,0.218648150563,0.271467298269,-0.680454552174,0.331645667553,0.263667702675,-0.793933629990,0.391811668873,0.178608819842,0.188598066568,-0.364934921265,-0.958424985409,-0.354093700647,-0.294582098722,-0.623807668686,-0.927255392075,-1.329690098763,-0.282333254814,-0.892574906349,-0.545235395432,0.250570952892,-1.157757282257,0.735199987888,0.533340454102,-0.618107140064,0.751490592957,0.132358625531,0.076032742858,0.571902215481,-0.217837333679,0.203571677208,0.182897582650,-0.213507413864,-0.056272376329,0.349533289671,-0.431925058365,-0.022843161598,0.300035655499,0.121393904090,0.009137264453,-0.055827863514,-0.024497745559,-0.070875540376,0.451990008354,0.518000602722,-0.040862504393,0.133404061198,1.037890434265,0.125468641520,0.341190397739,0.955136418343,-0.285745292902,0.305970758200,0.084511466324,-0.783038854599,0.372648119926,-0.813072502613,-0.647576868534,-0.983577132225,-0.104773968458,0.207930386066,-0.636159420013,-0.700605988503,-0.082996822894,-0.120957627892,0.065364368260,0.352048099041,-0.250134676695,0.324809193611,0.887664675713,-0.028177348897,0.514535009861,0.277925133705,0.576754868031,0.364074736834,0.156333655119,-0.353278726339,-0.098332606256,-0.537744522095,-0.086046688259,0.471240013838,-0.192018374801,0.307012081146,0.386028856039,-0.573960185051,0.883589923382,-0.510192751884,0.297195702791,0.012504057959,-0.206102922559,0.102168612182,-0.446425348520,-0.305271059275,0.192479357123,0.085170008242,-0.001288271975,0.458995252848,-0.651775062084,0.491144418716,0.027300663292,-0.287646830082,-0.359234422445,-0.798403501511,0.030753890052,-0.652458310127,-0.773996233940,-0.400397390127,0.038878649473,0.109005093575,-0.352076888084,0.271874785423,-0.122649259865,0.061396658421,0.512769281864,0.054996453226,0.323455065489,0.009194886312,-1.102863669395,0.267771244049,-0.519700467587,-0.165524423122,0.606780230999,-0.920221328735,-0.241293743253,0.213301628828,-0.579726517200,0.228460431099,-0.253509700298,-0.397878497839,-0.005980380811,-0.189417138696,0.436674803495,0.000967232918,-0.201513722539,0.388321399689,0.087939992547,0.655298292637,0.510797739029,0.862771809101,0.425253212452,0.504409909248,0.184366941452,-0.274636536837,0.549474716187,-0.185712829232,0.031433012336,-0.110544435680,-0.457616448402,-0.304065108299,-0.295820981264,-0.726881682873,-0.246681436896,-0.299311250448,-0.151324629784,0.110696725547,0.024036766961,0.644288241863,1.129275321960,-0.231963038445,0.732425868511,0.610846698284,-0.184992566705,0.489045321941,0.342618614435,-0.731689035892,0.072958171368,-0.539522528648,-0.432620644569,-0.040627900511,-0.985165834427,0.486653983593,-0.363531410694,-0.546424865723,0.333324939013,-0.141895130277,-0.474981337786,0.024901103228,-0.691024124622,0.146089211106,0.164236158133,-0.211194291711,0.421536594629,0.367198675871,-0.652536511421,1.108502507210,-0.563913285732,-0.042747579515,-0.017698304728,-0.752260327339,-0.238820105791,-0.847012042999,-1.238687992096,0.479121953249,-0.654413342476,0.258773922920,0.834047019482,-0.152481198311,0.818645417690,0.720592677593,0.497285336256,1.247162580490,-0.287897914648,-0.004004755989,0.348372608423,-0.174558803439,0.723691940308,-0.862158477306,-0.304139196873,-0.032770674676,0.112898729742,-0.102806575596,0.280122995377,-0.821604669094,0.084293320775,-0.174192488194,-0.799605369568,0.581739187241,-0.213704973459,-0.513337314129,0.853301167488,-0.639485061169,0.481183975935,0.735640347004,-0.436176776886,0.469762414694,0.585468173027,-0.234543696046,-0.419803798199,-0.389086961746,-0.421236127615,-0.053613517433,-0.105794712901,-0.330756634474,-0.479265987873,-0.227748379111,0.033412754536,-0.033898428082,-0.247492283583,-1.014870285988,-0.123785234988,0.084890127182,0.106473825872,0.403797119856,0.402237176895,0.425105065107,0.311609536409,0.818616569042,0.227130994201,0.513407289982,0.284271836281,-0.939495980740,0.189030244946,0.138470709324,-0.454352527857,-0.175484865904,-0.393836677074,-0.010664258152,0.289560735226,-0.122920908034,0.405167728662,0.309732675552,0.277122527361,-0.490860432386,-0.580570280552,0.418326199055,0.220549687743,-0.413922220469,-0.108124293387,-0.219199672341,0.142504274845,0.227102190256,0.532624304295,0.275867193937,-0.368544578552,0.200888112187,-0.388897627592,-0.310815155506,-0.290408611298,-0.814414262772,-0.427508741617,-0.445700913668,-0.120780646801,0.273640483618,0.378599643707,0.004663297441,0.571716964245,0.204189047217,1.031391382217,0.351373076439,0.007688472513,0.412930279970,-0.206415742636,-0.541321158409,-0.066158734262,0.122151233256,-0.397763252258,1.035013318062,-0.326002776623,0.109655402601,-0.154333338141,-0.232123553753,0.184955522418,-0.133494615555,-0.416008979082,0.054169163108,-0.466514974833,-0.068883448839,0.588431596756,-0.332209527493,-0.445211172104,0.701396226883,0.259700000286,0.334094613791,0.068084970117,0.270582377911,-0.068990461528,0.100658074021,-0.280316442251,-0.249673679471,0.033795531839,-0.600960373878,-0.740513563156,-0.258341729641,-0.661620259285,-0.092405728996,-0.504578709602,-0.532258033752,0.262848645449,-0.256234407425,0.598116278648,0.424952745438,0.609509050846,0.865224838257,0.339301198721,0.347570002079,0.516951024532,0.308465003967,0.440296769142,-0.372236520052,-0.386576235294,0.069500833750,-0.447927653790,0.179925903678,0.186647146940,-0.460843265057,0.664538443089,-0.010351450182,0.106086932123,0.473120957613,-0.530027210712,0.056276496500,-0.039121486247,-0.501240670681,0.400109291077,0.328023672104,0.112762898207,-0.149764701724,0.028650674969,-0.154296293855,0.325681746006,-0.248196095228,-0.339939147234,-0.683619678020,-0.582673490047,-0.838582754135,-0.165289819241,-0.136700883508,-0.974106490612,-0.015858504921,0.207144245505,0.071945667267,0.876905739307,0.426570326090,-0.149250224233,1.000464558601,0.903210341930,0.420260637999,0.480978190899,0.008009511977,-0.358744621277,0.973270893097,-0.472079664469,-0.098801814020,0.644271790981,-0.595885455608,-0.486489385366,0.540864348412,0.084511466324,-0.277739912271,0.161379739642,-0.270318984985,0.204872295260,0.705487370491,0.182761743665,0.511575698853,0.531426608562,0.132654964924,0.541074216366,0.017356686294,-0.140162333846,-0.005223058164,-0.835948586464,-0.342618614435,-0.354003161192,-0.841171681881,-0.513156175613,-1.268239974976,-0.672062277794,-0.290565013885,-0.349846094847,-0.451660752296,-0.848242700100,-0.153629526496,-0.321977436543,0.464572280645,-0.421371936798,-0.194022804499,0.540674984455,-0.090335436165,0.748144388199,0.171422496438,-0.611451745033,0.419836729765,0.475833356380,-0.693489551544,0.197171464562,-0.787673354149,-0.155074194074,0.166026562452,0.031317766756,-0.022493312135,0.247924432158,-0.169422164559,0.086437702179,0.570021212101,-0.484995305538,-0.130317151546,0.603252887726,-0.321327149868,0.811775982380,0.246010556817,0.008779183030,0.588184654713,-0.056885648519,0.276912629604,-0.066627942026,-0.016393570229,0.036684881896,-0.895830631256,-0.489444553852,-0.286675512791,-0.578071892262,-0.230847641826,-0.087302036583,-0.471593976021,-0.381155639887,0.639402687550,0.436946481466,0.483546495438,0.446211338043,0.763583064079,0.299504697323,0.225566953421,0.332147806883,-0.201484918594,-0.323545575142,0.586929321289,-0.204765275121,-0.722123742104,0.318256676197,-0.860141754150,-0.220833688974,0.398907452822,-0.508529961109,0.501100778580,0.170636355877,-0.360061705112,0.134675860405,-0.014586696401,-0.085717417300,0.770160257816,-0.108095489442,0.068298995495,0.479475885630,-0.783643960953,1.006967663765,0.834211647511,-0.157589003444,0.228839099407,-0.243771508336,0.083754137158,0.017447236925,0.054346144199,-0.422705501318,-0.612719476223,-0.467305213213,-0.388296723366,0.070731483400,-0.260210365057,-1.200875282288,0.139182761312,-0.101061441004,-0.570309340954,1.097068548203,-0.126188918948,0.787199974060,0.898477077484,-0.419836729765,0.872600495815,0.081070587039,0.646140456200,-0.232008308172,-0.253880143166,-0.166549280286,-0.571251928806,0.156996309757,0.220961287618,-0.132996588945,0.436012148857,0.043558407575,-0.100024238229,0.202670291066,-0.080905951560,-0.287247598171,-0.149908751249,-0.346401095390,0.299356549978,0.048818510026,0.239025905728,-0.516148447990,0.889804899693,0.599676191807,0.482702761889,0.231839567423,-0.721053659916,0.405809789896,-0.089454643428,-0.797983586788,-0.312729030848,-1.102592110634,-0.126847460866,-0.013401321135,-0.457669913769,-0.369964569807,0.152147799730,0.442062497139,0.618333518505,0.473372042179,0.100464634597,0.631356179714,0.091685444117,0.243154138327,0.146035715938,0.019933231175,0.179275587201,-0.254752695560,-0.665962517262,0.006042119116,0.020410673693,0.048139389604,0.187066972256,-0.464819222689,-0.227295637131,0.177814453840,-0.095208652318,-0.108593508601,0.328019559383,0.322298467159,0.113067470491,0.548462212086,0.337963551283,0.826399743557,1.311028718948,0.081008844078,0.249780714512,0.380801647902,-0.500615060329,-0.087721846998,-0.237519487739,0.058523766696,-0.794299900532,-0.762340128422,-0.224821984768,-0.306962698698,-0.256160348654,-0.393042296171,-0.807750642300,0.091228589416,-0.201373800635,0.572593688965,-0.041376989335,-0.079029105604,0.496351003647,0.498771190643,0.516276001930,0.832836925983,0.281485378742,-0.060688722879,0.227727785707,-0.443700611591,-0.119871027768,0.060289483517,-0.446421235800,-0.447108596563,0.014105137438,-0.412284076214,-0.087528415024,0.219697698951,0.006931149866,-0.202851384878,-0.422717839479,-0.604141950607,0.099974840879,0.351718842983,0.423532783985,-0.965808868408,-0.297088682652,0.169870793819,0.271500229836,0.215812310576,0.426907807589,-0.525306284428,-0.005511170253,-0.800535500050,-0.802371144295,-0.129366382957,-0.416992634535,-0.781330764294,-0.294845551252,0.287362873554,-0.108679935336,0.435135453939,0.835800409317,0.143385082483,1.034461855888,0.356937766075,-0.158901959658,1.218376040459,0.349043518305,-0.331011801958,0.406682342291,-0.786471486092,0.159548163414,0.619786441326,-0.506126224995,-0.040138106793,-0.275496780872,-0.468395918608,0.743444025517,0.065541349351,-0.040039330721,0.334012269974,-0.393972516060,0.196274191141,0.676762580872,0.197821766138,0.249669566751,0.010800082237,0.514362156391,0.518012940884,-0.153382569551,0.671086788177,0.246257513762,0.121920734644,-0.110947787762,-0.497203022242,0.294894933701,-0.352562576532,-0.263536006212,-0.564135491848,-1.052477121353,0.189363643527,-0.545000791550,-0.262642860413,-0.475273579359,-0.232374623418,0.050892919302,0.122394062579,0.104683414102,0.184082955122,0.574964404106,0.455998897552,0.039882924408,0.664880037308,-0.284564048052,0.291301757097,-0.054115653038,-0.086627028883,0.246500343084,0.440140396357,-0.180901378393,0.003552008653,-0.260280311108,1.251883506775,-0.129016533494,-0.279888421297,-0.081296958029,-0.977053463459,0.033206958324,-0.286584943533,-0.495573133230,0.588295817375,0.291486948729,0.524330794811,0.293462604284,0.348487854004,-0.113388508558,0.629862129688,0.632611513138,-0.209918364882,0.269392907619,-1.026674628258,-0.577684998512,-0.151727974415,-0.707388937473,0.378044039011,-0.312424480915,-0.297903627157,0.225797459483,0.748769998550,0.227015748620,0.660760045052,0.029675528407,0.150633156300,0.533657431602,0.524297893047,0.377554237843,-0.531471908092,0.074546910822,0.128156304359,0.565106868744,-0.004329910967,-0.543082773685,-0.487172573805,-0.620605468750,-0.195150569081,-0.282003968954,-0.542477726936,-0.382764935493,-0.134507119656,0.271841853857,-0.551528573036,0.131148561835,0.343898653984,-0.086009643972,0.324249416590,0.419198781252,-0.306057214737,0.112236067653,0.681977450848,-0.588373959064,-0.290688484907,0.095566727221,-0.415366858244,0.259453058243,-0.083758257329,-0.525927782059,-0.261914342642,-0.356069296598,-0.657208025455,-0.209033444524,-0.291919142008,0.101975157857,0.305884331465,-0.073069304228,1.069187521935,0.757676780224,0.794016003609,0.434172362089,0.761286377907,0.690172135830,0.399870574474,0.331678599119,0.387016654015,0.521992981434,0.158980160952,0.553158462048,0.520754098892,-0.266087859869,0.615394771099,0.503310978413,0.400438547134,0.689608275890,-0.616785943508,0.676042318344,-0.256246745586,-0.153720065951,0.411036968231,-0.571445345879,-0.254316419363,0.201209142804,0.223961770535,0.137075439095,0.127361938357,-0.060762811452,-0.794069409370,-0.336909860373,-0.924349546432,-1.105629563332,-0.409872174263,-1.687920331955,-0.674346566200,-0.336654692888,-0.742361545563,-0.644514679909,-0.286033421755,0.291186511517,-0.246817260981,0.536686718464,0.209185734391,0.204415425658,0.195677399635,-0.177970856428,0.215664133430,0.304900616407,-0.569329738617,0.890920400620,-0.430863201618,-0.531727015972,0.908696830273,-0.131321430206,-0.439226627350,0.314412444830,-0.150637269020,0.561044514179,0.004914366640,0.224167555571,0.311148554087,-0.111157707870,0.654396891594,0.219981700182,0.216367945075,1.061161518097,0.499738395214,-0.030873253942,0.466041624546,0.400932461023,-0.159865081310,0.315762460232,-0.189417138696,-0.528109192848,0.129119426012,-0.862458944321,-0.965780079365,0.094834104180,-0.826934814453,-0.357386410236,0.152176603675,-0.537007749081,0.559900283813,0.369034349918,0.206609204412,0.019710972905,0.533908486366,0.895176172256,0.536303937435,0.385921835899,-0.178168430924,0.086273066700,0.226954013109,-0.410287857056,-0.311996430159,-0.183251544833,0.000316923135,0.042356569320,-0.330880105495,0.019912650809,-0.221500456333,-0.550240278244,0.263684183359,-0.004799121525,-0.266236007214,-0.645000278950,-0.283872604370,0.279950141907,-0.085898518562,0.237437173724,0.122879743576,0.681458830833,-0.173184081912,0.157486096025,0.068969883025,0.159675747156,0.374347984791,0.292273104191,-1.200788855553,-0.493539869785,-0.229802206159,-0.578689277172,-0.431299477816,-0.805984973907,-0.466325640678,0.337897688150,-0.293367922306,0.332184851170,0.578751027584,-0.112017922103,0.839414119720,0.746185243130,0.332847505808,0.460777431726,0.307275503874,-0.432653605938,0.007264536805,0.153131499887,0.389589101076,-0.361975640059,-0.066031143069,-0.154654383659,0.070887885988,0.100464634597,-0.117426194251,0.045159492642,-0.100378200412,-0.409246563911,0.248632386327,0.032663661987,0.287379324436,0.753355085850,-0.245088607073,0.044966042042,0.429159224033,0.554035127163,0.660381376743,0.027568196878,0.396619021893,-0.689818203449,0.564909338951,-0.142290264368,-0.479204237461,-0.733117282391,-0.722374796867,-0.498359590769,-0.806734025478,-0.538859903812,-0.179596647620,-0.212844759226,-0.106564372778,-0.298496335745,0.158864930272,0.107803255320,0.342783242464,0.182020887733,0.333728313446,-0.106687851250,-0.062293920666,0.154757276177,-0.101674705744,-0.197500735521,-0.021003359929,0.026498066261,-0.010005716234,0.158309280872,0.238071024418,0.376080751419,-0.268713772297,0.005791049916,0.238606065512,-0.389543801546,-0.116792351007,-0.079699993134,-0.157173305750,0.225797459483,0.217191129923,-0.010018063709,0.408583879471,0.073485009372,0.495038032532,-0.596465826035,-0.076835334301,0.436946481466,-0.320075899363,-0.922781407833,-0.425162672997,-0.597885787487,-0.286712527275,-0.336066126823,0.742517948151,-0.124509632587,-0.382258683443,-0.228645652533,0.534509360790,0.275105744600,0.596947371960,0.713937282562,-0.423104733229,0.249340310693,0.142043307424,-0.197159111500,0.214095994830,-0.178065523505,0.094986394048,0.002905814908,-0.298101186752,-0.629697442055,-0.113948278129,-0.142030954361,-0.876119613647,-0.038351815194,-0.223109781742,0.006556604523,0.171422496438,-0.432291388512,0.214688673615,0.087277345359,0.408612698317,0.793678462505,0.374253302813,-0.439864635468,0.485435694456,-0.122641019523,0.605463147163,0.454504847527,-1.027419567108,0.249517276883,0.466650813818,-0.291112422943,0.670642316341,-0.977279841900,-1.111815810204,0.525709629059,-0.093994461000,-0.328307688236,-0.373956948519,0.203155949712,0.019682161510,0.815846562386,0.333917617798,0.461086124182,0.867735564709,0.162980809808,0.425010383129,0.526187062263,-0.286445021629,-0.409044891596,-0.335880905390,-0.731265187263,0.026654472575,0.372006028891,-0.258601069450,0.316046446562,0.042821668088,-0.239902570844,0.287667423487,0.038561724126,-0.299393594265,-0.257716149092,-0.241532474756,-0.741336762905,-0.514633774757,0.033968396485,-0.158358663321,0.335790365934,0.407912999392,-0.181222409010,0.480397850275,-0.130461201072,-0.357077717781,0.078864470124,-0.575581789017,-0.801515042782,-0.310086637735,-1.051287531853,0.054712455720,-1.109029293060,0.286251544952,0.001284156111,-0.193318992853,0.866443157196,-0.031568836421,0.548009514809,0.817307770252,0.113067470491,0.593259513378,0.162165865302,0.477776020765,-0.122772730887,-0.265186458826,0.259041428566,0.165841355920,-0.094620078802,0.108548231423,0.003375025699,-0.249764233828,-0.472215473652,0.018636727706,-0.616394877434,-0.677651643753,-0.246204003692,-0.173883780837,0.284646362066,-0.267219692469,-0.065459027886,0.663237810135,0.475631684065,0.476495981216,0.352546125650,0.223122119904,0.318697094917,0.107189983130,0.385691374540,-0.582891583443,-0.525829017162,0.061898794025,0.202526241541,-0.616094470024,-0.774280250072,-0.576557278633,-0.357551038265,0.041508696973,0.036429695785,-0.002280200366,0.065660715103,0.512007832527,0.838879108429,1.220508098602,0.497153609991,0.854638814926,0.383604615927,0.556060135365,0.343433558941,0.109717145562,0.120727136731,-0.225435242057,-0.856314003468,-0.104020752013,0.282604873180,-0.253727853298,0.100324690342,-0.367400348186,-0.355262607336,0.672288656235,-0.362259596586,-0.163314193487,-0.703487038612,-0.728733897209,-0.433345049620,-0.553615331650,-0.159432917833,-0.278628945351,-0.901971459389,0.433682560921,-0.078942671418,-0.394474655390,0.263992875814,-0.842319965363,-0.573206901550,-0.497869789600,-0.794592142105,-0.652894616127,-0.976320803165,-0.385172724724,0.357777416706,0.165232196450,0.081045888364,0.310609370470,0.178464770317,1.207357764244,0.755083799362,-0.103074103594,0.266804009676,0.187799587846,-0.073135159910,0.737381339073,-0.372224152088,0.123686455190,0.720539152622,-0.019953809679,0.423973172903,0.551734387875,-0.202024102211,0.136655613780,0.455838352442,0.095389746130,-0.371306329966,0.097381837666,-0.088886648417,-0.085462234914,0.254065364599,-0.378937184811,0.308073997498,0.516983926296,0.653018057346,0.238741904497,-0.077712021768,-0.592378735542,0.210157081485,-0.517761826515,-0.684533417225,-0.124106273055,-0.704548895359,-0.817978620529,0.031655270606,-0.949036657810,-0.272339880466,-0.582117855549,-0.503265738487,-0.129847943783,-0.258835643530,-0.135350868106,-0.519367039204,0.303970456123,-0.209354490042,0.045546382666,0.624523818493,0.680915534496,-0.036302104592,-0.165368020535,-0.215203151107,0.084910705686,0.418906539679,-0.499158084393,0.279814302921,0.145467713475,-0.578409373760,0.682615399361,0.319973021746,-0.203287675977,0.443177908659,0.171792909503,0.337049812078,0.000790249906,-0.161774858832,0.304805964231,0.271277964115,-0.345857799053,0.499149858952,-0.260930627584,0.197278469801,0.142611294985,0.544836163521,-0.288828104734,-0.321273624897,-0.422536730766,-0.260897725821,-0.867640912533,-0.167026728392,-0.199517518282,-0.905544042587,0.239989012480,0.180740863085,0.185535863042,0.451454937458,0.115495845675,1.037668108940,0.422281593084,0.670469403267,0.588550925255,-0.293746590614,-0.319384425879,-0.040393292904,-0.444630831480,-0.002477762755,-0.193710014224,0.075621150434,0.484110385180,0.166434034705,-0.258271783590,0.485946059227,-0.158181682229,0.153152078390,0.150349155068,-0.836092650890,0.507138788700,0.425557792187,-0.399298459291,0.317775130272,0.318832904100,0.193010315299,0.237943425775,0.735483884811,0.203859776258,-0.070262268186,-0.272582709789,-0.302221208811,-0.306011945009,-0.291631013155,-0.580039322376,-1.077995538712,-0.600783348083,-0.249661341310,-0.953004360199,-1.203785300255,-0.042274251580,-0.026884961873,-0.895419001579,0.147348687053,0.099122859538,0.395647644997,0.700819969177,0.697259664536,1.050917148590,0.397899061441,0.367116332054,1.697650194168,-0.749547958374,0.336864620447,0.330254495144,-1.263453125954,0.604808688164,-0.027605239302,-0.128551438451,0.341663718224,-0.248690009117,0.995863020420,0.128551438451,-0.320347547531,-0.051506184042,-0.070978432894,0.338403940201,0.453068375587,0.105580680072,0.022526238114,0.400240987539,0.652219593525,0.423121213913,-0.162211135030,0.609484374523,0.414963513613,0.297376781702,-0.449899166822,-0.978983819485,-0.897826790810,-0.832293629646,-0.578281819820,-0.466066360474,-0.700815856457,-0.285535395145,-0.043768320233,0.448775500059,0.062960691750,-0.170257702470,0.509254336357,0.312733143568,0.585497021675,0.236177712679,-0.768024146557,-0.089429944754,-0.205386772752,0.256255000830,-0.236967965961,-0.507570922375,-0.611089527607,-0.287144720554,-0.063952624798,-0.014072210528,-0.431953907013,-0.021114489064,-0.223862990737,0.158683821559,-0.123233705759,0.480821818113,0.624832510948,0.484567224979,0.297409713268,0.762768149376,0.564592421055,0.658191740513,1.232349514961,-0.248702347279,0.208173230290,0.260037481785,-0.580426216125,0.169825524092,0.271985918283,-0.334119290113,-0.166434034705,-0.301496803761,-0.402146667242,-0.605368494987,-0.440663099289,-0.036474972963,0.077127568424,-0.238803640008,0.433003425598,-0.671580731869,0.774584889412,0.216623127460,0.556595265865,0.188001275063,-0.248047918081,-0.108074903488,-0.052662748843,-0.044122282416,-0.038055472076,-1.000258803368,-0.204946368933,0.219125598669,-0.251031935215,0.099801979959,-0.357991456985,-0.590510129929,0.058210961521,-0.405990868807,0.535719454288,-0.529944837093,-0.252324342728,0.107523381710,-0.064977474511,0.041850317270,0.509982824326,0.085890285671,0.486151844263,0.135330289602,-0.070155255497,-0.149081468582,0.251390010118,-0.587900638580,0.576063394547,-0.739957869053,-1.069224596024,0.431937396526,-0.172834232450,0.042681727558,0.462971210480,0.594424307346,0.279690861702,0.386148214340,0.842661559582,0.200003191829,1.230151534081,0.295693397522,0.050337273628,0.161235675216,-0.340058535337,-0.177760958672,0.577125310898,-0.079206094146,0.063117094338,-0.067467585206,-0.112478904426,-0.624597907066,0.781392514706,0.093455277383,-0.365745753050,0.553500115871,-0.195500418544,-0.369120776653,0.353163480759,-0.678322553635,0.461732298136,0.025641962886,0.042537670583,-0.077279858291,0.027852194384,0.094002693892,-0.094340197742,-0.374911814928,-0.314313650131,0.330307990313,-0.361716300249,-0.478311091661,-0.280468732119,-1.135807275772,-0.842155337334,-0.121315702796,-0.748535394669,-0.027082521468,-1.036857247353,-0.407892405987,0.126954466105,0.041010677814,0.900316894054,0.034289438277,0.602359771729,0.529166996479,1.001880407333,0.077703788877,-0.474182873964,0.102905355394,-0.311403751373,0.225723356009,-0.228382214904,-0.551005899906,0.059713255614,0.348080396652,-0.370491385460,-0.107943199575,-0.262111902237,0.198805466294,0.483966320753,-0.728770911694,0.352595537901,-0.235864892602,-0.308452665806,0.365255981684,-0.125571534038,0.595408022404,0.424524724483,0.637147247791,0.946422994137,0.173163503408,0.030564561486,-0.428607672453,-0.185725197196,0.139660209417,-0.155016571283,-0.698177516460,-0.869114339352,-0.127213776112,0.682763576508,0.742188751698,-0.097262471914,0.535110294819,0.254567474127,1.117689132690,0.869859337807,0.301673799753,0.881416738033,0.526318788528,0.012997964397,-0.068360731006,-0.203283563256,-0.138771176338,-0.001642238116,-0.498746454716,0.042978070676,-0.626219511032,-0.651795685291,-0.252456039190,-0.143529132009,-0.145862847567,-0.703519940376,-0.178880468011,-0.063635692000,-0.251208901405,0.052522804588,-0.302118301392,0.063117094338,0.400405615568,0.205407366157,0.289927035570,0.120653055608,-0.402410060167,-0.180876672268,-0.072530128062,-0.536769032478,0.145150795579,-0.538197219372,-0.429295033216,-0.360181093216,-0.103148184717,-0.073715500534,-0.028650674969,-0.094109714031,-0.796831250191,0.445820331573,-0.031754050404,0.514658451080,1.444173455238,-0.050205565989,0.499664336443,0.949407100677,0.389198094606,0.890809178352,0.558023452759,0.658549785614,0.123846977949,-0.160470113158,0.300278514624,0.232880890369,0.084453843534,0.527010262012,0.511888504028,0.104156583548,0.157222688198,-0.080033384264,0.304324418306,-0.174015507102,-0.009861660190,-0.140602737665,-0.062672577798,-0.260551989079,0.328200668097,-0.659158945084,-0.127641826868,-0.931033790112,0.324788600206,-0.224192246795,-0.351039707661,-0.629882693291,-0.794127106667,-0.862327337265,-0.099587954581,-0.787949085236,-1.013812422752,-0.218281850219,-0.467902034521,-0.329019725323,0.008223538287,-0.315050423145,0.066850200295,0.248685881495,1.164132833481,0.186898216605,-0.026111172512,0.430019408464,-0.117701955140,0.887253105640,0.743723928928,-0.605191469193,0.524289667606,0.454261988401,-0.151151761413,0.668473243713,-0.234177395701,-0.130646422505,1.233374238014,-0.458863526583,-0.101666472852,0.648568809032,-0.411588490009,0.465395450592,-0.139870122075,0.160371333361,0.152003735304,0.083577156067,0.878663241863,0.175023883581,-0.676573276520,0.782886624336,-0.742279231548,-0.018640842289,0.577582120895,-0.880268394947,0.222558259964,-0.125098198652,-0.400310963392,0.148801580071,-0.581842064857,-0.493041843176,-0.514296293259,-0.023308256641,-0.444387972355,-0.076123289764,-0.290606170893,0.202164024115,0.930535733700,-0.292478889227,0.072612442076,1.081473469734,0.006700660568,1.233633637428,-0.629693329334,-0.354447662830,0.237799361348,-0.631294429302,0.295170694590,0.310872793198,-0.323669075966,-0.179160356522,0.440000444651,0.231757238507,-0.028580706567,-0.078008361161,-0.675766587257,0.029605560005,0.013096746057,-0.045711018145,-0.124114513397,0.169957235456,0.392140924931,0.345252782106,0.363807171583,0.355102092028,0.420865684748,0.101464793086,0.299850434065,-0.053074337542,-0.931342482567,-0.699556410313,-0.804136931896,-0.022970752791,-1.116627216339,-0.459254533052,-0.195578604937,-0.114462755620,0.218652263284,0.722255468369,0.133758023381,0.238457918167,0.578816890717,0.258440524340,0.515086531639,0.566864371300,-0.039644204080,0.000366313732,-0.246627926826,-0.236169487238,0.081515103579,0.241232007742,-0.143269836903,-0.191573858261,-0.067759811878,-0.130391225219,0.600104272366,-0.151620969176,-0.176324501634,0.264556735754,0.213215187192,-0.048242285848,1.488089919090,0.146718949080,-0.085577480495,0.946200788021,0.500034749508,0.372158318758,0.376142501831,-0.329003274441,-0.096081219614,-0.084243930876,0.026654472575,-0.504772126675,-0.924238383770,-0.367585569620,-0.057688243687,-0.803708851337,-0.256621301174,-0.310300678015,-1.036141037941,-0.260975897312,-0.187955990434,0.443412482738,0.545918643475,0.275644928217,0.665793776512,0.760315120220,0.388304948807,0.271944731474,0.463296353817,0.225776866078,-0.100699238479,0.146011009812,-0.480426669121,-0.239062950015,0.223850622773,-0.045550499111,0.155987918377,-0.251414716244,0.423755019903,0.705528497696,-0.369631141424,0.162141174078,0.179271474481,-0.636060655117,0.604808688164,0.380040228367,-0.824185371399,0.519457578659,0.617769598961,0.299019038677,0.424800485373,-0.112697042525,0.117455005646,0.048629179597,-0.668670773506,-0.269759207964,-1.274278044701,-0.423874378204,0.099740244448,-0.696370720863,-0.188326433301,-0.635805428028,0.291207104921,1.084033489227,0.214363515377,-0.163466483355,0.622008979321,0.171299025416,0.019694508985,-0.104218319058,-0.096591584384,-0.149077355862,-0.199929118156,-0.385571956635,0.107115909457,-0.577199339867,-0.215199038386,0.128312706947,-0.344252616167,0.035717647523,-0.611262440681,-0.135001018643,-0.130432397127,-0.214437603951,-0.037285801023,-0.221693903208,0.267125070095,0.326603710651,1.531566143036,0.395865827799,-0.296788245440,0.587414979935,0.140067681670,0.684870898724,0.141816928983,-0.294792026281,0.211111962795,-0.195747375488,-0.106951266527,-0.001922118128,-0.340873479843,0.038285959512,-0.058824226260,0.006910570897,-0.318470716476,-0.817427098751,0.222607642412,-0.361090719700,-0.295812755823,1.250525236130,-0.133255884051,0.260160982609,1.039849519730,0.367482662201,0.785265624523,0.466778397560,-0.231493830681,0.147068798542,-0.162223488092,-0.590147912502,-0.048036489636,0.397615045309,-0.534460008144,0.140071794391,0.691361606121,-0.348138004541,0.402718752623,0.438271790743,-0.915891408920,-0.439938724041,-0.280888557434,-0.208741217852,0.419919043779,-0.173603907228,-0.395894616842,0.315305590630,0.431204795837,0.513197302818,0.776206552982,0.219133824110,0.165487378836,-0.432674169540,-1.412744522095,-0.065541349351,-0.772053539753,-0.844863593578,-0.311687737703,-0.941339910030,-0.478356391191,0.212511375546,0.310601145029,0.265960246325,0.249727204442,0.000633846270,0.791735708714,0.495569020510,0.217084124684,0.572103857994,0.235461533070,-0.559986710548,-0.362592995167,0.376521170139,0.054646603763,-0.162429288030,-0.493671596050,-0.612019777298,0.201665997505,0.050094436854,-0.172455579042,0.087528415024,-0.640299975872,-0.859581947327,0.468733429909,-0.135688379407,0.342865556479,0.647115886211,-0.186573073268,0.212568983436,0.858746469021,0.189157843590,1.029098749161,-0.138804107904,0.265149414539,0.441478043795,-0.710916221142,0.244178980589,0.183362662792,-0.699223041534,-0.767122745514,-0.608525395393,0.040590856224,-0.319442063570,0.107688009739,0.095081061125,-0.024032652378,0.363716632128,0.344330817461,0.395186692476,0.724251687527,0.681261241436,0.723078608513,0.618008375168,0.395285487175,-0.241137340665,0.254164129496,0.152094289660,-0.418676018715,-0.025987697765,-0.624618470669,-0.148299455643,0.413012593985,-0.088462710381,-0.073974803090,-0.489288181067,-0.432665944099,0.233045518398,-0.287914395332,0.175727710128,-0.402529418468,-0.690801918507,-0.100806251168,-0.229674607515,-0.188503399491,-0.050666544586,0.187453851104,-0.801774382591,-0.170908004045,-0.347434192896,-0.107967898250,0.082795143127,-1.516518354416,-0.537942051888,-0.087388470769,-0.234070360661,-0.087771244347,-0.323022872210,-0.391770482063,0.875168859959,0.306254774332,0.398849815130,0.634307265282,0.292425394058,1.022348761559,0.537760972977,-0.128485575318,0.362094968557,0.466054022312,-0.380406558514,0.097056679428,-0.049637570977,0.103539198637,0.144982054830,-0.316585630178,0.908820331097,-0.112417161465,-0.351097345352,0.753116369247,-0.572371423244,0.378632605076,0.478887319565,-0.280160039663,0.605162680149,0.105786472559,-0.264054596424,0.546284914017,-0.041484002024,0.433859556913,0.461123168468,-0.888203859329,0.344841182232,-0.350389391184,0.093101315200,-0.112371884286,-1.404747486115,-0.473878294230,0.064705826342,-1.551894426346,0.250542134047,-0.515407562256,-0.929498493671,0.141561746597,-0.580911874771,-0.481270402670,0.875629782677,-0.076403170824,0.382468611002,0.565917730331,-0.096653327346,0.505784630775,0.534031927586,-0.510715484619,0.156605303288,0.227130994201,-0.169957235456,0.117516748607,-0.404093474150,-0.611196517944,0.159404098988,0.067438773811,-0.287272304296,0.062680810690,0.181321188807,-0.835475265980,-0.290951907635,0.139269202948,-0.885269224644,0.253443837166,0.353208780289,-0.474392771721,0.343211293221,-0.284909784794,-0.395976960659,0.595572650433,-0.236708641052,0.094764135778,-0.321216017008,-0.512921571732,-0.097315981984,-0.488357961178,-0.490152478218,-0.414700090885,-0.780820369720,0.186235561967,-0.232403442264,-0.213873714209,0.554146289825,0.245911777020,0.304336756468,0.659224808216,0.302019536495,0.937359869480,0.497478783131,0.460230022669,-0.004893787205,-0.337025135756,0.546758294106,0.216721907258,-0.108227193356,0.031408317387,-0.041249398142,0.396573752165,0.458192676306,-0.410991668701,0.182798802853,-0.409221887589,-0.269989699125,0.314519464970,-0.376023143530,0.019105937332,0.194459095597,0.033186379820,0.031486518681,0.649149119854,0.113145671785,0.162285223603,-0.044603843242,0.065652482212,0.378196299076,-0.541065990925,-0.116351947188,-0.383032500744,-0.818114459515,-1.081893324852,-0.773107290268,-0.344804137945,-0.475977391005,-0.558097541332,0.189001426101,-0.286659032106,-0.616378426552,0.753355085850,0.387444704771,0.521721363068,0.904564440250,0.017233209684,0.389366805553,0.856762647629,0.399170875549,-0.024370154366,-0.005408272613,-0.329151421785,0.382785499096,0.612114429474,0.109247930348,-0.070772640407,-0.401537477970,0.246134027839,0.468968063593,-0.066640287638,0.075073741376,0.306769251823,-0.017990533262,0.209848403931,0.033478610218,-0.311930567026,0.231473237276,0.075156062841,0.542769968510,-0.089277662337,-0.210383445024,0.650375664234,-0.423211753368,-0.240437641740,-0.514958918095,-0.851588904858,-1.007342219353,-0.243170589209,-0.816163480282,-0.782697260380,-0.333123266697,0.055609721690,-0.218948617578,-0.377636581659,0.381163865328,-0.260535508394,0.776959717274,0.353715032339,0.260502606630,-0.393305748701,0.036721926183,-0.104107193649,0.305435687304,0.154135778546,-0.528454899788,-0.022715568542,-0.421129107475,-0.030733311549,0.594197988510,-0.567374765873,0.232448711991,-0.301245719194,0.677079498768,0.445709168911,-0.216528475285,0.471812099218,0.846518158913,0.345837235451,1.351043343544,-0.043698348105,0.223467856646,0.635747849941,0.619885146618,-0.027860425413,0.056083045900,-0.284391194582,0.067554019392,0.148649305105,-0.287893801928,-0.533719122410,-0.692283630371,-0.432126730680,0.856198668480,-0.875679254532,-0.447141498327,0.022015867755,-0.076588392258,0.523964464664,0.097933366895,0.276706844568,0.351130276918,0.276505142450,0.402307152748,0.047159809619,0.395886391401,0.300772428513,-0.616534888744,-0.184214651585,-0.624634921551,-0.463736742735,0.356345087290,-0.998917043209,0.258848011494,-0.310988008976,-0.794954359531,-0.059618592262,0.072748266160,-0.703696966171,-0.221537500620,-0.261490404606,-0.495400249958,-0.211581170559,-0.364720910788,-0.191767305136,0.371713787317,0.068611800671,0.049933917820,0.278118580580,-0.567004323006,-0.406110227108,0.061598334461,-0.950481355190,-0.512230098248,-0.497898608446,-0.845703244209,-0.778885960579,0.052823267877,-0.491379052401,0.242981255054,0.154884859920,0.251624643803,-0.522449851036,0.784080207348,0.698523283005,0.090154342353,0.342108249664,0.774090945721,0.076337315142,0.641090214252,0.245862379670,-0.157099217176,0.055272217840,-0.134004980326,-0.215466573834,0.334234565496,-0.662077128887,-0.092776156962,0.531204342842,-0.191903144121,0.226805835962,-0.058383829892,0.169187560678,0.014759562910,0.570395767689,0.654261052608,-0.520445406437,1.054790139198,0.457484751940,-0.527829289436,0.776659250259,0.151155874133,0.262823939323,0.184305205941,-0.446672290564,0.198299214244,-0.602989494801,-0.018381541595,-0.529381036758,-1.135671377182,-0.546194374561,-0.860195279121,-0.548647463322,-0.316639155149,-0.539283812046,0.631841838360,0.374961227179,0.180510357022,0.448536783457,0.239120572805,0.810216069221,0.759463131428,-0.074509866536,-0.148982688785,0.030523400754,-1.348553180695,-0.009083758108,-0.355344921350,-0.524050891399,0.554874777794,-0.391079068184,0.132836058736,0.140573933721,-0.229003727436,0.673054218292,-0.540242850780,-0.208934664726,-0.153600707650,-0.274027377367,-0.374771893024,0.354381799698,0.100028350949,0.210613951087,-0.149768829346,0.684014797211,0.303855180740,0.036758966744,0.262210667133,-0.470042318106,-0.519313573837,0.073546744883,-0.335094779730,-0.299578815699,0.018188096583,-0.108819879591,-0.412296414375,0.472441852093,-0.161169812083,0.683990061283,1.105028629303,-0.088001735508,0.677466392517,0.117438547313,0.577314615250,0.467622131109,-0.003329750849,0.261580944061,0.176196932793,-0.221319362521,0.238165691495,-0.336243093014,-0.248414233327,-0.128711953759,-0.167438313365,-0.377912312746,-0.017895868048,-0.033544462174,-0.323652625084,-0.224192246795,0.150522023439,0.447450190783,-0.558435022831,-0.141331255436,0.376908034086,0.121183998883,0.625318169594,0.111268833280,0.112894602120,0.383460521698,0.424467086792,-0.016270093620,-0.113297969103,-0.142619535327,-0.039973475039,-0.314651161432,-0.671337902546,-0.645494222641,-0.231555566192,-0.743110656738,-0.631990015507,-0.475775718689,0.412716269493,0.159716919065,0.315243870020,0.318692982197,0.536135137081,1.005679488182,1.031494259834,0.516131997108,0.357267022133,0.231880739331,0.323936611414,0.139989480376,-0.068072617054,0.481891900301,0.193755283952,-0.310111343861,0.164264962077,0.401422232389,-0.434394598007,-0.031083162874,0.018480323255,-0.266911000013,0.162091776729,-0.652762889862,-1.058774352074,0.565983593464,-0.410127371550,-0.109556622803,0.516687572002,-0.246883139014,-0.069204486907,0.135988831520,-0.243606880307,-0.203361749649,-0.305546820164,-1.006840109825,-0.501977443695,-0.736019015312,-0.457027852535,-0.752935290337,-0.681302428246,-0.449541062117,0.065072141588,0.102860085666,-0.299097239971,0.159914478660,0.238857164979,0.930906176567,0.543420314789,0.612361371517,0.507784962654,0.024728234857,0.476405441761,0.404270440340,-0.392647176981,0.382435679436,-0.361856222153,0.226904630661,-0.172607868910,-0.634710609913,-0.002732947702,0.472001433372,-0.563275337219,0.141006097198,-0.220483839512,-0.405550509691,0.469083279371,0.346125334501,0.057926964015,1.108613610268,-0.113343231380,0.795246541500,0.945624530315,-0.191804364324,0.689702987671,0.259502440691,0.005700500216,0.390041828156,-0.299072533846,-1.018615603447,-0.418601959944,-0.481418609619,-0.188030093908,-1.001514196396,-0.667427778244,-0.034264743328,-0.923353493214,-0.226258426905,-0.316869616508,-0.284119516611,1.013804197311,0.024254908785,0.949320614338,0.729734063148,-0.275192171335,1.067413568497,0.016488235444,0.293186813593,0.404538005590,-0.838076472282,-0.216903015971,-0.123246058822,-0.574441730976,0.521873593330,-0.238964170218,0.251793384552,0.882190525532,-0.037096470594,0.631985902786,-0.300698310137,-0.809689223766,0.258629858494,0.391181945801,-0.242413282394,0.299965679646,-0.329847007990,-0.256929993629,0.620996475220,0.013644157909,0.362959325314,0.461666494608,-0.869480669498,0.104378841817,-0.612336695194,-0.382995426655,-0.407781302929,-0.719501972198,-0.733792245388,-0.438642203808,-0.339453488588,-0.050687123090,0.643987834454,0.560344815254,0.024983420968,0.378237485886,0.888524830341,0.488395035267,0.233897507191,0.632825553417,-0.424639940262,-0.143191635609,0.337877124548,-0.231650233269,-0.553039133549,0.339190065861,0.171360746026,-0.174813985825,0.234140351415,0.173126474023,-0.002020899439,0.194286227226,-0.560797572136,-0.284489959478,-0.153032720089,0.085952028632,0.045311778784,-0.004115884658,0.567156612873,-0.013195526786,0.712002813816,0.139293894172,-0.301591455936,0.386111170053,-0.093183636665,-0.019097706303,-0.005358882248,-0.254168242216,-0.659784615040,0.026983739808,-0.800309181213,-0.770296096802,-0.156551793218,-1.207822918892,0.146941199899,-0.046130839735,-0.635208606720,0.693160295486,-0.536522030830,0.664056897163,0.813689827919,0.482068896294,-0.175822377205,0.578207731247,0.628861963749,0.169595032930,-0.022320443764,-0.462958872318,0.125015884638,0.099221639335,0.174134850502,-0.061676535755,0.200999245048,0.395865827799,-0.195821449161,0.430278748274,0.354855120182,0.324615716934,-0.043192096055,-0.209078714252,0.476397216320,-0.198081091046,0.305468648672,0.286140441895,0.477878928185,0.692464709282,-0.221237048507,0.572165608406,0.200023785233,-0.400553822517,-0.044875495136,-0.466642558575,-0.715818226337,-0.263408392668,-0.400450915098,-0.687081098557,-0.829198539257,-0.616329073906,-0.156485944986,0.038668740541,-0.224949583411,0.667279601097,0.222385376692,-0.255892783403,0.151094138622,0.522042393684,-0.480496615171,0.360954850912,-0.277744024992,-0.365128368139,0.420746326447,-0.894291222095,-0.201472580433,0.095895998180,-0.614114761353,0.110643215477,-0.349685579538,-0.949131309986,0.176546782255,-0.002420140198,0.182325452566,0.297240972519,-0.030692154542,0.700618267059,0.781915247440,0.460583984852,0.561225593090,0.191224008799,0.547309815884,-0.106305077672,0.445593923330,0.518531560898,-0.269067764282,-0.281501829624,0.428842276335,0.134149029851,-0.729021966457,0.133190035820,-0.079774081707,-0.150777205825,-0.178773462772,-0.698708534241,-0.605722427368,0.094064436853,0.320656239986,0.542053818703,-0.076757140458,0.448211640120,1.356665611267,0.519420564175,0.395129054785,0.227760732174,-0.380846947432,0.572544276714,-0.290194571018,-0.752931118011,-0.187811955810,-0.357983231544,0.199542224407,-0.315754234791,-0.002942857565,0.419359266758,-0.116672992706,0.115524657071,-0.076938241720,-1.011318206787,0.179213866591,-0.375780284405,-0.160433083773,0.490815162659,-0.902667045593,-0.362350136042,1.057794690132,0.369491219521,0.196912169456,0.173101767898,-0.619490087032,0.076489605010,0.139293894172,-0.439041465521,-1.131790161133,-0.893896102905,0.057112019509,-0.273582875729,-0.592543363571,0.364029437304,-0.082408241928,0.589020192623,1.022505164146,-0.080572560430,0.236889749765,0.832997500896,0.485534489155,0.050892919302,-0.245426088572,0.066846087575,-0.388107389212,-0.153333172202,-0.254769176245,-0.212387904525,-0.304781287909,-0.484151542187,-0.163985088468,0.169125825167,-0.147603869438,0.155580446124,-0.699120104313,-0.447441965342,-0.053189579397,0.010030412115,0.119726970792,0.071390025318,0.107527494431,0.420569330454,-0.269088327885,0.695395231247,0.609809517860,0.368211179972,-0.182844072580,-0.472236067057,0.511345207691,0.189919278026,-0.076411403716,-0.238367363811,-0.865163087845,0.241618916392,0.314548283815,-0.156613528728,-0.205860108137,-0.152024328709,-0.126880377531,0.303830504417,0.884985268116,-0.187231600285,0.844139218330,0.755231976509,0.247936800122,1.180061340332,0.774329662323,0.253797799349,0.537974953651,-0.518239319324,0.147431001067,-0.071826308966,-0.713891983032,0.441268146038,0.555455148220,-0.176316276193,-0.073744311929,-0.887355983257,-0.185836315155,0.087479017675,-0.019859144464,-0.820053040981,-0.970999002457,0.091100998223,-0.347685277462,0.313243538141,-0.114886693656,-0.650655567646,0.421026229858,-0.174781054258,0.011162280105,0.390601605177,0.027720486745,-0.299825757742,-0.179868280888,-0.812294602394,-0.670193672180,-0.417251944542,0.010668373667,-0.735409855843,-0.716838955879,-0.136783212423,0.022946057841,0.603792071342,0.575606465340,0.652408957481,0.379447549582,0.396289765835,1.183098793030,-0.082980357111,0.998126804829,-0.203843310475,-0.132457405329,0.120356708765,0.316038221121,-0.488172739744,0.275916576385,0.021962363273,-0.480035662651,-0.212021574378,-0.464609324932,0.163915112615,0.345709651709,-0.479475885630,0.083622433245,-0.247150659561,0.262346506119,0.539526641369,0.420701086521,0.098349072039,-0.236544013023,0.231004044414,0.204485386610,-0.416301190853,0.512641727924,-0.427623987198,-0.808808445930,-0.155140042305,-0.140405178070,-0.369215458632,-0.958095669746,-0.379492819309,-0.553862273693,-0.256658345461,0.101995743811,-0.725515246391,0.517687737942,0.307152032852,0.436308473349,0.376023143530,0.103802621365,0.397306382656,0.756565511227,0.726725399494,0.263050317764,-0.145286619663,0.603969097137,-0.101625308394,0.145356595516,0.661673784256,-0.126123055816,-0.427768051624,0.085071220994,0.024127317593,0.226682350039,0.161108091474,-0.488460868597,0.314420670271,-0.489069998264,-0.507295131683,0.244458869100,-0.378410309553,0.335967332125,0.222969830036,-0.567823350430,0.245928227901,-0.185486465693,0.211288943887,-0.040940705687,-0.401154726744,-0.468848705292,-0.762932777405,-0.720950722694,-0.040599089116,-1.254916787148,-0.601524233818,-0.654491543770,-0.374788343906,0.297117501497,-0.134144917130,0.749333858490,0.740097820759,0.343651711941,0.401566326618,1.207036733627,0.275965958834,-0.013339583762,0.307769417763,-0.665999591351,-0.418350875378,0.862533092499,-0.108231306076,-0.101201377809,-0.362848162651,-0.582817554474,0.556348264217,0.564818739891,-0.007104017306,0.420812189579,-0.575524210930,0.040273934603,0.534328281879,-0.277929246426,0.678359568119,-0.207366511226,0.073303908110,0.566876709461,-0.164717718959,0.399360209703,0.377484261990,-0.483143150806,-0.027658747509,-0.216137468815,-0.879922628403,-0.216606676579,-0.407600194216,-0.996830284595,-0.539271473885,-0.278147399426,-0.527141928673,0.069805406034,-0.940121591091,0.237338379025,0.556636393070,-0.241874098778,0.602828919888,0.962005734444,-0.121344514191,0.910334944725,0.970994889736,0.448623239994,0.603532791138,0.192265331745,0.291248232126,0.287066519260,0.052456952631,0.289280861616,0.083260238171,0.535641252995,0.574421107769,-0.133103594184,0.166080072522,0.248916357756,-0.054350260645,0.314173728228,-0.217018261552,-0.825749456882,0.256287932396,0.006309651304,-0.687146961689,0.886981427670,-0.607899725437,0.535114407539,0.277040213346,-1.089606404305,0.432954072952,0.032021585852,-0.494251906872,-0.390227049589,-1.267754316330,-1.100509405136,-0.761875033379,-0.834417462349,-0.177131220698,-0.382748484612,-0.559883832932,-0.209403887391,-0.084103994071,0.341840684414,0.253962457180,0.196652874351,0.418272674084,0.597605884075,-0.112906955183,0.450652360916,-0.076016277075,-0.265425175428,0.421083867550,-0.110704958439,0.325241327286,-0.110865473747,0.025045158342,0.077662631869,-0.022098185495,0.160811737180,0.277739912271,0.503883123398,-0.314288973808,-0.136746153235,0.286770164967,0.012582259253,1.690756201744,-0.267425507307,0.761138260365,0.856272816658,0.279773145914,1.293585538864,-0.309646248817,-0.199533984065,1.006160974503,-0.577545106411,-0.501038968563,-0.408188760281,-0.901835620403,-0.266643494368,-0.562291622162,-0.555097043514,-1.231015920639,-0.842768609524,0.042051997036,-0.111705116928,-0.255555272102,-0.102353818715,-0.471437603235,0.303632944822,0.577553331852,-0.058984745294,0.732030749321,-0.140792071819,-0.335037142038,0.121599704027,-0.148706912994,-0.574384093285,-0.187886029482,-0.025942422450,-0.290104031563,-0.507677912712,0.093401774764,0.351204365492,-0.093772202730,0.055132277310,0.303052604198,-0.248492434621,0.164664208889,0.615670502186,0.144409939647,0.592613339424,0.366050362587,-0.290425062180,0.293433785439,0.498553037643,0.152991563082,0.430233448744,-0.533274650574,-0.208885267377,-0.088265150785,-0.467947334051,-0.612822353840,-0.754696905613,-0.431476444006,0.003354446264,-0.366400182247,-0.126621082425,0.172336220741,-0.136791437864,0.287844419479,0.857495188713,1.056572318077,0.526224136353,0.345339208841,0.288560569286,-0.242800176144,-0.006235565990,0.346775650978,-0.478084713221,-0.227130994201,-0.755804061890,-0.142940565944,-0.171986371279,-0.411238640547,-0.108914546669,0.163157790899,-0.074773281813,-0.215783506632,-0.305773198605,0.156568259001,0.232670962811,0.427525192499,0.132329821587,-0.303032040596,-0.111153595150,0.446005493402,0.202777311206,0.708368420601,-0.197109729052,-0.635476171970,0.294508039951,-0.236301183701,-0.744234263897,-0.299196034670,-0.671473681927,-0.238140985370,-0.509497165680,-0.634936988354,-0.437880754471,-0.307152032852,-0.479348301888,0.650400400162,0.140656247735,-0.032466098666,0.665522098541,0.024925798178,0.379653334618,0.249920636415,-0.091998256743,-0.071912735701,-0.282641947269,0.083223193884,-0.606368601322,-0.101691171527,-0.497310012579,0.063100628555,-0.203863903880,0.627009809017,0.187412708998,0.022752610967,-0.255905121565,0.258160650730,-0.397787928581,0.112639419734,-0.145875200629,-0.375496298075,0.182683557272,0.546548366547,-0.356489151716,0.790360987186,0.888644278049,0.311481922865,0.020653510466,0.037368118763,0.341252148151,0.346598684788,-0.796283781528,-0.160186126828,-0.441753804684,-0.159704566002,-0.462781876326,-0.308448553085,0.331991404295,0.075547069311,-0.204880520701,0.806836903095,0.360942512751,0.370721846819,0.342186421156,-0.709043502808,0.304678380489,0.191652074456,-0.127036795020,0.446240127087,-1.092643976212,0.241055041552,-0.085149422288,-0.694790184498,0.178184881806,-0.248904019594,-0.498260825872,0.034589897841,-0.831384003162,-0.153563663363,0.184338137507,0.057144943625,-0.214696913958,0.193100869656,-0.121957786381,0.481278628111,0.402550011873,-0.389379203320,0.711998701096,0.154506206512,0.511312305927,0.655421733856,-0.350278258324,-0.711809396744,0.242919534445,0.167693495750,0.180535063148,-0.113437905908,-0.490119576454,-0.030482243747,-0.425948798656,0.217697381973,-0.243927910924,-0.277044326067,0.686303257942,0.404583245516,0.309020638466,-0.029021102935,0.772596836090,0.625668048859,0.893566846848,0.783504009247,-0.071435295045,0.182436600327,0.408036500216,0.160198464990,0.167804628611,-0.529652655125,-0.565432012081,-0.074435777962,-0.175192639232,-0.448178708553,-0.171657100320,-0.226616501808,-0.101596504450,-0.027136029676,-0.194467335939,-0.571671724319,0.210235282779,-0.165993645787,-0.291050702333,-0.193331345916,-0.134223118424,0.091747194529,0.558192193508,-0.614423453808,0.084338597953,0.395116716623,-0.808318674564,-0.003152767895,-0.435225993395,-0.840113878250,-1.045570611954,-0.580018758774,0.125275194645,-0.360201686621,-0.338395714760,0.119648769498,0.329151421785,0.561143279076,1.037379980087,0.557253777981,0.427776277065,0.829782962799,0.765394091606,0.261243462563,-0.297236859798,-0.437884867191,0.662081241608,0.116471312940,-0.084865435958,-0.242919534445,-0.094764135778,0.050929959863,0.022641483694,-0.217055305839,-0.333757102489,-0.125073507428,-0.133317634463,0.218816921115,-0.373500078917,-0.258901506662,0.288688153028,0.794514000416,0.246356293559,0.023378226906,0.444120466709,-0.100785680115,0.592489898205,-0.061096195132,-0.473553150892,-0.108910433948,-0.223636597395,-0.274904072285,-0.361230641603,-1.234053373337,0.156691744924,-0.276785016060,-0.827029466629,0.327813774347,-0.794485151768,-0.249418497086,0.611669898033,-0.166886791587,0.580990076065,1.046805381775,-0.213499188423,0.745728373528,0.576359689236,-0.057968121022,0.462234437466,0.101366013288,-0.407147467136,-0.257991880178,-0.749766051769,-0.082325927913,-0.499524354935,0.278875887394,-0.104555822909,-0.235963672400,0.519593417645,0.021217387170,-0.097530007362,0.032992932945,-0.617979526520,-0.279431521893,-0.063837371767,0.021810073406,-0.228090003133,-0.651433467865,-0.339021325111,0.454220831394,-0.112314268947,0.192327067256,-0.078675143421,-0.474652081728,0.394943833351,-0.585682153702,-0.684862673283,-0.307769417763,-1.017533183098,0.250764399767,-0.102950625122,0.195944935083,0.107354626060,0.119451209903,0.700416624546,0.844616591930,0.369050830603,0.439008504152,0.626450002193,-0.301105797291,0.098332606256,0.173410460353,-0.197854697704,0.025436168537,0.366116195917,-0.193364277482,0.706997871399,0.122916780412,-0.261955499649,0.666946232319,-0.234053909779,-0.305431574583,0.370293825865,-0.342124700546,-0.015212311409,0.355476617813,-0.066673219204,0.147603869438,0.084968328476,0.120751835406,0.764904260635,0.058449681848,0.305925488472,-0.735022962093,-0.632294595242,0.476874649525,-0.602742552757,-0.489242881536,-0.610476255417,-1.246870279312,-0.254781514406,0.155761539936,-0.542856395245,-0.441387504339,-0.449952661991,-0.667007982731,0.048020027578,0.039244960994,-0.514074027538,0.496420979500,0.325871080160,-0.049724005163,0.739694476128,0.535233795643,0.889216363430,0.300447255373,0.483900487423,0.027415910736,0.466971844435,0.266285419464,-0.155485779047,0.405953854322,0.016809273511,0.098093889654,1.054094552994,-0.284535229206,0.254275262356,0.578944504261,0.133667483926,0.555504560471,-0.304295599461,-1.093203663826,0.892006933689,0.317692816257,-0.196047827601,0.124563142657,-0.458871781826,0.115471154451,0.742797911167,-0.247335880995,-0.111215323210,-0.688764512539,-0.700762331486,-0.176069319248,-0.569934785366,-0.543235063553,-0.758569955826,-0.664933562279,-0.329612404108,0.196183636785,-0.083103828132,0.953033089638,0.812566220760,-0.133696287870,0.615769326687,0.491016834974,-0.520721197128,0.731833159924,-0.013886995614,-0.716003417969,0.346133559942,-0.548289358616,-0.490872770548,0.686237394810,-0.390539854765,-0.253378003836,0.750284671783,-0.365568786860,-0.511411011219,0.533962011337,-0.214482888579,0.008165915497,0.267882376909,-0.450985729694,0.797308623791,0.246957212687,0.695905566216,0.912981450558,-0.160046190023,0.408390432596,0.860458672047,-0.402356564999,-0.065611325204,-0.429825961590,-0.468494713306,-0.076135635376,-0.631759524345,-0.189544722438,-0.149756476283,-0.653133332729,0.102234467864,-0.687196373940,-0.284580528736,0.083297282457,-0.250591546297,1.005650639534,0.393964260817,-0.380781084299,0.938853919506,0.445355206728,0.362374871969,1.040372252464,0.225904464722,-0.463065892458,0.157593116164,-0.604014337063,0.236955597997,-0.339749813080,-0.395240187645,-0.382653832436,-0.157111555338,0.446281284094,0.300657153130,0.177102416754,0.031935151666,-0.250583320856,0.673828005791,-0.796929955482,0.174225404859,0.198138698936,-0.748057961464,0.244524717331,0.031165478751,-0.095044009387,0.210646882653,-0.010993529111,-0.043439049274,0.236980304122,-0.511197030544,-0.428410112858,-0.677865684032,-0.213449791074,-0.612797617912,-0.278126806021,-0.895180225372,-0.661081075668,0.482875615358,-0.091870665550,0.347458899021,0.669802665710,-0.193055585027,0.910610675812,-0.463942527771,0.440679550171,0.023975031450,-0.452763795853,-0.533863186836,0.173303455114,-0.407435566187,0.045805681497,0.245586633682,-0.317832738161,0.384625345469,0.519235372543,0.015862619504,-0.229547023773,-0.314375400543,0.042126081884,0.509217262268,-0.574194729328,0.115981519222,0.060137193650,0.254559248686,0.485217571259,0.413864582777,-0.186017423868,0.991895318031,0.679071605206,-0.229180693626,0.441832035780,-0.207452952862,-0.403895884752,0.316886097193,-0.422483265400,-0.201118588448,0.234621912241,-0.726774752140,-0.474705576897,-0.357094198465,-0.243709772825,0.058503184468,-0.200888112187,0.164252623916,0.198710799217,0.195623889565,0.642436146736,0.624190449715,0.637719333172,-0.081650927663,0.833952367306,0.067714534700,-0.115022525191,-0.067578718066,-0.264639049768,-0.407649606466,0.082391783595,-0.089133605361,-0.203036606312,0.132214561105,-0.256370246410,0.070496879518,0.448384493589,-0.147064685822,-0.659002542496,-0.270500063896,0.154135778546,-0.293293863535,0.572844743729,-0.044760249555,-0.634060323238,0.431167781353,0.297257453203,0.271010458469,0.571004927158,0.015772070736,-0.336148440838,-0.452665001154,-0.288679927588,-0.665991365910,-0.379155308008,-0.513304352760,-0.596729218960,0.098855324090,-0.092154659331,0.084313899279,0.670934557915,0.240227743983,0.208193793893,0.802157104015,-0.123953990638,0.469536006451,0.835294127464,-0.488057494164,-0.031449478120,-0.222821667790,-0.116537168622,-0.229962721467,-0.146875351667,-0.570935010910,-0.160243749619,-0.433452099562,-0.385687202215,0.091529048979,-0.416634559631,-0.226826414466,-0.318606525660,-0.104362376034,0.335592776537,-0.237684115767,0.581393420696,0.499108672142,-0.036623142660,1.046718835831,-0.277303636074,-0.302706867456,0.200361266732,-0.484999418259,0.013158483431,-0.180831417441,-0.862051546574,0.153744757175,0.439477741718,-0.669226408005,0.064339511096,-0.211667612195,-0.252213180065,-0.038113094866,-0.254456341267,1.098797202110,-0.204810559750,0.158671483397,0.513156175613,-0.035343103111,0.629932045937,0.959038197994,0.390041828156,0.396491438150,0.071883931756,0.194714277983,-0.304904758930,0.097801655531,-0.235675573349,-0.401582777500,-0.319639623165,-0.234379068017,0.039463102818,0.622733354568,-0.641933977604,0.310848087072,-0.198385655880,-0.364395767450,0.439860522747,-0.376916289330,0.152563512325,0.352998882532,-0.186367273331,-0.056955613196,0.098834738135,0.416202425957,0.176489129663,-0.197566583753,0.089252963662,-1.164186239243,-0.222377151251,0.142660692334,-1.372355341911,-0.301941305399,-0.823827326298,-0.940059840679,0.048958446831,0.282921791077,-0.001251229085,0.386185228825,0.012648114935,0.928078532219,0.566683292389,0.593934535980,-0.008902658708,-0.284251242876,0.088429786265,0.703454136848,-0.577409267426,-0.066051721573,0.209531471133,-0.562863767147,0.302813887596,0.327677935362,-0.562859654427,0.410580098629,0.375072360039,-0.017867056653,-0.042578827590,-0.198998913169,0.436522513628,-0.242544978857,-0.080379121006,0.430682092905,-0.137766897678,0.191137567163,0.286593168974,0.347137868404,0.602565586567,-0.066755540669,0.236387625337,-0.387588799000,-0.439383059740,0.452348083258,-0.603425741196,-0.477611392736,-0.372615158558,-0.490078449249,0.177999675274,-0.660842359066,-0.174925103784,0.015545697883,-0.453459382057,-0.093043692410,0.500602722168,0.556698143482,0.903864800930,0.800366759300,-0.296384871006,0.359732449055,1.200714707375,0.102473184466,-0.026782063767,0.348454922438,-0.305826723576,0.239696785808,-0.040878966451,-0.576293826103,0.340589463711,-0.150978893042,0.089022479951,0.063820913434,-0.469766527414,0.019225299358,-0.038648158312,-0.908779203892,0.090224318206,-0.405529886484,-0.473771274090,0.414066255093,0.219265550375,-0.357230007648,0.122332334518,-0.392128586769,-0.047110415995,0.316079378128,-0.435938030481,-0.132284536958,-0.625610411167,-0.525668442249,0.035828776658,-1.183366298676,-0.316581517458,0.239737942815,-0.558295130730,0.521972417831,-0.490090787411,0.102925926447,1.230884194374,0.464568167925,0.389502674341,1.039795994759,-0.199077129364,0.348516672850,0.664262652397,0.007457983214,-0.209296867251,-0.003576704068,-0.538695216179,0.545893907547,-0.232650399208,0.485406905413,-0.065722450614,-0.468585252762,0.390980273485,-0.234679535031,0.456068843603,0.406266659498,-0.436534851789,0.355003327131,0.129168808460,0.329040318727,0.942982137203,0.087997615337,0.300953507423,0.284489959478,-0.117187477648,0.452953130007,-0.242446213961,-0.582747578621,0.424825161695,-0.709644436836,-0.859121024609,0.182465404272,-0.722983956337,-0.496136993170,-0.382250458002,-0.521618425846,-0.545231282711,0.181193605065,-0.290544420481,0.052963208407,-0.270656466484,0.422586143017,0.430575072765,0.079831704497,0.626445889473,0.095472060144,0.435551196337,0.139491453767,-0.250414550304,0.090059675276,-0.475409388542,-0.288651108742,0.015977865085,-0.150591999292,-0.520589470863,0.642296195030,0.462152123451,-0.922900795937,0.520181953907,-0.087878264487,-0.338272243738,0.141878664494,0.560019671917,-0.005305375438,-0.493140637875,0.184124127030,0.395544767380,-0.189347162843,0.577018260956,-0.177444040775,-0.802379369736,0.115043103695,-0.465498358011,-1.000102400780,-0.608714640141,-0.983317792416,-0.515201807022,0.160696491599,-1.099319934845,-0.297590821981,0.544165253639,0.274249643087,0.546577155590,0.818176209927,0.977506160736,0.823498010635,0.474376320839,-0.100048929453,0.145019084215,-0.192549332976,0.366922885180,-0.106984190643,-0.638925254345,-0.174632877111,-0.236338227987,0.072065033019,0.047497309744,-0.087787710130,1.098830103874,-0.327657371759,0.063549265265,0.267911165953,-0.194018691778,0.705940067768,-0.040784303099,-0.323101073503,0.768966674805,0.773897528648,0.267985284328,0.689097940922,-0.413720548153,-0.305756747723,0.549153685570,-0.177806228399,0.021122721955,-0.006017423701,-0.949658155441,-0.320524543524,-0.403550177813,-0.425364345312,0.242236286402,-0.011462739669,-0.314844608307,-0.633850395679,0.052308779210,0.194088652730,0.122978523374,0.352694302797,0.562974870205,-0.039290238172,0.222731113434,0.103353992105,0.642711877823,0.107251726091,-0.136186406016,0.179271474481,-0.328468203545,0.022925479338,-0.159535825253,-0.811512589455,0.306616961956,0.255057275295,-0.499853670597,0.264462053776,0.193113207817,0.304690718651,-0.552178859711,-0.034894473851,-0.473137438297,-0.586287260056,0.310753434896,-0.300587207079,-0.344376087189,0.385263293982,-0.223286747932,0.569992423058,0.178526505828,-0.262346506119,0.178119033575,0.304065108299,-0.676877856255,-0.138717666268,-0.571795165539,-0.527771711349,-0.626186609268,-0.171303138137,-0.001012507710,-0.137203022838,0.064845763147,0.604100763798,0.208992272615,1.397824525833,0.539827108383,0.128337413073,0.499676674604,0.057511262596,0.075835175812,0.399907618761,-0.547445595264,-0.250056475401,0.089713938534,-0.002872887533,0.388802975416,0.071472339332,-0.549367725849,0.204975187778,-0.273525238037,0.831301748753,0.061458390206,0.041187658906,0.148892134428,0.221076533198,0.101678818464,0.867406249046,0.742954254150,0.744119107723,0.735660910606,0.007034047041,0.555751442909,0.375356376171,-0.101024396718,-0.323117554188,-0.904441058636,0.147175818682,-0.640291750431,-0.739138841629,-0.610089361668,-0.248768195510,-0.118562184274,0.121694363654,-0.316099971533,-0.749218642712,0.252563029528,0.372536987066,0.234687760472,0.354278892279,0.183531433344,0.116232588887,1.078530550003,-0.420664012432,0.167520627379,0.759010314941,-0.622782766819,0.003296823939,-0.148064836860,-0.914183318615,0.041665103287,-0.301414459944,-0.559735655785,0.293643712997,-0.441004693508,0.054996453226,0.032984700054,-0.272685617208,0.438699811697,-0.044451557100,-0.048826742917,0.257185190916,0.581154704094,-0.199056535959,-0.220327436924,-0.367762565613,0.151312276721,0.680471003056,-0.915142297745,-0.006017423701,-0.250468045473,-0.711727023125,0.032577227801,-0.556125998497,-0.201962351799,-0.402714639902,-0.400327414274,0.131313189864,0.519000768661,0.236354678869,0.373479515314,0.825317263603,0.534003138542,0.702713251114,0.892673671246,0.068517133594,0.753359258175,0.117105156183,-0.593687593937,0.222471818328,-0.330275058746,-0.463139921427,-0.229785755277,-0.186457812786,-0.347228378057,0.641320705414,-0.820925533772,-0.213918998837,-0.003646674100,0.173229366541,-0.019208833575,-0.037240523845,0.012471131980,0.353134691715,0.553928136826,0.513855874538,0.276982575655,0.577080011368,-0.009548853152,0.317980915308,-0.358921617270,0.072735913098,-0.322903513908,-0.270294278860,-0.214095994830,-0.485402792692,-1.000987291336,-0.593638181686,-0.035837009549,-0.584451556206,-0.017323758453,0.044830217957,-0.846213579178,1.206192970276,-0.294121146202,-0.211161360145,0.892146885395,0.381007492542,0.401154726744,1.064343214035,-0.016521163285,0.600190699100,0.159544050694,-0.130057841539,0.204567715526,-0.069611966610,-0.203728079796,0.089582234621,-0.379686266184,0.265416949987,0.083033867180,-0.538946330547,0.839541733265,-0.499273300171,-0.517148613930,0.441692054272,-0.827778518200,0.001111288904,0.291108310223,-0.350813359022,0.499141573906,-1.047562718391,-0.067776277661,0.835693418980,-0.530245304108,1.084626197815,-0.387522906065,-0.315758347511,0.542263746262,-1.386151790619,-0.316215187311,0.002535385080,-1.617991447449,0.180596798658,-0.283214032650,-0.155395239592,0.209358602762,0.461534738541,0.071916855872,0.661171674728,0.685652911663,0.532323837280,0.508097767830,0.495350837708,-0.237992808223,0.069192141294,-0.245487853885,-0.276492804289,0.849197626114,0.016257746145,-0.399928182364,-0.367935389280,-0.201661884785,0.061812359840,0.180008232594,0.413033187389,-0.673107683659,-0.181724548340,-0.014915966429,0.351294904947,0.047135114670,0.225838601589,0.200669959188,0.008845036849,0.601944088936,0.630689382553,-0.965977609158,0.485896706581,0.233732879162,-0.170183613896,-0.562970757484,-0.421540707350,-0.708961129189,-0.751099646091,-0.178666442633,-0.501508235931,-0.690443813801,-0.455842465162,-0.596074819565,-0.620564281940,0.665941953659,0.111025989056,0.333563655615,0.101357787848,0.548478722572,0.397207587957,0.344079732895,0.360041141510,0.081585071981,0.479233056307,0.171969905496,0.095262154937,0.132461518049,-0.282769531012,0.200155481696,-0.213215187192,-0.157333806157,0.197397843003,-0.194706052542,0.129872635007,-0.019044198096,0.013137904927,0.441482156515,-0.410757094622,0.088298082352,0.613242149353,-0.025510255247,0.520935177803,0.307168483734,-0.490300685167,0.270117312670,0.582027316093,-0.498363703489,-0.274743527174,0.085227631032,-1.146249175072,-0.168142125010,-0.454192042351,-0.643843770027,-0.330867737532,-0.911252737045,-0.553154349327,0.439132004976,-0.013841721229,0.366371393204,-0.376615792513,0.224575027823,0.647704482079,0.376418262720,0.520819962025,0.031955730170,0.405398190022,0.388432532549,-0.301525622606,0.107288770378,0.091376759112,0.147566810250,-0.455780774355,-0.471655726433,-0.096826195717,0.296672970057,-0.017628334463,-0.076110944152,0.548844993114,-0.248735278845,0.396614909172,0.673980295658,-0.071011364460,0.383374094963,0.474903136492,0.181292384863,0.540884912014,-0.389342129230,0.332205414772,-0.230600684881,-0.251270681620,-0.119644656777,-0.399405479431,0.120220877230,-0.411111027002,-0.428076744080,-0.558698475361,-0.583430826664,-0.590156137943,-0.465975791216,-0.774984061718,-0.031190175563,-0.099888414145,0.748033285141,0.542144358158,-0.280024230480,0.424759298563,0.443898171186,0.574775099754,0.637694597244,0.238955914974,0.174904540181,0.044439211488,-0.222570598125,-0.450430095196,-0.637962162495,0.624523818493,0.803729414940,0.142199710011,0.190618976951,0.403809458017,-0.202378064394,0.372919738293,-0.513732433319,-0.360987812281,-0.011713808402,-0.026065899059,-0.283852010965,-0.061808247119,-0.068056158721,0.288696378469,0.580426216125,0.224949583411,0.522268712521,0.313198268414,-0.341680169106,0.187437400222,-0.941047668457,0.030729195103,-0.356851339340,-0.957819938660,-0.297417968512,-0.667942285538,0.066726721823,0.002358402126,-0.641464769840,0.616543114185,0.041105344892,0.198838412762,0.600112497807,-0.384876370430,0.118566296995,0.415058165789,-0.637414753437,0.395273149014,-0.256292045116,-0.208527192473,0.574499309063,-0.494597673416,-0.267828881741,-0.017953488976,-0.487534791231,0.343075454235,-0.044628538191,-0.656154334545,-0.447956442833,0.067356459796,-0.449545174837,0.591827213764,0.339321792126,-0.085869707167,0.479920417070,0.420561105013,0.503516793251,0.799197852612,0.358267188072,0.399664789438,0.225439354777,-0.180913716555,-0.083252005279,0.266013741493,-0.146196231246,0.035577710718,-0.398294180632,-0.811199724674,0.058453794569,-1.092462897301,-0.357765048742,-0.147805541754,-0.469161510468,-0.129531010985,0.655310630798,-0.343684613705,0.242582023144,0.700935184956,0.044101707637,0.683039307594,0.124974727631,-0.228402808309,-0.121505036950,-0.439555943012,-0.097711108625,-0.201275005937,-0.773844003677,-0.426385104656,0.181008383632,-0.117347992957,-0.027749296278,0.632858455181,-0.171669438481,-0.062269225717,0.206707984209,-0.351554185152,0.321944504976,-0.013952849433,-0.587538480759,0.327550351620,0.140100613236,-0.228155851364,0.445400476456,0.072838820517,0.115368254483,0.937096476555,-0.428212553263,0.222418308258,-0.429134488106,-0.685208439827,-0.159375295043,-0.246953099966,-0.521099865437,-0.059458073229,0.141565859318,0.155436396599,0.606582641602,0.726605951786,0.197653025389,1.510352730751,0.520186126232,0.765357017517,-0.032700706273,-0.144615724683,0.253402680159,-0.141475304961,-0.666633427143,-0.022954290733,-0.281501829624,0.038183066994,-0.060466464609,-0.485369831324,-0.693732380867,0.013936386444,-0.454488366842,-0.187169879675,-0.380464166403,-0.047744262964,-0.054856516421,-0.326315581799,-0.120262041688,-0.304843008518,-0.087330847979,0.869797646999,0.405628681183,-0.678022086620,0.377546012402,-0.618691623211,-0.508472323418,0.212873563170,-0.715793550014,-0.449825078249,-0.224204599857,-0.480488389730,-0.080267988145,-0.434098273516,-0.515391111374,0.279781371355,0.636229336262,-0.420310050249,0.118315227330,0.459056973457,0.307061493397,0.213906660676,0.624301552773,0.303715258837,0.131625995040,0.880202591419,0.595037579536,0.303237825632,0.192178890109,-0.442791014910,-0.091463200748,0.159017220140,-0.715344905853,0.147286936641,0.188207060099,-0.197245553136,0.370952367783,0.001662817551,-0.177933812141,0.418449670076,-0.399673014879,-0.100081853569,0.850436449051,-0.576705455780,-0.364012986422,0.018031690270,-0.619440674782,0.163462370634,0.325455367565,-0.040241006762,-0.278925269842,-0.318886429071,0.367017567158,0.020538264886,-0.530800998211,-0.296401351690,-0.838401615620,-0.334382712841,-0.183469682932,-0.156341880560,0.217125281692,-0.848432064056,0.267824769020,0.648235440254,-0.066920176148,0.890591084957,1.127159833908,-0.015097066760,0.125246375799,0.326476097107,0.251324176788,-0.053156651556,0.427204161882,-0.068788789213,-0.418169766665,0.550281465054,-0.033647358418,-0.331900835037,0.284341782331,0.316807895899,-0.448973059654,-0.259317219257,-0.389667272568,0.028127957135,0.148011341691,-0.489979654551,-0.173356950283,0.001720439992,0.605866491795,0.953160762787,0.595737278461,0.257530927658,-0.090034976602,-0.273866862059,0.497244149446,-0.184202313423,-0.263186156750,-0.494630575180,-1.333246231079,-0.409975051880,-0.382007658482,-0.810273706913,0.355789452791,-1.354047894478,-0.082609929144,0.206617429852,0.286687850952,0.590061485767,0.686105668545,0.504883229733,0.505290746689,0.509213149548,0.557397842407,0.584323942661,0.529541492462,0.062540866435,0.033095829189,-0.258251219988,-0.547116339207,0.194846004248,-0.043690118939,-0.263132631779,0.495894163847,-0.238153323531,0.026757366955,-0.311292618513,-0.284666925669,0.331007689238,0.076962932944,-0.600083649158,-0.342956125736,0.144117712975,0.236581072211,0.453636378050,0.277933359146,-0.089327052236,-0.139158070087,-0.155930295587,-0.102897122502,-0.331534534693,-0.552182972431,-0.605319082737,-0.639069318771,-0.286193937063,-0.771510303020,-0.606175184250,-0.210885584354,-0.530846238136,0.297273904085,0.795909225941,0.286696076393,0.126600503922,0.406587690115,0.754939734936,0.438950896263,0.279649674892,0.133860930800,0.151102364063,0.412798553705,-0.218022555113,0.070406325161,0.350138336420,-0.400722533464,0.485806137323,0.157654851675,-0.682763576508,0.687863111496,-0.014072210528,-0.286679625511,0.228254631162,-0.135256215930,0.473104506731,0.447030395269,0.081280492246,0.737941086292,0.783915579319,0.410876423120,-0.208527192473,0.556179523468,-0.304596066475,-0.373940497637,-0.075016118586,-0.391079068184,-0.683866620064,-0.679392635822,-1.023011445999,-0.299961566925,-0.251908600330,-0.040076371282,-0.969521343708,-0.600540518761,-0.051086362451,-0.366128534079,-0.010376146063,-0.137927427888,0.459052860737,0.496050536633,0.375162899494,0.044607959688,0.048583902419,0.407875955105,0.109079182148,0.112795822322,0.313642770052,0.564053177834,-0.467844426632,-0.162984922528,0.246792584658,-0.253991246223,0.274904072285,-0.168533146381,0.261914342642,-0.075995698571,-0.464934468269,-0.094467788935,-0.305061161518,0.628586173058,0.539139807224,-0.441482156515,-0.598210930824,0.262585222721,0.781701207161,0.072311982512,-0.232209995389,0.119792826474,-0.439288377762,-0.475676923990,-0.088742591441,-0.614094138145,-0.895480692387,-0.582517087460,0.117084570229,-0.752305507660,-0.214692786336,0.530698060989,0.123995155096,0.345396846533,0.154567942023,0.002605355112,0.561698913574,0.656940519810,-0.026703860611,0.259341895580,-0.532434999943,-0.288387715816,0.490251272917,-0.115001939237,-0.553261339664,-0.489889115095,-0.675054550171,0.486822754145,0.092813208699,-0.415947198868,-0.302966177464,-0.160202577710,0.158864930272,0.399442493916,-0.637748122215,0.178670555353,0.400043427944,0.171410143375,-0.238688394427,0.400944828987,0.370265007019,0.554335594177,-0.083416640759,0.248595342040,0.270845800638,-0.207802802324,0.557681858540,0.110182240605,-0.705302178860,-0.313996762037,-0.678190827370,-0.488963007927,-0.272607415915,-0.363889515400,-0.818036258221,-0.521005213261,-0.066422149539,-0.237091436982,0.324014812708,0.622778654099,0.294565647840,0.950436055660,0.103403382003,0.464457064867,-0.088462710381,0.282962977886,0.291766852140,-0.677202999592,-0.169356316328,-0.341988861561,-0.059124685824,0.371228098869,-0.065627783537,-0.053090799600,-0.138939917088,0.396586090326,0.641757011414,-0.108070790768,-0.650330424309,-0.252135008574,-0.089512258768,-0.159704566002,0.297714293003,0.401508688927,0.048723846674,0.702396333218,0.010326755233,0.627400815487,0.533780872822,-0.165475040674,0.047600205988,-0.668086349964,-0.274196118116,-0.226299598813,-0.753223359585,-0.344236135483,-0.083486609161,-0.452199935913,-0.298512786627,0.409678727388,0.147035866976,0.566465139389,0.343190699816,0.330723702908,0.051950700581,0.347594708204,0.074164129794,0.388411939144,0.129786193371,-0.223060384393,0.150925382972,-0.175810024142,0.037899069488,-0.429850667715,-0.799020886421,0.372915625572,-0.934277057648,-0.261280477047,0.185218945146,-0.316416889429,0.345544993877,0.134865209460,-0.123418927193,0.767509698868,-0.246611475945,1.253319859505,0.648840427399,0.090932242572,-0.277719318867,0.011372189969,0.469614237547,0.559459865093,-0.394758611917,-0.279822558165,-0.137260645628,-0.182955190539,-0.248249605298,-0.667028546333,-0.267993509769,-0.406871676445,-0.188709214330,-0.434258788824,-1.055391073227,0.602133393288,-0.185745760798,0.165820777416,0.588802039623,0.200517669320,0.641711711884,0.516568243504,0.052358169109,0.536954224110,-0.246916040778,-0.309024751186,0.243108868599,-0.481245726347,-0.281711727381,-0.370141535997,-0.577985465527,0.683389186859,0.057618271559,0.590958714485,-0.443877607584,-0.559937298298,0.696391284466,-0.281901061535,-0.400619655848,0.061734158546,-0.665106415749,0.234868869185,0.360761404037,0.229987427592,0.115631669760,0.074625112116,0.501631677151,0.199583381414,-0.198900133371,-0.107934959233,-0.584883689880,-0.364552140236,-0.415399789810,-0.357929706573,-0.607241213322,-0.423623353243,0.181938588619,0.709743142128,0.407361477613,0.189495339990,0.324842095375,0.862590730190,0.794736266136,0.583932936192,0.440663099289,0.175958201289,-0.001625774661,0.154897212982,-0.537571609020,0.279361575842,-0.008322319016,-0.030815629289,0.084680214524,-0.320055305958,-0.577812612057,0.116191431880,0.150443822145,-0.047542586923,-0.293289721012,-0.167891070247,-0.041656870395,0.149772942066,0.451096892357,0.792949974537,-0.175015658140,-0.125699117780,0.269080102444,-0.042179588228,-0.122151233256,-0.355217337608,0.366733551025,-0.738439142704,-0.464868634939,0.212140947580,-0.809018313885,-0.150822490454,-0.480875283480,-0.535344958305,-0.279007613659,-0.703594088554,-0.524404883385,-0.259856402874,-0.581730961800,-0.130107238889,0.311588972807,0.015512770042,0.600849270821,0.180979564786,0.399561882019,0.286082804203,-0.033499188721,0.101761139929,0.104918017983,0.062824867666,-0.485464513302,-0.478735059500,-0.177246481180,0.098908826709,0.435547083616,0.612246096134,0.011372189969,-0.251995056868,0.413769900799,-0.309242874384,-0.006519561633,-0.539189159870,-0.381188541651,-0.150452047586,-0.186227336526,-0.048937872052,0.605117380619,0.244956895709,0.035894632339,1.078691124916,0.320199370384,0.235704377294,0.409003704786,-0.421783566475,-0.063969083130,-0.094311386347,-1.659685373306,0.365972161293,-0.464115411043,-0.485324561596,0.656475424767,0.230662420392,0.521029889584,0.222611755133,0.179571941495,1.501293778419,-0.027843959630,0.833964705467,0.755738258362,-0.591962993145,0.658010661602,0.588695049286,-0.804527878761,0.673206448555,-0.455945372581,0.202308088541,0.472268998623,-0.262881547213,-0.438489913940,0.209292739630,-0.198850750923,0.387679308653,-0.793674290180,-0.002638282254,-0.062400929630,0.120788872242,0.005474126898,0.279353350401,0.259465396404,0.742970764637,-0.317754536867,0.377677708864,0.053448881954,-0.416375249624,-0.192746892571,-0.645448982716,-0.363753646612,-0.619230747223,-0.555644452572,0.058935355395,-0.870884180069,-0.139458522201,-0.479858666658,-0.586052596569,-0.325525343418,-0.261720895767,-0.261605650187,0.366260260344,0.455492645502,0.686624288559,0.592740893364,0.502187371254,0.175052702427,0.548030078411,0.736772179604,-0.344001561403,-0.030214712024,0.853585183620,-1.079625487328,0.493757992983,-0.429303258657,-0.096406370401,0.305287539959,-0.022398646921,0.448528558016,0.681150138378,0.001646353863,-0.069134518504,-0.505484163761,0.260107457638,0.252369612455,0.072526007891,0.154979526997,0.023065419868,0.235070541501,0.056305304170,0.638040363789,-0.535567164421,-0.342392235994,0.599622666836,-0.619807004929,-0.726770579815,-0.413597017527,-0.935622930527,-0.036013994366,-0.570136487484,-0.770983457565,-0.440971791744,-0.223912373185,-0.064730525017,1.302368879318,0.116870552301,0.288280695677,0.887734651566,0.388708293438,0.050345506519,0.824992120266,-0.090767614543,-0.104292407632,-0.088178724051,0.040994215757,0.130856335163,-0.074213519692,-0.432365477085,-0.082494676113,0.276447534561,-0.300813555717,0.094294920564,0.246348068118,-0.155765667558,0.340799361467,0.507957816124,0.179226204753,0.482282906771,0.547573208809,0.208370789886,0.373162597418,0.642715990543,0.547268629074,-0.413078427315,0.021727757528,-0.020192531869,-0.186095625162,0.295244783163,-0.990779876709,-1.171463131905,0.445840895176,-0.253373891115,-0.762978017330,0.022485077381,-0.988376259804,0.038022544235,0.659603476524,-0.498289614916,0.276031821966,-0.011092309840,0.130498245358,1.135486245155,-0.030025381595,0.548709213734,0.945361137390,-0.029819585383,-0.263577133417,0.620905935764,-1.093623638153,-0.493543982506,-0.049114853144,-0.148641079664,-0.137194782495,-0.378653168678,-0.101357787848,0.790443360806,-0.369038462639,-0.234584867954,-0.241874098778,-0.786858379841,0.207387089729,0.282292097807,-0.499940067530,-0.279629081488,-0.015706216916,0.094899952412,-0.058943588287,0.032815948129,0.456916749477,0.233868688345,-0.361736893654,0.147319868207,-0.344544857740,-0.242804288864,-0.580282151699,-0.741814136505,-0.378175735474,-0.601758837700,-0.447277307510,0.430846691132,-0.493399947882,0.483945757151,0.639164030552,-0.244323045015,0.721267640591,0.774502515793,-0.073950104415,1.271359801292,-0.236062452197,-0.420338869095,0.507994830608,-0.179818898439,0.194138050079,0.373035013676,-0.017965836450,0.027280084789,-0.182914033532,0.709241092205,0.130741074681,-0.107605695724,0.108482375741,-0.591427981853,0.326204478741,0.033449795097,0.418717205524,0.012751012109,0.459024071693,0.881466150284,0.877247393131,0.208765923977,0.473590165377,0.802416443825,-0.423989653587,-0.435769319534,0.066389225423,-0.138055011630,-0.664423167706,-0.624791324139,-1.076052784920,-0.523071348667,0.307876408100,-1.160374999046,-0.935306012630,-0.226694718003,-0.367816030979,0.610270500183,-0.137128934264,-0.261185824871,0.730162084103,-0.121756106615,1.066866159439,0.581862628460,-0.583566606045,0.074213519692,-0.010935906321,-0.197685956955,0.268322765827,-0.289457857609,-0.754133045673,0.037516292185,0.108297161758,0.195356369019,0.305505663157,-0.267935872078,0.290713191032,0.736784577370,-0.275249809027,-0.614888489246,0.308073997498,-0.352574914694,0.590160250664,-0.078930325806,-0.279382139444,0.419379830360,0.216129243374,-0.043245602399,0.113565497100,0.356291592121,0.203011900187,0.017974069342,-0.094496600330,-1.116935849190,-0.002518921625,-0.306390583515,-0.262782782316,-0.177234113216,-0.589933872223,0.306719869375,0.812343955040,0.186256125569,0.635607838631,0.395343065262,0.724148809910,0.489465147257,0.398467063904,-0.208625972271,-0.541037201881,-0.587546706200,-0.119167216122,-0.205230370164,-0.377056211233,-0.762903988361,-0.013640042394,-0.227406755090,0.104716338217,-0.543918311596,-0.161774858832,-0.754063069820,0.100028350949,0.185984492302,-0.469832360744,-0.413613528013,0.128181010485,0.649770617485,0.287667423487,0.231308609247,0.647095263004,0.339741587639,0.068496555090,0.261218756437,-0.370779484510,-0.061569519341,0.081214644015,-0.208823531866,-0.305217564106,0.086392425001,0.374973565340,-0.461481273174,-0.418865352869,0.366445451975,0.032618388534,0.372195363045,0.411288022995,-0.249937117100,0.498330742121,0.373771727085,0.060211278498,0.470322161913,0.779643237591,0.219705924392,0.324315279722,-0.266236007214,-0.340087324381,0.323360383511,-0.165158107877,0.489518672228,-0.024942263961,-0.062573798001,-0.166545167565,-0.063228219748,0.145731136203,0.237334266305,-0.243388727307,0.390552192926,-0.486160069704,-0.614011824131,0.431464105844,-0.516708195210,-0.192952692509,0.214137151837,-0.227242127061,-0.059178192168,0.501351833344,-0.223961770535,-0.487057358027,-0.163252457976,-0.047937713563,-1.083222746849,-0.119175441563,-0.711356580257,-1.106625556946,-0.058437332511,-0.202172279358,-0.487407207489,-0.133045986295,0.119751669466,0.456632733345,0.305493324995,0.117397382855,0.775259852409,0.856515586376,-0.226455986500,-0.046859350055,0.177369937301,-0.006803557277,0.371421545744,-0.337951183319,-0.086100198328,-0.298224657774,-0.154407426715,0.301949530840,-0.077041134238,-0.780668139458,0.180057615042,-0.401130020618,0.099509745836,0.015850272030,0.114861994982,-0.442778676748,-0.105638302863,-0.063602775335,0.620881199837,0.211140796542,0.257860183716,0.263375461102,0.365955680609,-0.253312140703,0.458044469357,0.030235290527,-0.162046507001,0.393577396870,-0.462481409311,-1.052246570587,-0.031774632633,-0.581249356270,-0.617535054684,0.326179772615,-0.521178007126,-0.103275775909,0.420396506786,0.001831568778,0.504632234573,0.948044657707,0.773251295090,0.933725535870,0.579080283642,0.375665038824,0.927695751190,0.343548804522,-0.472878128290,-0.025613151491,-0.499495565891,0.369347184896,-0.282436132431,0.022559164092,-0.325784623623,-0.088372170925,0.188491061330,0.086231902242,-0.259296655655,-0.189746409655,-0.671658933163,0.176139280200,-0.435106664896,-0.189260751009,-0.106831908226,-0.053975716233,0.048151738942,-0.156485944986,-0.250509202480,0.492136359215,0.139479115605,-0.543852448463,-0.504891455173,-0.405492872000,-0.764488518238,-0.619753479958,-0.325097292662,-0.104811005294,-0.760096907616,-0.039166763425,0.158045873046,-0.091664873064,0.974304020405,0.031363043934,0.473775386810,0.603746831417,0.381966471672,0.838339865208,0.219792366028,-0.127250805497,0.578211903572,-0.047838933766,-0.159490540624,0.200492992997,0.010470811278,-0.333625406027,0.198805466294,0.260757774115,0.527294278145,-0.197480142117,0.289198517799,-0.324924409389,-0.294178754091,0.356266856194,0.152686983347,-0.210161209106,0.562246322632,0.574231803417,-0.357242345810,-0.155127704144,0.711718797684,-0.405887991190,-0.274142622948,-0.450232535601,-0.558805465698,-0.064413599670,-0.769530534744,-0.589497625828,-0.271397322416,-0.758726358414,-0.604405343533,-0.711566507816,-0.640797972679,-0.586748182774,0.332254797220,-0.438033074141,-0.283078223467,0.086503550410,-0.109634831548,0.496774971485,-0.105531290174,0.430628567934,0.675392031670,-0.170183613896,0.546659469604,0.128526747227,-0.791328310966,0.103473342955,0.047135114670,0.472441852093,0.603043019772,0.179139778018,0.142919987440,-0.456509262323,0.490732848644,0.654590368271,-0.123377762735,0.194150418043,-0.137318268418,-0.139446184039,0.423750907183,-0.256440192461,-0.129736810923,0.180164620280,0.156024962664,0.349311053753,-0.117109268904,-0.064862228930,-0.530582845211,-0.728297591209,0.265799731016,-0.284741044044,-0.936314463615,-0.562028169632,-0.347401261330,-0.515736818314,0.232934400439,0.020110214129,-0.063479296863,0.494395971298,0.293701320887,0.797699630260,0.132638499141,-0.215643554926,1.146006464958,-0.277320086956,-0.505689978600,-0.051020510495,0.337436705828,-0.672338068485,0.266758739948,-0.629763364792,0.192627519369,0.304065108299,-0.122673951089,-0.099209286273,-0.528397321701,-0.081580951810,0.704059123993,-0.493671596050,-0.047176271677,0.089981473982,-0.162894368172,0.459114611149,0.457159548998,-0.028403721750,0.599844932556,0.014566116035,0.230189099908,0.714608192444,-0.526672780514,-0.562929570675,-0.148727506399,-0.162095889449,-0.430204629898,-1.212016940117,-0.682327270508,-0.449895024300,-0.503570318222,-0.289256155491,-0.757812619209,-0.761356353760,0.288453549147,-0.048933751881,-0.037281684577,0.875555753708,-0.203917413950,0.569885432720,1.504306554794,0.437983661890,0.314305424690,0.563925623894,-0.604804575443,0.338856697083,-0.185251861811,-1.051851511002,0.277657598257,-0.034894473851,-0.298479855061,0.625927329063,-0.189495339990,-0.344454288483,0.518963694572,0.209206312895,-0.252789407969,0.417470067739,-0.110593825579,-0.112306036055,-0.068434819579,0.247611626983,0.463246941566,0.611480534077,-0.519041895866,0.708714187145,0.627536594868,-0.178880468011,0.433028131723,-0.959338665009,-0.460703343153,-0.427488178015,-0.657121598721,-0.696716427803,-0.585431098938,-0.734006345272,-0.386728554964,0.266310095787,0.519918560982,-0.001415864448,0.187902480364,0.332917451859,0.517198026180,0.429204493761,0.672338068485,-0.325019091368,-0.264001101255,-0.182671189308,-0.132943078876,-0.600952148438,0.246236935258,-0.053308945149,-0.125950187445,-0.417774647474,0.027971554548,-0.286021083593,0.302842706442,0.054457273334,0.170142441988,0.346413463354,0.158539772034,-0.057391896844,0.804264485836,1.061840653419,0.508245944977,1.054802536964,0.069895952940,0.801984250546,0.870011687279,-0.093726925552,-0.518646776676,0.211235433817,-0.406908720732,0.349380999804,-0.403887659311,-0.948855519295,-0.243750944734,-1.096393585205,-0.706355810165,0.523108422756,-1.034856915474,-0.158766150475,0.088977202773,-0.489926129580,0.286387383938,0.226217269897,0.067080691457,0.922250449657,-0.164042711258,0.429554313421,-0.390539854765,-0.577923774719,0.503475606441,-0.787134170532,-0.342849105597,-0.096118256450,-0.240104272962,0.058713097125,-0.147505089641,-0.025065740570,-0.287877351046,0.178221926093,0.159947395325,-0.239840835333,-0.346705675125,-0.195735007524,0.052045363933,-0.146957665682,0.084988906980,0.135947674513,-0.269907385111,0.684586882591,0.104358263314,0.181996196508,0.184663280845,-0.422022253275,0.472804039717,-0.398071944714,-0.698626160622,-0.283567994833,-0.689052641392,-0.365025460720,0.835821032524,0.141520589590,-0.587888300419,0.673930883408,0.295084238052,0.452574461699,0.836035013199,0.398006081581,0.116829387844,0.563666343689,-0.123237825930,-0.587172150612,-0.294186979532,0.502207934856,0.228921398520,-0.008034206927,-0.095727257431,-0.596107721329,0.213211074471,0.471556931734,0.022217547521,0.015932591632,-0.543786585331,-0.173171743751,0.396960645914,-0.205016344786,-0.018542060629,0.178081989288,-0.699766278267,0.729544699192,0.533694446087,0.117014609277,-0.023028377444,0.173134699464,0.296627700329,0.097303636372,-0.811364412308,-0.059989023954,-0.095278620720,-0.243450477719,0.305974900723,-0.755474746227,-0.637822210789,0.298763841391,-0.833577811718,-0.242067545652,-0.336173146963,-0.286535561085,0.146509036422,0.161943599582,0.001452907454,0.631384968758,0.596251785755,0.126913309097,0.230625376105,0.349335730076,0.207860425115,-0.107210569084,-0.127691209316,-0.482929140329,-0.361531078815,-0.269252955914,-0.212272644043,0.376698106527,-0.294306367636,-0.597663521767,0.202015846968,-0.275476187468,0.067562252283,0.290741980076,-0.940072238445,-0.365614056587,0.150641396642,0.633154809475,-0.234165027738,0.300718903542,-0.136145234108,0.269211798906,0.927242994308,-0.485061138868,0.180535063148,-0.262494683266,-0.453562259674,-0.288729339838,-1.196771740913,-0.476557731628,0.051395054907,-0.218800440431,0.504010677338,-0.073690801859,0.426553845406,0.431575238705,0.703585863113,0.817826271057,0.351624161005,0.738579094410,0.095002859831,0.152970969677,0.724840223789,-0.899839460850,0.249216824770,-0.236046001315,-0.370162129402,0.196418255568,-0.777519464493,-0.021781263873,-0.059857312590,-0.065183266997,-0.056605763733,-0.242417395115,-0.848975360394,0.073686689138,0.031198408455,0.418910652399,0.105753548443,-0.275006979704,0.203896820545,0.699251770973,-0.222167238593,0.381707191467,0.239614471793,-0.714830458164,0.181123629212,-0.026782063767,-0.507463932037,-0.212441414595,-0.264556735754,-0.522787392139,-0.204551234841,-0.608973979950,-0.231164559722,-0.644938588142,-0.400529086590,0.642864167690,0.281497716904,0.023748654872,0.788912236691,0.401471644640,1.098093390465,0.418639004230,0.903156816959,0.365111917257,0.118199981749,0.458851188421,0.362683564425,-0.206823214889,0.107531607151,-0.235766127706,0.035445999354,0.273628145456,0.017043879256,0.216997683048,0.151859685779,-0.246010556817,0.249200373888,-0.616761207581,-0.453763961792,0.379834443331,-0.548091769218,-0.131506636739,0.121015243232,-0.247780397534,0.402776390314,0.214894473553,-0.526981472969,-0.664526045322,0.173999041319,-0.131728902459,-0.452253431082,-0.608957529068,-0.802877426147,-0.339214771986,-0.496268719435,-0.283695608377,-0.784376502037,-0.684549868107,0.242956578732,0.242820739746,0.213363349438,0.712673723698,-0.048448082060,0.711352527142,1.385526180267,0.230049163103,0.266301870346,0.354801625013,0.578063666821,0.493321716785,-0.030375231057,0.262655198574,-0.165569707751,0.537999629974,0.361074239016,-0.353114128113,0.191791996360,0.186457812786,-0.034676332027,0.247838020325,0.226147308946,-0.306559354067,0.335432261229,0.428974002600,0.010450231843,0.180349841714,0.093809254467,0.438757449389,0.522503376007,0.046036172658,-0.289391964674,0.030227059498,-0.171323716640,-0.204061463475,-0.400142192841,-0.693909406662,-0.509921133518,-0.096661552787,-0.271249145269,-1.215955853462,-0.549347162247,-0.457274824381,0.282201528549,-0.508941531181,0.019068894908,0.169780254364,0.182066157460,1.058523297310,-0.211218982935,0.435654073954,0.558945417404,0.347006142139,0.743633389473,0.062528520823,-0.982865095139,0.443219095469,-0.041150618345,0.474647969007,-0.031424779445,-0.537925541401,0.402315378189,-0.097040213645,0.425516635180,0.167010262609,-0.713039994240,0.048950221390,-0.107037700713,-0.151036515832,0.145706444979,0.403562515974,0.278880000114,0.289634823799,-0.013747055084,0.536312162876,0.574404656887,-0.330752521753,-0.371158152819,0.242252767086,-0.842715084553,0.026440443471,-0.654878437519,-1.399195075035,-0.545317709446,-0.889356315136,-0.346977323294,0.262848645449,-0.585706889629,0.303377777338,0.012207713909,0.304575473070,0.660052120686,0.832968711853,0.836376607418,0.077683210373,0.200443595648,0.309395194054,-0.350813359022,-0.069751903415,-0.113647818565,-0.857190668583,-0.001173027209,0.924320757389,-0.608978092670,0.029889557511,0.476495981216,-0.404134631157,0.502409577370,0.415959566832,0.126427635550,0.866369068623,0.437407433987,0.491099178791,0.492008775473,0.657253324986,0.236074820161,0.554286241531,0.708002150059,0.072571285069,0.176843121648,-0.352356791496,-0.761636316776,-0.181926220655,-0.738529741764,-1.106996059418,-0.593876957893,-0.601639449596,-0.609439074993,-0.324969679117,-0.702700972557,-0.718781709671,-0.202011734247,0.511633336544,0.295726329088,-0.083630666137,0.824835658073,0.289013326168,-0.039426062256,0.408592104912,0.500520408154,-0.283921986818,0.086236022413,0.286276251078,-0.374776005745,-0.497927397490,-0.109943516552,0.185544088483,0.220940694213,-0.074065349996,0.275863081217,-0.000481558527,-0.042076691985,0.410567760468,-0.564094364643,-0.398586422205,0.640843272209,-0.255040794611,0.189520046115,0.549515902996,0.366350829601,0.572865307331,0.621671497822,0.127180844545,0.381596028805,-0.238774836063,0.223990559578,0.428504794836,-0.655681073666,-0.568181455135,-0.859129250050,-0.183634325862,0.341099858284,-0.595054030418,-0.160412505269,0.499964773655,0.317351192236,1.017730712891,0.237630620599,-0.332370042801,0.702573299408,0.608512997627,0.340782910585,0.478245258331,-0.505187809467,-0.432106167078,-0.229691073298,-0.430793225765,-0.133416414261,-0.589287698269,-0.183412060142,-0.436732411385,0.245640128851,-0.047612555325,0.104539357126,-0.396812468767,0.181366458535,0.123509474099,0.227801889181,0.062244530767,0.148702800274,0.241314336658,0.349294543266,0.776539921761,0.929461479187,0.481970101595,-0.160223171115,0.024732351303,-0.487468928099,0.675124526024,-0.161540254951,-0.788591146469,-0.134400099516,-0.337597221136,-0.167816981673,0.417642951012,-0.378628492355,-0.042920447886,-0.143043458462,-0.479636430740,0.139820724726,0.970624446869,-0.253888368607,0.337572544813,0.394223570824,-0.194282114506,0.375562161207,0.285967588425,-0.712237417698,0.365046054125,0.168343812227,-0.181526973844,-0.133663371205,0.271479666233,-0.065467268229,0.066669106483,0.008293508552,-0.089792139828,0.412469297647,0.928539514542,-0.797687292099,0.026242880151,-1.197623729706,-0.467642694712,0.798378765583,-0.233345985413,0.362453043461,0.405702769756,-0.721621632576,0.550310313702,1.305192351341,-0.015969634056,-0.090063787997,-0.298825591803,0.239919051528,0.165652021766,-0.281868129969,-0.112783476710,-0.580932438374,-0.274842321873,-0.089705713093,-0.361580491066,-0.292326599360,0.686591386795,0.360176980495,0.571309506893,0.740719377995,0.367556780577,0.113215640187,0.703408837318,0.176287457347,0.005622298922,-0.486530512571,0.440181553364,-0.657286226749,0.280332922935,0.038718130440,-0.743863940239,-0.687484502792,-0.064006127417,-0.129712104797,-0.125629156828,-0.370289713144,-0.675474345684,0.088433906436,0.271076291800,-0.094731211662,0.787389338017,0.358452409506,0.245294407010,-0.122933246195,0.346034795046,0.284868627787,0.907536149025,0.736537635326,-0.022065259516,-0.526545166969,0.209778413177,-0.586488902569,0.331662118435,-0.192442312837,-0.391358911991,-0.327801436186,-0.055881369859,-0.994023263454,0.106959499419,-0.123702920973,0.235317498446,1.078427672386,0.505159020424,-0.015335787088,0.588876068592,0.199912637472,0.787969708443,0.908244073391,0.085091806948,-0.772868454456,-0.118463404477,-0.204510092735,-0.037388697267,-0.276846766472,-0.504418134689,0.475582271814,-0.095196299255,0.010009832680,0.118060044944,-0.351060271263,-0.057581227273,-0.584377467632,-0.068076737225,-0.216417342424,-0.873082101345,0.044179908931,-0.289128571749,-0.357452243567,0.246994256973,0.326599597931,0.169335737824,-0.318034440279,-0.289684206247,0.166113004088,-0.604516446590,-0.529841959476,-0.554138064384,0.132901921868,-1.111667633057,-0.504702150822,-0.074168242514,0.419309914112,0.758030772209,-0.063096515834,0.487650036812,0.968051970005,0.401138246059,1.141277313232,0.140380486846,0.339729249477,0.778404414654,0.361856222153,0.054255597293,0.080444969237,0.348421990871,0.524985253811,-0.236297070980,-0.041298791766,-0.507221043110,-0.008079482242,0.372841566801,-0.121039941907,0.013561841100,-0.491831779480,-0.812879085541,1.303245544434,0.088861949742,-0.145722895861,0.128851890564,-0.706310510635,0.532027482986,0.241149708629,-0.327340453863,-0.324224710464,-0.419145256281,0.173677995801,-0.890167117119,-0.429924756289,0.097995109856,-0.366922885180,-0.096805617213,-0.302546352148,-1.260292172432,-0.288412421942,-0.277879834175,-0.318252563477,0.292277216911,-0.359222084284,-0.106193952262,0.437786102295,0.183383256197,0.893138766289,0.814006745815,0.601598322392,0.151859685779,0.096513383090,0.515695691109,0.301793158054,-0.272595047951,0.239005312324,-0.664283275604,0.103510387242,0.624577343464,-0.376677542925,0.140882626176,0.474483311176,-0.325665265322,0.741789460182,-0.787475764751,-0.034738067538,0.016801042482,-0.585579276085,-0.749268054962,0.156806975603,-0.169619724154,0.199925005436,0.295837461948,-0.603685081005,0.837450861931,-0.197768270969,-0.000090549467,-0.047303866595,-0.958227455616,-0.736792802811,0.114557422698,-0.413774013519,-0.435119003057,-0.867896080017,0.273360610008,-0.758606970310,0.007474447135,0.635879516602,0.164890572429,0.484530210495,0.864973783493,0.318816453218,0.463386923075,0.030515169725,-0.294079959393,0.597330152988,0.693929970264,-0.216886565089,-0.339190065861,-0.379887938499,0.298879116774,-0.207057833672,0.548120617867,0.061635378748,-0.086351267993,0.184510990977,-0.489456892014,-0.430566847324,0.578923940659,0.169582694769,-0.074765048921,-0.157144486904,0.271792441607,0.254867941141,0.374689579010,1.239963889122,0.382884293795,-0.331485152245,0.106766052544,-0.278097987175,0.051304508001,0.037701506168,-0.686200320721,-0.921641349792,-0.650367438793,-1.067067861557,-0.435477077961,-0.820209443569,-0.471141248941,-0.134395986795,-0.111478745937,0.342499256134,-0.012841561809,0.848279774189,0.828663408756,0.641958713531,0.220376834273,0.165330976248,0.578718125820,0.291886210442,0.246261626482,-0.174636989832,-0.095562614501,-0.045883886516,0.505052030087,-0.136935487390,0.171718835831,-0.463176995516,0.501487672329,0.349883139133,-0.269434064627,-0.171883463860,-0.376031368971,-0.151839107275,0.079461276531,0.695716261864,-0.141405344009,-0.169755563140,0.192718073726,-0.181168898940,0.787438809872,-0.329991072416,-0.314988672733,0.340754121542,-1.081279993057,-0.324327617884,0.022802000865,-1.423252463341,-0.877119779587,-0.677050709724,-0.708035051823,0.101028509438,-0.583311438560,-0.362177312374,0.108041979373,0.216120988131,0.199291154742,0.505545914173,0.788558244705,0.062586143613,0.441029429436,0.265746235847,0.300418436527,-0.237284883857,0.055831979960,0.029848396778,-0.091100998223,-0.342412829399,0.397133499384,-0.607805073261,0.671440780163,-0.403607785702,0.066368639469,0.505858719349,0.167870476842,0.493856787682,0.459592074156,0.415482103825,0.478265821934,0.284304738045,0.437242805958,0.333337277174,0.481216937304,0.154679074883,0.767019867897,0.133041873574,-0.387564063072,0.384464800358,-0.399450778961,0.159683987498,-0.292252540588,-0.658475756645,0.047098070383,-1.232859730721,-1.366593122482,0.340758234262,-0.801976025105,0.134157270193,-0.043150939047,-0.072744145989,0.186651259661,0.204843476415,0.446034342051,0.639452099800,-0.148846864700,0.549540579319,-0.091607250273,-0.089372329414,0.362774103880,-0.851202011108,-0.739566922188,0.141965106130,-0.248776420951,-0.072299629450,0.237556517124,-0.629845619202,-0.107375204563,0.354974478483,-0.669477522373,-0.017282601446,-0.565226256847,-0.098015680909,0.372524619102,-0.615674614906,0.085919097066,0.216635495424,-0.404587358236,0.180069953203,0.196381211281,0.260086864233,0.208197906613,0.142944678664,-0.035544782877,-0.005058422685,-0.452726751566,-0.687591493130,-0.454019159079,-0.281789958477,-0.592004179955,-0.308967143297,-0.196751654148,0.350883275270,0.244911611080,-0.191042900085,0.549713492393,0.698642611504,0.608566522598,0.390157073736,0.392243832350,-0.104765735567,0.155675113201,-0.390354633331,-0.363300919533,-0.235700264573,-0.135556668043,0.015837924555,-0.340782910585,0.222673490644,-0.361078351736,0.081210523844,-0.538431823254,-0.339609891176,0.376360625029,0.075748741627,-0.300838261843,-0.573173999786,0.239330470562,0.171270191669,0.785652518272,0.539489626884,0.075452402234,1.094582557678,-0.361526966095,0.392762422562,0.549227833748,-0.008853268810,-0.338786721230,-0.571132540703,-0.926061749458,-0.939870536327,-0.350056022406,-0.209906026721,-0.966710269451,-0.363819509745,-0.074493400753,0.078506387770,0.642814755440,0.141878664494,0.238606065512,0.573215186596,0.644967377186,0.481035828590,0.350286483765,-0.257732599974,-0.443235546350,-0.198636725545,-0.111668072641,-0.011565636843,-0.707430064678,-0.527520596981,-0.315346747637,-0.284061908722,0.519222974777,-0.581146478653,-0.123410686851,0.231802523136,-0.492761939764,-0.079296641052,-0.565501987934,-0.308843642473,0.068344265223,0.347314834595,0.349854320288,0.360172867775,-0.143442705274,0.176085785031,-0.309386938810,0.121398031712,0.024180825800,-0.179197400808,-0.185675799847,-0.540275752544,-0.708841800690,-0.116228476167,0.041829738766,0.592572212219,0.261819660664,-0.180823162198,0.474787890911,1.118615150452,0.157621935010,0.260922402143,0.241260826588,0.047056913376,0.418548434973,-0.069867148995,0.173048272729,-0.316322207451,-0.113215640187,-0.075098432600,-0.004531589337,0.000782018120,-0.024044999853,0.008931470104,-0.516736984253,0.310086637735,-0.316984891891,-0.166689231992,0.086980991066,0.124336764216,-0.209078714252,0.061800014228,0.073073416948,0.510472595692,0.360600918531,0.151509836316,0.286720782518,0.206465139985,0.460625141859,-0.022118765861,-0.507966041565,-0.387444704771,-0.109153263271,0.142491936684,0.051481489092,-0.090183153749,-0.288449436426,-0.456060618162,-0.447791785002,0.193508327007,-0.055218711495,-0.401035338640,-0.454331964254,-0.133157104254,0.280526369810,0.215470686555,-0.014755447395,0.617991924286,0.699115991592,0.743962645531,0.598791301250,0.114182882011,0.091228589416,-0.037499826401,0.096735641360,0.329460114241,-0.300212651491,0.028819426894,-0.309917896986,0.698136389256,-0.330460280180,0.138087943196,-0.559558629990,-0.129181161523,-0.314527690411,0.007943658158,-0.014327395707,-0.737336099148,0.007951890118,-0.456896156073,0.150427356362,0.180115237832,-0.238770723343,-0.108507066965,-0.677519977093,0.029547937214,-0.003630210645,-1.057354450226,-0.413938671350,-0.077156379819,-1.154258847237,-0.382299840450,-0.348891198635,-0.223718926311,0.261634439230,0.418301522732,0.601627111435,0.281267225742,0.507414519787,0.815714836121,1.414950728416,0.054449040443,0.483735829592,0.440560221672,-0.063964970410,0.065360255539,-0.183992400765,-0.646115720272,0.591197490692,-0.307827025652,-0.123093776405,0.144990280271,-0.037903185934,0.296319007874,0.309642136097,-0.108461804688,-0.161667838693,-0.139075756073,0.397133499384,-0.090578280389,0.508834540844,0.006321999244,0.590135574341,0.648548245430,0.367507368326,0.122496969998,0.403451412916,-0.308390915394,0.262749850750,-0.242631405592,-1.082889318466,-0.283271640539,-0.830536186695,-0.840443074703,-0.428154915571,-1.170343637466,-0.931671679020,-0.049892753363,0.199678048491,-0.655302405357,0.100505791605,-0.074024192989,0.482760369778,0.405410528183,0.582282483578,0.361374706030,0.348146229982,0.445021837950,0.420190721750,0.013866417110,-0.187276884913,0.103308714926,-0.578458786011,-0.504039525986,0.137491136789,0.002086753724,-0.079992227256,0.129329338670,-0.083754137158,-0.278349071741,0.140652135015,0.164441943169,0.561196804047,-0.059474535286,0.255151927471,0.121430955827,0.075427703559,-0.100542835891,0.517214477062,-0.421581834555,0.292413055897,0.249912410975,-0.380801647902,-0.582529425621,-0.316124677658,-0.509435415268,-0.753404498100,-0.256670713425,-0.544930815697,-0.842155337334,-0.037326958030,-0.098419040442,0.270072013140,0.180551528931,-0.242816627026,0.420869797468,0.317606359720,0.946332514286,0.481863111258,0.059404566884,0.724671542645,-0.294853776693,-0.434620976448,0.385979443789,0.075608804822,0.280674517155,-0.716563224792,-0.156234875321,0.038269497454,0.280518144369,0.089290000498,-0.130778133869,-0.255946308374,0.143953070045,0.163454145193,0.628886640072,-0.244335383177,0.397413372993,-0.044011153281,-0.140680938959,0.815426766872,0.298376947641,0.559953749180,0.441214621067,-0.373730599880,0.136626809835,0.214219450951,-0.317499369383,-0.502710044384,-0.128917738795,-0.633228898048,-0.267388463020,-0.426759630442,-0.820695102215,-0.524199128151,0.029947178438,-0.151032388210,0.009890471585,0.269351720810,-0.140125304461,0.650132834911,0.866142690182,0.096373446286,0.390897959471,-0.413078427315,0.263573020697,-0.139960661530,0.162540405989,-0.180757313967,-0.436576038599,0.265742123127,0.387547612190,0.109881773591,0.067072458565,-0.098698921502,0.208321392536,0.790278732777,-0.379887938499,0.190503746271,-0.081593304873,-0.400685518980,0.406077325344,-0.038569957018,-0.142627760768,1.107280015945,0.321516484022,-0.187404468656,0.227369710803,-0.158803179860,0.180996045470,-0.034071296453,-0.510641396046,-0.630656480789,-1.140742182732,-0.747543454170,-0.178501814604,-0.596992671490,-0.382168143988,-0.389831930399,0.089401140809,0.022847278044,0.190088018775,-0.020385976881,-0.035581823438,0.159609898925,0.538530647755,-0.264754295349,-0.510554969311,0.048641528934,0.007309811190,0.483155488968,-0.458102107048,-0.210967913270,-0.026222301647,-0.422853648663,-0.159046024084,-0.091343834996,-0.408373981714,-0.181897416711,-0.173147052526,0.216186866164,-0.253369778395,0.587970614433,0.417354851961,1.116380214691,0.785512506962,0.551763176918,0.474944323301,0.365054309368,0.619864583015,0.274525403976,-0.237568885088,-0.123962216079,0.318240225315,-0.086367726326,-0.410382539034,-0.210519284010,-0.446268945932,0.042619988322,-0.045591656119,-0.918912410736,-0.382756710052,-0.285996377468,-0.162396356463,0.335946768522,-0.507756173611,0.385967105627,0.756771266460,-0.276966124773,0.362276077271,0.869155526161,0.552915632725,0.927654564381,0.310938626528,-0.690995335579,-0.493745654821,-0.201056852937,-0.284971535206,0.082432940602,-0.233893394470,-0.423421651125,-0.333617150784,0.066734962165,0.174007266760,0.326253861189,-0.498631209135,-0.444988876581,-0.239009439945,-0.186219111085,0.346738606691,0.112684696913,-0.273315340281,0.862911760807,0.337819486856,0.124917112291,1.068607211113,-0.238071024418,-0.108243659139,-0.116726495326,-0.116817049682,-0.454562425613,-0.724914312363,-0.508978545666,-0.217631533742,-0.722679436207,0.323689639568,0.311679482460,0.424141943455,0.511678576469,0.733022630215,0.227061018348,0.367659658194,0.882091760635,0.770818769932,-0.494428902864,0.534599959850,-0.703622877598,-0.258691579103,-0.033964283764,-0.554372608662,0.080790705979,-0.407633155584,0.264371514320,-0.048172313720,-0.556549966335,-0.230901151896,-0.350027203560,0.412201732397,0.008614547551,-0.465481907129,0.085141196847,0.325817555189,0.137721613050,0.488061606884,0.279085814953,-0.078638099134,0.371528565884,0.592103004456,0.405682206154,0.580780148506,-0.712961852551,-0.198328018188,0.637505292892,-0.307201415300,-0.079560056329,-0.658957302570,-0.419400453568,0.115104839206,-0.151670351624,-0.465111464262,-0.158136412501,-0.715143203735,0.799284279346,0.716534376144,-0.037528637797,0.687361001968,1.055724501610,-0.684150636196,0.680899024010,0.361580491066,0.292618840933,-0.225702792406,-0.303805798292,-0.885347485542,0.696420073509,0.434476941824,-0.535085618496,0.022196967155,0.126929774880,-0.246154621243,0.049608763307,-0.108017288148,-0.258629858494,-0.582294821739,-0.424541175365,-0.826082825661,0.148394122720,0.285284340382,-0.154506206512,0.113158024848,-0.046686481684,0.911565601826,0.442646980286,-0.238770723343,0.491222620010,-0.036129236221,-0.056618113071,-0.079506553710,-0.840562462807,-0.662492811680,0.877309143543,-0.918533742428,-0.716699004173,0.613941848278,0.191248700023,0.260407924652,0.878712594509,0.374277979136,0.590016245842,0.636385798454,0.206041187048,0.710381150246,0.071015477180,0.210087105632,-0.210803285241,-0.060960367322,0.514963030815,0.089059516788,-0.228254631162,-0.440436750650,-0.492189884186,-0.118257611990,0.264556735754,-0.551849603653,-1.029329299927,-0.415292769670,0.081029430032,-0.142092689872,0.433517903090,-0.605590701103,0.479636430740,0.399722397327,-0.096373446286,0.357188850641,-0.315235644579,-0.305851399899,-0.254917323589,-0.286338001490,-0.261157006025,-0.611575245857,-0.426739066839,-0.125254601240,-0.241487190127,-0.454768210649,0.399512469769,-0.205666661263,-0.813541650772,-0.026588616893,-0.210605725646,0.609377324581,0.455846607685,0.259066134691,0.405122429132,0.480957627296,1.181518316269,0.176353320479,0.984894216061,0.886594533920,0.032824184746,0.622511148453,-0.113940037787,-0.137972697616,0.138890534639,0.053247205913,0.154057577252,0.055280450732,-0.475532889366,0.344170302153,0.173834398389,0.049193054438,-0.639019906521,-0.018998924643,-0.403702437878,0.137931540608,-0.037862025201,-0.502446651459,-0.229312404990,0.013269612566,0.119858689606,0.127271384001,-0.187223374844,0.581076502800,0.063705667853,-0.595041692257,-0.681425929070,-0.707537055016,-1.149644851685,-0.531014978886,-0.342079430819,-0.984593749046,0.360930174589,0.072929367423,0.232749179006,0.808293998241,0.865447103977,1.200179696083,0.802655160427,0.126900956035,0.633130073547,0.043558407575,-0.160684153438,0.324121832848,0.079667069018,-0.139211580157,-0.032581344247,-0.000218141897,-0.140919670463,-0.262791037560,0.780993282795,0.482719212770,-0.289338469505,0.725424706936,0.018114009872,-0.576030433178,0.584933102131,-0.477393239737,0.360176980495,0.248060271144,0.153934091330,0.471845060587,0.249583154917,0.124937690794,-0.050275534391,-0.150752514601,-0.250607997179,-0.501969218254,-0.805610358715,-0.329381912947,-0.602577924728,-0.665007650852,-0.766320109367,-0.310778111219,-0.315029829741,-0.709537386894,0.605891168118,0.244779899716,-0.502483665943,0.678112626076,-0.047991219908,0.367058753967,0.690324425697,-0.019731551409,-0.516897559166,0.815188050270,0.658253431320,0.551557362080,0.181148335338,-0.889829635620,0.779136955738,0.579994022846,0.471342921257,-0.037713851780,-0.139927744865,0.079815238714,0.645658850670,0.867690265179,-0.296405464411,-0.305139362812,0.081572718918,-0.223492547870,0.713484585285,-0.349825531244,-0.298981994390,0.362107336521,0.145640581846,-0.374862462282,0.599886119366,-0.378455609083,-0.178884580731,0.541243016720,-0.534620523453,-0.386530995369,-0.249607831240,-0.758668720722,-0.115537002683,-0.467951446772,-1.364164829254,-0.647482216358,0.873386681080,-0.299731105566,-0.089841529727,0.593597054482,0.006581299938,0.687336325645,0.113129213452,0.360016465187,0.063903227448,0.351821720600,-0.216553166509,-0.257703781128,0.185474127531,0.083519540727,0.251068979502,-0.149982839823,-0.476096749306,0.355451941490,0.482529878616,0.097842812538,-0.249422609806,0.012639882974,0.153053298593,0.468383580446,0.293960630894,0.627260863781,0.739916741848,0.521972417831,0.386547446251,0.057585347444,1.063338875771,0.185828089714,-0.304513752460,0.008622778580,-0.166343495250,-0.235889598727,-0.290960133076,-1.296841263771,0.147229313850,-0.954029142857,-1.005173206329,0.151159986854,-0.928469538689,-0.268322765827,0.024682961404,-0.306909203529,-0.345285683870,0.066693797708,-0.174583479762,0.518222868443,0.329488933086,0.107605695724,-0.164544850588,-0.723123908043,0.135301485658,0.189454168081,-0.290964245796,0.124575488269,-0.400710195303,-0.269145935774,0.750741481781,-0.489218205214,-0.012837444432,-0.049925684929,-0.001831568778,0.419951975346,0.491514861584,-0.382057011127,0.680919647217,0.396586090326,-0.485995471478,0.259671181440,-0.017060343176,0.487065583467,1.136758089066,-0.270755261183,0.088137559593,0.164676561952,0.033853154629,0.226583570242,-0.117179237306,-1.265000700951,0.055280450732,0.181876823306,-0.791583478451,-0.531854689121,-0.403928816319,-0.815797209740,0.850580573082,0.074345231056,0.312646746635,0.148785114288,0.734903573990,0.503557920456,-0.114989586174,0.223887667060,-0.217512160540,-0.137030154467,0.211478278041,-0.116463087499,-0.483130812645,-0.996221184731,-0.139796033502,-0.158239319921,0.091677218676,-0.407781302929,-0.568679451942,0.438646346331,-0.129930257797,-0.120961740613,-0.253592014313,0.057416595519,0.507332205772,-0.000889031158,0.261210530996,-0.004539820831,0.342182308435,0.947303831577,0.456649184227,0.223570749164,-0.126584038138,-0.437234550714,0.229440018535,-0.380941629410,-0.121743753552,-0.468873381615,-1.167627215385,-0.738817811012,-0.406707048416,-0.389704346657,0.091718383133,0.045447602868,0.442593455315,0.414757728577,-0.000321039028,0.442358851433,0.098517827690,1.000954389572,-0.196471765637,0.047657832503,-0.057239610702,-0.917912304401,0.500545144081,-0.089652203023,-0.897423446178,-0.020711131394,-0.047085721046,-0.274751782417,0.359209746122,0.281333088875,-0.264527916908,0.695835590363,-0.096295237541,-0.459641426802,-0.544819712639,-0.091084532440,0.154238671064,0.278929382563,0.298504561186,-0.701128661633,0.483830511570,-0.227723672986,0.376558184624,0.829046249390,-0.292059093714,0.486390590668,0.645617723465,-0.285403698683,-0.181103050709,-0.533101737499,-0.413473546505,0.282641947269,0.179761275649,0.129707992077,-0.246496230364,0.105053849518,0.034684561193,0.542387187481,0.772934377193,0.288922786713,0.477323293686,0.044690277427,-0.330324441195,0.509159684181,-0.018760202453,-0.824226558208,-0.113178603351,0.260560214520,-0.688015460968,0.034849196672,-0.446330696344,-0.717020094395,0.077559731901,-1.069969534874,0.022909013554,0.173105880618,-0.656117320061,0.336144328117,-0.791459977627,0.108885742724,0.390103578568,0.039767678827,0.360530942678,-0.306439965963,0.810014367104,0.278089761734,0.325463593006,-0.292104363441,-0.462485522032,-0.105255529284,0.146266192198,0.204703524709,-0.020702900365,-0.382015883923,-0.859643697739,0.325537681580,-0.451199769974,-0.062396816909,-0.037763241678,-0.359308511019,0.486522287130,0.339153021574,0.170076593757,0.396688997746,0.654705584049,0.046279005706,0.939619481564,0.136120542884,0.472668230534,0.422853648663,-0.378097534180,0.831672191620,-0.878601491451,-0.223155051470,0.308818966150,-0.166508123279,-0.270100831985,0.132556185126,-0.433452099562,-0.155893251300,0.310831606388,-0.712344408035,-0.904445111752,-0.211749941111,0.240816310048,-0.074287608266,-0.561060965061,0.123571217060,0.210745662451,-0.067397616804,-0.184967860579,0.339239448309,-0.621156990528,0.037553336471,-0.286601394415,-0.546675920486,-0.492222785950,-1.130761146545,-0.496433317661,-0.028889395297,-0.123595908284,0.270014405251,-0.007918962277,0.036874212325,0.514938354492,1.243470549583,0.553981602192,0.488213926554,0.938355922699,0.199151203036,-0.014841881581,0.162293449044,0.348446696997,0.095476187766,-0.021126836538,-0.295331209898,-0.005186014809,0.187211021781,0.112956345081,-0.080300912261,-0.325422435999,-0.567967414856,-0.279159903526,-0.059770882130,-0.424458861351,-0.056498751044,0.197949364781,-0.127226114273,0.096377566457,0.191491544247,0.460394650698,0.486983239651,-0.107663311064,0.783660411835,-0.606714367867,0.053625863045,-0.781203210354,-0.720378637314,0.094513066113,-0.777433037758,-0.673934996128,-0.948941946030,-0.553849935532,0.112207256258,-0.486789852381,-0.074588067830,-0.428245455027,-0.000707932224,0.616316735744,0.882013559341,0.282156258821,0.325200200081,0.479858666658,0.857182443142,0.587328553200,0.728548645973,-0.525656104088,-0.420071303844,0.209786653519,-0.365572899580,-0.066212244332,-0.455776602030,0.220064029098,0.630594730377,-0.286309182644,0.152390643954,0.081198178232,-0.231016382575,0.328373521566,0.512765169144,-0.343972742558,-0.367560893297,0.247270017862,0.260309129953,-0.238964170218,-0.272418081760,-0.207061946392,0.248443052173,-0.073694914579,-0.898505926132,0.278349071741,-0.889537453651,-0.534299492836,-0.591633737087,-0.287984341383,-0.425146192312,-0.408415138721,-0.656911671162,-0.038948621601,0.010022179224,0.427702188492,-0.180349841714,0.829099714756,0.207329466939,0.577783823013,0.439975738525,-0.041442845017,0.615604698658,0.259695887566,-0.218290075660,-0.580076336861,-0.496190518141,-0.339778631926,-0.032009236515,-0.317771017551,-0.378118127584,0.030350536108,0.611900389194,0.377566576004,-0.200044348836,0.185116022825,-0.131486058235,0.017093269154,0.798526942730,-0.271697789431,0.029095189646,0.228135257959,-0.070480413735,0.304538428783,0.382098168135,0.253345072269,0.332822799683,-0.310741096735,0.416906237602,-0.297339767218,-0.470569133759,-0.524841189384,-0.901201784611,-0.122850932181,-0.786195755005,-1.246775627136,-0.230966985226,-0.486518174410,-0.135918870568,0.016574669629,-0.429912418127,0.178493589163,0.929807245731,0.065323211253,0.711665332317,0.365400016308,-0.333139717579,0.123266629875,0.195381045341,-0.470816075802,0.705273330212,-0.148920953274,0.331995517015,0.580533206463,0.255600571632,0.139079868793,0.502360224724,-0.196422368288,0.447009801865,0.254048883915,-0.055313374847,-0.349450975657,-0.783767402172,-0.085622750223,0.567806899548,-0.504940867424,1.073566794395,0.249920636415,0.106214523315,0.257843703032,-0.328097760677,-0.468877494335,0.599367499352,-1.459998965263,-0.187750205398,-0.506858885288,-1.532911896706,-0.282419651747,-0.656615376472,-0.921995222569,0.669312834740,-0.010520202108,0.136169940233,0.329731762409,0.097925134003,0.339420557022,0.580990076065,0.119615845382,0.212132692337,0.025119245052,0.082288891077,-0.497231811285,-0.184473976493,0.183103367686,-0.137589916587,0.079020872712,0.463720291853,-0.393404513597,-0.554240942001,0.119220718741,0.167849898338,0.676034092903,-0.042599406093,-0.020373629406,0.158535659313,0.419235795736,1.117635607719,0.331538647413,0.561377882957,-0.024769395590,0.819814324379,0.147941365838,-0.256271451712,-0.305583864450,-0.577466905117,0.119348309934,-0.280180633068,-0.733759343624,-0.512114882469,-0.525310397148,-0.331258773804,-0.380460053682,-0.528660714626,-0.452920228243,-0.521313846111,-0.015508654527,0.070373401046,0.014998285100,0.213898420334,0.777675926685,1.009548306465,0.931811630726,0.369067281485,0.248529493809,0.470408588648,0.708854138851,-0.170409977436,-0.477689594030,-0.764653205872,0.063043013215,-0.274237304926,-0.220319211483,-0.229913324118,0.262185961008,0.375014722347,0.033054672182,0.127785876393,0.078090682626,-0.047727804631,0.693110883236,0.426586776972,-0.113693088293,0.058396175504,0.211597651243,0.107391670346,0.254217624664,0.399154424667,0.291729807854,-0.041484002024,-0.024682961404,-0.565473198891,-0.799621820450,-0.471935600042,-0.258852124214,-0.609904170036,-0.358839303255,-0.371536821127,-0.081729128957,-0.294754981995,0.357279419899,-0.361506402493,0.105568327010,1.100455880165,0.274801194668,0.173846751451,0.005544097163,-0.377801179886,-0.070694439113,0.414387285709,-0.565839469433,-0.301743745804,0.081523329020,-0.952872633934,-0.228641524911,0.001634006388,0.001481718617,0.117771930993,-0.399018555880,0.185169562697,-0.045789219439,-0.146146833897,0.674836397171,0.122278824449,-0.269359976053,1.339131951332,0.404348671436,-0.429356753826,1.326475620270,0.325624108315,0.580401480198,0.628919541836,-0.498215526342,0.589057207108,0.367548555136,0.323179274797,0.145949289203,-1.031947016716,-0.171134382486,-0.000004115885,-0.956000685692,-0.666942059994,-0.353212893009,-0.321759313345,0.339708685875,0.047266822308,-0.018546177074,0.353603929281,-0.081095278263,0.888463199139,0.874979496002,-0.266005516052,-0.012388813309,-0.323158711195,0.001588731539,-0.152448251843,-1.097089171410,-0.456147044897,0.474121123552,-0.153967022896,0.497602254152,-0.563472867012,-0.675696551800,0.478500425816,-0.068797014654,-0.438275903463,-0.566880822182,-0.604948639870,-0.489782094955,0.106790743768,-0.204707637429,0.290174007416,0.219693586230,0.321989774704,0.638332605362,0.510468482971,0.852070450783,-0.219405472279,-0.168631926179,0.348203867674,-1.083379149437,-0.182234928012,-0.749543786049,-0.722868800163,0.525186955929,-0.230053275824,0.088265150785,0.511365771294,0.675054550171,0.758401155472,0.160556554794,0.303320139647,0.980358481407,0.264210999012,0.130889251828,-0.235317498446,-0.414798855782,0.459694951773,0.235667347908,-0.511015951633,-0.253217488527,-0.421660035849,0.054527241737,-0.266112536192,-0.233407706022,-0.573988974094,-0.196401804686,0.172282710671,-0.701923012733,0.167351871729,0.234041571617,0.066298678517,0.434538632631,-0.520881652832,0.617576181889,0.437395095825,-0.191388636827,0.817686438560,-0.087289683521,-1.013676643372,0.369326561689,-0.505196034908,-0.189515933394,0.013438363560,-0.707014322281,-0.169533297420,0.072056800127,-0.007968353108,0.263375461102,-0.352192163467,-0.020200762898,0.438407599926,0.700190246105,0.279645562172,0.317865669727,-0.027263620868,0.164977014065,0.444947749376,0.294582098722,0.802877426147,0.005153087899,-0.146163299680,-0.241816475987,0.180860206485,-0.245537236333,-0.404966026545,-0.265486925840,-0.176563233137,0.031832251698,-0.298401653767,-0.164112672210,0.546898186207,-0.761302828789,-0.293861836195,-0.048513937742,-0.552602827549,0.169381022453,-0.076008044183,-0.607957363129,0.100061275065,-0.088425673544,-0.082758098841,0.133008927107,0.722741186619,-0.169706165791,-0.239980787039,-0.314684092999,-0.931437134743,-0.442531734705,-0.505640566349,-0.304098039865,-0.620309114456,-0.466144531965,0.460732161999,0.162017688155,0.517531394958,0.981976091862,0.024724122137,1.019340038300,0.629820942879,0.808705568314,0.201715394855,0.038549378514,-0.037310495973,-0.263548344374,-0.143191635609,0.501726329327,-0.376113653183,0.068817593157,-0.410678863525,0.251916855574,0.356727868319,0.120616003871,-0.237655296922,-0.177835032344,0.339655190706,0.283670902252,-0.593234837055,0.277628779411,-0.097357138991,0.030132394284,0.658360481262,0.570889711380,-0.056054238230,0.130218356848,0.337391436100,0.652898728848,-0.436259120703,-0.415971904993,-0.696564137936,-0.143162831664,0.014385017566,-0.561221480370,-0.562719643116,-0.657549619675,-0.160548314452,-0.525092244148,0.126427635550,-0.204300180078,-0.194010466337,1.249578475952,-0.236704528332,0.237852871418,0.730845332146,0.503759622574,0.704318463802,0.913026750088,0.329456001520,-0.260444968939,0.336667060852,-0.012643998489,-0.363457351923,0.256958812475,0.197245553136,0.187392115593,0.113450251520,0.182650625706,0.438267648220,-0.070229344070,0.291964411736,-0.184399873018,-0.405702769756,0.268121093512,-0.268936038017,-0.501421809196,0.207885116339,0.025390895084,-0.060869820416,-0.394935607910,0.685648798943,0.835549294949,-0.217738538980,-0.559196472168,-0.238992974162,-0.445375770330,-0.388144403696,-0.142751231790,-1.108029127121,-1.185922265053,-0.219598919153,0.301982492208,0.047863628715,0.101522415876,-0.272944897413,0.950222015381,0.576742470264,0.518823742867,0.900316894054,0.014068094082,0.304719537497,0.037483364344,-0.429616063833,0.091883011162,-0.137647539377,1.086066842079,-0.003914206289,-0.818324327469,0.668213903904,-0.379957914352,0.474726170301,0.469342619181,-0.518613874912,0.212655425072,-0.432871729136,-0.024987537414,0.570511043072,-0.621515095234,0.659961521626,0.795547008514,0.666892707348,0.705647885799,0.061853516847,0.013026775792,0.593979835510,-0.538217782974,-0.696848094463,-0.179604873061,-0.667929887772,-0.377245545387,0.010697185062,-1.301858425140,0.276929080486,-0.654252827168,-0.139450296760,0.145759955049,-0.288696378469,-0.217429861426,0.046472456306,-0.354888081551,0.752569019794,0.284321218729,-0.482521653175,0.859388530254,0.198459729552,-0.246821373701,0.505517065525,0.087602496147,0.293935924768,0.359110951424,-0.610809624195,0.007741979789,-0.323311001062,0.130597025156,0.353747963905,-0.491687744856,-0.213750258088,0.007342738565,-0.042858708650,0.364531576633,-0.032610155642,0.045657511801,0.745913624763,-0.365601718426,0.796366095543,0.181177124381,-0.246483892202,0.201122730970,-0.019772710279,-0.472396552563,0.225402325392,-0.538201332092,-0.707392990589,-0.430509209633,-0.875761508942,-0.011339262128,-0.989730417728,-0.362243145704,-0.269269436598,0.035845238715,0.636015355587,0.104987993836,0.671444892883,0.446857511997,0.847633600235,0.608434796333,0.555018842220,0.340013265610,-0.365264207125,0.042928680778,-0.235280454159,-0.530677497387,-0.286198049784,-0.218928039074,-0.268454462290,-0.049522329122,0.333884716034,-0.069188028574,0.143035233021,0.156214296818,-0.067582830787,0.399166762829,0.566465139389,-0.200085520744,0.283473342657,-0.365877479315,0.101625308394,0.419676184654,0.181679278612,0.098328493536,-0.435748755932,0.288589388132,0.113845378160,0.043447278440,-0.579594790936,-0.143158718944,-0.624215126038,-0.208568349481,-0.793303847313,-0.305057018995,-0.644564032555,-0.524483084679,0.328472316265,-0.484307974577,0.021719524637,0.756820619106,-0.003070450155,0.717658102512,0.092813208699,0.431118369102,0.450236648321,0.796835303307,-0.160523623228,0.314585328102,-0.311123847961,-0.145463600755,0.246055826545,-0.211523547769,-0.019484600052,0.693114995956,0.059585664421,-0.351274311543,0.364383429289,-0.102222114801,-0.231567904353,-0.112713508308,-1.154419302940,0.685706436634,-0.317478775978,-0.433587908745,0.282913565636,-0.383966773748,0.351319611073,1.196677088737,-0.674708783627,0.435596436262,0.793604314327,-0.226270765066,0.466696083546,-0.230798244476,-0.432834684849,-0.044686164707,-0.989043056965,-0.339247703552,-0.606953084469,-0.058552578092,-0.012372350320,0.724268198013,0.249068647623,-0.313642770052,0.905819833279,0.382991313934,0.330032229424,0.543996512890,-0.647852659225,-0.012672808953,0.153934091330,-0.497281223536,0.208296686411,-0.742855489254,0.186889991164,0.375804960728,0.190820664167,-0.801560342312,-0.396660208702,0.153872355819,-0.001872727647,-0.123217254877,-0.300257921219,-0.247467577457,-0.083630666137,-0.016397684813,0.288330078125,0.675120413303,0.264494985342,0.779746115208,0.791307687759,0.461510062218,0.616115033627,-0.361296504736,-0.005416504573,-0.559011280537,0.088314540684,0.311428427696,-0.459501504898,-0.236597523093,-0.691703259945,-0.580401480198,0.071875698864,-0.549384176731,0.193574175239,-0.008005396463,-0.060182467103,0.752066850662,0.359654247761,0.158017054200,0.185893937945,0.421985238791,0.072320215404,0.627306163311,0.580627918243,-0.470581471920,-0.112030275166,0.104765735567,-0.598799526691,0.607072472572,-0.067586943507,-0.427422285080,0.207786321640,-0.640489280224,0.736154794693,-0.387074261904,-0.432871729136,0.239552721381,-0.271825402975,-0.047822464257,0.252847045660,-0.438555777073,0.057165525854,0.066574439406,-0.392852962017,0.354752242565,0.122735686600,-0.418038070202,-0.117129847407,0.111359387636,-0.699939131737,-0.391367137432,0.016010792926,-0.404912501574,0.153596594930,-0.924094378948,-0.442235380411,0.025748975575,0.575355470181,0.489275813103,0.401479870081,0.313087135553,0.709660887718,1.358686566353,-0.020653510466,-0.443260222673,0.168170943856,-0.314408332109,0.103403382003,0.098637178540,-0.733858168125,-0.297129839659,0.168228566647,-0.496161699295,0.246965438128,0.043027460575,-0.264902472496,0.340005040169,-0.004638602026,-0.309687405825,0.634500682354,0.201571360230,-0.363708406687,1.320392370224,-0.293339103460,0.466284483671,0.265964359045,-0.109309673309,0.844735980034,0.091323256493,-0.241042673588,0.467869102955,-0.865480005741,-0.779853165150,0.411020517349,-0.863944828510,-0.308740764856,-0.481805503368,-0.824341833591,-0.324381113052,-0.054424345493,-0.008746255189,0.153077989817,0.191376298666,0.597712934017,0.211659386754,0.178316593170,0.407131016254,0.690876007080,0.394820362329,-0.347458899021,-0.322738885880,0.059067066759,-0.066874898970,-0.025279765949,-0.311189711094,0.127855852246,0.192150101066,0.071040168405,-0.032198566943,-0.090915784240,-0.333995819092,0.261087030172,-0.096727415919,-0.751766383648,-0.403694212437,-0.666011929512,-0.215956360102,0.048740308732,-0.296294331551,-0.280452281237,-0.039454873651,0.637040197849,0.642197370529,0.042891636491,0.032087437809,0.398561745882,-0.019040083513,-0.461250752211,-0.799778163433,-0.306213617325,-0.379735678434,-0.241981104016,0.425722450018,-0.146694242954,-0.311181485653,0.609978258610,0.588740289211,-0.082729287446,0.346499890089,0.852757811546,0.186416670680,0.055399809033,0.069566689432,-0.076872378588,0.219969362020,0.011318683624,0.022867856547,-0.082988590002,-0.137297689915,-0.358160167933,-0.033762603998,-0.086948066950,0.255901008844,-0.535390198231,-0.440494328737,-0.457525879145,-0.001432328019,0.068117894232,0.165442109108,-0.298693895340,0.103843770921,0.101263120770,0.762973964214,0.348734825850,-0.203131273389,-0.425590753555,0.392844736576,-0.347430080175,-0.128600835800,-0.163355350494,-0.425109177828,-0.835355877876,-0.173077076674,-0.615551173687,-0.283238738775,-0.701252102852,-0.389354467392,0.082700476050,-0.759113192558,0.637015521526,0.515617489815,0.178081989288,0.580417990685,-0.411403268576,0.625565111637,1.011058926582,0.179263249040,0.800807178020,-0.503953099251,-0.206267580390,0.109647169709,0.021052751690,0.570663332939,0.236852705479,-0.307769417763,0.787986159325,0.085890285671,0.386609196663,1.146010518074,-0.143343925476,-0.043204445392,0.133008927107,-1.005683541298,0.713813781738,0.285790592432,-0.256946444511,0.585110068321,-0.928395450115,0.530051887035,0.496622651815,-0.243973195553,0.245652481914,-0.885647892952,-0.670275986195,-0.174612313509,-1.133732795715,-0.707417726517,-0.350619912148,-0.719053328037,-0.876650512218,0.253431499004,0.017336107790,0.464230656624,0.065998218954,0.133420526981,0.648416519165,0.111178286374,0.482291132212,0.233321279287,-0.338552117348,-0.073670223355,-0.155247062445,-0.567650496960,0.392618387938,0.463382810354,-0.603792071342,0.099246338010,0.176011711359,-0.136108204722,-0.438675135374,0.243104740977,0.002477762755,0.073892481625,-0.002218461828,-0.567131876945,0.152077823877,0.693621277809,0.357234120369,0.654623270035,0.547663748264,0.747304797173,0.114096447825,0.170249462128,-0.691946089268,-0.145381286740,-0.519881546497,-1.345017671585,-0.329274892807,-0.446997433901,-0.724124133587,-0.656446576118,-1.219199180603,-0.040998328477,0.480389595032,-0.050732396543,-0.732158303261,-0.221097096801,0.125085860491,0.466156899929,0.555891454220,0.946904599667,-0.411399155855,0.722004354000,-0.341108083725,-0.066986024380,0.410411328077,0.060285363346,-0.136569172144,-0.292355418205,-0.503940761089,0.053452998400,-0.460332900286,0.456731528044,0.099085807800,0.153452545404,0.234416097403,-0.643304586411,0.411711990833,0.289116233587,-0.087005689740,0.000325154891,-0.115409411490,0.806145489216,-0.065327323973,0.200468286872,0.244705826044,0.113627240062,1.047661542892,-0.206193476915,-0.621099412441,0.241367846727,-0.150262728333,-0.498585969210,-0.538526475430,-0.628475070000,0.083033867180,-0.752597749233,0.021130952984,0.176299825311,-0.011355726980,0.735294640064,0.132770210505,0.107506908476,0.861084222794,0.747996211052,-0.206823214889,-0.208103269339,-0.311798870564,-0.680038869381,-0.363753646612,-0.521511435509,-0.069451443851,-0.182210221887,-0.838656783104,0.653223872185,0.406608253717,-0.039162646979,-0.094138517976,-0.788521170616,0.349615633488,0.729972720146,-0.707738757133,0.018813708797,-0.045472297817,0.326027482748,1.084498643875,0.669366359711,-0.089331164956,1.074599862099,0.944122254848,0.475240677595,0.098122701049,-0.189845189452,-0.186272606254,-0.052230577916,-0.525285720825,-0.309378713369,-1.195215940475,-0.192075997591,-0.023929754272,-0.752976417542,-0.534332394600,-0.292310148478,-0.353142917156,0.534027814865,-0.244615271688,0.077880769968,0.253830730915,-0.114948436618,0.190030410886,0.980370879173,-0.077695555985,0.084375642240,-0.412498086691,-0.703338861465,-0.116224355996,-0.603178799152,-0.474265187979,0.307032674551,-0.382493287325,0.208523079753,0.141899242997,-0.340531855822,0.020715249702,-0.055029384792,0.659228920937,-0.559834420681,0.500294029713,0.085943788290,-0.424446493387,0.800267934799,-0.005861019716,-0.250365167856,0.509064972401,0.440926551819,0.153147950768,0.852926552296,-0.648893952370,-0.557101488113,0.212375536561,-0.325327783823,-0.427105367184,-0.218117192388,-0.436197370291,-0.486925661564,0.578755140305,1.087828397751,0.227517887950,0.671856462955,0.254287600517,0.804869472980,0.661114037037,0.095928929746,0.413699924946,-0.448709666729,-0.537497520447,-0.301661431789,-0.592465162277,0.341507315636,-0.577368080616,-0.211173698306,-0.300393730402,-0.011656185612,-0.160005018115,-1.010280966759,-0.197270244360,0.000567992101,-0.136001184583,-0.412160605192,-0.415017038584,0.488489687443,-0.265688598156,0.107317589223,0.152514114976,0.591744899750,-0.024271372706,0.262223035097,-0.014385017566,-1.017245054245,-0.015018863603,-0.488456755877,-0.336992204189,-0.419844955206,-1.227323889732,-0.051168683916,-0.139730170369,-0.513423740864,0.160618290305,-0.183679610491,-0.091035135090,0.551524460316,0.229534685612,0.194310933352,-0.046797610819,0.154864281416,0.879148840904,-0.011717923917,0.381205052137,0.948443949223,-0.178069636226,-0.093726925552,0.002444835613,-0.752523720264,0.244467094541,-0.081185825169,-0.396948277950,-0.151970818639,-0.697000443935,0.202077612281,0.450430095196,0.033737909049,0.168459057808,0.203752756119,0.025888916105,-0.433336824179,0.318668276072,0.071554660797,-0.037717968225,0.147307515144,-0.285605370998,0.048390459269,0.717147648335,-0.294573873281,0.078872703016,0.530562281609,-0.696736991405,0.238791286945,-0.501471221447,-0.926926076412,0.053160771728,-0.071743987501,-0.045587539673,0.783203542233,-0.216125130653,0.717176496983,0.846732199192,0.243010073900,0.990903437138,0.454541862011,-0.119961582124,0.937417447567,0.053555890918,-0.520412504673,0.319935977459,-0.805544555187,-0.114792026579,1.073974251747,-0.199953809381,-0.232493996620,0.744522452354,-0.763467788696,0.484571337700,-0.069011040032,-0.890908002853,0.026086477563,-0.332007855177,-0.281374245882,0.651680409908,-0.642547249794,0.279587954283,0.187239840627,0.264610230923,0.373533040285,0.443029761314,-0.343721657991,-0.015167036094,0.292322486639,-0.220697864890,-0.273381203413,-0.791534066200,-0.474512130022,-0.252888202667,-0.453525245190,-0.726964056492,-0.332872182131,-0.787397563457,-0.167483583093,0.192211836576,-0.188454017043,0.559328198433,0.220813125372,0.404167562723,0.952675044537,0.414465487003,0.226299598813,0.766822338104,0.005881599616,0.200711116195,-0.023258866742,-0.048526283354,-0.332098394632,0.294829070568,-0.171146720648,0.409160137177,0.066697917879,-0.445865571499,0.526129424572,0.301299244165,-0.139339163899,-0.432077378035,-0.573602080345,-0.336856365204,0.397273451090,0.109844736755,-0.538732290268,-0.411967158318,0.963619232178,-0.036149814725,0.216512009501,0.662974417210,-0.144508719444,0.147562697530,-0.202135220170,-0.743518173695,-0.419083505869,-0.107860878110,-0.557377278805,-0.287692129612,-0.298907905817,-0.255156040192,0.442029595375,0.608504772186,0.204851701856,0.838821470737,1.129316568375,1.142577886581,0.285819411278,-0.285782366991,0.638069152832,-0.197336107492,0.673198223114,0.101501837373,-0.006704776548,0.061853516847,-0.435592323542,0.778083324432,-0.281114935875,-0.484855353832,0.394375890493,-0.328250050545,0.685657024384,-0.001444675494,-0.207477644086,-0.484040409327,0.330262720585,0.567205965519,0.282942384481,-0.139018118382,-0.025860104710,0.221348166466,0.262523472309,-0.065187387168,-0.658833801746,-0.115170694888,-0.733179032803,-0.442885667086,-0.640316426754,-1.247158408165,-0.726000964642,-0.816258192062,-0.152382403612,0.058795418590,-1.336217999458,-0.498112618923,0.179567828774,-0.380423009396,0.899884700775,0.041949097067,-0.054263826460,0.391062557697,-0.018883680925,0.401912033558,-0.197541907430,-0.085721530020,0.536056995392,-0.338231086731,0.024769395590,0.250949621201,0.235943093896,0.186429008842,0.803832292557,-0.523342967033,0.857363522053,0.204641789198,0.194533169270,-0.129703879356,-0.416992634535,0.133564591408,0.583031594753,-0.197677716613,0.129930257797,0.162239953876,-0.057741746306,0.978107094765,0.887895166874,-0.406982809305,0.083342552185,-0.277966290712,-0.275657296181,-0.157239139080,-0.922040522099,-0.705528497696,-0.129230558872,-0.855795323849,0.503681421280,-0.393157541752,-0.156432434916,0.479335963726,-0.097867503762,0.556982159615,-0.238149210811,-0.389819592237,0.881330311298,-0.145492419600,0.220800757408,0.097254246473,-0.754227638245,0.271767765284,-0.141582325101,-0.082243613899,-0.109741844237,-0.675058662891,-0.098110347986,-0.044887840748,-0.437876641750,0.106646694243,0.130000233650,0.197286725044,0.151695057750,-0.006145016290,-0.243162363768,0.638003289700,0.144825637341,-0.082626387477,0.424816936255,-0.036051038653,0.474289864302,0.888080358505,-0.269985586405,0.589876294136,-0.352838337421,-0.085947908461,1.093372464180,-0.418601959944,-0.289803594351,-0.291795641184,-0.625499248505,-0.262177735567,-0.074921451509,-1.035149216652,-0.439420074224,-0.109717145562,0.044323965907,0.488333284855,-0.209449157119,0.508200645447,0.585879743099,0.082346513867,0.201402589679,0.279851377010,-0.706940293312,0.293664276600,-0.311358451843,-0.352253884077,-0.437613219023,-0.283959001303,-0.112054966390,-0.197192057967,-0.052765645087,0.756870090961,-0.105667106807,-0.094595380127,-0.067072458565,-0.549009680748,-0.544811487198,-0.299434751272,-0.312527358532,0.184568613768,0.214828595519,0.629845619202,0.366149127483,0.170455262065,1.212926626205,0.319746643305,0.565823018551,0.171130269766,-0.365029603243,0.053934555501,-0.758261263371,-0.504973828793,0.486332952976,-1.140095949173,0.032906498760,0.589374125004,-0.709981977940,0.288684040308,0.944381535053,0.144759789109,0.463012367487,0.654545068741,0.396236240864,0.125629156828,0.290906637907,-0.172710761428,-0.903613686562,0.648914515972,-0.203629299998,-0.553537130356,-0.104156583548,-1.178431272507,0.039224382490,0.075514137745,-0.824650526047,0.061758853495,-0.517535507679,-0.222249552608,-0.078576356173,0.255168408155,0.272035300732,0.118409894407,0.780845046043,0.555451035500,0.633422315121,0.589139521122,-0.060116615146,0.222500607371,0.440193891525,-0.370404928923,-0.196739301085,-0.942640542984,-0.360316902399,-0.180436283350,0.186692416668,-0.378821939230,-0.756026327610,-0.027341824025,-0.609632551670,0.109000980854,0.476528942585,-0.770382523537,1.017109274864,0.363971829414,0.189886346459,0.842994928360,0.464399397373,0.565617263317,0.672193944454,-0.095784872770,0.886001825333,-0.107762090862,-0.687698543072,-0.210243523121,-0.467593342066,0.127341359854,0.334687292576,-0.234580755234,0.042426541448,-0.025876568630,0.297924190760,-0.237947538495,0.277620553970,0.034334711730,-0.970850765705,0.095509111881,-0.392877697945,0.630401253700,-0.130712270737,-0.134112000465,0.583262026310,0.243405207992,0.429509043694,-0.047591976821,-0.346327006817,-0.278855323792,-0.465214341879,-0.228913173079,-0.727149248123,-0.308670789003,-0.267874151468,-0.259979873896,-0.145303085446,0.571651160717,0.765949666500,0.201665997505,0.310374766588,0.588476836681,-0.015767954290,0.757903099060,0.363959491253,-0.373705863953,-0.611180067062,-0.040442682803,-0.214972659945,-0.000510369719,0.103584475815,0.137256532907,0.023139502853,-0.645276069641,-0.064327165484,0.429307371378,-0.354184210300,-0.260416150093,-0.410633623600,-0.329122602940,0.197105616331,0.545593440533,0.024180825800,0.450191348791,0.025534950197,0.472396552563,0.888282060623,-0.200089633465,0.295240670443,0.250348687172,-0.775757849216,-0.475166559219,-0.022690871730,-0.577491581440,-0.233395367861,0.149250224233,-0.837590873241,0.038372393698,-0.351990461349,-0.444112181664,0.171644747257,-0.587559044361,-0.073118694127,-0.129020646214,0.466687858105,0.621753811836,0.542436599731,0.285539507866,-0.129185274243,0.798053622246,0.719255030155,0.057494793087,-0.110359229147,-0.245911777020,-0.816089451313,0.340680032969,0.131436660886,-0.419881969690,0.608467757702,-0.140643909574,-0.158498615026,0.542502403259,-0.583825945854,0.294026464224,0.146097451448,-1.538011431694,-0.266021966934,0.100205332041,-0.636661529541,0.368902653456,-0.212116241455,-0.087746545672,0.169335737824,0.469927012920,0.826239228249,-0.236474052072,0.359683066607,-0.205514371395,-0.909931600094,-0.484172105789,-0.711924612522,0.406196683645,-0.874440312386,-0.436036825180,0.018402120098,0.375566273928,0.812702059746,0.362535357475,0.956729233265,0.477245092392,0.327126413584,0.213276922703,0.501689314842,-0.466383278370,0.137812167406,-0.483818173409,0.455373257399,-0.232226446271,0.457567036152,0.048806160688,-0.506076872349,-0.113051012158,-0.038611114025,-0.710496425629,-0.227126866579,-0.542737066746,-0.085137076676,-0.228464543819,-0.532994747162,0.350998580456,0.429352641106,0.225398212671,0.412444591522,0.882865548134,0.198797240853,0.365428835154,0.146891817451,-0.613674342632,-0.380587637424,-0.147196397185,-0.202538579702,-0.189981013536,-0.659187793732,-0.989018321037,-0.260691940784,-0.246911928058,-0.121134608984,0.096118256450,-0.567140102386,-0.280867993832,0.028436649591,0.563209474087,0.474685013294,0.119459442794,0.820164144039,0.394248247147,0.694271624088,0.896377980709,0.077057600021,0.397285789251,0.497281223536,0.102003969252,0.438810944557,-0.089059516788,-0.290441542864,-0.059573318809,0.485917270184,0.474610894918,-0.320030629635,0.615295946598,0.246714368463,-0.665908992290,0.768608629704,0.058947704732,-0.293635457754,0.470997154713,-0.652622938156,0.008009511977,0.171751767397,-0.121455647051,0.250134676695,-0.482188254595,0.244701713324,-0.613653719425,-0.309160590172,-0.498561263084,-0.994624197483,-1.047270417213,-0.141973331571,-1.032403945923,-0.491889417171,0.292190790176,-0.613522052765,0.520931065083,0.707228362560,-0.277698755264,0.722662985325,0.421487212181,0.299191921949,0.742703199387,-0.686237394810,-0.285584807396,0.390782713890,-0.683841943741,0.182173177600,-0.073657877743,-0.714735746384,0.441729128361,0.046818193048,-0.160671800375,1.219898939133,-0.487757056952,-0.133050099015,0.979934513569,-0.355476617813,0.484666019678,0.584854900837,-0.007404476870,0.361028939486,0.096603937447,0.877140343189,0.270146101713,0.232666850090,0.089701600373,-0.363243281841,-0.105630069971,-0.268606752157,-0.476244926453,0.053481806070,-1.012252449989,-0.483818173409,-0.603438138962,-0.752009212971,-0.173953756690,-0.394643366337,0.106288611889,0.219981700182,0.411592602730,0.003675485263,0.719168603420,0.435172528028,0.162840873003,0.524429559708,-0.336753457785,0.641361892223,0.293129205704,-0.387041360140,0.257341593504,0.064141951501,-0.124834783375,-0.138384282589,-0.201904729009,0.201386138797,-0.353933185339,-0.286123991013,0.480566591024,0.384366005659,-0.029317447916,-0.733281970024,-0.104646369815,0.258650451899,0.841612040997,-0.348850071430,-0.315140962601,0.150818377733,0.116512477398,0.662558734417,-0.269088327885,-0.417087286711,0.459345102310,-0.487287878990,0.009577664547,-0.352908343077,-0.649815917015,0.079876974225,-0.434789747000,-0.654071688652,-0.169520944357,-0.756557226181,-0.435510009527,0.826716661453,0.018574988469,0.284559935331,0.389930695295,0.243615105748,0.821584165096,0.745230317116,-0.159992679954,-0.514201581478,0.182111442089,0.060544665903,0.395721763372,-0.441408067942,-0.429784834385,0.397973150015,0.159548163414,0.116314910352,-0.246504470706,0.017167355865,0.355011552572,0.181448787451,-0.103423953056,-0.077246926725,0.372989714146,0.081799097359,0.286918342113,0.891759991646,0.133762151003,0.404295146465,0.811500191689,0.666477024555,0.666509926319,-0.253229826689,-0.114540956914,-0.268079936504,-0.085013605654,-0.129856169224,-0.751120150089,-0.985227584839,-0.556784570217,-0.522799730301,-0.552203595638,-0.594300866127,-0.377122074366,0.009157843888,0.261317521334,-0.254431664944,-0.182634174824,0.415901958942,0.162523955107,0.219244956970,-0.115738674998,-0.548100054264,-0.186284959316,0.040294513106,-0.283654451370,0.166689231992,0.124867722392,-0.399689465761,0.202629134059,-0.142870590091,-0.122402302921,0.112256646156,0.255275428295,-0.292540639639,-0.284605205059,0.385864198208,-0.121381565928,-0.187791362405,0.919357001781,-0.261478036642,0.152715787292,1.135082840919,-0.019040083513,0.333115011454,0.409773379564,-0.413350105286,0.281246662140,-0.312037587166,-0.145998671651,-0.199867367744,-0.827725052834,-0.392836511135,0.456426948309,-0.361510515213,-0.018225139007,0.149678274989,0.353583306074,0.618004262447,0.034001328051,-0.010594287887,0.159482300282,0.792509496212,-0.008754487149,-0.480422556400,-0.256292045116,-0.495058625937,0.352504968643,-0.435933917761,-0.419931381941,-0.576586067677,-0.647836148739,0.026683282107,0.116216130555,-0.829206764698,-0.047447919846,-0.510139226913,-0.628923654556,0.663912832737,0.044134631753,-0.325764060020,0.154152244329,0.460402876139,0.375068247318,-0.208934664726,0.794081807137,0.330653727055,0.460876226425,-0.087462551892,-0.304110407829,0.145620003343,0.748844087124,0.118562184274,-0.103028833866,-0.555035293102,-0.173521593213,-0.024868177250,-0.363560259342,0.207510575652,0.201349094510,0.062499713153,0.222434759140,0.452940791845,0.969562530518,0.281205475330,0.587122738361,0.193598881364,1.393124103546,0.071233622730,-0.040710218251,0.059132918715,-0.668724298477,-0.182008549571,0.069196254015,-0.826420366764,0.630570054054,-0.343775153160,-0.060145426542,-0.179164469242,0.135943561792,-0.104790426791,0.107424594462,-0.432204961777,-0.366922885180,-0.517877101898,-0.615164279938,-0.147764384747,0.325731128454,0.297191590071,0.250361055136,0.244261309505,-0.178662329912,0.268026441336,0.616259098053,-0.567424118519,-0.343268930912,-0.616567790508,0.046929322183,-0.757203459740,-1.188535928726,0.002485994482,0.040475614369,0.413222521544,-0.040574390441,-0.328628718853,0.801041722298,0.181551679969,0.918192148209,0.260873019695,0.178007915616,0.721564054489,-0.261951386929,-0.071352981031,0.469461947680,-0.853914380074,0.484476685524,0.176686704159,-0.157498449087,0.124596066773,-0.518453299999,-0.465444833040,0.135103911161,-0.251266539097,-0.166207656264,-0.169014692307,-0.267491370440,-0.348586648703,-0.251521736383,-0.034692794085,0.794266998768,0.592531025410,0.181424081326,0.007396245375,0.326570779085,0.649136781693,0.250426918268,-0.133251771331,-0.850350081921,-0.044842563570,0.539814770222,-0.732429921627,-0.374586671591,-0.813138306141,-1.075439572334,0.107795029879,-0.388152629137,-0.501590549946,-0.004893787205,0.016883360222,0.069175675511,0.863043427467,1.002481341362,0.176320388913,1.041652202606,0.689200818539,0.865805268288,-0.370075672865,0.235560312867,0.096892043948,-0.344199120998,-0.429229170084,-0.441025316715,-0.130078434944,0.109844736755,0.547042250633,0.265338748693,-0.213182255626,-0.630923986435,-0.213050559163,0.245755374432,-0.732903301716,-0.270290166140,-0.525619089603,-0.795361876488,-0.067903868854,-0.104177169502,0.078913860023,0.171661213040,0.181889191270,0.585834503174,-0.218211859465,0.206637993455,-0.762142539024,-0.215692952275,-0.468737542629,-0.539324939251,-0.041924402118,-0.589563429356,-0.415543854237,0.468852818012,0.169166982174,0.535884082317,0.187803700566,1.142890691757,0.507801413536,0.599355161190,0.377611845732,0.145064368844,0.079909905791,0.136515676975,-0.116734720767,0.729544699192,-0.405480504036,0.174460023642,0.427385270596,0.353484511375,0.300360798836,-0.634846448898,-0.108400061727,-0.201789483428,-0.167977496982,0.087203256786,0.282864183187,-0.108712874353,-0.008285276592,-0.140631556511,-0.333197355270,0.980185627937,0.260379105806,0.315659552813,0.041702143848,-0.754133045673,-0.381612509489,-0.276949673891,-0.366227298975,0.247471690178,-0.890208244324,-0.509357213974,-0.346586316824,-0.059285204858,-0.926946699619,-0.190326750278,-0.921797692776,-0.245035082102,0.193495988846,-0.659183681011,-0.189919278026,0.087162092328,0.213400408626,0.663624703884,0.134762302041,0.259481847286,0.784384727478,0.400096952915,-0.064425945282,0.525606751442,-0.020468296483,-0.105206131935,0.728606224060,0.075863987207,0.582644641399,0.067113615572,0.131358459592,0.974987328053,0.365597605705,0.556401789188,0.095459721982,-0.189931631088,-0.149974614382,0.447454303503,-0.391807556152,0.230999931693,-0.233522966504,0.358575910330,-0.035548899323,-0.344610691071,0.561719477177,-0.060433536768,-0.356789618731,-0.622004866600,-0.152468845248,-0.628005862236,-0.540502130985,-0.557154953480,-0.981877267361,-0.392087429762,-0.177205309272,0.220916017890,0.001683396869,-0.314276605844,0.589588165283,0.394997358322,0.533797323704,0.567135989666,-0.029169276357,-0.550598382950,0.142607182264,0.116817049682,-0.501006066799,-0.063495755196,-0.552034854889,-0.191479191184,0.518963694572,-0.328768640757,-0.259708225727,0.127460733056,0.241100311279,0.397582143545,-0.450677037239,-0.158811420202,0.217232301831,-0.259432464838,0.498318403959,-0.146105691791,0.438831567764,0.455048114061,0.143726691604,0.911866068840,-0.093224793673,0.430435121059,0.093661077321,-1.104160189629,0.188412874937,0.076559573412,-0.507336318493,-0.203752756119,-0.797481536865,-1.204221487045,-0.587904751301,0.008561041206,-0.814031422138,-0.224406287074,-0.213507413864,-0.239466309547,0.239285200834,0.026263462380,0.167323067784,1.291647076607,0.495330274105,0.054280288517,0.397845536470,0.367326259613,-0.416848599911,0.003889511339,0.125876098871,-1.180859804153,0.478064149618,-0.093636386096,-0.439160823822,0.259086728096,0.193681195378,0.626532316208,0.102753058076,-0.154823124409,-0.145858734846,0.221092984080,0.727128744125,-0.074147671461,0.263103842735,0.308621406555,-0.217664450407,0.968768179417,0.879136562347,0.497207134962,0.550326764584,0.418466120958,0.416795074940,-0.346915572882,-0.582969784737,0.131288498640,-0.587229788303,0.097591742873,-0.311304956675,-0.445882022381,-0.128469109535,0.348080396652,-0.066343948245,0.147422775626,0.770287871361,0.404184013605,0.037026502192,0.001683396869,-0.226497158408,-0.209280401468,-0.089075982571,-0.430122315884,-0.706845641136,-0.114882580936,-0.275961846113,-0.530018985271,-0.054049801081,-0.819328606129,-0.115253008902,0.068319573998,-0.554413795471,-0.404817849398,-0.004264056683,-0.472186654806,-0.267915278673,0.556364715099,0.251418828964,0.156835794449,0.329579472542,0.343540549278,0.852202236652,0.810985743999,0.414506673813,-0.076757140458,0.548713326454,-0.619913995266,-0.092364579439,0.147015288472,-1.180369973183,-0.243742719293,-0.192154213786,-0.763031542301,-0.013681201264,0.028893511742,-0.295384705067,0.568617701530,-0.142948791385,0.159506991506,0.454336076975,0.286259800196,0.104263596237,0.067101269960,0.154798433185,0.574050724506,-0.038586419076,-0.126653999090,-0.099974840879,0.005893947091,0.056955613196,-0.162622720003,-0.121723182499,0.016397684813,-0.112841099501,-0.036985341460,-0.380846947432,-0.009557085112,-0.083852924407,0.666970908642,-0.211334213614,-0.023579904810,-0.343557029963,0.336942791939,0.405850946903,0.569864869118,-0.348858296871,-0.058239769191,0.397335171700,0.437567949295,0.639983057976,-0.217125281692,-0.625766754150,-0.191911369562,-0.142961144447,0.365618169308,-0.109383761883,-0.160877585411,-0.312774330378,0.082622274756,0.712554335594,0.434188812971,-0.204061463475,0.520181953907,0.218063697219,0.572198569775,0.627734184265,-0.680668592453,0.211223095655,0.221726834774,-0.566617429256,0.176851347089,-0.130399465561,-0.450030863285,-0.648037850857,-0.239803805947,0.125468641520,0.198410347104,-0.033112294972,-0.319676667452,-0.175361394882,-0.491720646620,0.177505776286,-0.069632537663,-0.071785144508,0.082391783595,0.027144260705,-0.057749982923,-0.180493906140,0.402274250984,0.381336748600,-0.501821041107,0.720790266991,-0.261939048767,0.074246451259,-0.185564666986,-0.150431469083,0.418494969606,-1.118878602982,-0.487147897482,-0.432443648577,-0.927535235882,-0.276431053877,0.159177735448,-1.059869170189,0.544173479080,0.287642717361,0.490926295519,0.474433958530,0.097447693348,0.469519555569,0.661920726299,0.226991042495,0.524376094341,0.735788524151,-0.490111351013,-0.604726374149,0.451561957598,-0.359930008650,0.270590633154,0.411646127701,-0.224900186062,-0.373804658651,-0.465148478746,-0.071484692395,-0.320927888155,-0.049250680953,-0.487966954708,-0.513333201408,-0.196735188365,0.147241666913,-0.140771493316,0.808137536049,0.565452635288,-0.355781227350,0.564098477364,0.120768293738,0.322417855263,0.167298376560,-0.271693676710,-0.756837189198,-0.550100386143,-0.456274628639,0.052502229810,0.259086728096,-0.928786456585,-0.003988292534,0.759220242500,0.463070005178,0.976695418358,0.055650878698,0.706450521946,0.324084758759,0.703672230244,0.289379626513,-0.312836080790,0.679754853249,-0.372783929110,-0.414877086878,-0.150550842285,0.163388282061,0.206181138754,-0.855774819851,-0.915500402451,-0.050999928266,-0.410271406174,-0.055704388767,-0.549219548702,-0.821699321270,-0.359168559313,0.067430540919,0.122484616935,-0.002140260302,0.230333164334,-0.083297282457,-0.045562844723,0.340877592564,-0.297623753548,-0.537781536579,0.221426382661,-0.190293818712,-0.097369484603,-0.052489880472,-0.931515336037,-0.241129115224,-0.205082193017,-0.376582890749,-0.302678078413,-0.930988490582,-0.107309348881,-0.268129318953,0.143257498741,-0.039072096348,0.383826851845,0.397088229656,1.096673369408,0.686175644398,0.845995485783,0.028539545834,0.525944232941,0.292157858610,0.039142064750,0.189413025975,-0.368071258068,-0.408625066280,0.320503950119,0.666748702526,0.189919278026,0.541757464409,0.278805941343,-0.165565595031,1.119294285774,0.229649916291,-0.452541530132,0.541901528835,-0.942755758762,-0.390511035919,0.171455413103,-0.030268216506,-0.455352693796,-0.296775877476,0.208416059613,-0.276422828436,0.539567828178,-0.347903400660,-0.691489279270,-0.686500787735,0.019978504628,-0.418083339930,-1.038458347321,-0.369622915983,-0.974781513214,-0.487102657557,0.357851475477,-0.220315098763,-0.058046326041,-0.206070020795,-0.028395490721,0.101386599243,0.844900608063,0.388062089682,0.063380509615,-0.247640445828,0.595395684242,-0.343791633844,0.406114339828,0.218718141317,0.365400016308,0.357353448868,0.240161895752,0.160984605551,-0.133449330926,-0.339947402477,-0.151756793261,-0.013183179311,0.253287434578,-0.054733037949,-0.554368495941,0.462748914957,0.178826957941,0.741328537464,0.341145098209,-0.375257581472,0.729614675045,0.170545801520,-0.018772549927,-0.358477115631,-0.031597647816,0.000102897116,-0.152649939060,0.079856403172,-0.534151315689,-0.279238104820,-0.403179734945,-0.308930099010,-0.118479855359,-0.356871902943,-0.071715176105,0.253349184990,-0.532311499119,-0.379966139793,0.613460302353,0.002362517873,0.882832586765,0.551750838757,0.355184435844,1.043887138367,0.521079242229,-0.099056996405,0.486781567335,-0.289066821337,-0.275542020798,-0.002601239132,0.417144924402,0.011672648601,-0.218088388443,0.064528845251,0.312321573496,0.549252510071,-0.310140162706,0.275146901608,-0.115615211427,-0.720345735550,0.581973791122,0.182568296790,-0.113063357770,-0.026152333245,-0.044554453343,0.057840529829,0.789397895336,0.012372350320,0.568712413311,0.022941943258,-0.009445955977,-0.383110702038,-1.097904086113,-0.839344143867,-0.433011651039,-0.972390174866,-1.176793217659,-0.761208176613,-0.239132910967,0.758722245693,0.255868107080,-0.344063282013,0.642036914825,0.180979564786,0.781293690205,0.058285046369,-0.575878143311,-0.263692408800,0.677240073681,-0.832400679588,0.356452077627,-0.451310902834,-0.569477975368,0.799267828465,-0.318902879953,-0.167664691806,0.788187801838,0.035005602986,0.184132352471,0.352599650621,-0.358090221882,0.762212514877,0.213717326522,0.331678599119,1.564698934555,-0.014520842582,0.780738115311,0.827432811260,0.877111554146,0.834726154804,0.298685669899,-0.632817268372,0.520511269569,-0.494214892387,-0.343112528324,-0.217647999525,-0.835775732994,-0.060301832855,-0.867558538914,-0.755960464478,-0.481616169214,-0.049872178584,-0.545811653137,-0.130016684532,-0.415663212538,0.074612759054,0.339967995882,-0.237614154816,0.221307009459,0.155362308025,-0.063866190612,0.415457427502,-0.308539062738,-0.278443723917,-0.343816339970,-0.752420783043,-0.398088395596,0.066265746951,-0.372849792242,-0.018628494814,-0.142100930214,-0.057408358902,0.728169977665,-0.155950874090,0.017805317417,-0.028111493215,-0.470630854368,-0.153394907713,0.629557549953,-0.383402943611,0.027057826519,0.852115750313,-0.147908434272,1.007120013237,0.276501029730,-0.787619829178,0.510880112648,-0.047443807125,0.298821479082,-0.580397367477,-1.075884103775,-0.239976674318,0.070455715060,-0.256230294704,-0.332180738449,0.054095078260,0.533249974251,0.237659409642,0.283271640539,0.702877879143,-0.003280360019,-0.251608163118,1.092631578445,-0.451080381870,-0.842130661011,-0.004675645381,-0.527335405350,-0.482237666845,-0.164771229029,-0.627038598061,-0.343050777912,-0.287004768848,0.418692529202,-0.388029158115,-0.665188729763,0.015628015622,0.337930619717,-0.561110377312,0.749819576740,0.208712413907,-0.255863994360,0.971673965454,0.144430518150,0.549565315247,0.939335525036,0.225044235587,0.353669732809,0.713365197182,0.098760657012,-0.432563066483,-0.373619437218,0.331847339869,0.961536526680,-0.429307371378,-0.671403706074,-0.000679121003,-0.446664065123,0.531327784061,0.034845080227,-0.534587621689,-0.206625655293,-0.061194974929,-0.670901596546,0.973612606525,0.450220197439,0.166553393006,0.222043752670,0.129140004516,0.242878362536,0.794563353062,-0.416786849499,-0.749473810196,0.085544548929,-0.303431272507,-0.331431627274,-0.158457443118,-0.501191318035,0.200616449118,-0.310609370470,0.243730351329,-0.037182904780,-0.077790223062,0.112437739968,-0.804931223392,-0.085252322257,-0.399100899696,0.034038368613,0.675799489021,-0.059412796050,-0.050683006644,0.791352987289,0.091813050210,-0.037697389722,0.543477892876,0.378081053495,-0.298994332552,-0.115405298769,-0.920101940632,-0.444861292839,-0.400763720274,-0.395182579756,-0.204991638660,0.031955730170,-0.007853108458,0.677021920681,0.393680304289,0.357658028603,0.012026615441,0.927222490311,0.363897740841,0.551117002964,-0.004095305689,-0.006717124023,-0.528730690479,0.109042137861,-0.119772247970,-0.402566492558,-0.043842405081,-0.338453322649,-0.323998332024,0.105317257345,-0.798086524010,-0.111783318222,-0.175550729036,0.228406921029,0.098184429109,-0.648836314678,0.261095285416,-0.158025279641,0.879297077656,0.560978651047,0.217277571559,0.705664336681,0.726601839066,0.326916515827,0.581685662270,0.045492872596,0.112968690693,-0.407563149929,-0.013302540407,-0.111120656133,-0.344141483307,-0.125077620149,-0.141565859318,-0.594502508640,0.438576340675,-0.216771304607,0.186560705304,0.236976191401,0.223509028554,0.679569661617,0.473544925451,0.343997448683,1.284921646118,-0.368030071259,-0.143841952085,1.295832872391,-0.111211210489,-0.466198056936,0.365338265896,-0.170862734318,-0.627137362957,-0.125806137919,-0.197554245591,-0.730861842632,0.223467856646,-0.255703449249,-0.016377106309,-0.173793241382,-0.429550200701,-0.915364623070,-0.353463947773,-0.665225744247,0.086190745234,-0.221702128649,-0.175682425499,0.207144245505,-0.289198517799,0.226912856102,0.182436600327,-0.497482895851,0.220574393868,-0.401072412729,-0.880095541477,0.437325090170,-0.549923419952,-0.279937803745,-0.025855988264,0.181028962135,0.267199128866,-0.134906351566,0.556158959866,0.079160816967,0.806116640568,0.970920741558,0.481002867222,0.810582339764,0.559295237064,0.254789739847,0.544683873653,-0.141450613737,0.232181191444,0.045052476227,-0.192257106304,-0.005074886139,-0.020978664979,-0.131197944283,0.119541764259,0.089055404067,-0.045990895480,-0.342795610428,0.306859821081,-0.056609880179,0.386148214340,-0.156490057707,0.196656987071,-0.179296180606,0.924744665623,-0.451261490583,-0.461687058210,0.270734667778,-0.486608743668,0.276990801096,-0.570017099380,-0.260955333710,-0.384007960558,-0.857943832874,-0.163429439068,-0.731968998909,-0.477512598038,-0.336469471455,-0.281431883574,-1.246384620667,-0.365441173315,0.055152859539,-0.375710308552,1.025954365730,0.262276530266,-0.427932649851,1.153629064560,0.361695736647,0.623675942421,0.362259596586,-0.114973127842,0.473046898842,-0.289815932512,0.549462378025,0.846999764442,-0.498849332333,0.107939086854,0.006050351076,0.371684998274,0.332905113697,-0.067274138331,-0.299331843853,-0.171690016985,-0.054691880941,-0.458958208561,-0.606767892838,0.051436211914,-0.031210755929,-0.125262841582,-0.317655771971,0.393869638443,0.641275465488,-0.683179259300,-0.121048167348,0.172566697001,-0.429006904364,-0.263276696205,-0.039961125702,-1.320462346077,-0.208379015326,-0.367219239473,-0.862627744675,0.236210629344,-0.356649637222,0.133259996772,0.392795383930,-0.024971073493,0.120463721454,0.140462800860,0.603713870049,0.305044680834,0.378085166216,0.181703969836,0.052378751338,0.042710535228,-0.260967671871,0.461810529232,0.268372178078,-0.387251257896,0.159502878785,-0.534587621689,0.190079793334,-0.243429899216,-0.498017936945,0.065076254308,-0.216260939837,-0.037837330252,0.204028531909,0.343676388264,0.493926763535,0.571688175201,0.404739677906,0.339955627918,0.437559723854,0.412592738867,0.212404355407,0.198105767369,0.235498577356,0.233531206846,-0.214499339461,-0.691497504711,0.244648203254,-0.507188141346,-1.238951325417,-0.477282136679,-0.698181688786,-0.450084358454,-0.225073054433,-0.662912666798,-0.218907445669,0.803206682205,0.212947651744,0.868826270103,0.430562734604,0.516732871532,0.685348331928,1.117314577103,-0.169397473335,-0.001905654673,-0.107527494431,0.158210501075,-0.219212025404,-0.331485152245,0.077905468643,0.733956933022,0.492675542831,0.307938158512,-0.050003882498,0.580755472183,-0.015603319742,0.196562319994,-0.732339441776,0.005066654179,-0.023699264973,0.417963981628,-0.341597884893,0.244211912155,-0.150242149830,0.579891145229,0.389124006033,0.322096794844,-0.465555995703,-0.158655017614,-0.239264622331,-0.111223556101,-0.635480284691,-0.936269164085,-0.523256540298,-0.922686755657,-0.324739187956,-0.024114970118,-0.433015793562,-0.109959982336,0.691662073135,0.535299658775,0.256506085396,-0.342519819736,0.468539983034,0.109955862164,-0.496828466654,0.471898555756,-0.564645886421,0.050938189030,-0.049868058413,-0.551252782345,0.524092078209,-0.370499610901,0.320787966251,-0.176674351096,-0.816393971443,0.836944639683,-0.577215850353,-0.538230121136,0.150238037109,-0.185667574406,0.650704979897,0.762920439243,-0.040895432234,1.032720804214,0.562921345234,0.395384252071,0.942327678204,0.010479043238,0.613205075264,-0.450928121805,-0.637521743774,-0.011664417572,-0.035565361381,-0.166676878929,-0.712167441845,-0.265869706869,0.271512597799,-0.498334854841,-0.350916236639,-0.788245499134,-0.768950223923,0.292857557535,-0.353702694178,-0.240396484733,0.465535372496,-0.256802409887,0.757228136063,0.586982786655,-0.127304315567,0.379612207413,-0.018780782819,-0.588884353638,-0.036417350173,0.076176792383,-0.601985216141,-0.059787340462,0.318120867014,-0.734940648079,0.174320071936,0.635891854763,-0.113145671785,0.234560161829,-0.196138381958,0.241034448147,0.153921738267,-0.232535153627,0.487464815378,-0.221187651157,0.050604805350,0.401899695396,0.521704912186,0.152345359325,0.842233538628,-0.311132073402,0.366791188717,0.309518665075,-0.650124609470,-0.260560214520,-0.334419786930,-0.846662223339,-0.221224695444,-0.824374735355,-0.048427503556,0.280748635530,0.141553506255,0.165660247207,0.622716903687,0.095435023308,-0.155720397830,0.237498894334,0.427204161882,0.091833621264,-0.672058165073,0.034742183983,-0.600075423717,0.049905102700,0.785635948181,-0.861010193825,0.291910916567,-0.592300534248,-0.056239452213,0.488576084375,-0.977329254150,-0.235478013754,-0.267635434866,-1.217919111252,0.180391013622,0.517206251621,-0.796431958675,0.688554584980,0.190643668175,0.275751948357,1.077600479126,0.331826746464,-0.297150433064,0.423627465963,0.300858825445,0.038652274758,-0.003016943578,-0.211231321096,-0.090594746172,-0.319549053907,-0.626906871796,-0.003984176554,-0.277781069279,-0.431443512440,0.279139310122,-0.898320734501,0.322891175747,-0.097031988204,0.529129922390,0.980996489525,0.513390779495,0.724305152893,0.822065711021,0.500413417816,0.684179425240,0.248261943460,0.064162530005,-0.496404528618,-0.615341246128,-0.035087920725,-0.420149534941,-0.342318147421,-0.359139770269,-0.211988657713,0.248747617006,-0.512662291527,-0.143508568406,-0.602804243565,0.143673196435,-0.531393647194,-0.608480095863,-0.128963023424,-0.398771643639,0.320112973452,0.521758377552,-0.603121161461,0.772226393223,0.017459584400,0.640423417091,-0.084482654929,0.107264071703,-0.633940935135,-0.162836760283,-0.080358535051,-0.725153088570,-0.098167978227,-0.245582491159,0.114532731473,0.212676003575,0.277069032192,0.809178888798,0.603191137314,-0.167714074254,0.390902072191,0.370573699474,-0.213272795081,0.299858689308,-0.035767041147,0.105605378747,-0.072670064867,-0.162025928497,-0.022081723437,0.026000047103,0.440185666084,-0.135276779532,-0.635649025440,-0.166590452194,-0.401920258999,-0.812632024288,0.385720163584,-0.722066164017,-0.407213300467,0.522375762463,-0.689834654331,0.134284868836,0.726391911507,-0.137713387609,0.495058625937,0.293828904629,-0.205909505486,0.578915715218,-0.342453986406,-0.558031678200,0.101814649999,0.126579925418,-0.262753993273,0.253616720438,-0.668888926506,-0.270648241043,-0.176892489195,-0.454447180033,-0.594593107700,-0.523824572563,-0.639225721359,0.233255431056,0.177583962679,0.563563466072,-0.059194657952,0.023699264973,0.951748967171,0.678623020649,0.675762474537,1.081333518028,-0.336008489132,0.255604684353,0.729655802250,-0.505961596966,0.232971429825,0.689040303230,0.138742357492,0.558212757111,-0.148015454412,-0.206419870257,0.079420119524,-0.179563716054,-0.343001395464,-0.235375121236,-0.289305567741,0.004288752098,0.250723242760,0.134741723537,-0.211959838867,0.076444327831,-0.082539953291,0.702141165733,0.193977534771,-0.095945388079,-0.363263905048,-1.173154830933,0.006202638615,-0.619136095047,-0.405048370361,-0.476043254137,-0.729215502739,0.305937826633,-0.307045012712,0.035532433540,0.393025845289,0.026592733338,0.701923012733,0.348500221968,0.185807496309,0.504352331161,-0.101370126009,0.669234633446,-0.180049389601,-0.092854358256,0.305110543966,-0.046241965145,0.220158681273,0.045719251037,-0.447367876768,-0.156152561307,0.165326863527,-0.087524294853,-0.695559859276,-0.382550925016,-0.673227071762,0.257967203856,0.242330953479,0.105160854757,0.359683066607,0.081585071981,-0.317569315434,0.676371574402,0.053510621190,0.926312804222,0.262585222721,-0.049645807594,-0.453451156616,-0.277641147375,-0.295656353235,-0.212284982204,-0.706409335136,-0.054041568190,-0.725465834141,-1.186531424522,-0.500903189182,-0.146591350436,-1.344256162643,-0.603059470654,0.384119093418,-0.065450802445,0.061627145857,1.062095880508,-0.121068753302,0.577014088631,1.123377203941,-0.184366941452,0.993331789970,0.004778542556,0.121591471136,0.346001863480,-0.316058784723,-0.550890624523,0.248142585158,-0.284115403891,0.293479055166,-0.290392130613,0.334942489862,0.065541349351,0.380711138248,0.036330915987,-0.267203241587,0.061787664890,-0.204971075058,-0.012162440456,0.872398853302,-0.111211210489,-0.226237833500,0.808697342873,-0.079737037420,0.526499867439,0.453039556742,-0.629438161850,-0.105354309082,-0.380916923285,-0.703659951687,-0.475767493248,-1.468049645424,-0.998563110828,0.387699902058,-0.275904238224,-0.223809480667,0.344516038895,-0.367964237928,0.331670343876,0.368968516588,0.293075710535,0.285547733307,0.867007076740,-0.134058475494,0.363148629665,-0.649593651295,-0.536139309406,0.254077702761,-0.440160959959,0.475022524595,-0.392219126225,-0.468688160181,0.215092033148,0.229123070836,-0.416157126427,-0.248426571488,-0.509274899960,0.229444131255,0.158963710070,0.131823569536,-0.219430178404,-0.434732109308,1.138087391853,0.749959528446,0.099415086210,0.876946926117,0.289149135351,0.385629594326,0.162305802107,-0.018472092226,0.179699540138,0.049954492599,-0.156399518251,-0.526993811131,-0.374961227179,-0.605561912060,-0.388465434313,-0.178769335151,-0.187861338258,-0.713377535343,0.258703947067,-0.569498538971,0.580335676670,0.454945206642,-0.062437973917,0.388473659754,0.321170747280,-0.239972561598,0.492074638605,0.407698959112,-0.580117523670,0.130667001009,0.625289380550,-0.255604684353,-0.213626772165,0.112120814621,0.073645524681,0.609097421169,-0.228341072798,0.132292777300,0.420919209719,-0.393865525723,0.224249869585,-0.579228520393,-0.149542450905,0.082478217781,-0.290779024363,0.334819018841,0.100234143436,-0.049283608794,0.258806854486,0.273068398237,-0.192022487521,0.123719386756,-0.363716632128,0.086301878095,-0.521099865437,-0.663863420486,-0.305114656687,-0.073974803090,-0.165347442031,-0.373726487160,-0.137976810336,-0.277003169060,-0.059149380773,0.431789249182,-0.340128481388,-0.189100205898,0.069731317461,0.245335549116,-0.505356609821,-0.087832987309,-0.824971497059,0.238136872649,-0.331015914679,-0.365634620190,-0.499820709229,-0.165125191212,-0.375483930111,-0.313869148493,0.023369994015,0.157123908401,-0.326587229967,-0.043414354324,0.177160039544,-0.123274870217,-0.042562365532,0.899658381939,0.152481198311,0.208889380097,0.557401955128,0.407521963120,0.390795052052,0.708611309528,0.047917131335,-0.072670064867,-0.175575420260,0.319240391254,-0.347635865211,-0.018319804221,-0.242326840758,0.029840165749,-0.553039133549,-0.003502618056,0.054691880941,-0.137400597334,-0.300002723932,-0.274220824242,0.050382547081,0.775062263012,0.096443414688,0.107449293137,-0.061026226729,1.012602329254,-0.139882460237,0.572984695435,0.377850592136,0.339453488588,-0.326249748468,-0.363000482321,-0.003741339315,0.014282120392,0.312012881041,-0.406966358423,-0.195475712419,0.378562629223,-0.225805684924,-0.451331466436,0.016430612653,-0.324060082436,0.195162907243,0.326751887798,-0.666744589806,-0.131654813886,0.456912606955,-0.020180184394,0.296574205160,0.459760785103,-0.298471629620,0.299809277058,-0.052267622203,-0.589625179768,0.254571616650,-0.417379528284,-1.006646633148,-0.106609649956,-0.996303439140,-0.154646143317,-0.140849694610,-0.024007957429,0.107708588243,0.681516468525,-0.062594376504,0.629162430763,0.176110491157,0.925942420959,-0.160766467452,-0.285197883844,0.220887199044,-0.196780443192,-0.276418715715,-0.794378101826,-0.576532602310,-0.556788682938,-0.283506274223,0.144442871213,-0.703293621540,0.075649961829,0.159367069602,-0.709792613983,-0.490555852652,0.030704500154,-0.112972810864,0.871575653553,-0.095883652568,0.200604110956,0.101007923484,0.236140668392,0.855741918087,0.935009717941,0.457200735807,0.067591063678,0.157263845205,0.285498350859,0.233790501952,0.234342023730,-0.276196479797,-0.180246949196,0.178979247808,0.366058588028,0.033536229283,-0.344610691071,-0.486197143793,0.242462664843,0.722239017487,-0.064030818641,0.180522710085,0.858697056770,0.983976423740,0.410777658224,0.726663589478,0.827202260494,-0.194430276752,0.864726841450,-0.023427616805,-0.072904668748,0.155308797956,-1.308159947395,0.586748182774,0.057741746306,-0.513353765011,0.389975965023,-0.478574514389,0.130522951484,0.146805390716,-0.257127553225,0.356913089752,-0.994648873806,-0.615571737289,0.031601764262,-0.882289350033,0.212523713708,0.017015067860,-0.288013160229,0.304489046335,0.195652708411,-0.176044613123,0.489098846912,-0.576392650604,-0.382995426655,-0.323636144400,-0.264416784048,-0.605138003826,-0.149826437235,-0.788891613483,-0.604071974754,-0.546828269958,0.652174293995,0.207020774484,0.391803443432,0.492218673229,0.384234309196,0.167948678136,0.249134525657,0.119652897120,0.328809827566,-0.027251273394,-0.364000618458,0.236659258604,-0.073188669980,-0.206234648824,0.264128684998,0.053942784667,-0.054477851838,0.054387301207,0.227908894420,-0.363663136959,0.326467871666,-0.082148946822,-0.101559467614,-0.304098039865,0.142936453223,-0.026596847922,0.358600586653,0.152440026402,0.070854954422,0.637110173702,1.127040386200,-0.138170257211,-0.199900299311,-0.621198177338,-0.353011220694,0.175447836518,-0.073254518211,-1.255859375000,-0.066981911659,-0.574400544167,-0.510583758354,0.485015898943,-0.997328341007,-0.056679852307,0.746353924274,-0.026522761211,0.765311777592,0.189149603248,0.038351815194,1.074760437012,0.424722284079,0.350693941116,0.321273624897,-0.244088426232,0.646889507771,0.564003825188,-0.999855458736,-0.185675799847,1.128686785698,-0.011820821092,-0.421499550343,-0.203205347061,-0.122509315610,0.679684877396,-0.488720178604,-0.762072563171,0.060499396175,-0.057959891856,-0.212873563170,0.397796154022,-0.167788162827,-0.381221503019,-0.088182836771,-0.152370050550,0.044583264738,0.464234769344,-0.601219654083,-0.835833311081,-0.021875929087,-0.410580098629,-0.853416323662,-0.560287177563,-0.956255853176,0.201888278127,-0.404167562723,-0.193714126945,0.084231585264,-0.496770858765,0.094216719270,0.481007009745,0.487403094769,0.401018887758,0.613847196102,0.568234920502,0.179892987013,0.138503640890,-0.128292128444,-0.334456801414,-0.133943244815,0.054576631635,-0.005885715131,-0.179032757878,0.082984469831,-0.238556683064,0.292688786983,0.318972855806,0.118216447532,0.490971535444,0.779371619225,0.431048363447,0.114240497351,0.469898223877,0.149884060025,0.516099035740,0.375619739294,0.110466234386,0.013549493626,0.275747835636,-0.101674705744,0.344470739365,-0.423981428146,-0.061845287681,-0.271673113108,-0.725190103054,-0.119657009840,-0.526742696762,-0.481735527515,-0.668827176094,-0.536065220833,-0.458159714937,-0.273500531912,-0.358794033527,0.731125175953,0.077835500240,0.140870273113,0.886162400246,-0.013767635450,0.493696272373,1.041578173637,0.260066300631,0.693814694881,-0.107202336192,-0.116084411740,-0.043620146811,-0.268067568541,0.614374041557,0.532541990280,0.229612872005,0.729738175869,-0.180263414979,0.693357825279,0.635558485985,-0.095105752349,-0.238610208035,-0.112923420966,0.150801911950,0.236959710717,0.156897529960,-0.284288287163,-0.389692008495,0.213174015284,0.536954224110,0.540930211544,-0.068759970367,-0.276089429855,-0.297471463680,-0.155259415507,-0.269257068634,-0.766019701958,-1.092113018036,-0.594901800156,-0.283498048782,-0.739081263542,-0.324307054281,-0.241141453385,0.647988438606,0.312980115414,-0.430311650038,0.390893846750,0.009943977930,0.232761517167,0.654734373093,-0.393548548222,-0.200258374214,0.149052649736,-0.367741942406,-0.110828429461,0.245673045516,-0.567440569401,0.432192623615,0.299006700516,-0.653079807758,-0.224303394556,0.183342099190,-0.098386108875,0.783536911011,0.161939486861,-0.088400982320,0.722527146339,0.561826527119,0.467687994242,1.095372796059,0.829346716404,0.219961106777,0.577952563763,0.352714896202,0.627446055412,0.150608450174,-0.637595832348,-0.059787340462,-0.006527793128,-0.125427469611,-0.073666110635,-1.009577155113,-0.299265980721,-0.020554728806,-0.452623873949,-0.213799640536,-0.541765689850,-0.378459721804,0.313115954399,0.456105917692,-0.070653282106,-0.099266916513,0.160647094250,0.060952141881,-0.043315570801,-0.030531635508,-0.178086102009,0.022011751309,-0.302768617868,-0.181354120374,-0.249459668994,0.016801042482,-0.928440749645,0.221928521991,0.079057916999,0.199249982834,0.795596420765,-0.061232019216,-0.324035376310,0.344845294952,-0.187079325318,-0.188137099147,0.600178360939,0.468461811543,-0.406628876925,0.525495588779,0.412942618132,-0.025769555941,0.579393088818,-0.201353207231,0.335724502802,-0.175320237875,-0.741488993168,-0.163166016340,-0.365050166845,-0.545173645020,0.210803285241,-0.724638640881,-0.154148116708,0.330061048269,-0.137779250741,0.283292233944,0.426031112671,0.280917376280,1.284287810326,0.377488374710,-0.284588754177,0.462999999523,-0.232181191444,0.014780143276,-0.124534323812,-0.742727935314,0.544762074947,0.280448168516,-0.322817087173,-0.688184201717,-0.366149127483,-0.296158492565,0.297566115856,-0.556673407555,-0.524166166782,0.059244047850,0.216948285699,-0.228567436337,0.192063659430,0.182881116867,0.745501995087,0.862512469292,0.339819818735,0.292808175087,0.408052951097,-0.335218250751,0.107457518578,-0.011244597845,-0.653371989727,-0.342198789120,-0.409950375557,-0.798872709274,0.566481590271,-0.041965562850,-0.548770904541,-0.214651629329,-0.135445535183,-0.251970380545,-0.069788947701,0.193067923188,0.376615792513,0.402994513512,0.188425213099,0.084013439715,-0.024127317593,0.277213066816,0.554747164249,-0.168837711215,-0.859384417534,-0.100571647286,-0.679865956306,-0.323088735342,-0.219858214259,-0.522079408169,0.209988325834,0.121183998883,0.340725302696,0.068089082837,-0.277184247971,-0.443005025387,0.125929608941,0.022094070911,-0.296216130257,0.017842361704,-0.648284792900,-0.149719431996,-0.097246021032,0.347825199366,1.229859352112,0.287453383207,0.570939123631,0.133387595415,-0.395762920380,0.642831265926,-0.171480119228,-0.308304488659,0.458740055561,-1.105835318565,-0.205250933766,0.546606004238,0.384934037924,0.311807096004,0.553199648857,0.003745455295,0.632986068726,0.786590874195,0.423899114132,0.015208194032,-0.748210251331,-0.549157798290,0.463226377964,-0.248093202710,-0.499195098877,-0.479418277740,0.180057615042,-0.138557150960,-0.101641781628,-0.148192435503,-0.762587070465,-0.268738478422,-0.320014178753,-0.315453767776,-0.546190261841,-0.269652187824,0.240499377251,-0.098489008844,-0.056893877685,0.386963129044,0.617078125477,0.453117787838,0.972521901131,-0.099213398993,-0.175974652171,-0.279036432505,0.288548231125,-0.362802922726,0.087923541665,-0.431422919035,-0.118558071554,-0.355077385902,0.257399201393,-0.412094742060,-0.020336586982,0.475804507732,-0.080663107336,-0.124797746539,0.314572960138,0.418643116951,0.994986355305,0.587357342243,0.524297893047,0.663209021091,0.462246775627,1.278521418571,0.655973255634,-0.512892723083,0.031931035221,-0.807042658329,0.287712723017,0.369828701019,-0.550499618053,-0.091397345066,-0.539020359516,-0.302011281252,0.718699336052,0.083383716643,-0.681405365467,-0.599453985691,-0.312868982553,-0.088038779795,-0.407505512238,-0.918101668358,0.039166763425,0.123357184231,-0.054230902344,0.363630175591,-0.038792215288,0.207975670695,-0.408904910088,-0.132840186357,-0.493951439857,-0.534768700600,-0.948485076427,-0.497207134962,-0.789274454117,-0.733800590038,-0.325887531042,-0.008100061677,1.059552311897,0.844653666019,0.285448968410,0.786891341209,0.302624553442,0.245072126389,1.196808815002,-0.299759894609,-0.075213678181,0.274982273579,-0.504644572735,0.765661597252,-0.012915646657,0.031140785664,0.330526143312,-0.828029572964,-0.046888157725,0.832450032234,-1.149690151215,-0.238799512386,-0.678363680840,-0.774831831455,0.417791098356,-0.244043171406,-0.220331549644,0.209486186504,0.690089881420,0.462234437466,0.261634439230,0.800823628902,-0.147274598479,-0.093084856868,-0.661649048328,-0.447853565216,-0.207551732659,-0.360164612532,-0.845542669296,-0.528446674347,-0.678009688854,0.019875608385,-0.127757072449,-0.370824754238,-0.674153149128,-0.009746415541,-0.251978605986,-0.587439656258,0.488786041737,0.664106249809,0.387168943882,1.364387035370,0.210642769933,0.574923276901,0.669267594814,0.523429453373,0.569482088089,0.111441701651,-0.985556900501,0.525808393955,-0.699638664722,-0.362094968557,0.360115230083,-0.153580129147,0.437131643295,0.451352059841,0.013084398583,0.285378992558,0.165182814002,-0.297331541777,-0.017537785694,0.188947916031,-0.765641033649,-0.372792154551,-0.017776507884,-0.236823901534,0.243199408054,-0.267026275396,-0.056144785136,0.179382607341,-0.485810250044,0.087186791003,-0.974085927010,-1.041471242905,-0.054617796093,-0.766641199589,-0.213639125228,-1.030020713806,-0.269248843193,0.406822264194,0.629178881645,0.502895295620,-0.071990944445,0.341021656990,0.158939018846,0.439481854439,-0.064277775586,-0.435522347689,-0.499944180250,0.272051751614,0.495976477861,-0.515605151653,0.112948119640,-0.108544118702,0.158296927810,0.303896367550,0.096501037478,-0.088997781277,0.119611732662,-0.072410762310,0.190227970481,0.349599182606,-0.385287970304,0.161235675216,0.718197226524,-0.098966456950,0.794501602650,0.644292354584,0.106058120728,0.351809382439,0.227604329586,-0.184885546565,0.377052098513,-0.470268666744,0.020188415423,0.183901846409,-0.861063718796,-0.135293245316,-0.324628084898,-0.414753615856,-0.439996331930,-1.124805450439,-0.552133619785,-0.869896411896,0.379130631685,0.066504463553,0.161058694124,-0.273599326611,0.041080649942,1.210119605064,0.314494758844,0.934659838676,0.158494502306,-0.350545793772,0.487419545650,-0.359374403954,-0.148809820414,0.367737829685,0.050180871040,0.161157473922,0.304616659880,-0.478611588478,0.426644384861,0.181938588619,-0.025308577344,-0.198949530721,-1.133650541306,0.342799723148,0.186157345772,0.038191296160,0.745765388012,-0.334452688694,0.000794365769,0.265100032091,0.631100952625,0.467436909676,-0.417243719101,-0.572441399097,-0.006976424716,-0.433608472347,-1.007045865059,-0.880758225918,-0.810463011265,-0.834018230438,-0.457826346159,-0.298463404179,-0.092640340328,0.305505663157,0.048077654094,0.603594541550,-0.266009628773,0.138705328107,0.130210131407,0.728326380253,-0.323360383511,-0.304546654224,-0.030729195103,-0.585871517658,-0.497013688087,0.383579879999,-0.302422881126,-0.615427672863,0.022188736126,-0.218639925122,-0.630648195744,0.547626733780,-0.080959454179,-0.392033904791,0.231592610478,0.304900616407,0.426068156958,0.943471968174,0.473857730627,0.647860884666,-0.104658722878,0.786455035210,0.529529154301,0.003041638993,0.502257347107,-0.423598647118,-0.682360231876,0.473149806261,-0.055593259633,-0.859116911888,-0.516555905342,-0.306444078684,-0.690793693066,-0.052197650075,-0.598112165928,-0.063240572810,0.080827750266,-0.191660299897,0.457637012005,0.348129779100,0.008108293638,1.193260908127,0.682454884052,-0.224624425173,0.803556501865,0.424018472433,-0.474829077721,0.744003772736,-0.127526566386,-0.449265301228,-0.022983100265,-0.485904932022,-0.145834028721,0.004646833986,0.104407653213,0.527784049511,-0.476841747761,0.014611391351,0.159679859877,-0.785104990005,0.206312850118,0.405624568462,0.028012713417,0.308185100555,0.247475802898,0.413745224476,0.130461201072,0.307357817888,0.010783618316,-0.223340258002,-0.049205403775,-0.066829621792,-0.089113019407,-1.209316968918,-0.456875562668,-0.999172210693,0.018644958735,0.325611770153,-0.613768994808,-0.065631896257,-0.273414134979,0.055724963546,0.520844638348,-0.215194925666,-0.069463789463,0.505216598511,-0.568646550179,0.001671049278,-0.078407607973,-0.901395320892,0.140668600798,-0.869266629219,-0.211202517152,-0.351261943579,-0.241927593946,-0.059038251638,0.181131869555,-0.570157110691,0.382040560246,-0.290153443813,-0.636389911175,0.591851890087,-0.207255393267,0.379447549582,0.495984733105,-0.013701781631,0.500643849373,0.424672901630,0.913751125336,0.800593137741,0.231382712722,0.650091648102,0.506307363510,0.424520611763,-0.359592527151,0.342112362385,-0.215161994100,-0.349932551384,0.019867377356,-0.343425303698,-0.983741760254,0.349813193083,-0.332460612059,-0.070500992239,-0.487621247768,0.579035043716,0.480834156275,-0.331295818090,0.450125515461,0.147208735347,0.075909264386,1.014405131340,-0.004910250660,-0.293524324894,-0.753359258175,-0.021048635244,-0.188124760985,-0.248788788915,-0.396326780319,-0.062454435974,0.041821505874,-0.440313249826,0.077617354691,-0.082391783595,-0.700540065765,0.124999426305,-0.042006719857,-0.157988250256,-0.528747141361,-0.504879117012,0.398327112198,0.226060867310,-0.099871948361,0.453381180763,-0.098698921502,0.282855957747,0.743991494179,-0.735121786594,0.120150908828,0.433974802494,-0.643218159676,0.049740467221,-0.450648248196,-0.554751336575,-0.031017309055,-0.156428322196,0.382567375898,-0.171817615628,0.048826742917,0.622469961643,0.648539960384,0.563073635101,0.472231954336,-0.153880596161,0.508900344372,0.105062074959,0.189347162843,-0.464522868395,-0.420890420675,0.069546103477,-0.181049540639,-0.556965649128,-0.829935252666,0.025571992621,-0.236597523093,-0.015224658884,0.368787407875,-0.796292006969,-0.118854403496,0.144599258900,0.207596987486,0.184655055404,-0.221183538437,0.419972538948,0.283913731575,0.326895922422,0.396372079849,-0.112190790474,0.288692265749,-0.106720782816,-0.194883033633,0.178929850459,-0.240149527788,-0.041430499405,-0.323903679848,-0.306238293648,-0.431669920683,0.106391504407,-0.240314170718,0.226958125830,-0.091121576726,0.072501316667,0.263132631779,0.066924288869,0.949456453323,0.378360956907,-0.202114641666,0.600087761879,0.260136276484,0.318013846874,0.767579555511,-0.856079339981,-0.253682553768,-0.012018383481,-0.655709862709,0.313239425421,0.205176860094,-0.702976644039,-0.280715703964,-0.062236297876,-0.199748009443,-0.237959891558,-0.224723204970,-0.702223479748,0.467420458794,-0.495013356209,-0.278694808483,0.479599356651,-0.080177433789,0.814319610596,0.211717009544,0.017702421173,0.275352716446,-0.087573677301,-0.157691895962,0.086915142834,-1.109523177147,-0.286626100540,-0.489275813103,-0.326011002064,-0.146290898323,-0.738204538822,0.288087248802,0.507295131683,-0.130131930113,0.592716217041,0.318149656057,0.388609528542,0.697276175022,0.093294762075,0.146554321051,0.300517201424,0.232831507921,0.527837514877,-0.242207482457,-0.034351177514,-0.289247930050,-0.036046922207,0.015780303627,0.727766633034,-0.132930725813,-0.369301885366,-0.601166188717,0.533686220646,-0.443951696157,-0.149134963751,-0.238577276468,0.185840442777,0.262568771839,0.264235705137,-0.554331481457,0.152773410082,0.925975322723,0.149587720633,-0.342622727156,0.091199778020,-0.478228807449,-0.129189386964,0.377010911703,-1.170442461967,-0.343334764242,-0.265355199575,-0.294796139002,-0.163314193487,-0.667197287083,-0.630174934864,-0.828371226788,0.118492208421,0.534698724747,-0.148789241910,-0.071307703853,0.140857920051,0.756833016872,0.835199475288,0.973855376244,-0.175143241882,0.833738327026,0.655314743519,0.107951432467,0.059890244156,-0.772284090519,0.516568243504,0.339980334044,-0.169854342937,0.385744839907,-0.522281110287,1.055959105492,-0.250151127577,0.457661688328,0.078724533319,-0.431920945644,-0.097530007362,-0.366638898849,-0.245039224625,0.073900714517,-0.470248103142,0.234926491976,0.012759243138,0.022764958441,0.267421394587,-0.207119569182,-0.374726653099,-0.013652390800,-0.672391533852,-0.285420149565,-0.285420149565,-0.682631850243,-0.670843958855,0.123653531075,-0.549565315247,-0.038294196129,0.303571224213,-0.006824137643,0.548252344131,-0.066607370973,0.489296406507,0.332962721586,0.446244239807,-0.006124436390,-0.051139868796,-0.140820890665,0.345973044634,0.031988658011,-0.029016990215,-0.482780933380,0.110651448369,-0.199394047260,0.623857021332,-0.044295150787,-0.148900374770,0.678874075413,-0.005873367656,-0.181547567248,0.363506734371,0.088931925595,0.662406384945,0.178464770317,0.534925103188,0.130564093590,0.296779990196,0.612229645252,0.996142983437,0.119344197214,-0.232127681375,0.018677886575,-0.266388297081,0.049806319177,0.031778749079,-0.508513450623,-0.980230927467,-0.196574658155,-0.032519608736,-0.389922469854,-0.973596155643,-0.367400348186,0.380801647902,-0.165680825710,-0.095772519708,0.362737029791,0.365996837616,0.676593840122,0.467198222876,-0.012281800620,-0.178662329912,0.256353765726,0.110906638205,-0.110602058470,-0.186272606254,-0.824119448662,0.490033149719,0.660072684288,-0.802371144295,0.189236044884,-0.497380018234,-0.012545217760,0.882334530354,0.240812197328,-0.821798145771,-0.546902298927,0.542498290539,0.288338303566,0.497742176056,0.459328621626,0.377179682255,0.343766927719,0.052983783185,0.165347442031,-0.297990083694,-0.222373038530,0.247018948197,-0.652622938156,-1.054995894432,-1.023081421852,-0.142421960831,-0.479060202837,-0.473297953606,0.853161215782,-0.292882233858,-0.147270485759,1.370758414268,0.086305990815,0.304229736328,0.685171365738,0.024629456922,0.546573042870,0.713155269623,0.181761592627,-0.256213843822,0.197377249599,0.330847173929,-0.319162160158,0.180819049478,-0.012602839619,-0.140376374125,0.176365673542,0.108861044049,0.047554936260,0.105230830610,0.015920242295,0.339041888714,0.093315340579,0.347002029419,0.427150636911,0.249015152454,0.159494653344,0.234366714954,-0.172998875380,0.369565308094,-0.068434819579,0.151131168008,0.043529599905,-0.455076903105,-0.361642211676,-0.298269927502,0.008322319016,-0.755042672157,-0.440403789282,-0.255859881639,-0.612838804722,-0.298521012068,-1.055823206902,-0.452162861824,-0.633809208870,0.106798984110,0.731022298336,-0.870699048042,0.812994241714,-0.045208882540,0.253736078739,0.982683956623,-0.309098839760,0.385004013777,0.011289873160,-0.636748015881,0.348677188158,-0.416667491198,-0.532628417015,0.272343993187,0.108243659139,-0.011191091500,-0.180543303490,-0.319754868746,0.278690695763,0.907552599907,-0.356962442398,-0.919163525105,-0.222463592887,0.112326622009,0.101826988161,0.069237418473,-0.397170573473,0.095463834703,1.208909511566,0.718534708023,0.268368065357,0.828111946583,-0.449635744095,0.323076397181,0.521326243877,-0.783228218555,-0.590785920620,-0.060260668397,-0.754034221172,-0.468017250299,0.156848147511,0.297298610210,0.088055245578,0.246899589896,0.344363749027,0.117759585381,0.458410799503,0.403385519981,-0.015669172630,-0.374224513769,-0.355097979307,-0.394882112741,0.100468754768,-0.410390764475,-0.209720805287,-0.019562801346,-0.382670283318,0.353575080633,0.491037398577,-0.341375619173,-0.817896306515,0.347911626101,0.049921568483,-0.140812650323,0.093356497586,0.006149131805,0.460999697447,0.220146328211,0.834771454334,0.471293509007,0.128979489207,0.838932573795,0.833466708660,-0.235980153084,0.000316923135,-0.148418813944,-0.400516748428,-0.034561082721,0.362872898579,-0.525874257088,-0.908141195774,0.008519881405,-0.666966795921,0.426874905825,0.118632152677,-0.090874627233,0.058540228754,-0.404945462942,0.563431680202,0.512555241585,0.144998505712,0.648153066635,-0.002057942329,0.299879252911,0.185461759567,0.440284430981,0.128333300352,-0.286193937063,-0.202921360731,-0.121706716716,0.080864794552,-0.451940625906,0.337584882975,-0.275068700314,-0.235342189670,0.909664094448,-0.239174067974,-0.593930423260,0.200423032045,-0.446334809065,-0.515218257904,0.364066511393,0.433163970709,-0.331987291574,0.272204041481,-0.441922575235,-0.297660797834,0.063528686762,0.100715704262,-0.027518805116,-0.073139272630,-0.870225667953,0.464160710573,-0.526590466499,-1.002773523331,0.100353501737,0.121406257153,0.197290837765,0.279069334269,0.129588633776,0.467375189066,0.361712187529,1.297277569771,0.069904185832,0.134556502104,0.328151285648,0.285263746977,-0.597095549107,0.200707003474,0.091697797179,-0.799700021744,-0.197858810425,0.315029829741,-0.686377286911,-0.287099421024,-0.269516378641,0.188931465149,0.387506455183,-0.623704731464,0.645140290260,0.121607936919,0.073793701828,1.017496109009,0.232658624649,0.163215413690,0.769929826260,-0.348228573799,0.549322485924,0.441239327192,-0.382094055414,0.050254952163,-0.226064980030,-0.043809477240,0.199846789241,-0.668312668800,0.193940490484,-0.460839152336,-0.424360066652,-0.167339533567,0.267339080572,0.008631010540,0.146801263094,-0.536616742611,0.001419980312,0.598457932472,0.320162355900,0.617004096508,0.097081378102,-0.000407472602,1.045035481453,0.006540141068,0.054498430341,0.108914546669,-0.528253257275,0.242153987288,0.283201694489,-0.552092492580,0.064467102289,-0.216750726104,-0.064718171954,0.555772066116,0.011104657315,-0.714003086090,0.489135861397,-0.430941373110,-0.590386688709,-0.467712700367,-0.647461593151,-0.520177841187,0.252283155918,-0.111025989056,-0.160264328122,0.194055750966,0.188326433301,0.762558221817,-0.371948421001,0.286066353321,-0.331378102303,-0.698761999607,-0.417453616858,-0.649885833263,-0.214688673615,-0.234905898571,-0.085989065468,-0.022773191333,-0.360012352467,0.411349773407,0.613826632500,0.182753518224,0.364128202200,0.541185379028,0.029107537121,-0.059729721397,-0.144632205367,-0.238178029656,0.224052324891,0.758574008942,-0.393264561892,-0.288844555616,0.777128458023,-0.592535138130,0.425792425871,-0.089450530708,-0.899831235409,0.290725529194,-0.151229947805,-0.683129906654,0.270199596882,0.207905694842,-0.321804553270,0.341231554747,0.630273699760,0.450417757034,0.576861858368,0.339441150427,0.103156425059,0.065685406327,0.045579306781,-0.443173795938,-0.280020117760,-0.459485054016,-0.503203988075,0.047456152737,-0.278892368078,-0.498474836349,-0.178365990520,-0.789085149765,-0.765830338001,-0.470466226339,0.247780397534,-0.356073409319,-0.031231334433,0.414280265570,0.159877434373,0.644284129143,1.014619112015,0.221763893962,1.148344159126,0.063685089350,-0.004897903185,-0.416288822889,-0.202085837722,-0.016076646745,-0.212663650513,-0.370355576277,0.475524663925,-0.356238067150,-0.006848832127,-0.090635895729,0.652581751347,0.444318026304,-0.096710950136,-0.243932023644,-0.463605046272,0.192783921957,0.253962457180,-0.587736010551,-0.101123176515,0.065619550645,0.059272859246,0.667695283890,0.153061524034,-0.614814460278,0.147698536515,-0.241585969925,-0.527796387672,-0.551454484463,-0.839377164841,-0.717020094395,-0.243302315474,-0.703733980656,-0.342573344707,0.482850909233,-0.559073030949,0.153678908944,0.864759743214,-0.159000754356,0.516531229019,0.281230181456,0.729252457619,-0.151382252574,-0.011425696313,-0.414152681828,-0.590999901295,0.395384252071,0.640711545944,-1.105502009392,0.447499573231,-0.319660186768,0.140018299222,0.589040756226,-0.538427710533,-0.076131522655,0.427323520184,-0.741484940052,0.747876882553,0.715464293957,-0.450557678938,0.367972463369,0.630100846291,0.118187636137,0.512440025806,0.839463472366,-0.089660435915,-0.171665325761,-0.242195114493,-0.465411901474,-0.781594157219,-0.353110015392,-0.560883998871,-1.161613821983,-0.275311559439,0.068640612066,-0.838064074516,-0.450380682945,-0.312313348055,0.404616177082,0.384357780218,-0.056535791606,0.231835454702,0.780713438988,0.225966200233,0.548713326454,0.236906215549,0.376702249050,0.635513186455,-0.554430305958,0.566279888153,-0.053020827472,-0.699469983578,0.383365869522,-0.049143664539,0.096603937447,0.231283932924,0.384501874447,-0.427055954933,0.383876234293,0.323393315077,-0.642868280411,0.495671927929,-0.320306390524,-0.339753955603,0.489687412977,-0.384394854307,0.375434577465,0.333962887526,0.149916991591,0.066681452096,0.526829123497,0.490522921085,-0.411876589060,0.094369009137,-0.273722797632,-0.552528738976,-0.001242997241,-1.199640512466,-0.273447036743,0.016430612653,-0.513444304466,0.207160726190,-0.373281955719,0.046431299299,0.444939523935,-0.138326659799,-0.329344898462,0.364630341530,-0.350554019213,0.046571239829,0.001494066208,-0.657599031925,0.025378547609,0.462390869856,-0.888804793358,0.008351130411,-0.418338537216,-0.297796636820,0.033503305167,-0.321668744087,-0.642473161221,-0.332374155521,-0.507710874081,0.533521592617,-0.469531893730,0.376603454351,-0.440819472075,0.382287502289,0.828161358833,0.628306269646,0.636315822601,0.331851452589,0.305592089891,0.889302790165,-0.131597191095,0.195837929845,0.239807933569,-0.045673973858,0.123093776405,-0.281794071198,-0.695028901100,-0.046748220921,-0.398858070374,-0.960664033890,-0.191894888878,-0.722308993340,-0.356818407774,0.178139626980,0.324916183949,0.267318487167,0.622589349747,0.158259883523,0.401463419199,0.697580754757,0.544741511345,-0.309197634459,-0.919192373753,0.178258970380,-0.461007922888,-0.256078004837,-0.381439626217,-0.718547046185,0.500306367874,-0.147929012775,-0.230485454202,0.726605951786,0.220533236861,-0.267783582211,0.150394439697,-0.815735459328,-0.671453118324,-0.144743323326,0.477644324303,0.148151278496,0.072801776230,0.014372670092,0.187425062060,0.774930536747,-0.228476881981,0.237873449922,-0.276505142450,-0.953815162182,0.029733153060,-0.458587795496,-0.974888503551,-0.033988978714,-0.572935283184,0.321886897087,0.456603944302,0.159181848168,0.419610351324,0.889356315136,0.426529139280,0.376512914896,0.329867601395,0.170171260834,0.254201173782,-0.005856904201,-0.359724223614,-0.153308480978,-0.052893236279,-0.323998332024,-0.162474557757,0.198821932077,-0.060783386230,-0.141285970807,0.012866256759,-0.358958661556,-0.286807209253,0.161589637399,0.090080253780,-0.481834292412,0.163182482123,-0.223928838968,0.259453058243,0.047126878053,0.662542223930,0.329945802689,0.279666155577,-0.099917225540,0.290478587151,-0.082614041865,-0.338716745377,-0.530636310577,-0.341342687607,-0.070439256728,-0.426134020090,-0.229769274592,-0.302641004324,-0.348047465086,0.363477915525,-0.651116549969,-0.341540247202,0.053136076778,-0.495412588120,0.215960472822,0.363947093487,-0.708911776543,0.985828518867,0.301356852055,-0.677618741989,0.838385164738,-0.371590316296,-0.441601514816,0.246895477176,-0.964314818382,-0.319005757570,-0.028638327494,-0.293520212173,-0.383942097425,-0.688221216202,0.613308012486,0.399347841740,-0.058992981911,0.091175079346,-0.104987993836,0.174394145608,-0.306966811419,0.336983948946,0.272677361965,-0.596605777740,-0.103839658201,0.339605778456,0.054601326585,0.498306065798,0.314605891705,0.112890489399,0.047176271677,-0.088569723070,-0.060322407633,0.155506357551,-0.548100054264,-0.056881528348,-0.531517148018,-0.263671815395,0.665727913380,0.296537160873,-0.363288581371,0.443523645401,0.970130503178,0.514823138714,1.027444243431,0.010129192844,-0.466251581907,0.494778782129,0.344478994608,0.185251861811,-0.396207422018,-0.800683677197,-0.253299772739,0.784265398979,0.154423892498,0.009293667972,-0.288692265749,-0.496622651815,0.036067500710,-0.208263784647,-0.871015965939,0.162960231304,-0.123291328549,-0.919850885868,0.245640128851,-0.460308223963,0.059774994850,0.699050128460,0.177143573761,0.532546103001,0.296936422586,-0.366140872240,0.133848577738,-0.209868967533,-0.826745510101,0.213688522577,-0.392614275217,-1.211617708206,-0.227987080812,-0.877988278866,-1.022361159325,0.214034259319,-0.144525185227,0.294331043959,-0.280007779598,-0.197377249599,0.620173275471,0.428677648306,1.045294761658,0.329250216484,0.588196992874,0.478414028883,0.020027896389,0.437596768141,0.381830662489,0.225608125329,0.170718669891,0.170331776142,-0.656553626060,-0.088705554605,0.240577593446,-0.280485212803,0.607677459717,-0.124176248908,-0.532068669796,0.005556444637,0.300702422857,-0.622766315937,0.423392862082,-0.027860425413,-0.329912871122,0.272681504488,0.414428472519,0.273578763008,-0.116434261203,-0.415338069201,0.270331323147,0.156477719545,-0.070048250258,-0.831396400928,-0.391041994095,-0.252982854843,-0.530294716358,-0.633220672607,-0.700132608414,-0.323599100113,0.219944655895,0.123254291713,0.209782525897,0.378813713789,-0.048970796168,0.814772307873,0.714888036251,-0.081811442971,0.388226717710,-0.153934091330,0.087894715369,0.392231464386,-0.462152123451,-0.211893990636,0.185749888420,-0.570593357086,0.595510900021,-0.628940105438,-0.190367907286,0.880914628506,-0.012536985800,0.114512145519,0.526257038116,-0.250566840172,0.440597236156,0.967562198639,0.292832851410,-0.111067153513,0.355892360210,0.182218447328,0.488897174597,0.620992362499,-1.075480818748,-0.205707818270,-0.193471282721,-0.426434487104,-0.194220378995,-0.940755426884,-0.969200372696,-0.435246616602,-0.804659605026,-0.425207972527,-0.576088070869,-0.215314283967,-0.923551082611,-0.079024992883,0.690349161625,-0.455719023943,0.561032176018,0.331168204546,0.585669815540,0.328171849251,-0.281654119492,0.894225418568,-0.323846042156,-0.373133808374,0.194911852479,-0.700433075428,-0.103119380772,0.172978296876,-0.244088426232,0.629652142525,-0.302212953568,-0.148315906525,0.536077558994,0.307444244623,-0.600157797337,0.533389866352,-0.626108407974,-0.013471291400,1.172858357430,-0.427467584610,0.051522646099,0.947818338871,-0.047875974327,0.591497957706,0.149814099073,-0.271578431129,0.723568439484,-0.803614199162,-0.705302178860,-0.494025558233,-1.228114247322,0.534328281879,-0.198739618063,-0.085717417300,0.069546103477,-0.514267444611,0.652536511421,0.393186390400,0.569560289383,0.320508062840,0.050501905382,0.649013340473,-0.307497739792,-0.126588165760,0.409839242697,-0.337646603584,-0.885285735130,0.103893160820,-0.492288649082,0.267289698124,-0.147089377046,-0.315556675196,0.203164204955,-0.235387459397,0.073312141001,0.139734297991,-0.293215632439,0.291853278875,-0.031157247722,0.194821298122,0.550610721111,0.443758249283,1.058984279633,0.242372110486,-0.084523811936,1.097850561142,0.406764686108,-0.119163103402,0.285564213991,-0.433587908745,-0.100361742079,-0.150484994054,-0.617214024067,-0.516835808754,-0.089401140809,-0.137412935495,-0.453228890896,-0.452525079250,-0.732466995716,0.034104220569,0.103000015020,-0.119875140488,0.394836843014,-0.349187552929,0.462020426989,-0.102148026228,0.343528211117,0.445025950670,-0.094052083790,0.289717137814,-0.090841703117,-0.146422609687,-0.290799617767,-0.288889855146,-0.355056792498,0.106123976409,-0.319775462151,-0.402459472418,-0.150867760181,0.115232430398,0.106766052544,0.555035293102,-0.536480903625,-0.011470971629,0.042755812407,0.191602677107,0.669102966785,-0.143866643310,0.189627051353,0.325759947300,0.612517774105,0.423425763845,0.483492970467,0.449672758579,0.045892115682,0.013994009234,0.348701894283,-0.242034614086,-0.182177305222,-0.312696129084,-0.573861360550,-0.210712730885,0.376467645168,-0.199476376176,0.587633132935,0.298142373562,0.348310858011,0.758372366428,0.248327791691,0.517053902149,-0.045225344598,-0.043204445392,-0.577903151512,-0.666040718555,-0.186581298709,-0.654001772404,-0.265071213245,-0.507714986801,-0.164693027735,-0.131827682257,-0.281814634800,-0.300953507423,-0.556265950203,-0.552154183388,0.591823101044,0.294244617224,-0.058593738824,-0.504162967205,0.100053042173,0.754989147186,-0.106650814414,0.325422435999,1.206974983215,0.110565014184,-0.358378350735,0.530381143093,0.046818193048,-0.565917730331,-0.290186345577,-0.961762964725,-0.466580837965,0.003346214304,-0.872139573097,-0.075353614986,0.050468981266,-0.720699667931,0.476092636585,0.682882905006,-0.066804923117,0.685858726501,0.464094847441,0.259049683809,0.905317723751,0.446873962879,0.493564546108,0.458406686783,-0.234815344214,0.393943667412,0.050687123090,0.100719816983,-0.219862326980,0.619296610355,-0.418153315783,0.059663865715,0.705001711845,-0.385427922010,0.187058731914,0.156839907169,-1.059478163719,0.048917289823,0.079737037420,-0.232304662466,0.466519087553,0.199142977595,-0.450903445482,-0.070863187313,-0.039648320526,-0.195739150047,0.328414678574,0.601388394833,-0.415576785803,-0.243450477719,-0.256600707769,-0.750885605812,-0.176880151033,-0.566720306873,-0.327249914408,0.450010299683,-0.583887636662,-0.256193250418,0.277731686831,-0.185951560736,0.205180972815,0.441807299852,0.234300866723,0.605261445045,-0.128979489207,0.817464172840,-0.517321467400,-0.097200743854,-0.330443829298,-0.477693706751,0.047727804631,0.803038001060,-1.145915865898,-0.405579298735,-0.282773643732,0.319149821997,0.173871442676,0.036372072995,-0.331633329391,0.267174452543,0.482768595219,0.272450983524,-0.064294241369,-0.502212047577,0.363136291504,0.643600881100,0.350533455610,0.639015793800,-0.252595961094,0.182239040732,0.485180497169,-0.115940369666,0.528882980347,0.029436808079,-0.288556456566,0.033840805292,-0.407571375370,-0.222829893231,-0.964537084103,-0.547474443913,0.894567012787,-0.304682493210,-0.068204328418,1.012643456459,-0.265235871077,0.719785988331,0.771049261093,-0.617279827595,0.874823093414,0.668399155140,0.201777145267,0.164697140455,-0.388889402151,-0.070056475699,0.065800651908,-0.216758951545,0.503940761089,-0.172097504139,0.007169871591,0.107231147587,0.147027641535,-0.698914349079,-0.086976878345,-0.619572401047,-0.309835582972,-0.447363764048,-0.593872845173,-0.027765760198,-0.269825071096,-0.006634806283,0.873802363873,-0.212383762002,0.808520317078,0.491593062878,-0.271990031004,0.184050023556,-0.212301462889,-0.264338612556,0.112536527216,-0.404179900885,-0.080494359136,-0.467560410500,-0.157457292080,0.164701253176,0.345479130745,-0.342807948589,0.814352512360,0.618934452534,0.044776711613,0.864776194096,0.848814785480,-0.236980304122,1.128732085228,0.577145874500,0.535027980804,0.115993872285,-0.429858922958,0.648786902428,-0.141825154424,0.096151188016,0.267178565264,-0.739406406879,-0.471128851175,0.310572326183,-0.738258004189,-0.543440878391,0.138923466206,-0.360518574715,0.308584362268,-0.214939743280,-0.599770903587,-0.273134231567,-0.034227699041,0.632356345654,0.407937705517,-0.559624493122,-0.723251521587,0.150349155068,-0.342639178038,0.096093565226,-0.683393299580,-0.570613920689,-0.804774820805,-0.240573480725,-0.548639237881,-0.812590897083,-0.538711726665,-0.820797979832,-0.148612245917,0.283386915922,-0.642090380192,-0.344018012285,0.832227826118,0.485443919897,0.891027331352,0.828560531139,0.122719228268,1.025699019432,0.350290596485,0.593490064144,0.035240206867,-0.347635865211,0.150678426027,0.616254985332,0.100225910544,-0.045636933297,0.694477379322,0.502887070179,0.046357214451,0.944389760494,-0.290190458298,0.099662035704,0.037569798529,0.080267988145,-0.110873706639,0.168706014752,-0.104296520352,-0.061956413090,0.105815283954,0.423471033573,0.145607665181,-0.020525917411,0.000646193919,-0.684352278709,-0.692011952400,0.128267437220,-0.904782652855,-0.485629141331,-0.516103148460,-0.886018276215,-0.376006662846,0.093146592379,-0.000053506501,0.538855791092,-0.282748937607,-0.188367590308,0.520437180996,1.225558280945,-0.116812936962,-0.183584928513,-0.165783718228,0.029041685164,0.355089753866,-0.039689477533,-0.662040054798,0.311189711094,0.038569957018,0.044459786266,0.340774685144,-0.484686583281,0.143068164587,0.052045363933,0.204333111644,0.197080910206,0.022542702034,0.323722571135,0.355880022049,0.543132185936,0.304373800755,-0.233823433518,0.422199249268,0.263470143080,0.461724072695,1.011260628700,-1.254822134972,-0.772090613842,0.336979836226,-0.590991675854,-0.196706369519,-0.168302640319,-0.774144470692,0.480578929186,0.144475787878,-0.561616599560,-0.109976440668,-0.450388908386,0.770040929317,0.076263226569,-0.102559626102,0.388428419828,0.514238655567,0.538847565651,0.446717590094,-0.110964260995,0.682129740715,0.452376902103,0.133120059967,0.027350055054,-0.303986907005,-0.426673233509,0.177444040775,-0.705281555653,0.407093942165,0.253748416901,0.264355063438,0.117520861328,-0.178971022367,-0.719876468182,-0.151888504624,0.313050091267,-0.151061207056,-0.367581456900,-0.825185477734,0.434872061014,0.320557445288,0.008919122629,0.903317391872,-0.160453647375,0.087639532983,0.365087240934,0.253727853298,-0.103152312338,-0.293450266123,-1.016109108925,-0.403311431408,-0.393445670605,-0.337103307247,-0.101674705744,-0.852597355843,0.018435047939,0.298751503229,0.555047631264,0.359431982040,-0.164820611477,0.392507255077,0.688822150230,0.015442800708,0.213412746787,0.322545439005,0.186194404960,-0.222953364253,-0.022229893133,-0.028959365562,-0.002271968406,0.080086886883,-0.198669642210,0.250710904598,-0.305678546429,-0.101794064045,-0.615621149540,0.192335292697,0.254546910524,0.305361628532,0.082992702723,0.560159564018,0.796645998955,0.858602344990,0.346977323294,0.898756980896,0.547766625881,0.515345811844,-0.060659911484,0.061997577548,-0.146097451448,0.185498818755,-0.120990552008,-0.433657884598,-0.665921330452,-0.561694800854,-0.525791943073,-0.261350452900,-0.672803103924,-1.266503095627,-0.251221269369,-0.578532934189,-0.390342295170,0.524059176445,0.061935838312,-0.085507504642,0.247681617737,0.253974795341,0.603075921535,-0.554808974266,-0.353468060493,-0.130053728819,-0.665723800659,-0.463662683964,0.068788789213,-0.280625134706,-0.175772979856,0.176118716598,-0.248381316662,0.621580958366,0.227859511971,0.016512930393,0.378270387650,-0.458661854267,0.055305145681,-0.461304277182,0.155440509319,0.324949115515,0.246874883771,0.040780186653,0.605767726898,0.564259052277,1.130020380020,-0.068270184100,0.266310095787,-0.125439822674,-0.315910637379,0.286132216454,-0.436493694782,-0.629849731922,-0.573811948299,-0.084478542209,0.410732388496,-0.252390176058,0.397730290890,0.173369303346,-0.147719115019,1.267223358154,0.073818393052,0.190400823951,0.478150576353,-0.189355388284,-0.225027769804,-0.206563919783,-0.412419915199,-0.379945576191,-0.259909898043,-0.005700500216,-0.740941584110,-0.232708007097,-0.038948621601,-0.887932240963,-0.197410181165,-0.466811299324,-0.468922764063,0.242195114493,-0.456838518381,0.262943327427,0.255102545023,-0.399989932775,0.482340544462,0.884660124779,0.225023657084,0.024925798178,0.094167329371,0.430245786905,-0.927992105484,-0.096373446286,0.490197777748,-0.546951711178,-0.446520030499,-0.195039451122,0.216446161270,0.300323784351,-0.973509728909,-0.255600571632,0.408106446266,0.004976104945,0.268866062164,0.476730614901,-0.127831161022,0.907984793186,1.287790417671,0.028313172981,0.903165042400,-0.158482149243,0.230645969510,0.050423704088,-0.275233328342,-0.399368435144,0.059729721397,-0.748749494553,0.161235675216,0.692300081253,0.142981722951,0.232271730900,0.091446734965,-0.442766308784,0.429043948650,0.111063040793,-0.575470685959,-0.304797738791,-0.984531998634,-0.123645298183,0.009355406277,0.115960940719,0.175608351827,-0.277101963758,0.635430872440,0.403731256723,-0.407213300467,0.207489982247,-0.335782140493,-1.117232322693,0.099526211619,-0.171015009284,-0.974320471287,-0.367507368326,-0.779754340649,-0.019978504628,0.585953831673,-0.084696680307,0.266425341368,0.630104959011,0.486588180065,0.287939071655,0.477562010288,0.235049948096,0.391251891851,0.065771840513,-0.437226325274,-0.162239953876,-0.307983428240,-0.186857044697,0.012965037487,-0.360353946686,-0.457785189152,0.111688651145,-0.463423937559,-0.111803904176,-0.653067469597,-0.176250427961,0.508850991726,-0.562987208366,0.047814235091,-0.003889511339,-0.385678976774,1.088375806808,0.914557874203,-0.019690394402,0.525948345661,0.121813729405,0.078778035939,0.971706926823,-0.745078086853,0.442704558372,-0.025753092021,-0.550660133362,0.419058799744,-0.843278944492,-0.482974380255,-0.328986793756,-0.199369341135,-0.241664186120,-0.503232777119,0.247817426920,0.335876792669,0.549577653408,0.737480163574,0.563378214836,-0.060939792544,1.144619345665,0.596605777740,0.417634725571,0.060124844313,-0.670951008797,0.539868295193,0.157819494605,-0.396112769842,-0.073493242264,-0.313667476177,-0.682718276978,0.697243213654,0.404554456472,-0.385934174061,-0.357287645340,-0.352793097496,0.209477961063,-0.065858274698,-0.825020909309,-0.600396454334,0.143907800317,-0.279797852039,-0.229444131255,-0.060528203845,-0.289737701416,-0.373590648174,0.405994981527,-0.898238360882,-0.179394960403,-0.423960834742,-0.485501557589,-0.082963891327,-0.762323677540,-0.671037435532,-0.153691262007,-0.029284521937,0.968422412872,-0.757376372814,0.522342860699,0.531899929047,0.050324924290,0.838088870049,0.936055123806,-0.175237908959,0.421919375658,0.423569798470,0.007190451026,0.508710980415,-0.407999426126,-0.415885448456,0.809232354164,-0.344927608967,0.009828733280,0.520601809025,-0.244714051485,0.251678138971,0.194265648723,-0.189981013536,0.002560080495,-0.050617154688,0.234132125974,-0.121920734644,0.398380637169,-0.098587788641,0.389827817678,0.001452907454,0.274578899145,0.732421696186,-0.418268561363,-0.680401027203,-0.098941758275,-0.515773892403,-0.403294980526,-0.356176316738,-1.214412450790,0.091434381902,-0.127184957266,-1.357307672501,-0.126349434257,-0.388037383556,-0.483200788498,0.804206907749,-0.359436094761,-0.162758558989,0.490572303534,0.224817872047,-0.277015507221,0.529335737228,-0.025473210961,-0.158856689930,0.226567119360,0.099011726677,-0.373051464558,0.034544624388,-0.165256887674,0.648173689842,0.219051510096,-0.087964691222,0.449359953403,0.052658628672,0.054630141705,0.703013718128,-0.164355516434,0.218804553151,0.026325199753,-0.182568296790,0.623120307922,0.380558818579,0.403809458017,0.014718404040,0.257831364870,-0.232806801796,-0.179897099733,0.688855051994,-0.327546238899,-0.903605461121,-0.076370246708,-0.819587886333,-0.323208093643,-0.214651629329,-0.896246254444,-0.457900434732,-0.265523970127,-0.015483959578,0.489411652088,-0.424853980541,-0.130691692233,0.470799595118,0.023954449221,0.565868318081,-0.171566545963,0.119080789387,0.128893047571,0.169582694769,-0.079951062799,-0.411337435246,0.349463313818,-0.408402770758,0.533908486366,0.217343419790,-0.236050114036,-0.176410943270,0.165195167065,0.438757449389,0.405863314867,-0.035882283002,0.093595221639,0.464354157448,-0.321010231972,0.608838200569,0.141059607267,-0.298455148935,0.954761803150,0.562489211559,0.109988793731,0.612505376339,0.231621414423,-0.341881871223,-0.171669438481,-0.466642558575,-0.481887787580,0.235708490014,-1.143401026726,-0.693292021751,-0.908289372921,-1.078752756119,-0.362675338984,-0.256197363138,-0.928136169910,0.211223095655,0.134079068899,0.288449436426,0.380723476410,0.145084947348,1.416411757469,-0.154230445623,0.326937079430,0.549931645393,-0.370334953070,0.286646693945,0.074835017323,-0.205432042480,0.132457405329,-1.001012086868,0.785409629345,-0.149036183953,-0.205864220858,0.175740048289,0.318083822727,-0.451800704002,-0.357345223427,-0.114981360734,-0.052753295749,0.262679874897,0.656627714634,0.408851444721,0.293421447277,0.368589848280,0.735525131226,0.085894398391,0.788772284985,-0.383073627949,0.036808360368,0.221356391907,-0.681639909744,-0.481348633766,-0.130827516317,-0.254406958818,-0.254760950804,-0.764723181725,-0.009318363853,0.144965589046,-0.172011062503,0.584430992603,-0.635784864426,-0.237708806992,0.418824225664,0.308703720570,-0.201949998736,0.007157524116,-0.282769531012,0.043570756912,-0.676886081696,-0.738130450249,-0.453274160624,-0.665205180645,-0.327789098024,-0.526380538940,-0.129411652684,-0.179950609803,-0.044015273452,-0.180135831237,0.045003086329,0.220767840743,0.140401065350,0.805532157421,0.575120866299,-0.246401563287,0.346582204103,1.122138381004,0.308065742254,0.804412662983,0.156568259001,0.147867277265,0.879124164581,0.580677270889,-0.519935071468,0.556113660336,-0.236539900303,-1.008367061615,0.665345132351,-0.596041858196,-0.712216794491,0.107613928616,-0.811652481556,0.117084570229,0.305250465870,-0.200546488166,0.502479553223,0.391893982887,0.115199506283,0.431669920683,-0.214466407895,-0.185889825225,0.969879448414,-0.652890503407,-0.343701094389,-0.037071775645,-0.986606419086,0.516370654106,0.150328576565,-1.386036634445,0.929214537144,-0.343956261873,-0.114894933999,0.158416301012,-0.200418889523,-0.471676290035,-0.152863964438,-0.431641072035,0.046842887998,0.247389391065,0.208473682404,0.099015846848,-0.100452281535,0.407888293266,0.789414346218,0.141331255436,-0.008643358015,-0.102337367833,-0.046600047499,-0.142310842872,-0.620761871338,0.143471509218,-0.016200123355,-0.501129567623,0.538193106651,0.149056762457,-0.153691262007,0.844838857651,0.428702354431,0.457455903292,0.704038619995,-0.238079249859,0.306983262300,0.174418851733,0.076279699802,0.262239485979,-0.759043276310,-0.178452432156,0.530982077122,-0.177806228399,0.033811993897,-1.022916674614,0.251974493265,0.131420210004,-0.238095700741,-0.129181161523,-0.493062406778,0.397265225649,-0.453940957785,0.406402468681,-0.092944912612,0.476343721151,-0.155642181635,-0.133716866374,0.611579358578,-0.295940369368,0.202686756849,0.370754808187,-0.497417032719,0.199896186590,-0.519572854042,-0.337449043989,0.984466195107,-0.807799994946,-0.633130073547,0.063536912203,-1.105464935303,0.166829153895,0.032519608736,-0.968887567520,0.381851226091,-0.804449677467,0.119624078274,0.804182231426,0.259881079197,0.181835681200,0.774066269398,0.624993026257,0.955943107605,0.158268123865,-0.484328538179,0.060227744281,0.073316261172,-0.644428253174,0.486756891012,-0.726157367229,-0.169064089656,0.418902426958,-0.349549770355,